"","ID","F.1","F.2","F.4","W.3","F.3","W.1","W.2","W.4","logFC","logCPM","PValue","FDR"
"1","PmetTSAr1.1-008446",47.208889519886,41.4685503258652,19.9541949212851,15.7537432483228,2.14822125317056,1.24391825591612,1.40390131352474,2.94388002519746,-4.00677992056274,4.04817668462982,9.82971632459993e-19,1.79008963987289e-14
"2","PmetTSAr1.1-001079",2.60772913538418,2.52857014182105,2220.92080866786,1.98576595567094,2.94925290689518,1.86587738387419,1.2362713059397,2.57589502204778,-8.01070978193177,8.12690117456491,1.11507564434646e-05,0.0772870736364453
"3","PmetTSAr1.1-014155",1675.5109303315,2.5880659098639,1.74953841726907,7.41352623450482,2.91284237718042,4.21235954844324,1.65534632490231,2.94388002519746,-7.16739371495666,7.73027136813484,1.69759098646852e-05,0.0772870736364453
"4","PmetTSAr1.1-014999",45.9949466465175,27.6655321399244,53.8574123586343,100.294419201087,11.5421379195774,26.8855968494599,6.72615405434989,8.26550930151594,-2.09262997700881,5.13767693152415,1.28043949416783e-05,0.0772870736364453
"5","PmetTSAr1.1-016038",2.24804235808981,2.11209976552111,156.370906646184,2.32996538798723,1.34718959944595,1.5831686893478,1.55057757016166,1.44363347389491,-4.77826692709924,4.39827708844637,2.54487251655012e-05,0.0926893467977885
"6","PmetTSAr1.1-003449",106.37736438481,34.3885539287663,54.4248302236946,16.8922490629074,16.1662751933513,12.8349747314982,4.02312018204106,14.3797216615414,-2.16166829772673,5.02002436518088,3.10497523705575e-05,0.0942411734033705
"7","PmetTSAr1.1-013353",614.659741548916,6.48503871667045,2.60066521485943,9.29338467253998,2.65796866917713,4.41025563461172,5.28034523892889,4.84041811835351,-5.20103956411696,6.34440309226903,4.84450699054008e-05,0.126033309721036
"8","PmetTSAr1.1-001318",2.83253337119316,2.55831802584247,434.878508746585,4.60697701715657,2.36668443145909,2.51610738128489,3.77167517066349,3.42509118316243,-5.20046349879263,5.83490623626622,5.56627300552696e-05,0.126709247129564
"9","PmetTSAr1.1-001158",13.7580192315096,14.3979758663693,2114.43538932489,27.4300470676679,11.5421379195774,23.1821129511641,10.5397367269096,14.917545896914,-5.17186959613304,8.12275308693138,7.30592630218799e-05,0.133048223889145
"10","PmetTSAr1.1-020065",4.49608471617962,5.62235008004915,2.50609557068272,1.77395092039937,1.67488436687874,1.13083477810557,1.19436380404344,1.41532693519109,-1.41400357974989,1.33554491218034,7.2445105758352e-05,0.133048223889145
"11","PmetTSAr1.1-013742",1.97827727511903,8.24016387393447,1254.0880514273,2.51530354384985,5.42516892749854,8.79224039977079,4.42124145005554,2.46266886723249,-5.9067411850708,7.33044574663552,0.000113600599316821,0.188070955832602
"12","PmetTSAr1.1-000525",12.4091938166558,14.8441941266906,1515.71497204216,13.688546654425,16.8944857876464,14.4464142902986,14.772394418432,12.2001181813472,-4.73810739077252,7.65701466691494,0.000156936380259036,0.198304473619794
"13","PmetTSAr1.1-009166",2.02323812228083,1.27915901292124,40.2393835971886,5.53366779646967,2.0389896640263,1.86587738387419,0.942918792665873,1.24548770296816,-3.00735343515288,2.78371481078175,0.000163339031590627,0.198304473619794
"14","PmetTSAr1.1-009167",2.24804235808981,1.45764631704978,42.1307764807227,5.48071403765178,2.18463178288532,1.97896086168474,1.04768754740653,1.13226154815287,-3.01381848686154,2.8474073654579,0.00014204878519532,0.198304473619794
"15","PmetTSAr1.1-009574",2.83253337119316,1.21966324487839,48.3723729963854,5.56014467587862,1.85693701545252,2.45956564237961,1.36199381162848,1.21718116426433,-3.0684560154794,3.01742776654353,0.000157246434672144,0.198304473619794
"16","PmetTSAr1.1-000063",12.4991155109794,4.84890509549213,23857.1787061019,6.43388169637383,81.0134286153305,8.05719779400217,1.59248507205792,8.97317276911148,-7.9049154640983,11.5495576044289,0.00024486919995197,0.229727454121644
"17","PmetTSAr1.1-003883",234.515778795929,1.7253772732426,2.36424110441766,1.05907517635783,4.00515826862308,1.41354347263196,1.96965258912427,2.00976424797134,-4.6710379710409,4.95929155980528,0.000237522677189461,0.229727454121644
"18","PmetTSAr1.1-004353",4.49608471617962,5.47361065994203,1030.0052795506,2.46234978503196,2.54873708003287,3.19460824814823,12.4674818141376,7.27478044688218,-5.35274008211771,7.06014468799588,0.000252295265632469,0.229727454121644
"19","PmetTSAr1.1-008004",28.9547855721968,3.53999819854947,91.827124495582,11.5439194223004,6.99082170523301,8.3681773579812,2.84971012894575,5.29332273761466,-2.53056349876713,4.31556463937988,0.000231523287329146,0.229727454121644
"20","PmetTSAr1.1-015131",1.43874710917748,0.922184404664147,107.66753989518,1.32384397044729,1.3836001291607,1.38527260317932,1.86488383438361,1.24548770296816,-4.23861415875455,3.86982063952312,0.000230606236125387,0.229727454121644
"21","PmetTSAr1.1-001482",1.84339473363365,1.45764631704978,1552.83355738152,3.23017928789139,10.2313588498462,5.68244475998048,6.03468027306158,2.77404079297453,-5.97828710880344,7.62911603488773,0.000279772189344351,0.236474531257122
"22","PmetTSAr1.1-018468",2.51780744106059,2.70705744594959,165.875155885943,4.28925446424922,3.34976873375749,4.1840886789906,2.6820801213607,2.71742771556688,-3.75963128120788,4.55520041513501,0.000285675673365367,0.236474531257122
"23","PmetTSAr1.1-000973",7.1937355458874,4.70016567538501,1118.47518167791,7.38704935509588,18.3873175059514,6.95463388534924,1.27817880783596,1.67008578352548,-5.32965868082833,7.18699165525317,0.000304467724999485,0.241072249563723
"24","PmetTSAr1.1-019460",1.57362965066287,3.2127714743138,5.29590007389556,3.09779489084666,6.29902164065266,6.81327953808605,11.4197942667311,8.12397660799683,1.31216123369007,2.53813578456939,0.000344214124623924,0.261186809313595
"25","PmetTSAr1.1-004361",14.0727451616422,9.16234827859862,1150.25058212128,21.3403648036103,10.0857167309872,2.31821129511641,6.72615405434989,32.0146952740224,-4.54565942065118,7.28271223417325,0.000394665477830537,0.287490120670876
"26","PmetTSAr1.1-000098",5.39530165941555,2.08235188149969,10724.0085103502,7.04284992277958,51.9942364326705,21.8533820868901,2.05346759291679,9.36946431096499,-6.97642451632469,10.4018706702674,0.000429128390690908,0.289613411865273
"27","PmetTSAr1.1-012460",30.7532194586686,30.2833459338097,3.26265272409637,11.8086882163898,9.06622189897406,4.21235954844324,1.84393008343548,2.83065387038217,-2.08639992814294,3.56083282415617,0.00042938675088476,0.289613411865273
"28","PmetTSAr1.1-014843",17.5347303931005,4.99764451559925,32994.6868657436,21.7375179947445,173.751047798812,56.3155719496573,6.74710780529802,27.145970616965,-6.96767508205303,12.0233449319718,0.000473149330673431,0.307732945031923
"29","PmetTSAr1.1-016155",3.50694607862011,1.54688996911405,227.298139778714,6.32797417873805,5.38875839778378,5.99342432395951,1.36199381162848,3.651543492793,-3.86289046908605,4.99330022999313,0.000579505380368893,0.363909395927514
"30","PmetTSAr1.1-002594",41.2290968473671,22.4299045521538,435.162217679115,23.0348850857828,36.5561718336143,13.7679134234353,5.04985397849945,9.36946431096499,-3.01094919489195,6.19580714698198,0.000619611760152056,0.376124992137636
"31","PmetTSAr1.1-004856",5.35034081225375,9.31108769870574,5.29590007389556,81.1251585090099,5.42516892749854,5.54109041271728,4.12788893678171,4.61396580872294,-2.35926015576147,3.92493403067363,0.000738956149256092,0.434100981745248
"32","PmetTSAr1.1-005606",3.82167200875268,4.04571222691368,292.456624616465,4.34220822306711,3.45900032290175,8.59434431360232,6.95664531477933,4.92533773446498,-3.66864877206947,5.35909893018099,0.000834108111285111,0.44676302395921
"33","PmetTSAr1.1-012459",126.564784760456,109.025994938519,12.1994840987951,36.9087698960704,32.878708332424,11.3931603894136,2.80780262704949,11.5490677911593,-2.2804629391579,5.42468557200784,0.00082338144195866,0.44676302395921
"34","PmetTSAr1.1-016805",24.9532701747969,18.7709148175186,11.6793510558232,21.9228561506071,42.0541618205423,26.9421385883652,45.762992070717,57.0942885656084,1.15154269671108,4.96455721926401,0.000819769830710873,0.44676302395921
"35","PmetTSAr1.1-006684",6.69916622710764,5.08688816766352,753.530924799997,14.6946680719649,21.5550335911351,13.5700173372668,7.87861035649707,4.58565927001912,-4.03454245054706,6.69229631501629,0.000897520153408423,0.46699255753488
"36","PmetTSAr1.1-001568",12.7688805939501,7.49646677339887,694.141188257026,28.7538910381151,19.6252755162531,24.9914485961331,8.1719628697709,13.7852843487612,-3.48038896603907,6.66089754559476,0.00104993978221744,0.531123704832273
"37","PmetTSAr1.1-001234",47.0290461312389,21.0912497711897,3015.63681350682,121.740691522333,70.5636065871957,99.117668300953,26.5274487003332,52.9898404535543,-3.68511365140492,8.754240861567,0.00109506261460484,0.53897798039375
"38","PmetTSAr1.1-001753",11.1053292489637,8.68638213425584,493.464403314054,19.1692606920768,15.1103698316234,18.6587738387419,3.62499891402658,16.983923222293,-3.29120002538266,6.19620287735169,0.00143235280721647,0.562437077562961
"39","PmetTSAr1.1-001754",10.1611514585659,8.1509202218702,503.725209707227,17.0511103393611,14.4185697670431,17.3865847133731,2.34682010619062,15.879968212844,-3.42932317287548,6.20185337798441,0.00143276275431709,0.562437077562961
"40","PmetTSAr1.1-002213",204.25712865604,51.0176210967423,55.6069507759034,37.6501225195209,41.8356986422538,9.27284518046566,3.14306264221958,24.7116082884364,-2.14236468738054,5.74008435283933,0.00145022957822427,0.562437077562961
"41","PmetTSAr1.1-005043",126.789588996265,29.8668755575098,52.8644310947789,36.2468479108468,25.9607076866205,25.3024281601121,25.6473911605117,17.2103755319236,-1.38405716030434,5.4098314805148,0.00130623306812665,0.562437077562961
"42","PmetTSAr1.1-007556",64.878502454472,16.063857371569,22.223866381526,8.60498580790738,12.9257380487381,8.6508860525076,1.63439257395418,6.93510198243632,-1.89095451494385,4.14984847182119,0.00145704478411386,0.562437077562961
"43","PmetTSAr1.1-009036",3.05733760700214,3.83747703876371,106.674558631325,1.82690467921726,2.65796866917713,1.78106477551627,4.86127021996628,4.16106118946179,-3.09688215301146,4.00758112419364,0.00123671264316721,0.562437077562961
"44","PmetTSAr1.1-009651",2.96741591267855,1.81462092530687,70.9272331325298,4.52754637892973,4.62413727377392,3.19460824814823,2.32586635524249,2.12299040278663,-2.70800112956878,3.52936407649827,0.00150217858166311,0.562437077562961
"45","PmetTSAr1.1-012700",4.63096725766501,3.51025031452804,138.544528718875,8.18135573736425,6.62671640808546,7.43523866604411,3.28973889885649,4.72719196353823,-2.80939449997635,4.4659356446112,0.00131914318288215,0.562437077562961
"46","PmetTSAr1.1-013651",102.106083904439,24.6015000857177,86.1056610228912,21.7110411153356,27.1258446374927,20.8921725255004,16.8468157622969,17.8614259221115,-1.50281952490022,5.31001648623453,0.00132941280275475,0.562437077562961
"47","PmetTSAr1.1-016142",40.0151539739986,6.99075274503466,34.4706353024095,60.8173920023485,21.4458020019909,5.20183997928561,4.44219520100367,9.99220816244907,-1.79355269639139,4.52117014638171,0.0014847734283171,0.562437077562961
"48","PmetTSAr1.1-018208",2.60772913538418,2.61781379388532,3.35722236827308,2.67416482030353,2.00257913431154,1.72452303661099,1.02673379645839,1.18887462556051,-0.931110651805886,1.13571178234839,0.00131695041699681,0.562437077562961
"49","PmetTSAr1.1-027737",1.48370795633928,1.01142805672842,32.2482486642569,1.72099716158148,1.89334754516727,1.63971042825307,0.921965041717742,1.3021007803758,-2.65965977726022,2.3959572255151,0.00151333901491324,0.562437077562961
"50","PmetTSAr1.1-002709",5.21545827076836,4.34319106712792,354.825304951003,32.2753159995049,19.333991278535,7.63313475221258,1.00578004551026,9.00147930781531,-3.42329335298657,5.75970641643772,0.00167953959166472,0.586785452751008
"51","PmetTSAr1.1-009781",2.11315981660442,1.75512515726402,69.5559732919676,1.53565900571886,2.4395054908886,1.69625216715835,3.58309141213032,1.9531511705637,-2.95052063238908,3.40019087633023,0.00183503399052905,0.586785452751008
"52","PmetTSAr1.1-010655",4.49608471617962,4.10520799495653,9.12597066305217,1.66804340276359,2.94925290689518,1.10256390865293,1.38294756257661,2.00976424797134,-1.37957050185123,1.75696111079931,0.00180694736928731,0.586785452751008
"53","PmetTSAr1.1-012335",58.9436706291149,18.3841923252401,3776.44960090842,74.2941236215019,140.071307812664,84.8691500968229,13.3894468558554,26.5515333041848,-3.89038396014791,9.03365217268612,0.00193290715350994,0.586785452751008
"54","PmetTSAr1.1-012967",22.3005801922509,45.871237161036,669.174802194375,7.8636331844569,12.197527454443,14.107163856867,30.1524476143598,32.4959064319873,-3.06608792260369,6.70389514754802,0.00175585164077689,0.586785452751008
"55","PmetTSAr1.1-014945",6.47436199129866,7.76419772959169,4.49205809839356,3.38904056434506,3.31335820404273,2.17685694785322,2.43063510998314,3.08541271871657,-1.00883435940011,2.06693702933529,0.00189800523538565,0.586785452751008
"56","PmetTSAr1.1-015960",5.48522335373914,3.00453628616383,4.96490631927709,3.20370240848244,1.3836001291607,3.19460824814823,2.05346759291679,1.38702039648726,-1.04162886605308,1.64489460054051,0.0019332890651288,0.586785452751008
"57","PmetTSAr1.1-016039",8.67744350222667,11.4826832322697,4.49205809839356,7.06932680218853,4.58772674405916,3.36423346486407,2.93352513273827,4.33090042168472,-1.06449407455278,2.5662901352223,0.00172535849735931,0.586785452751008
"58","PmetTSAr1.1-018159",10.8805250131547,4.46218260321361,12.3413385650602,14.7740987101918,6.55389534865595,5.11702737092769,2.9544788836864,3.62323695408918,-1.22051213459403,2.93200871604921,0.00173640192015815,0.586785452751008
"59","PmetTSAr1.1-022849",7.95806994763793,8.44839906208444,246.826771301204,11.8616419752077,6.95441117551826,10.969097347624,13.1799093463741,11.0112435557866,-2.70653347010572,5.30869187616305,0.00172616438270313,0.586785452751008
"60","PmetTSAr1.1-026521",1.66355134498646,2.02285611345684,50.1691962357428,2.56825730266774,1.85693701545252,2.40302390347433,2.72398762325697,2.3494427124172,-2.59157525202787,3.0368562419824,0.00193045864462332,0.586785452751008
"61","PmetTSAr1.1-004736",173.728713433181,43.1641797150864,61.6594080032126,23.8291914680512,35.1361611747388,26.2919085909545,7.4176278356382,22.1923263437962,-1.73186662003933,5.62032079108397,0.00203452089267203,0.594705179488683
"62","PmetTSAr1.1-007639",1.75347303931005,2.97478840214241,25.1555253510039,2.59473418207669,1.60206330744923,2.68573259800072,0.963872543614003,2.3494427124172,-2.09103795485877,2.32575451161233,0.00204827566081169,0.594705179488683
"63","PmetTSAr1.1-023814",10.0712297642424,11.8694057245482,5.72146347269074,5.48071403765178,5.17029521949525,3.22287911760087,3.39450765359714,4.18936772816561,-1.05522897534674,2.62990912670682,0.0020573513979346,0.594705179488683
"64","PmetTSAr1.1-001166",603.869138230085,2393.18752163955,48.5142274626504,69.9254385190259,229.204284554384,48.032207200034,34.6575040682078,84.4100984147964,-2.97481978662657,8.77819586858937,0.00210307032527127,0.597369176704709
"65","PmetTSAr1.1-016095",8.09295248912332,2.94504051812099,6.05245722730921,7.83715630504796,4.66054780348867,2.14858607840058,0.81719628697709,1.98145770926752,-1.38306981518083,2.1226614668186,0.00213217266958465,0.597369176704709
"66","PmetTSAr1.1-004182",4.49608471617962,5.681845848092,529.259013634938,4.02448567015976,19.042707040817,12.6088077758771,3.20592389506397,2.49097540593631,-3.8628601037228,6.1812013513044,0.00227504323316389,0.614600043768343
"67","PmetTSAr1.1-014938",9.5766604454626,3.95646857484941,165.496877309236,20.0694745919809,17.5862858522268,8.14201040236009,3.49927640833779,3.11371925742039,-2.62210282463047,4.85383255585749,0.00232866965131051,0.614600043768343
"68","PmetTSAr1.1-019530",9.62162129262439,11.571926884334,4.82305185301203,4.47459262011184,3.8231056200493,2.91189955362184,2.93352513273827,4.5573527313153,-1.10103521396469,2.49573513714249,0.00232545710369127,0.614600043768343
"69","PmetTSAr1.1-028871",1.52866880350107,1.66588150519975,10.3553760373494,1.93281219685304,1.56565277773448,1.47008521153724,1.06864129835466,0.99072885463376,-1.59546106208486,1.37342748896543,0.00225645688492848,0.614600043768343
"70","PmetTSAr1.1-015927",42.4430397207356,47.8048496224285,8.32212868755017,12.9736709103834,17.8411595602301,5.17356910983297,4.96603897470693,8.06736353058919,-1.63105811483918,4.20888567493231,0.00238075609515618,0.614787608112655
"71","PmetTSAr1.1-016053",52.9189171094342,10.1440284513056,41.7524979040159,50.3855015152239,24.2858233197418,7.46350953549675,5.36416024272141,15.8516616741402,-1.55179629481798,4.70339048831999,0.00239689858744707,0.614787608112655
"72","PmetTSAr1.1-002222",4.27128048037064,2.29058706964966,194.482473249397,27.4830008264857,8.55647448296749,14.8139355931829,4.29551894436675,2.63250809945542,-2.91443291626782,5.01528172936151,0.00244036264142719,0.617242278653201
"73","PmetTSAr1.1-000505",106.197520996163,121.609349879582,2178.31718396626,443.858406411567,153.179098509975,192.976954883715,109.546209956826,113.452607124917,-2.32401602695753,8.73942129960643,0.00281785121425326,0.662428610334268
"74","PmetTSAr1.1-001118",1.66355134498646,2.32033495367108,484.243863006826,2.64768794089458,7.93749547781665,15.2945403738778,4.79840896712189,3.96291541853504,-3.93887462348773,6.02950018244129,0.00292869955812248,0.662428610334268
"75","PmetTSAr1.1-004848",7.86814825331434,7.13949216514178,559.284875661042,24.9941741620448,12.0154748058692,35.8191915964939,3.35260015170088,8.6051877659618,-3.32488899975567,6.36384004353078,0.00291638426708886,0.662428610334268
"76","PmetTSAr1.1-004969",26.6168215197834,6.39579506460618,193.915055384337,18.1366623951279,15.8385804259185,15.0118316793514,1.06864129835466,10.1054343172644,-2.54372407852276,5.16478948149769,0.00270891797701389,0.662428610334268
"77","PmetTSAr1.1-007042",8.54256096074128,5.62235008004915,145.637252032128,1.77395092039937,3.24053714461322,10.4602216974765,4.08598143488545,5.63300120206052,-2.78501280160779,4.53002790913093,0.00273577608496136,0.662428610334268
"78","PmetTSAr1.1-008170",4.45112386901783,2.97478840214241,86.5312244216864,14.3239917602397,6.40825322979693,8.08546866345481,3.77167517066349,4.41582003779619,-2.25414527708085,4.03285930676641,0.00287680966176031,0.662428610334268
"79","PmetTSAr1.1-008364",5.62010589522453,5.77108950015627,2.50609557068272,5.0306070876997,5.27952680863951,8.6508860525076,17.7687808040147,10.8414043235637,1.16694440301448,2.9580985491819,0.002946390502283,0.662428610334268
"80","PmetTSAr1.1-015998",12.7688805939501,7.64520619350599,14.0435921602409,20.3607202654793,9.21186401783308,6.07823693231743,1.9906063400724,5.46316196983759,-1.27270061778737,3.2841282772046,0.00272128048200686,0.662428610334268
"81","PmetTSAr1.1-018973",10.2510731528895,16.3018404437404,6.71444473654616,6.14263602287543,5.82568475436084,3.3925043343167,4.23265769152236,5.29332273761466,-1.07430318322889,2.87236173380457,0.00292202234315675,0.662428610334268
"82","PmetTSAr1.1-014847",5067.62700530038,533.796030880434,9599.29173215659,754.564586275546,1247.24269537894,232.103838206168,11.6083780252643,472.464437505488,-3.02259790667152,11.129165271962,0.00308610013923923,0.677120116092597
"83","PmetTSAr1.1-016416",299.484202944725,24.690743737782,56.3635079293171,40.7214405309586,39.4690142107947,32.6811250872509,17.4335207888446,19.7013509378599,-1.94648463279799,6.05150303739875,0.00306012517743234,0.677120116092597
"84","PmetTSAr1.1-006099",9.26193451533002,4.49193048723504,457.669792993171,54.8336172559268,20.2442545214039,30.5042681393977,9.63872543614003,6.73695621150957,-2.97059648481294,6.212508650737,0.00317912935430921,0.680253422908573
"85","PmetTSAr1.1-021162",4.27128048037064,1.36840266498551,202.520893004417,24.914743523818,9.32109560697735,13.71137168453,4.31647269531488,2.6042015607516,-2.95943573012273,5.03840286740433,0.00321244271979229,0.680253422908573
"86","PmetTSAr1.1-025968",2.51780744106059,3.00453628616383,2.78980450321284,3.36256368493612,2.4395054908886,1.72452303661099,0.775288785080829,0.962422315929938,-1.00618200741919,1.16860289996604,0.00318372244530323,0.680253422908573
"87","PmetTSAr1.1-009307",19.1533208909252,14.9929335467977,15.3202823566264,7.06932680218853,11.2872642115741,4.29717215680116,3.47832265738966,5.54808158594906,-1.20170813474168,3.34713380759618,0.00328334905369453,0.687276662262426
"88","PmetTSAr1.1-007067",8.90224773803565,3.56974608257089,5.62689382851404,5.93082098760386,4.58772674405916,2.40302390347433,1.2362713059397,2.68912117686306,-1.14339383628488,2.13936287993004,0.00341718853035809,0.7071638673449
"89","PmetTSAr1.1-006107",60.0676918081598,11.5421790003125,7.80199564457828,2.64768794089458,9.43032719612162,1.38527260317932,0.963872543614003,4.89703119576116,-2.29966578339328,3.62590445996047,0.00371220147328293,0.751143344777282
"90","PmetTSAr1.1-008485",3.14725930132574,1.57663785313548,100.054683538955,3.49494808198085,8.11954812639043,3.05325390088503,1.02673379645839,1.89653809315605,-2.9413229689322,3.93268373601177,0.00367634794618686,0.751143344777282
"91","PmetTSAr1.1-017705",15.2866880350107,14.1302449101764,264.274870651806,46.2551083274283,25.0868549734664,28.9210994500499,12.1112680480194,11.3792285589363,-2.13281713445988,5.7054517212557,0.00381561964674535,0.763585158097577
"92","PmetTSAr1.1-000790",401.905012779296,196.722757033678,8.74769208634535,44.4811574070289,47.1152254508933,15.0401025488041,13.9342443805068,52.9049208374428,-2.33723398448968,6.60927207319591,0.00411378137317184,0.76723205491012
"93","PmetTSAr1.1-003924",5.71002758954812,3.39125877844235,1335.27609095301,34.9230039403995,32.2961398569879,48.4562702418236,3.03829388747892,3.36847810575478,-3.98399702824077,7.51784491535474,0.004153815468513,0.76723205491012
"94","PmetTSAr1.1-007324",4.31624132753244,4.78940932744928,4.77576703092368,4.55402325833868,3.67746350119028,13.6831008150774,19.3612658760726,6.36897120835989,1.2263227382388,2.95953553363557,0.00417088426973268,0.76723205491012
"95","PmetTSAr1.1-008389",2.74261167686957,2.37983072171393,73.764322457831,6.72512736987223,4.04156879833783,5.93688258505423,3.87644392540414,3.17033233482803,-2.32814841807839,3.6805021781403,0.00387885156293791,0.76723205491012
"96","PmetTSAr1.1-009131",29.0447072665204,8.18066810589163,28.7964566518071,7.89011006386585,13.1077906973119,4.38198476515908,1.02673379645839,3.17033233482803,-1.77050125294317,3.5799359406566,0.00416574711649093,0.76723205491012
"97","PmetTSAr1.1-014939",8.76736519655026,3.06403205420668,166.25343446265,19.063353174441,18.0232122088039,8.76396953031815,3.79262892161162,2.63250809945542,-2.56947925701627,4.84705004014777,0.00394494392894277,0.76723205491012
"98","PmetTSAr1.1-015840",10.4758773886985,14.7549504746264,5.76874829477909,4.84526893183708,4.76977939263294,3.30769172595879,3.87644392540414,5.12348350539173,-1.07072580643882,2.7371274914415,0.00404655480469096,0.76723205491012
"99","PmetTSAr1.1-020334",4.49608471617962,2.3500828376925,6.66715991445781,3.38904056434506,2.69437919889189,2.28994042566378,0.984826294562134,2.12299040278663,-1.06208632832543,1.65922502288312,0.00406376118018929,0.76723205491012
"100","PmetTSAr1.1-003856",28.1454903232844,22.4596524361752,221.38753701767,89.2270836081474,41.4715933451062,10.3188673502133,29.062852565057,23.8341055886179,-1.78662198238918,5.86440788266659,0.00439435848472697,0.787727294563118
"101","PmetTSAr1.1-015026",42.7577656508682,48.3700594188356,18.1100868598393,20.8637809742493,25.1232655031811,10.2905964807607,10.7702279873391,12.539796645793,-1.14880573392389,4.56379492252702,0.00434024687629871,0.787727294563118
"102","PmetTSAr1.1-015928",99.2285896860843,119.497250114061,20.4270431421686,32.4077003965497,47.7706149857589,12.5805369064244,12.1741293008638,17.8897324608153,-1.58725128906066,5.50116769381125,0.00441206875215189,0.787727294563118
"103","PmetTSAr1.1-000796",41.6337444718233,46.3472033053787,808.00303984578,37.7825069165657,42.7095513554079,53.1209637015091,34.9299028305335,52.3104835246625,-2.35048931017921,7.12507445534389,0.00464722772587076,0.790348891997417
"104","PmetTSAr1.1-003029",334.283898647955,64.4041689063832,106.24899523253,25.86791118254,60.1501950887757,20.7790890476898,5.95086526926906,40.1386718820192,-2.06320367194194,6.36162116922196,0.00449886662842736,0.790348891997417
"105","PmetTSAr1.1-004282",11.0154075546401,1.63613362117833,89.4628833911643,69.5547622073006,20.7175914076957,3.30769172595879,2.66112637041257,1.10395500944905,-2.62775167977025,4.64135329213864,0.00468714954344742,0.790348891997417
"106","PmetTSAr1.1-005611",31.4725930132574,32.0384710910738,26.3849307253011,26.3180181324921,23.6304337848762,96.460206572405,131.631463456156,38.2138272501593,1.31912197568246,5.66843024635782,0.0045487840609904,0.790348891997417
"107","PmetTSAr1.1-006802",21.850971720633,17.1347811963403,507.555280296384,28.5420760028436,33.169992570142,29.1755372751237,22.3576522616552,21.9375674954618,-2.43077272768935,6.41279046192246,0.00459333884123305,0.790348891997417
"108","PmetTSAr1.1-029606",4.00151539739986,5.65209796407058,9.12597066305217,5.29537588178916,4.36926356577063,2.742274336906,2.43063510998314,3.0004931026051,-0.942588584458588,2.20829618952352,0.00461892401218382,0.790348891997417
"109","PmetTSAr1.1-000795",43.2972958168098,45.9009850450574,811.076553281523,36.1938941520289,45.4767516137293,52.4707337040984,37.1929079329316,51.1782219765097,-2.32929175667114,7.13274011868037,0.00500359326251317,0.798428686905421
"110","PmetTSAr1.1-002981",70.9482168213144,90.8500378014292,40.5703773518071,40.7214405309586,33.7889715752929,25.6416785935438,26.5274487003332,35.3265603023695,-1.00329830999302,5.51093391029413,0.0048242073283917,0.798428686905421
"111","PmetTSAr1.1-005640",12.2293504280086,14.2789843302836,422.206176426906,20.6519659389777,16.1298646636366,28.2143277137339,20.5137221782198,17.9746520769268,-2.50201644573388,6.10872788926469,0.00494887771619314,0.798428686905421
"112","PmetTSAr1.1-006463",3.64182862010549,3.56974608257089,50.3110507020078,15.9655582835943,5.8620952840756,6.95463388534924,5.00794647660319,1.75500539963695,-1.90666367173237,3.54219006887949,0.00482199857579518,0.798428686905421
"113","PmetTSAr1.1-007353",15.6014139651433,11.4826832322697,10.970078724498,9.82292226071889,14.7826750641906,20.3550260059002,35.8518678722513,21.116677873051,0.945833481096294,4.13548285399061,0.00498730871573177,0.798428686905421
"114","PmetTSAr1.1-008436",20.3672637642937,9.25159193066289,2.08053217188754,4.68640765538341,5.13388468978049,2.71400346745336,2.36777385713875,2.88726694778981,-1.47419311560682,2.63712154730525,0.00492240822254527,0.798428686905421
"115","PmetTSAr1.1-008580",9.03713027952104,8.18066810589163,234.01258451526,5.87786722878597,7.10005329437728,5.73898649888576,21.5404559746782,8.66180084336944,-2.57737451682305,5.22892209343353,0.00504196908429649,0.798428686905421
"116","PmetTSAr1.1-000143",86.7744350222667,41.7065333980366,1406.39246337389,180.439933171966,158.167341080897,83.9644822743384,39.7702192995517,38.7799580242358,-2.41924423460337,7.99145812961915,0.00511632405629202,0.801129538561925
"117","PmetTSAr1.1-000144",86.279865703487,41.2603151377152,1406.7707419506,178.083490904569,159.441709620913,85.0387753135387,35.2442090947555,37.9873749405287,-2.43021454597689,7.98727637688888,0.00532297370633095,0.801129538561925
"118","PmetTSAr1.1-000794",41.7236661661469,45.663001972886,802.707139771884,37.5706918812941,45.2946989651556,50.5483145813189,40.1892943185143,51.914191982809,-2.30310714836806,7.12349609532562,0.00530613436414176,0.801129538561925
"119","PmetTSAr1.1-015443",1.48370795633928,1.33865478096408,2815.52744642891,45.910908895112,11.2508536818594,94.028911799478,4.35838019721114,5.26501619891084,-4.63948502415767,8.54054171251263,0.00522423526074061,0.801129538561925
"120","PmetTSAr1.1-015578",11.1502900961255,13.5650351137694,2.08053217188754,3.20370240848244,5.46157945721329,1.75279390606363,1.08959504930279,1.50024655130255,-1.61932313358546,2.32761597915908,0.00517165045658999,0.801129538561925
"121","PmetTSAr1.1-023190",2.60772913538418,3.24251935833523,29.7421530935742,4.92469957006392,3.64105297147553,2.82708694526392,3.68786016687097,2.26452309630574,-1.70193943426053,2.7288458722477,0.00524111337104652,0.801129538561925
"122","PmetTSAr1.1-000347",26.481938978298,2.55831802584247,4583.6487987787,188.303566356423,133.735875642296,132.703461210688,5.92991151832093,7.67107198873568,-4.09959262812663,9.31082798311457,0.00548321282607415,0.80331790491258
"123","PmetTSAr1.1-000793",47.9732239216366,47.0909004059143,820.580802521282,37.3323999666136,46.86035174289,54.3366110879725,36.5014341516433,57.6887258783887,-2.2859476132016,7.16524500717899,0.00549516345366508,0.80331790491258
"124","PmetTSAr1.1-007323",4.90073234063579,4.87865297951355,3.87735541124497,4.34220822306711,4.1508003874821,13.3155795121931,16.70013950566,5.40654889242995,1.13778024415594,2.86432148580265,0.00542522135638589,0.80331790491258
"125","PmetTSAr1.1-015630",21.8060108734712,26.4756167790674,4.4447732763052,7.51943375214061,11.3600852710036,3.08152477033767,2.70303387230883,3.84968926371975,-1.52377797609737,3.35055512966412,0.00555807237488249,0.80331790491258
"126","PmetTSAr1.1-027482",5.39530165941555,2.70705744594959,22.5548601361445,2.38291914680512,4.4784951549149,2.03550260059002,0.942918792665873,2.49097540593631,-1.73129230427199,2.42677421658224,0.00553561113671857,0.80331790491258
"127","PmetTSAr1.1-005752",26.3920172839744,10.9769692039055,31.4916915108433,30.289550043834,18.3873175059514,8.14201040236009,6.1813565296985,12.8794751102389,-1.12187755634614,4.18039911030365,0.00569319409053248,0.809990293614743
"128","PmetTSAr1.1-022375",2.24804235808981,2.49882225779962,18.4883654365461,3.1242717702556,2.14822125317056,2.45956564237961,2.34682010619062,2.12299040278663,-1.5312796548499,2.15270869388109,0.00566435927736911,0.809990293614743
"129","PmetTSAr1.1-010429",1.93331642795724,2.23109130160681,22.3184360257027,3.89210127311503,2.87643184746567,2.82708694526392,1.11054880025092,2.23621655760192,-1.74448651765205,2.30395701586583,0.00581333423060394,0.820671547856809
"130","PmetTSAr1.1-005114",16.0060615895995,18.6519232814329,341.207276189557,22.2670555829234,21.8099072991384,21.3727773061952,20.9747046990786,25.3909652173281,-2.15210207890743,5.9296056838104,0.00600755215535204,0.831047627341108
"131","PmetTSAr1.1-009168",6.51932283846045,6.81226544090612,2.97894379156625,9.08156963726841,4.62413727377392,18.4043360136681,23.1748485486323,13.2191535746847,1.22428638111098,3.41866722067007,0.0059943398313344,0.831047627341108
"132","PmetTSAr1.1-021028",8.72240434938847,8.24016387393447,285.222046836947,8.15487885795531,25.7786550380467,9.52728300553941,8.88439040200733,8.09567006929301,-2.5691558759399,5.50164605630614,0.00602373767552722,0.831047627341108
"133","PmetTSAr1.1-005641",12.2293504280086,14.5764631704978,403.623241346183,20.3077665066614,16.9308963173612,28.4122237999024,21.5823634765744,18.0878782317421,-2.40609429762454,6.06512311015976,0.00610221934357585,0.831892363334143
"134","PmetTSAr1.1-021472",2.06819896944263,1.04117594074984,9.36239477349394,2.96541049380193,2.0389896640263,1.21564738646349,1.00578004551026,1.61347270611784,-1.38964639391932,1.42624852950536,0.00612122215621192,0.831892363334143
"135","PmetTSAr1.1-013630",5.03561488212118,9.07310462653435,4.39748845421685,7.73124878741217,5.24311627892476,16.0013121101938,22.0642997483814,13.4456058843153,1.11070216266563,3.38733237647355,0.00618763222612988,0.834688670148528
"136","PmetTSAr1.1-000797",41.2290968473671,43.7888852795363,810.840129171081,34.5523276286743,46.8967622726048,52.499004573551,36.7528791630209,54.4334739274492,-2.28729330821279,7.13043179525151,0.00633277089699721,0.84614223936494
"137","PmetTSAr1.1-000910",1.43874710917748,1.51714208509263,2576.8336645269,57.6931202320929,18.6057806842399,91.1170122458561,1.65534632490231,2.88726694778981,-4.52853183952032,8.42597473176416,0.00685316971517988,0.84614223936494
"138","PmetTSAr1.1-001799",44.7360429259872,30.8188078461954,2144.31939688473,72.4936958216936,121.501937658138,119.896757348643,25.1235473868085,43.0825519072167,-2.8883008234292,8.3452757633934,0.00667588850918872,0.84614223936494
"139","PmetTSAr1.1-004510",17.0401610743208,12.8808337812766,491.478440786344,13.0266246692013,39.5054247405095,17.7823768857101,18.7955146004731,12.6530228006083,-2.59021486447565,6.28305967612994,0.00680253716689965,0.84614223936494
"140","PmetTSAr1.1-008318",4.7658497991504,3.95646857484941,36.6457371184738,6.16911290228437,3.85951614976406,4.91913128475922,4.54696395574432,4.27428734427708,-1.54653074553035,3.11372708315921,0.00676239389960969,0.84614223936494
"141","PmetTSAr1.1-008405",5.26041911793016,4.28369529908507,121.616562411245,3.04484113202877,3.93233720919357,3.10979563979031,12.4884355650858,4.72719196353823,-2.4656920008721,4.30699827599607,0.00668584244330804,0.84614223936494
"142","PmetTSAr1.1-008837",30.5284152228596,9.66806230696283,17.6845234610441,15.7272663689138,11.2508536818594,10.1209712640448,7.52239659037885,8.66180084336944,-0.96989374573141,3.80043514751714,0.00648872208274339,0.84614223936494
"143","PmetTSAr1.1-017907",8.90224773803565,10.5010030595627,4.30291881004014,4.36868510247606,4.4784951549149,2.45956564237961,3.26878514790836,4.04783503464651,-0.979889233166595,2.41757823711632,0.00663841870647677,0.84614223936494
"144","PmetTSAr1.1-021273",3.01237675984035,2.32033495367108,3.02622861365461,4.7393614142013,1.3836001291607,2.54437825073753,1.21531755499157,2.03807078667516,-0.871831686419416,1.37407008767668,0.00658138765812088,0.84614223936494
"145","PmetTSAr1.1-021418",5.08057572928297,1.69562938922117,20.2851886759035,2.62121106148563,3.85951614976406,2.00723173113738,0.942918792665873,2.32113617371338,-1.69966204200799,2.27971228351888,0.00648891021230892,0.84614223936494
"146","PmetTSAr1.1-023670",2.96741591267855,4.49193048723504,3.21536790200802,3.44199432316295,2.80361078803616,1.5831686893478,2.09537509481305,1.81161847704459,-0.777242295746699,1.51477816128815,0.0068765609481089,0.84614223936494
"147","PmetTSAr1.1-024707",2.02323812228083,1.30890689694266,2.50609557068272,2.75359545853036,1.34718959944595,1.07429303920029,1.2362713059397,1.27379424167198,-0.799302109077739,0.801684668709049,0.00647192865989637,0.84614223936494
"148","PmetTSAr1.1-034471",2.15812066376622,1.96336034541399,5.0594759634538,1.80042779980831,1.34718959944595,1.15910564755821,1.34104006068035,1.81161847704459,-0.939473734171851,1.08356260626959,0.00672691749843656,0.84614223936494
"149","PmetTSAr1.1-022566",4.63096725766501,2.02285611345684,2.45881074859437,2.14462723212461,2.11181072345581,1.3004599948214,1.36199381162848,1.35871385778344,-0.871999226226866,1.14789568845935,0.00718881270303899,0.878627302919752
"150","PmetTSAr1.1-001034",25.4478394935767,11.7504141884625,1514.06000326907,165.612880702956,40.7069722210964,142.174202477323,11.8598230366419,22.5603113469459,-2.98192129341229,7.91739809387882,0.00735565919740275,0.881275721341457
"151","PmetTSAr1.1-007147",3.73175031442909,1.04117594074984,114.145560521285,80.8603897149205,13.6175381133185,12.0151195173717,4.4631489519518,7.58615237262422,-2.40633796110952,4.89288272959753,0.00727812736974322,0.881275721341457
"152","PmetTSAr1.1-022092",2.60772913538418,2.70705744594959,2.36424110441766,2.8330260967572,1.78411595602301,7.46350953549675,10.6235517307022,3.53831733797771,1.15649039682085,2.11370162817328,0.0073142431727024,0.881275721341457
"153","PmetTSAr1.1-015623",3.32710268997292,4.8191572114707,3.30993754618473,2.8330260967572,1.92975807488203,1.89414825332683,2.05346759291679,2.6042015607516,-0.752652414550525,1.53724398097311,0.0076167388072317,0.900704093626601
"154","PmetTSAr1.1-023306",6.33947944981327,7.88318926567739,6.28888133775098,7.44000311391377,5.42516892749854,21.231422958932,28.4971012894575,8.01075045318155,1.17622519654361,3.52092054371916,0.00757178953377382,0.900704093626601
"155","PmetTSAr1.1-004511",86.1899440091634,18.7411669334972,22.223866381526,15.0388675042812,23.958128552309,12.2978282118981,8.46531538304472,10.6715650913408,-1.36007473852862,4.6275328261145,0.007836043185036,0.915233303329166
"156","PmetTSAr1.1-017751",13.9378626201568,23.0546101166037,4.53934292048191,20.0694745919809,10.1949483201315,4.66469345968547,4.42124145005554,8.01075045318155,-1.1778878597605,3.48229982694901,0.0078401183526083,0.915233303329166
"157","PmetTSAr1.1-012334",24.9532701747969,18.1164613690473,231.790197877108,25.6825730266774,29.1284237718042,24.5956564237961,16.1343882300605,19.5032051669332,-1.74949883439029,5.60701778967342,0.00792066107578326,0.918746234720312
"158","PmetTSAr1.1-008001",9.486738751139,10.4117594074984,5.01219114136544,9.31986155194892,9.06622189897406,19.5351707917737,30.0057713577229,11.6906004846784,1.03746844854692,3.71731003750049,0.00807605093676332,0.91920602255873
"159","PmetTSAr1.1-026410",5.44026250657734,6.99075274503466,42.036206836546,8.60498580790738,5.57081104635756,6.95463388534924,5.92991151832093,5.49146850854141,-1.39459044096252,3.44596773868511,0.00804676188744868,0.91920602255873
"160","PmetTSAr1.1-035587",11.1952509432873,2.17159553356396,7.75471082248993,3.70676311725241,4.33285303605588,2.91189955362184,1.42485506447287,1.78331193834077,-1.24746669068081,2.14824574176085,0.00800623235512911,0.91920602255873
"161","PmetTSAr1.1-023761",2.06819896944263,2.08235188149969,15.79313057751,5.26889900238021,1.96616860459678,3.42077520376934,1.21531755499157,2.6042015607516,-1.44967608539699,2.11359053315905,0.00825358844233064,0.93357825542412
"162","PmetTSAr1.1-007326",3.95655455023807,4.34319106712792,4.58662774257026,4.395161981885,3.49541085261651,13.4852047289089,17.2449370303114,4.50073965390765,1.16553501540836,2.82532954056187,0.00844340909285417,0.943330815889369
"163","PmetTSAr1.1-009400",4.13639793888525,4.25394741506365,14.989288602008,4.13039318779555,3.13130555546895,2.94017042307448,2.78684887610136,3.9063023411274,-1.10221971916779,2.34063672515424,0.00839298880574679,0.943330815889369
"164","PmetTSAr1.1-020026",2.56276828822238,2.14184764954254,1.70225359518072,1.5621358851278,2.7672002583214,3.16633737869559,4.73554771427749,2.85896040908599,0.773991898666852,1.46417646428427,0.00873720866505626,0.970203091459387
"165","PmetTSAr1.1-014053",10.5208382358603,1.87411669334972,44.4004479409637,5.71900595233229,5.38875839778378,3.05325390088503,1.00578004551026,7.27478044688218,-1.90142318695618,3.30787110579596,0.00882414023167691,0.972160661973675
"166","PmetTSAr1.1-015242",23.9641315372374,12.2263803328053,800.295613845379,59.0169642025402,78.1734072975796,26.0374707658807,3.20592389506397,23.1547486597262,-2.77787239253292,7.00267349671168,0.00886160396944869,0.972160661973675
"167","PmetTSAr1.1-015624",4.36120217469423,4.46218260321361,3.02622861365461,3.07131801143771,2.58514760974762,1.9506899922321,2.11632884576118,2.37774925112102,-0.727189619137772,1.60748431974593,0.00911411555341933,0.993875199660596
"168","PmetTSAr1.1-016317",70.5885300440201,25.880659098639,79.8640645072286,69.0781783779396,46.5326569754572,28.7514742333341,17.9573645625478,24.1737840530637,-1.06381309979696,5.50430052038555,0.00917110595804607,0.994136967868911
"169","PmetTSAr1.1-000001",962.746620275543,135.680099021715,27634.7631427405,5280.31053740547,12796.2257945427,14292.5076769985,7.22904407710502,133.437023449816,-0.320941911155525,12.9022581403731,0.81334719168688,1
"170","PmetTSAr1.1-000002",161393.615092647,16577.9900511113,6161.40145740078,14763.2167127547,41394.7671274081,7528.81524393235,302.781701200486,13151.3028014117,-1.67291449741066,14.9952034988527,0.103431238901979,1
"171","PmetTSAr1.1-000003",21867.7870774715,3235.73684077834,15855.4046882003,11233.1602886776,24114.5481879636,165.243231950676,184.204424585015,4601.7939970803,-0.84450962640956,13.3102223984037,0.413594900143017,1
"172","PmetTSAr1.1-000004",1102.39501156008,422.033230611944,295.955701451003,3769.1691220193,1827.62653903214,4279.16361295983,3.93930517824853,1099.79394825959,0.367362623760492,10.6439332092343,0.723027023693735,1
"173","PmetTSAr1.1-000005",63994.0326691051,6477.66124143314,2465.38333886465,5536.44786880761,17050.5777285336,2942.85615567248,125.911089447316,5751.26592076509,-1.60089213229193,13.6709904525351,0.119415466079047,1
"174","PmetTSAr1.1-000006",6268.39635045047,5324.12754273438,3342.18579484898,4653.41746363986,5299.77106316092,5330.35935181731,6540.5247747004,5405.02033933994,0.20478965784828,12.3637353396769,0.645676407854806,1
"175","PmetTSAr1.1-000007",8443.82694037398,6156.80056437806,13936.066474812,10564.6720373605,10672.6908805188,6721.1447745399,4335.91777619475,6201.6512580816,-0.485331458414801,13.0325865110836,0.313367486465528,1
"176","PmetTSAr1.1-000008",143.964632612072,5.681845848092,13528.9914414534,1033.20726517529,3415.74461360062,561.742176023941,1.78106883059109,12.6530228006083,-1.88182229865003,11.1910295045872,0.234951749979817,1
"177","PmetTSAr1.1-000009",1947.52405566037,1586.21667179038,2650.78712627308,1490.06581937665,1724.03858199366,1398.50337008316,1501.77628420346,1560.42625258688,-0.311369405860319,10.7586114401877,0.48280490640178,1
"178","PmetTSAr1.1-000010",723.554913374787,612.419688349058,1067.07658006787,593.74402074561,749.328701529663,587.214229400769,592.697799318819,619.913197613696,-0.233386977850296,9.43732146145438,0.598531588478926,1
"179","PmetTSAr1.1-000011",696.443522536224,589.06759939224,1021.58858121887,575.978034662207,711.534571685748,550.886162154127,577.233931119099,594.493925857664,-0.244176598116948,9.37656572945404,0.581426022111672,1
"180","PmetTSAr1.1-000012",364.003018621902,78.1179434402597,948.675385558631,352.38078805366,1275.35162431873,232.330005161789,37.8424742123237,119.283754097905,-0.0663703320984403,8.73477582357845,0.936649773518371,1
"181","PmetTSAr1.1-000013",148.550639022575,29.8371276734884,383.479907136545,143.345825120033,289.208837524301,118.002609095316,10.3930604702727,27.0893575395574,-0.665271414344763,7.16748773996471,0.409557279442472,1
"182","PmetTSAr1.1-000014",142.795650585865,30.0453628616383,387.546401836143,147.158495754921,284.584700250527,115.967106494726,10.8959504930279,27.1742771556688,-0.68987127293415,7.16279099878802,0.389915536823205,1
"183","PmetTSAr1.1-000015",147.021970219074,29.7478840214241,383.33805267028,145.702267387429,290.992953480324,118.850735178895,10.7283204854428,26.7496790751115,-0.657991802639957,7.17153053796198,0.414396341574236,1
"184","PmetTSAr1.1-000016",150.978524769312,28.1414982842672,379.980830302007,146.946680719649,288.808321697439,115.005896933336,10.9797654968204,26.1552417623313,-0.679178572102096,7.16383271009535,0.400032394810293,1
"185","PmetTSAr1.1-000017",147.741343773662,31.2352782224953,385.986002707227,145.17272979925,281.599036813917,115.910564755821,10.7283204854428,25.1078998302899,-0.712601487262384,7.15940149513062,0.375287982029594,1
"186","PmetTSAr1.1-000018",148.280873939604,30.6403205420668,388.066534879115,147.714510222509,290.774490302036,118.398401267653,10.4978292250134,26.9478248460383,-0.678324301127062,7.18173667107295,0.400299828795355,1
"187","PmetTSAr1.1-000019",146.257635817323,28.1117504002458,377.616589197589,148.588247243004,290.446795534603,117.126212142284,10.0368467041545,25.9004829139969,-0.659596076444369,7.16017057799572,0.417441998440617,1
"188","PmetTSAr1.1-000020",144.728967013822,29.8371276734884,383.385337492368,144.775576608116,294.379132743796,115.373418236221,9.68063293803629,27.315809849188,-0.65352513536993,7.16694757879533,0.42131063381466,1
"189","PmetTSAr1.1-000021",150.079307826076,30.2833459338097,389.106800965059,147.18497263433,288.517037459721,118.652839092727,10.6235517307022,25.5324979108472,-0.692934750135525,7.18006787670205,0.391539987066726,1
"190","PmetTSAr1.1-000022",149.270012577163,30.0751107456598,379.744406191565,148.032232775416,293.213995792924,115.429959975126,10.1835229607914,27.1742771556688,-0.664936038606781,7.17152089493863,0.410370915285494,1
"191","PmetTSAr1.1-000023",146.842126830426,30.4618332379383,389.768788474296,145.146252919841,292.740658906632,117.776442139695,10.9797654968204,26.7213725364077,-0.668143790459502,7.18063659626774,0.407015920407872,1
"192","PmetTSAr1.1-000024",148.280873939604,29.5396488332741,385.32401519799,142.869241290672,287.788826865426,111.783017815735,11.6921930290568,27.9668602393759,-0.684742272668376,7.16162292626795,0.390820135916101,1
"193","PmetTSAr1.1-000025",148.101030550957,29.390909413167,388.019250057027,145.755221146247,284.439058131668,117.126212142284,11.2731180100942,26.8629052299268,-0.693890689969035,7.16881613831338,0.387007587558809,1
"194","PmetTSAr1.1-000026",149.314973424325,29.8371276734884,387.026268793171,148.535293484186,291.029364010039,114.610104760999,10.3092454664802,25.9287894527007,-0.693745650240515,7.17584688696336,0.392282299367608,1
"195","PmetTSAr1.1-000027",143.559984987615,29.9858670935955,387.262692903613,143.848885828803,291.466290366616,117.437191706263,10.0787542060508,26.2118548397389,-0.662511770531981,7.16741709224495,0.414607002677632,1
"196","PmetTSAr1.1-000028",144.504162778013,28.7662038487171,390.761769738151,149.541414901726,291.065774539754,112.885581724388,10.4768754740653,26.3250809945542,-0.695117635789927,7.17301943257419,0.392146627400412,1
"197","PmetTSAr1.1-000029",143.874710917748,29.9561192095741,381.02109638795,144.749099728707,288.626269048865,112.178809988072,9.76444794182881,26.834598691223,-0.67759261767914,7.15121064226691,0.402888913234477,1
"198","PmetTSAr1.1-000030",147.381656996368,28.8851953848028,381.824938363452,145.940559302109,288.735500638009,116.984857795021,10.3721067193246,26.2967744558504,-0.670350407670573,7.1631099749251,0.407599702096876,1
"199","PmetTSAr1.1-000031",1883.94941777359,1205.08678170789,1525.59749985863,2401.26762423552,3201.250183051,3886.02890235143,937.617493675996,1511.42763409056,0.442797824793917,11.014779525874,0.39541209056847,1
"200","PmetTSAr1.1-000032",5847.7426644047,5070.46733568369,5800.71283451082,3274.44863026314,6166.1232071938,5127.8268430586,6196.35941537736,4902.60758388581,0.16352306202468,12.3713254843239,0.714085211826539,1
"201","PmetTSAr1.1-000033",523.344260963308,120.568173938832,16993.8340647995,2257.52464592435,8747.88463767796,7656.26032342484,7.48048908848259,76.1162825745766,-0.271031017840269,12.1509814719463,0.839237599116754,1
"202","PmetTSAr1.1-000034",519.837314884688,114.975571742804,16990.4768424313,2267.47995258212,8727.96807792399,7659.82245297588,7.69002659796389,77.7580618193983,-0.272119209684734,12.1503070422328,0.838594165641818,1
"203","PmetTSAr1.1-000035",8326.52409012885,8805.93888013794,5812.06119181203,5381.3198323506,6678.49218133984,6472.55901944284,4997.09243361206,6559.02130921735,-0.197189905222947,12.6946152307864,0.658205295395665,1
"204","PmetTSAr1.1-000036",1081.3083742412,703.983675367001,18846.7843879758,3192.29087345719,2503.62443371629,3133.28873230546,306.09239385029,1201.75410067075,-1.73747871670715,11.9185434152911,0.0461184025857646,1
"205","PmetTSAr1.1-000037",31979.3017607708,1728.11407857257,111.97045870522,3965.75995163072,26077.9131817723,3932.33658651485,13.4313543577517,351.45398454665,-0.314928550547306,13.0566458415459,0.814543020782614,1
"206","PmetTSAr1.1-000038",66529.150036323,3015.1860286435,48.1359488859436,2100.94038109985,13535.9785267574,2063.37767787032,99.2579182412942,306.588120701093,-2.16329978658805,13.4202651192864,0.117117764903838,1
"207","PmetTSAr1.1-000039",665.600381383231,655.137649803823,491.998573829315,407.690989138947,727.628025819669,581.107721598999,484.345953166037,802.858357256495,0.225416254960456,9.23387194791663,0.613117378347142,1
"208","PmetTSAr1.1-000040",1417.88527609441,693.006706163096,1572.92960676907,2223.13117957213,1307.53853258658,2841.53335955422,19.0888671137469,1055.38098903329,-0.177389013023161,10.4422861020044,0.825941723089581,1
"209","PmetTSAr1.1-000041",5502.08367142481,963.087745193605,17746.6084324461,8485.60155865245,12376.1575132236,5801.77609994007,58.6495489038173,604.231375171778,-0.79531424717102,12.6533588472824,0.427231968183411,1
"210","PmetTSAr1.1-000042",2561.32954111321,370.77762644303,9167.95958506663,4148.15917387895,6350.61536125847,2978.27955509663,16.1134344791124,179.208696533895,-0.770610490506071,11.6535502183684,0.473378751291564,1
"211","PmetTSAr1.1-000043",798.72944982931,548.075015210718,1323.64402471927,993.491946061873,1040.24883395056,585.9420402754,366.229659071425,659.938643340899,-0.46612692556555,9.62494415762466,0.340108635383877,1
"212","PmetTSAr1.1-000044",1234.66982391009,394.486690008105,395.159258192368,379.651973844874,755.263617873169,8.17028127181273,1.21531755499157,1037.54786964988,-0.415660909052332,9.03838436652299,0.707057744557488,1
"213","PmetTSAr1.1-000045",440.0318111725,89.3328957163366,1169.59007435542,472.877066243772,859.324911797939,331.730382157268,19.8641558988277,69.7473113662167,-0.762027221938362,8.75348539936067,0.372437490466183,1
"214","PmetTSAr1.1-000046",451.991396517537,334.723191009064,5557.71613379877,1472.88232464025,1621.79781455463,582.238556377104,163.397349893522,161.658642537526,-1.62805721437047,10.3368490997178,0.0555382397512284,1
"215","PmetTSAr1.1-000047",502.662271268882,425.216254202236,189.753991040562,501.81629543775,317.390587523522,209.74158046913,230.55412168228,279.838441625981,-0.642395974696496,8.37582735086933,0.165514323163645,1
"216","PmetTSAr1.1-000048",491.511981172756,431.909528107056,192.354656255421,503.960922669874,315.242366270351,208.412849604856,227.348197787216,278.281581997271,-0.654158024121008,8.37150520141954,0.156804708664217,1
"217","PmetTSAr1.1-000049",479.057826508939,415.191217287016,180.297026622891,482.064543398676,308.943344629698,202.56077962816,217.793287354868,266.902353438335,-0.643944098642512,8.31814089541695,0.165825560059601,1
"218","PmetTSAr1.1-000050",467.997458107137,416.262141111787,181.951995395983,477.166320708021,310.108481580571,204.087406578602,223.387938858019,272.223982714653,-0.612053830650677,8.31835527954346,0.185521998842802,1
"219","PmetTSAr1.1-000051",2001.56699394884,1607.6351482858,800.24832902329,2067.44712864753,1336.92183006638,766.366729122144,924.668075590051,1164.61592189134,-0.62747683575892,10.3812647884267,0.186736843295664,1
"220","PmetTSAr1.1-000052",280.151038665152,214.511991678489,103.175481796787,296.779341294873,174.87977421997,114.044687371947,134.145913569931,171.056413387195,-0.590569191339918,7.54035136085866,0.197097640696211,1
"221","PmetTSAr1.1-000053",315.535225381486,337.459996339035,391.707466179918,435.25342060366,483.495424082235,478.851986788803,459.641480798191,528.115092597202,0.397981399298394,8.74424286700923,0.350043884203219,1
"222","PmetTSAr1.1-000054",878.175266764204,578.00138653627,1320.19223270682,1122.59321005989,700.392949593032,552.214893018402,462.805497191358,545.042402742087,-0.786475023286385,9.58866360930894,0.0866498216140636,1
"223","PmetTSAr1.1-000055",321.559978901167,80.2597910898022,927.870063839756,505.33772039914,532.977333964588,298.54038141987,3.49927640833779,56.8678362559778,-1.04088541233811,8.41314839447799,0.258806596801993,1
"224","PmetTSAr1.1-000056",300.293498193637,67.9739149889541,849.755537749796,446.214848678964,482.439518720507,274.142621082242,3.10115514032331,56.1035597109746,-1.02861026241489,8.27624070116277,0.264885539556077,1
"225","PmetTSAr1.1-000057",1878.46419441985,280.701033626158,8086.41384943973,2525.41771178407,5053.12613487317,1936.52628663633,35.8728216231994,206.72265215401,-0.820355860370344,11.2879534525011,0.419599916953922,1
"226","PmetTSAr1.1-000058",181.551900839333,152.636392913927,345.793903932127,193.943141670528,235.903822021899,179.32212493809,131.338110942882,166.697206426806,-0.293052536136596,7.63259119050204,0.51268776001299,1
"227","PmetTSAr1.1-000059",52330.1098550033,7179.65180857071,41.7997827261043,702.855240789875,7766.40239868701,478.512736355371,59.2153001794168,8375.33867168677,-1.85299312497376,13.2313319002961,0.165887469276562,1
"228","PmetTSAr1.1-000060",1130.18081510607,895.91702307323,3478.22422799718,1982.1121463125,2020.56593599063,2132.24551585695,530.171806489598,763.059363838922,-0.459071004654917,10.6587466887328,0.42735081647835,1
"229","PmetTSAr1.1-000061",3953.49721263107,3617.16420970104,4104.84269031203,2788.12130927963,4304.38000181894,4194.71852590479,4703.73992033823,3555.89569851279,0.212486565913586,11.9303141398443,0.627183651018164,1
"230","PmetTSAr1.1-000062",5940.58681379381,8476.6595519048,2237.99062944176,1524.8299620406,5002.40626698051,2489.98509791065,3648.55093009228,3440.34840752379,-0.318240376949101,11.9997275934502,0.56630025885272,1
"231","PmetTSAr1.1-000064",793.96360003016,571.5163478196,1245.81320756184,1270.06942836772,787.377705081583,621.563335785725,542.806918311321,640.095759709521,-0.582587581384751,9.6603563131217,0.206105414287801,1
"232","PmetTSAr1.1-000065",2539.47856939257,1835.65267931002,5120.42609912568,3246.75381440139,3389.20133743856,2840.8265878179,1645.07898693773,1687.2961590574,-0.414181298087777,11.4450837823669,0.399707808104018,1
"233","PmetTSAr1.1-000066",4497.16377651151,4462.83705666209,1377.54872189999,2218.15352624325,4280.64033644492,3221.69174108386,3889.03712972397,5866.78490521539,0.458933515405182,11.8637213831579,0.359677892921894,1
"234","PmetTSAr1.1-000067",44.8259646203108,57.8596344216699,13.4288894730923,38.9739664899682,35.1725717044536,40.1729054922003,46.5801883576941,39.7140738014619,0.0592331951553229,5.30973400906489,0.879018914730501,1
"235","PmetTSAr1.1-000068",738.16718870237,536.651827746491,312.268965071485,813.449166081042,500.098625632164,361.499607690897,206.2268168315,461.906098568963,-0.650115130000389,8.94057900586456,0.182120432650282,1
"236","PmetTSAr1.1-000069",378.255607172192,524.157716457493,159.491704904015,391.434185181855,259.097329450199,184.156443614492,412.286003655416,231.858858523004,-0.41850272532787,8.31135026235419,0.389755707418697,1
"237","PmetTSAr1.1-000070",6612.07706615524,3982.73595644032,401.684563640561,3000.17463646588,2494.01205387159,1670.46913421755,934.013448512917,11736.3438512237,0.266365090247991,11.9121414228128,0.730026803811562,1
"238","PmetTSAr1.1-000071",250.971448857147,277.131287543587,411.614376279115,192.566343941263,265.687635328569,257.94341288588,331.697877508906,294.699374445488,0.022496865394367,8.15656588331706,0.959151006590084,1
"239","PmetTSAr1.1-000072",1831.34522659428,1563.96525454235,1128.87784253735,2013.80497096501,1264.21000222602,903.112924664559,1127.12321725089,1239.79808868869,-0.527991071473028,10.4347211245385,0.236601007918884,1
"240","PmetTSAr1.1-000073",989.183598406679,828.538065764704,1415.47114921485,1050.23189863524,841.010415351417,886.065590384618,976.842915450896,1111.59777489908,-0.1668749925668,9.98359731820063,0.704461716754466,1
"241","PmetTSAr1.1-000074",319.356897390239,319.075804013795,417.193985285541,235.856041774889,385.660330738688,312.449649190568,288.155983038691,273.38455080151,-0.0359834598335872,8.31716317192934,0.933730948984007,1
"242","PmetTSAr1.1-000075",3749.37496651651,2954.41110158773,5775.03717611685,3557.03636419482,3657.07360455002,2694.49656753104,2561.30270089568,3464.57880465426,-0.37358531951474,11.7942984867378,0.409234085783367,1
"243","PmetTSAr1.1-000076",294.85323568706,359.949396659232,528.171462726906,427.363310539794,415.189270337354,341.399019510071,313.950050455839,392.470159128488,-0.138429243266353,8.585807465403,0.750085555746649,1
"244","PmetTSAr1.1-000077",51.2104049172859,11.3339438121626,1.89139288353413,474.624540284762,2450.13736556531,1197.21477958036,1.94869883817614,55.4242027820829,2.78074636751978,9.05129907274293,0.0483867494599956,1
"245","PmetTSAr1.1-000078",1684.50309976386,1513.45334747397,1804.67251982409,1970.91242632252,1431.4799757356,1599.45271015252,1592.29648829938,1833.81080338839,-0.111017627075342,10.7132865419011,0.797455874877877,1
"246","PmetTSAr1.1-000079",7.95806994763793,8.29965964197732,5.95788758313251,6.48683545519172,7.60980071038385,7.35042605768619,7.83670285460081,8.03905699188537,0.102900167883707,2.90801410691433,0.722446319168341,1
"247","PmetTSAr1.1-000080",769.999468492922,583.950963340555,2730.74576042449,1144.75435812518,1308.12110106201,983.628360865676,553.807637559089,514.527954019367,-0.638157039609844,10.0684102708814,0.250524434361394,1
"248","PmetTSAr1.1-000081",550.590534343357,453.536239790632,1018.37321331686,646.194718854731,741.864542938139,478.088673313582,259.072176722686,363.201198108736,-0.534692414054596,9.1393135071286,0.27382038568799,1
"249","PmetTSAr1.1-000082",268.416257555923,114.88632809074,5146.43275127428,973.925532178662,885.103566835986,1193.28512872645,30.0057713577229,167.801161436255,-1.51462268098907,10.0999863545556,0.131798003632669,1
"250","PmetTSAr1.1-000083",354.111632246307,361.645026048453,409.108280708432,355.028475994554,423.600102701463,374.956541550354,317.826494381243,412.284736221163,0.0467771200273632,8.55508294144056,0.911726496175295,1
"251","PmetTSAr1.1-000084",615.469036797828,448.27086431884,641.087617873893,377.666207889203,564.399621108421,398.195196240423,539.22382689919,502.780740457281,-0.0549706150257491,8.99700890611045,0.9007530124648,1
"252","PmetTSAr1.1-000085",2104.07772547774,1316.22487641193,2142.99542186626,1140.72987245502,2022.16799929808,1382.86957927585,1487.2972422983,1266.88744622824,-0.122272328855064,10.6510104864289,0.789323709508676,1
"253","PmetTSAr1.1-000086",1567.829701379,674.08705192547,2974.26259417951,1794.09982562958,2608.92368565136,1337.29693771819,184.057748328378,623.366595335562,-0.560442690969695,10.52211254236,0.399366084927342,1
"254","PmetTSAr1.1-000087",1025.42204121909,902.878027934243,1780.03712751606,979.697491889813,1033.07595959675,942.013641031391,926.491051922538,1067.38296144371,-0.240209174513774,10.0797179263126,0.592708676996839,1
"255","PmetTSAr1.1-000088",1163.99137217174,221.532492307545,4251.1419298534,1448.97370253397,2764.39664753336,1072.65332877204,19.9898784045165,183.001772720207,-0.810529757341026,10.4416209609966,0.402068075006508,1
"256","PmetTSAr1.1-000089",1238.04188744722,946.607417445736,7873.3957259317,1896.19467263047,1644.22670085892,2030.72482365253,674.815549284543,1525.75074267469,-1.02472907319421,11.1220130314542,0.110403973845066,1
"257","PmetTSAr1.1-000090",389.540779809803,328.297648060436,2518.48419406987,621.835989798501,577.288948627445,607.343088451048,216.934183565995,518.434256360495,-1.00679093684316,9.49643758054029,0.11239622401146,1
"258","PmetTSAr1.1-000091",727.556428772187,694.226369407974,1146.13680259959,738.254828559636,767.788840095044,663.489035183989,712.134179723163,734.469759748062,-0.200143503002788,9.59443708222878,0.647898500712394,1
"259","PmetTSAr1.1-000092",312.792613704616,122.888508892503,2264.47012981124,512.645339116009,1768.71430195367,366.955885495257,103.595344687557,104.847419358956,-0.454789402364176,9.44009412557915,0.604828781627111,1
"260","PmetTSAr1.1-000093",499.739816203365,451.186156952939,810.840129171081,522.071108185593,470.424043914638,468.193869005158,480.993353014336,518.490869437902,-0.236792864801736,9.04383515340569,0.589388027641892,1
"261","PmetTSAr1.1-000094",494.884044709891,458.92060679851,810.792844348993,510.924341954427,460.010632416218,470.14455899739,481.28670552761,526.190247965342,-0.231879406038452,9.04083067238049,0.597262329644286,1
"262","PmetTSAr1.1-000095",831.820633340392,724.866689950041,1394.38211856345,828.540987344141,781.661251916366,762.974224787827,836.096570332303,925.99180061812,-0.192818907159244,9.79090964577845,0.665306563164073,1
"263","PmetTSAr1.1-000096",284.197514909714,247.651134478356,413.600338806826,271.123245147605,256.985518726743,261.618625914723,297.333725953972,305.484165691644,-0.117443994674886,8.19132987545084,0.783259421141529,1
"264","PmetTSAr1.1-000097",527.840345679488,434.973560161263,819.49325161325,426.224804725209,490.923172144045,441.76060606694,453.606800525129,501.223880828571,-0.226570909577184,9.00015631167763,0.609960210950989,1
"265","PmetTSAr1.1-000099",355.640301049808,313.364210281681,564.249781980319,286.373927687158,336.724578802057,301.367468365134,346.994115701041,354.058186107402,-0.182360296836096,8.48138701768801,0.677527785820474,1
"266","PmetTSAr1.1-000100",1396.21414776242,704.16216267113,2879.40924107027,1637.5949914433,2352.81201963777,1492.1930314492,889.381958993399,742.225751352909,-0.27297527609673,10.5620414620886,0.612461910107195,1
"267","PmetTSAr1.1-000101",858.842102484631,816.698407924177,1798.05264473172,739.499241891856,935.896255788069,763.11557913509,820.988915898701,994.408704665257,-0.261580701055867,9.91585623176534,0.575058109574315,1
"268","PmetTSAr1.1-000102",387.067933215904,257.676171393576,674.328847802005,392.758029152302,509.092026471708,285.959844513446,171.066422740537,200.778279026207,-0.55287343290364,8.4913700648434,0.267154052282781,1
"269","PmetTSAr1.1-000103",1941.40938044636,1100.07675111226,2459.99286914658,1493.61372121745,2654.50966885423,1959.65185784859,939.545238763224,1023.36629375927,-0.0888967206872893,10.7284007017136,0.858808978653459,1
"270","PmetTSAr1.1-000104",284.916888464303,263.090286285475,507.886274051002,212.265142221518,360.573475765221,274.255704560053,267.977520875641,242.64364976916,-0.146775976861,8.23720368313548,0.745774967585212,1
"271","PmetTSAr1.1-000105",561.516020203673,562.562234729151,1007.45041941445,581.723517493948,571.536084932514,531.888137881954,571.827863374481,687.226146651384,-0.199702857563674,9.30951974142071,0.65378227590913,1
"272","PmetTSAr1.1-000106",101.791357974307,16.3315883277618,22570.0858488569,1122.30196438639,2522.88560393539,3030.69374706183,4.1907501896261,19.9561097861943,-2.09384720386238,11.8429436391233,0.181797469597747,1
"273","PmetTSAr1.1-000107",422.047472307781,474.746481097907,292.59847908273,261.300322886886,387.225983516422,343.095271677229,706.246175706739,468.246763238619,0.392923904983207,8.71255925025376,0.392384653290115,1
"274","PmetTSAr1.1-000108",440.346537102632,562.11601646883,262.43076259036,265.245377918819,389.155741591304,349.965092954221,807.767099050431,486.079882622027,0.409932082605106,8.79916032260258,0.39372959234036,1
"275","PmetTSAr1.1-000109",408.604179006404,365.898973463516,685.67720510321,471.076638443964,418.429807481968,356.38258031997,391.416067711078,418.540481274708,-0.285246990396168,8.7799022511162,0.51588465964046,1
"276","PmetTSAr1.1-000110",42.2631963320885,36.262670622116,41.3742193273091,37.2794462077957,44.2387936034277,39.098612453,49.4089447356917,45.0357030777804,0.178006664038217,5.38999462055674,0.549966746153584,1
"277","PmetTSAr1.1-000111",178.629445773816,137.078249570722,147.00851187269,211.100159527525,193.594786493354,223.113701720229,81.9710737090865,170.377056458303,-0.0103078751068794,7.39161068816673,0.981817454506329,1
"278","PmetTSAr1.1-000112",904.207597270884,1038.70686637607,1118.80617543253,1032.70420446652,1121.51713627389,1301.73218394677,1427.83049710751,1172.59836580581,0.295084953821454,10.1546022769521,0.493433595903209,1
"279","PmetTSAr1.1-000113",496.727439443525,568.898534025714,633.191052585138,576.745864165066,624.513405667482,718.221438444299,807.159440272935,646.125052453434,0.297155014760497,9.3083718664047,0.488417198253714,1
"280","PmetTSAr1.1-000114",699.635742684711,625.241026362292,1328.4197917502,600.310286839028,787.74181037873,641.918361791626,664.590118821855,651.87127981031,-0.244625051986247,9.55077270567265,0.593438629201524,1
"281","PmetTSAr1.1-000115",658.226802448697,642.167572370482,991.515434370679,612.436697608325,660.304956377087,589.447628087527,606.275829933208,658.325170634782,-0.208011862810731,9.40384378853392,0.633430689791013,1
"282","PmetTSAr1.1-000116",88.6627906030622,120.925148547089,65.3003393040158,105.722179479921,106.901315242521,197.047960084895,133.119179773473,122.765458358475,0.556534201959064,6.87811156436202,0.187971888669326,1
"283","PmetTSAr1.1-000117",696.263679147576,201.482418477105,2310.903825102,895.924645439908,1382.50781326926,548.709305206274,37.2348154348279,233.132652764676,-0.898696398904182,9.62257876772551,0.267803337141025,1
"284","PmetTSAr1.1-000118",2818.19086094855,831.423610514782,6705.60247481564,4537.47520870809,4260.14120821551,2719.57282873553,353.196425981688,1108.54066871907,-0.819043899559916,11.5101702126216,0.240155657174429,1
"285","PmetTSAr1.1-000119",379.874197670016,372.413760064208,607.373539724897,385.159164761935,378.924382741458,349.032154262284,388.210143816014,448.064201142794,-0.157598424916289,8.69239229222923,0.717048240926009,1
"286","PmetTSAr1.1-000120",1416.98605915117,1968.86370395795,195.428169691164,441.263672229491,542.33484010128,284.885551474245,378.760002138407,367.07919391116,-1.35454059146005,9.45018796698268,0.0284144764369065,1
"287","PmetTSAr1.1-000121",659.260901933418,851.086961852943,462.87112342289,662.583907208869,592.654192167072,885.895965167902,822.329955959382,692.859147853444,0.183696016313655,9.45894598438056,0.679073949031131,1
"288","PmetTSAr1.1-000122",279.116939180431,278.142715600315,553.847121120881,266.648652527493,324.34499869904,254.861888115542,270.093849721402,291.500735571956,-0.272231823819497,8.29860332129084,0.543165245997933,1
"289","PmetTSAr1.1-000123",522.849691644528,383.212241963985,1530.23141242329,608.412211938166,1017.56507393827,651.700082622239,369.624166725022,426.551231727889,-0.304449519758044,9.42795250477118,0.571298815355195,1
"290","PmetTSAr1.1-000124",2155.37805208935,1618.16589922939,2999.22898024216,1899.02769872723,2142.94172636192,1719.37773837061,1512.25315967753,1646.42151716909,-0.304652525537945,10.9378501162529,0.495520735651418,1
"291","PmetTSAr1.1-000125",97.1154298694799,74.6076931257316,158.546008462248,91.2128495638183,99.8740830075737,83.2294396685698,92.8460704511663,87.2407522851785,-0.214578830209096,6.61668707767913,0.600233113550245,1
"292","PmetTSAr1.1-000126",2017.9777031629,641.899841414289,1586.64220517469,962.116843962272,1181.92220507067,4434.56858234098,549.910239882737,1023.42290683667,0.465058284146932,10.5979233300947,0.452748963323207,1
"293","PmetTSAr1.1-000127",378.255607172192,331.569915302793,596.829024399195,384.417812138484,352.089822341683,356.91972683957,355.459431084086,377.382773999351,-0.229984537379316,8.61348901345101,0.59587421710393,1
"294","PmetTSAr1.1-000128",616.862823059844,555.065767955752,1161.69350906666,601.342885135977,597.678845267708,565.643556008405,602.692738521078,636.868814297285,-0.288553093793568,9.38214990773317,0.522793640065798,1
"295","PmetTSAr1.1-000129",307.037625267906,267.284737932495,477.765842380721,299.268167959314,298.529933131278,298.992715331112,300.413927343347,311.145473432408,-0.16045591351643,8.32241614571045,0.709657422432056,1
"296","PmetTSAr1.1-000130",258.659753721814,220.074845990495,433.365394439757,225.29176689072,256.58500289988,244.825729459855,238.474639540673,239.360091279516,-0.215928454651108,8.04783069626572,0.619686177683104,1
"297","PmetTSAr1.1-000131",243.957556699906,196.395530309442,399.178468069878,193.360650323531,240.819243533391,214.34973218991,222.717418827679,221.696811128332,-0.199290217549382,7.9165274343682,0.648899826841644,1
"298","PmetTSAr1.1-000132",2955.68113156932,868.757204961669,2636.45982518031,2141.23819156026,1652.05496474759,1272.55664667165,306.197162605031,722.948998495607,-1.12147490727494,10.6161054454655,0.0487110952640936,1
"299","PmetTSAr1.1-000133",194.770389904901,168.224284141153,282.053963757027,192.036806353084,185.730112074967,180.82048101908,184.3720545926,192.201397798949,-0.171713669908814,7.62629568844232,0.680390776277961,1
"300","PmetTSAr1.1-000134",856.863825209512,717.846189320985,1275.41350618915,723.242437934764,961.237984469539,758.790136108836,765.964365908911,796.574305664247,-0.122446988373463,9.74322302170156,0.782699557526851,1
"301","PmetTSAr1.1-000135",1063.4139570708,1919.03599822207,21.2308851176706,249.915264741039,484.22363467653,517.752703155634,2956.95142629828,1649.4786233491,0.785551356457819,10.113537550731,0.366411853000403,1
"302","PmetTSAr1.1-000136",533.010843103094,485.901937605941,963.33368040602,414.892700338181,540.186618848109,422.281977014072,488.599564608507,490.608928814638,-0.303980920003541,9.08321067259229,0.504324065974578,1
"303","PmetTSAr1.1-000137",647.346277435542,396.182319397326,734.853420075098,500.783697140801,598.880392748295,537.259603077955,365.936306558151,418.144189732854,-0.247221784176225,9.03609399960989,0.582069193755479,1
"304","PmetTSAr1.1-000138",425.419535844916,353.166879102347,668.607384329315,340.889822390177,406.450743205813,375.097895897617,373.542518152322,403.59462883909,-0.198047555293546,8.70872542692152,0.654279826316443,1
"305","PmetTSAr1.1-000139",593.573104230034,275.346414502301,739.250908529315,594.98843407783,433.831461551309,317.001259172443,21.7709472351076,156.988063651395,-1.24493238428145,8.61333083860763,0.0603233575644437,1
"306","PmetTSAr1.1-000140",184.834042682144,199.221579291477,174.480993506023,206.784428183867,248.137760006057,230.09660647503,178.861218093242,252.466018699386,0.249052148502593,7.71028362876459,0.54690602517844,1
"307","PmetTSAr1.1-000141",774.270748973293,214.482243794468,1943.54804229758,887.928627858406,1603.7017812864,580.683658557209,77.3193409986015,238.992106276367,-0.611335953613379,9.62596239966955,0.418441495340486,1
"308","PmetTSAr1.1-000142",861.944400938795,765.859274131563,1573.92258803293,655.832302959587,802.852180210354,669.001854727254,583.49910265259,645.898600143804,-0.514044753055753,9.679292619849,0.266902847720579,1
"309","PmetTSAr1.1-000145",66.3622104108112,53.2487123983491,59.1533124325299,59.5200249113102,58.8758265487593,56.3721136885626,54.8778737331538,52.3104835246625,-0.0992263599229697,5.8492058521035,0.763639113613186,1
"310","PmetTSAr1.1-000146",64.7885807601484,53.9329137308419,60.2881481626504,57.9843659055913,55.05272092871,58.7185958531316,54.8569199822057,54.6033131596721,-0.0861983402637479,5.84766839602639,0.793185309471634,1
"311","PmetTSAr1.1-000148",637.814577837241,649.128577231495,1193.94175773092,614.184171649316,675.051220911563,556.201085611224,600.932623441435,678.592652346718,-0.30182020132329,9.45281834679028,0.502154217874781,1
"312","PmetTSAr1.1-000149",380.953258001899,353.761836782775,622.693822081524,321.111593471695,374.409477056828,348.438466003778,357.470991175106,381.232463263071,-0.199652688772781,8.61676928607959,0.649221056046916,1
"313","PmetTSAr1.1-000150",956.137375742759,863.432333721834,1657.71129277349,794.941827374189,967.500595580477,741.544905742726,915.343656418133,991.09683963691,-0.240781949190477,9.94546252787046,0.596072263052126,1
"314","PmetTSAr1.1-000151",246.924972612585,222.067954219931,507.64984994056,218.037101932669,274.353341400681,241.687662950613,254.294721506512,241.766147069341,-0.239205301729286,8.10797688378883,0.596243952762923,1
"315","PmetTSAr1.1-000152",1749.0668762882,1386.60837000662,11350.2959789104,2175.63165791249,2757.36941529842,2310.83259818928,903.525740883387,2061.62182687674,-1.05245036148251,11.5919363309394,0.10698874771536,1
"316","PmetTSAr1.1-000153",142.256120419923,42.0932558903151,499.753284651805,266.383883733404,278.504141788163,167.53317237634,24.8511486244828,44.611104997223,-0.882722846326167,7.51786293170711,0.228355929872472,1
"317","PmetTSAr1.1-000154",629.047212640691,545.040731040532,601.2737976755,663.960704938134,408.089217042977,591.737568513191,493.754187341747,420.267180135641,-0.349995653274485,9.08800638849455,0.416383132960407,1
"318","PmetTSAr1.1-000155",364.767353023653,322.288575488109,574.747012483934,287.247664707653,368.037634356746,302.61138662105,349.990502086624,346.273887963851,-0.180420151354687,8.50995739927357,0.681320238871327,1
"319","PmetTSAr1.1-000156",210.956294883148,194.194186891857,377.569304375501,206.387274992733,208.413872087259,195.690958351169,224.477533907322,222.630926905558,-0.216535277063885,7.84606662029342,0.617399109535568,1
"320","PmetTSAr1.1-000157",369.533202822803,331.123697042472,608.224666522488,352.645556847749,377.358729963724,313.354317013053,347.4550982219,368.211455459313,-0.240491968734316,8.58323101085483,0.582421767555112,1
"321","PmetTSAr1.1-000158",87.7186128126644,79.0698757289452,131.21538129518,64.497678240192,103.36949386019,76.9250357806313,80.7348024031468,79.0035495223664,-0.0921545288789517,6.45725425910174,0.819996563328594,1
"322","PmetTSAr1.1-000159",89.3372033104891,80.6762614661021,126.865177663052,65.3714152606872,108.357736431112,76.7554105639154,84.3598013171734,81.2680726186722,-0.0464367427583759,6.47857460591518,0.908320532006293,1
"323","PmetTSAr1.1-000160",199.49127885689,160.63857371569,305.50723551285,169.346120699617,192.684523250485,173.272158875226,189.694307333425,184.247260423176,-0.174337669249535,7.62140364728731,0.682278737442041,1
"324","PmetTSAr1.1-000161",211.945433520707,175.661255146509,334.492831453011,189.998086638595,216.132904386787,190.262951416262,196.210923878294,198.683595162125,-0.186798212076853,7.74297970246005,0.662380649162221,1
"325","PmetTSAr1.1-000162",27.2912342272103,19.00889788969,47.6158158429717,27.2711857912142,43.9475093657096,25.6416785935438,12.9075105840484,13.2474601133886,-0.340221858367301,4.76323656407783,0.415336614876941,1
"326","PmetTSAr1.1-000163",195.894411083946,157.574541661483,283.756217352208,159.258429644809,172.367447669651,171.151843666278,182.004280735462,171.254559158121,-0.192852021130155,7.54465148998393,0.64754635131316,1
"327","PmetTSAr1.1-000164",144.594084472337,127.350691495717,210.984876158232,122.296705989921,152.196014207677,109.945411301314,119.457334155292,123.105136822921,-0.261966312748196,7.11677057240001,0.527875748263994,1
"328","PmetTSAr1.1-000165",172.245005476841,153.52882943457,264.558579584336,172.417438711055,171.602826545642,154.585114167031,154.848219506684,159.054440976774,-0.252875041068214,7.4545642789984,0.544297528101893,1
"329","PmetTSAr1.1-000166",460.983565949897,406.594078804825,302.0554435004,444.467374637973,298.821217368996,411.878297055501,515.713718335388,421.342828606386,0.0297790104804358,8.67171773559975,0.945741769094968,1
"330","PmetTSAr1.1-000167",450.372806019713,442.232043862491,869.615163026904,517.861284359571,489.393929896026,414.33786269788,493.314158571836,492.222401520756,-0.271234403189676,9.02575029451626,0.544198296646392,1
"331","PmetTSAr1.1-000168",760.467768894621,681.791753887019,902.619968844575,711.089550286057,760.94366050867,752.768440915424,708.299643299655,647.398846695106,-0.0908677029376402,9.53280201339139,0.832283771369629,1
"332","PmetTSAr1.1-000169",187.891380289146,186.370493394222,376.907316866264,178.586551613339,207.430787784961,167.702797593056,168.23766636254,183.511290416876,-0.355067332244849,7.6943697560822,0.420090819465124,1
"333","PmetTSAr1.1-000170",130.386456769209,134.073713284558,226.588867447389,127.406743715847,137.486160202916,116.984857795021,128.509354564884,129.813786495726,-0.270202834405031,7.14422662718192,0.516040438056017,1
"334","PmetTSAr1.1-000171",365.216961495271,73.0608031566176,780.577843034535,591.122809684124,629.246774530401,416.203740081754,7.31285908089755,81.5511380057104,-0.674165695455233,8.52382979962483,0.438708163792149,1
"335","PmetTSAr1.1-000172",162.353619101246,155.997903808348,207.060235924899,108.661113094314,162.900709943815,134.625880333468,147.619175429579,129.275962260354,-0.142454995488532,7.23949565498626,0.732653086355787,1
"336","PmetTSAr1.1-000173",349.031056517024,245.836513553049,376.43446864538,233.605507025129,304.392028415354,296.052544908038,309.256410243458,287.849192079163,-0.00878359142609411,8.23055627128169,0.983619105609497,1
"337","PmetTSAr1.1-000174",430.27530733839,434.527341900942,774.950949206021,490.643052327175,438.674062003371,437.011099998897,456.226019393645,468.614748241768,-0.242680926829981,8.94080937640673,0.581855379161125,1
"338","PmetTSAr1.1-000175",241.709514341817,216.118377415646,407.878875334135,280.575491096599,225.599642112624,236.740260796401,225.546175205677,273.667616188548,-0.253482391568248,8.04183925554331,0.556177270421179,1
"339","PmetTSAr1.1-000176",257.670615084254,315.62504946731,136.085717970281,172.28505431401,241.146938300824,271.230721528621,335.427645177673,228.320541185026,0.287526691062677,7.93542532727045,0.520993153769476,1
"340","PmetTSAr1.1-000177",257.400850001283,314.316142570367,135.329160816867,174.694450340224,240.455138236244,274.538413254579,334.589495139748,229.735868120217,0.291678552860776,7.93783104734507,0.514558156168013,1
"341","PmetTSAr1.1-000179",408.918904936537,328.267900176415,727.807981583933,293.443254489346,434.341208967316,361.669232907613,295.091674602522,355.218754194259,-0.281871918368725,8.64615831921455,0.5406863933658,1
"342","PmetTSAr1.1-000180",510.350576133549,349.180662643476,785.590034175901,349.839007630401,534.06964985603,426.890128734852,400.887163139633,382.166579040297,-0.1939158474506,8.86856780609131,0.672547365119547,1
"343","PmetTSAr1.1-000181",1383.7599930986,1447.50228859848,1852.90303835421,1203.7183685689,1386.00322412187,1414.73084914897,1701.86365200716,1414.10975402682,0.00705327665141641,10.5271180091965,0.987126678607716,1
"344","PmetTSAr1.1-000182",278.172761390033,266.689780252067,531.103121696384,289.365815060369,312.766450249748,276.856624549696,285.390087913537,295.661796761418,-0.221870436255701,8.30857384646662,0.615139609232166,1
"345","PmetTSAr1.1-000183",45.7701424107086,58.3356005660127,48.7506515730922,59.2287792378118,43.5469935388473,71.1295075428402,65.3757029581672,59.3305051232103,0.174582314145401,5.82025569711872,0.607247612579022,1
"346","PmetTSAr1.1-000184",455.723146831967,400.287527392283,716.790618037347,364.957305772909,429.826303282686,389.48776844901,433.470245863976,402.009462671676,-0.227701948258286,8.81095562719666,0.606696495595838,1
"347","PmetTSAr1.1-000185",446.955781635416,404.600970575389,784.266059157427,386.324147455928,450.76235786867,399.863177538129,424.90016172619,441.978295321472,-0.235541951244599,8.86884085309056,0.598385795106055,1
"348","PmetTSAr1.1-000186",145.718105651382,120.300442982639,237.937224748593,119.913786843116,149.574456068215,134.512796855657,134.963109856909,134.937270001118,-0.171277441544358,7.20243777024097,0.686255129094955,1
"349","PmetTSAr1.1-000187",143.91967176491,123.394222920867,236.376825619678,120.04617124016,150.411898251654,133.014440774667,137.498513721632,135.61662693001,-0.164337984281849,7.20540433107263,0.697541129940794,1
"350","PmetTSAr1.1-000188",616.368253741064,586.539029250419,1136.58526853775,437.371570956376,687.030285187717,619.867083618567,651.431163226429,611.87414062181,-0.111547451617941,9.38463843711612,0.80834967596823,1
"351","PmetTSAr1.1-000189",190.139422647236,174.977053814017,309.762869500802,204.083786484154,203.316397927193,176.070974951037,179.78318313496,197.46641399786,-0.216156341339386,7.6759765545762,0.609155378749524,1
"352","PmetTSAr1.1-000190",1529.02849027837,648.265888594874,1237.77478780682,835.875082940419,1097.66823931073,5011.94454917224,405.329358340636,731.808945109903,0.769556157224886,10.4891169547443,0.24742672340727,1
"353","PmetTSAr1.1-000191",252.724921896457,408.765674338389,80.4787671943772,125.288593363132,139.343097218368,173.781034525373,1146.0235006061,408.067061954294,1.10634299870568,8.41746085484942,0.0984875521666732,1
"354","PmetTSAr1.1-000192",193.601407878695,190.773180229393,327.872956360641,226.139027031806,193.886070731072,188.934220551988,194.262225040118,203.325867509551,-0.265907956912944,7.74754375700033,0.52933379733058,1
"355","PmetTSAr1.1-000193",424.52031890168,102.36246891772,957.517647289153,574.283514380034,613.626657282771,364.043985941635,24.2015823450907,62.8122093837804,-0.951312444866242,8.60898082387743,0.230776156421272,1
"356","PmetTSAr1.1-000194",410.4925345872,99.1794453274279,954.72784278594,565.731482330945,600.118350758596,366.814531147994,19.3822196270207,56.9244493333855,-0.960517718232763,8.58570042086862,0.237785862368597,1
"357","PmetTSAr1.1-000195",415.303345233512,347.931251514576,216.233491410039,626.204674900977,642.318154697998,629.563991840822,202.015112890926,430.485840607721,0.246086873530293,8.77749179269879,0.627182028856098,1
"358","PmetTSAr1.1-000196",275.609993101811,276.238851022944,478.522399534135,264.662886571822,295.544269694669,239.001930352612,275.185611201798,294.246469826227,-0.230238171091651,8.22847277641341,0.597114562212504,1
"359","PmetTSAr1.1-000197",5452.17713107522,735.189205705475,139.632079626907,511.506833301424,1417.49833232514,219.495030430291,59.1524389265724,507.932530501377,-1.63350975904053,10.1425302165382,0.082817419580282,1
"360","PmetTSAr1.1-000198",380.278845294472,374.763842901901,644.539409886343,481.614436448724,409.800511939571,388.356933670905,334.840940151125,418.200802810262,-0.278256788736749,8.74517983142943,0.524166785751519,1
"361","PmetTSAr1.1-000199",328.573871058407,325.114624470144,568.978264189155,407.585081621312,370.404318788205,303.261616618461,345.317815625191,371.381787794141,-0.22961195195871,8.5608350788707,0.597527472238874,1
"362","PmetTSAr1.1-000200",134.837580638227,122.293551212074,225.832310293975,84.5406759527639,152.705761623684,110.708724776535,114.742740191963,116.000195608261,-0.199540147200912,7.05261001966115,0.647939890132847,1
"363","PmetTSAr1.1-000201",644.064135592731,586.033315222055,1066.84015595743,494.561630479699,679.202021299045,556.088002133413,576.521503586863,568.536829866259,-0.229846081212053,9.33657221268124,0.609735506207593,1
"364","PmetTSAr1.1-000202",401.815091084973,441.071876385655,397.665353763051,244.88465765334,452.874168592126,465.564678146062,514.875568297463,351.397371469243,0.26482485109998,8.6753602528073,0.546258038380014,1
"365","PmetTSAr1.1-000203",221.612015660494,216.653839328032,416.295573665862,205.301722936966,258.150655677615,205.303053965066,213.120600893435,241.596307837118,-0.20699254408622,7.95014005715249,0.638025262309374,1
"366","PmetTSAr1.1-000204",782.678427392549,441.577590414019,261.248642038152,387.27731511465,428.624755802099,336.649513442028,303.536036234618,407.699076951144,-0.342990313032202,8.70982012495576,0.464801065742587,1
"367","PmetTSAr1.1-000205",507.87772953965,479.625134077421,992.035567413651,439.198475635593,541.351755798981,458.129439480018,495.053319900531,496.949593484294,-0.280381311704788,9.10675999469992,0.538400182327534,1
"368","PmetTSAr1.1-000206",624.191441147217,583.921215456534,1101.59450019237,454.660973210417,664.965504180576,467.939431180084,508.254182997853,550.165886247479,-0.335125366442134,9.27497657072341,0.465559608189963,1
"369","PmetTSAr1.1-000207",625.315462326262,442.945993079005,2615.60721863935,2017.08810401172,959.344636924372,1353.15689548112,496.813434980174,621.668203013333,-0.732580969310001,10.1567624117133,0.214140131472261,1
"370","PmetTSAr1.1-000208",112.357157057329,98.8819664872137,176.135962279116,116.02168557,122.157327193004,100.531211773585,81.405322433487,109.008480548417,-0.285152578257645,6.84061817034667,0.487188563829256,1
"371","PmetTSAr1.1-000209",1315.82415303713,160.251851223412,993.926960297185,277.318834929298,1244.43908459091,205.727117006855,12.4674818141376,137.060260403905,-0.780236891548577,9.08583163966933,0.388627455453564,1
"372","PmetTSAr1.1-000210",445.876721303533,373.871406381258,710.076173300801,387.197884476423,400.91634268917,377.924982842881,390.766501431686,419.559516668045,-0.270561894981433,8.7758528532247,0.539726702245749,1
"373","PmetTSAr1.1-000211",940.850687707748,853.139565850422,788.237984212848,737.089845865642,768.844745456772,686.671148135154,749.850931429798,553.902349356383,-0.26659644693863,9.56962768827587,0.537143191542719,1
"374","PmetTSAr1.1-000212",193.871172961665,174.858062277931,363.005579172288,197.994104220097,201.495871441456,182.007857536091,201.97320538903,217.252684551832,-0.211824737839798,7.75894626298894,0.626571190584045,1
"375","PmetTSAr1.1-000213",2.427885746737,2.73680532997102,2.45881074859437,3.44199432316295,2.14822125317056,3.59040042048518,3.54118391023405,2.77404079297453,0.121300541661945,1.56530051132088,0.671548318124682,1
"376","PmetTSAr1.1-000214",130.521339310694,98.1680172706995,223.562638833734,81.8665111324604,136.794360138336,109.379993912261,111.159648779832,107.225168610077,-0.201133255059643,6.96439469563016,0.647197091022714,1
"377","PmetTSAr1.1-000215",269.09067026335,262.019362460703,553.799836298793,289.312861301551,327.803999021942,287.93880537513,305.023752551936,319.722354659666,-0.147664724073533,8.35266303103125,0.740754161993143,1
"378","PmetTSAr1.1-000216",2035.8721203333,1312.5658866773,1440.67395938795,908.024579329796,1674.15615628445,1132.84200983671,1303.23949396992,1098.60507363402,-0.12926686789096,10.4128846255098,0.777535275813852,1
"379","PmetTSAr1.1-000217",1183.77414492293,947.797332806593,1245.76592273975,643.20283148152,1246.33243213607,940.40220147259,1071.38623972886,989.39844731468,0.0792437279661579,10.0134077918253,0.859289606357975,1
"380","PmetTSAr1.1-000218",37.0477380613201,43.5509022073649,42.5090550574296,56.3957531410546,38.4859299084963,40.7100520118004,38.9111155106783,39.2045561047931,-0.190763264385631,5.39799445762676,0.529904067679926,1
"381","PmetTSAr1.1-000219",546.67894064028,535.818886993891,519.991188505621,311.632870643292,510.439216071154,458.04462687166,509.343778047156,428.985594056418,-0.00549943639674882,8.89988128117256,0.989996634967702,1
"382","PmetTSAr1.1-000220",230.109615774073,241.701557674071,200.203936722088,191.480791885496,240.673601414532,198.857295729864,242.895880990729,258.976522601265,0.124622926615785,7.81810341748703,0.763497871293683,1
"383","PmetTSAr1.1-000221",508.956789871533,474.270514953564,672.011891519676,576.004511541616,481.055918591347,384.681720642062,387.770115046103,467.595712848431,-0.374511459086376,8.94865031813329,0.385038699292218,1
"384","PmetTSAr1.1-000222",98.194490201363,128.748842044723,72.156638506827,80.0131295738342,85.2006395325273,81.5897292403167,86.6228064195715,87.2973653625862,-0.154151741918729,6.49250661380487,0.696719851989769,1
"385","PmetTSAr1.1-000223",1373.01435062693,919.864069710476,2132.73461547308,909.666145853151,1792.67243050598,1170.66843316434,744.863938704143,802.631904946865,-0.242163970707741,10.2653861654151,0.623713598543874,1
"386","PmetTSAr1.1-000224",40.5546841399402,45.1870358285432,23.1695628232931,30.6337494761503,36.0828349473225,34.0946685598829,41.9284556472091,38.6950384081243,0.111695956261006,5.18426684475646,0.72482366964117,1
"387","PmetTSAr1.1-000225",22.3455410394127,23.917298753225,14.8474341357429,16.6804340276359,19.4432228676793,19.6199834001316,21.8547622389001,21.1449844117548,0.0769970505797269,4.32524519362608,0.794891041170053,1
"388","PmetTSAr1.1-000226",19.8277335983521,23.5603241449679,12.1521992767068,16.3097577159106,17.549875322512,17.3865847133731,21.7290397332113,20.4656274828631,0.101801731246006,4.22419859458175,0.738859246375368,1
"389","PmetTSAr1.1-000227",109.794388769106,106.408181144634,153.108253922088,91.5040952373167,126.235306521057,104.969738277649,104.454448476431,104.564353971917,-0.0658641523025957,6.81613398949368,0.869549439151792,1
"390","PmetTSAr1.1-000228",111.63778350274,110.662128559698,153.155538744176,94.284167575256,129.657896314244,104.998009147102,106.088841050385,105.724922058774,-0.0732268258431328,6.8402141971097,0.854894490587165,1
"391","PmetTSAr1.1-000229",4242.68538157574,650.556475664524,261.768775081124,453.787236189922,918.856127881564,418.352326160155,165.346048731698,348.991315679418,-1.5989630685972,9.86504637977982,0.0370533463789105,1
"392","PmetTSAr1.1-000230",201.2447518962,221.562240191567,193.678631273895,161.456010635751,202.551776803184,200.723173113738,247.652382455954,203.325867509551,0.135027517555597,7.67304657961437,0.7433474006648,1
"393","PmetTSAr1.1-000231",177.055816123154,209.990313307233,140.530491246586,110.620402170576,175.57157428455,156.9315963316,220.140107461059,175.132554960545,0.189516913281,7.41626022464661,0.654781831162443,1
"394","PmetTSAr1.1-000232",348.266722115274,323.448742964944,474.172195902006,325.109602262445,383.002362069511,441.845418675298,362.81419766688,315.391454237982,0.031125286393315,8.53843480751924,0.942214369540802,1
"395","PmetTSAr1.1-000233",21.5812066376622,10.9472213198841,40.9013711064256,28.9392291939778,31.4586976735486,21.5706733923637,8.98915915674799,8.77502699818473,-0.53247138409818,4.4386356574263,0.24315077114816,1
"396","PmetTSAr1.1-000234",23.1098754411633,10.9174734358626,41.0432255726906,29.4952436615656,29.7838133066698,22.1643616508691,9.91112419846573,8.32212237892358,-0.575536361824978,4.45176813578387,0.199676049240288,1
"397","PmetTSAr1.1-000235",19.8277335983521,9.90604537913423,37.4022942718874,31.0573795466934,29.164834301519,21.2031520894794,9.40823417571059,7.78429814355097,-0.539930798996609,4.37587946002539,0.238767533903334,1
"398","PmetTSAr1.1-000236",230.064654926911,139.458080292436,337.235351134135,253.807366014154,251.742402447818,220.032176949891,155.560647038921,184.785084658548,-0.242170778201348,7.79204160479338,0.586573468503372,1
"399","PmetTSAr1.1-000237",122.563269363057,81.1522276104449,170.27264434016,153.989530642429,129.038917309093,114.751459108263,73.2752670656124,101.478941253201,-0.335111749860822,6.88711096623667,0.431642804619498,1
"400","PmetTSAr1.1-000238",108.445563354252,59.3767765067625,137.362408166666,123.143966131007,87.7129660828454,58.690324983679,10.1835229607914,34.8736556831084,-1.16189586745413,6.27630351028418,0.0329725823609813,1
"401","PmetTSAr1.1-000239",864.911816851474,777.728679856112,1319.4829603755,1179.28020887445,956.868720903768,954.989970110152,1039.78798329908,776.023758565272,-0.151840116333838,9.94206370599148,0.731245203661125,1
"402","PmetTSAr1.1-000240",165.321035013925,145.020934604442,192.354656255421,320.47614836588,130.022001611391,145.453623333829,79.2889935877258,86.9576868981403,-0.898147321147901,7.3053185625083,0.0465488809411269,1
"403","PmetTSAr1.1-000241",737.357893453458,442.321287514555,1267.94250429919,544.49702504497,1064.17055197315,665.524537784579,372.327200597331,408.803031960593,-0.252999325902942,9.42606792901048,0.62209311920562,1
"404","PmetTSAr1.1-000242",107.321542175208,103.254905438363,59.5315910092367,87.2942714112943,82.724723511924,69.4897971145872,104.915430997289,82.0606557023792,-0.075467223684822,6.44524640975427,0.850845545583005,1
"405","PmetTSAr1.1-000243",213.204337241238,198.418386422899,369.341745332127,187.297444938883,226.145800058345,190.743556196957,205.744880559693,208.449351014943,-0.220339522569737,7.81357766828128,0.610916818451383,1
"406","PmetTSAr1.1-000244",180.427879660288,178.219573172352,330.426336753412,171.331886655288,199.638934426003,170.812593232846,191.957312435824,200.94811825843,-0.172587170617021,7.66549206245597,0.68893710575616,1
"407","PmetTSAr1.1-000245",370.477380613201,470.671020986972,396.341378744577,393.234612981663,334.030199603165,344.452273410956,412.851754931015,335.460790178991,-0.192732165349611,8.57838143749379,0.648004589694098,1
"408","PmetTSAr1.1-000246",179.21393678692,153.439585782506,302.0554435004,246.155547864969,260.3352874605,256.275431588174,180.558471920041,142.098824293185,-0.0697857003776293,7.74867127009072,0.875603697538362,1
"409","PmetTSAr1.1-000247",181.417018297848,154.15353499902,306.121938199999,245.12294956802,257.458855613035,262.410210259397,183.680580811312,142.013904677074,-0.0687133412014798,7.75890340813074,0.877598126048914,1
"410","PmetTSAr1.1-000248",208.933056760867,193.063767299042,156.039912891566,145.516929231566,178.193132424012,180.961835366344,184.351100841652,215.667518384418,0.109788742784089,7.51493073101761,0.789767693112772,1
"411","PmetTSAr1.1-000249",162.218736559761,143.771523475543,118.448479331325,106.49000898278,129.621485784529,127.784329925929,132.574382248822,155.459510561389,0.0389410258465739,7.07259973178381,0.923494788208938,1
"412","PmetTSAr1.1-000250",266.977510446746,251.399367865055,452.279323275099,202.17745116671,284.475468661383,220.484510861133,234.430565607684,247.710520197144,-0.248676775944026,8.07702822726568,0.572882654312507,1
"413","PmetTSAr1.1-000252",1067.82012009266,656.178825744573,511.196211597187,763.037187686409,685.428221880268,537.20306133905,567.762835690544,976.971876823703,-0.115599387893525,9.49337089974039,0.801658354008875,1
"414","PmetTSAr1.1-000253",261.222522010036,123.929684833253,202.284468893975,178.427690336886,208.523103676403,128.236663837171,59.40388393795,152.628856691007,-0.480860572920927,7.36084133923977,0.310684867002298,1
"415","PmetTSAr1.1-000254",329.518048848805,527.132504859635,31.2079825783131,93.1986155194892,168.580752579317,146.075582461787,1377.66721733768,460.915369714329,1.13408624686161,8.61429314219411,0.150087185013907,1
"416","PmetTSAr1.1-000255",330.821913416497,527.905949844192,30.782419179518,95.5815346662943,170.838205421632,145.594977681092,1374.98513721632,463.094973194523,1.12901870476226,8.6167337138633,0.151468500183933,1
"417","PmetTSAr1.1-000256",525.322538238427,197.972168162577,546.517973697187,376.97780902457,362.794518077822,202.108445716918,1.84393008343548,160.328235218446,-1.17949864111861,8.21315364170747,0.153366257661925,1
"418","PmetTSAr1.1-000257",417.191700814307,389.637784912613,857.368394106021,310.653226105161,458.408569108769,356.693559883949,366.564919086595,372.315903571367,-0.345737007417769,8.78511877885357,0.459548649655032,1
"419","PmetTSAr1.1-000258",538.451105609672,539.210145772333,688.987142649395,598.536335918629,552.893893718559,566.915745133774,607.281609978718,544.306432735788,-0.0583642138966864,9.1789951776434,0.891136590080781,1
"420","PmetTSAr1.1-000259",263.650407756773,253.481719746555,487.55380055301,228.018885469841,288.808321697439,237.390490793811,266.741249569701,265.23226765481,-0.220199025331954,8.16193343870322,0.618745799020381,1
"421","PmetTSAr1.1-000260",46.1298291880029,57.5621555814556,59.0587427883532,55.3631548441057,46.6418885646015,42.547658526222,51.5252735814529,56.3017054819014,-0.146760196442579,5.69912504023082,0.646827743783559,1
"422","PmetTSAr1.1-000261",227.322043250042,178.546799896587,470.34212531285,261.776906716247,312.875681838892,294.186667524164,191.244884903587,170.518589151822,-0.232147646321409,8.04110300044595,0.619679079344196,1
"423","PmetTSAr1.1-000262",12.9487239825973,15.9746137195047,15.3675671787148,14.165130483786,12.1247063950135,11.2518060421504,13.9551981314549,16.1347270611784,-0.128545163686746,3.81269504154464,0.657008406565787,1
"424","PmetTSAr1.1-000263",704.491514178185,466.982283368315,519.612909928914,378.75175994497,542.880998047001,441.025563461172,498.217336293699,455.452207744491,-0.0952430821357612,8.96860973804724,0.828354442428762,1
"425","PmetTSAr1.1-000264",303.980287660904,215.731654923368,443.578916010842,272.102889685736,338.763568466083,338.430578217544,244.802672327009,254.362556792542,-0.0706082272582602,8.23611005678647,0.872920132294945,1
"426","PmetTSAr1.1-000265",1409.34271513366,1551.61988267346,1100.31780999598,778.737977175914,1226.70715661982,1084.92288611448,1453.26835075854,1343.99445765746,0.0780031193039623,10.2803942596218,0.862025414889031,1
"427","PmetTSAr1.1-000266",135.91664097011,125.74430575856,206.823811814457,134.264255482764,126.781464466778,127.303725145234,128.78175332721,137.315019252239,-0.212451545849516,7.13360573038392,0.60328908689658,1
"428","PmetTSAr1.1-000267",499.694855356203,302.26824954169,872.357682708029,373.271045907318,717.687951207541,442.83489910614,259.847465507766,293.850178284373,-0.256365021248609,8.87732979299103,0.613636898089645,1
"429","PmetTSAr1.1-000268",218.419795512006,55.836778308213,587.986762668672,344.358293592749,846.107889511483,397.912487545897,1.88583758533175,48.8570858027963,0.10172838971108,8.28864785897558,0.918660243443355,1
"430","PmetTSAr1.1-000269",615.963606116608,237.536853911071,192.449225899598,1082.9573215847,620.581068458289,721.529130170258,184.288239588808,527.265896436087,-0.0519505342233678,9.03035776957294,0.930372538570512,1
"431","PmetTSAr1.1-000270",644.738548300158,361.942504888667,658.441147580319,830.500276420403,738.696826852955,623.740192733579,224.142273892152,422.163718228797,-0.313127974022656,9.13723856552557,0.527271710385507,1
"432","PmetTSAr1.1-000271",142.391002961409,125.893045178667,238.741066724095,135.799914488483,153.142687980261,125.042055589023,137.896634989647,151.864580146004,-0.178584027150796,7.2422006055857,0.672181210728397,1
"433","PmetTSAr1.1-000272",82.2333894589253,43.8483810475791,7208.57112736945,153.857146245384,694.385212190098,182.431920577881,33.7774465283864,35.1284145314428,-2.98518941148036,10.041997583716,0.0197554401084623,1
"434","PmetTSAr1.1-000273",161.769128088143,153.142106942291,320.354669648593,148.058709654825,191.847081067046,160.88951805497,181.920465731669,177.283851902035,-0.137761106569628,7.54657456188117,0.753092103884514,1
"435","PmetTSAr1.1-000274",720.227810684814,623.337161784921,871.648410376704,744.662233376601,576.997664389727,638.271419632235,770.762774876032,700.700059074403,-0.139669251367263,9.46328940461163,0.746340261352468,1
"436","PmetTSAr1.1-000275",176.606207651536,66.21878983169,785.637318997989,232.970061919314,632.523722204729,339.67449647346,62.4002703235326,65.9825417186084,-0.196791206332648,8.20592321465438,0.795280210324041,1
"437","PmetTSAr1.1-000276",189.644853328456,61.9053466485835,914.914022587547,263.286088842557,721.693109476164,381.995988044061,54.102584948073,61.2270432163664,-0.230038585749844,8.3712063332986,0.774390265220916,1
"438","PmetTSAr1.1-000277",259.738814053697,236.138703362064,411.850800389557,171.570178569969,308.579239332551,241.348412517181,240.695737141175,218.271719945169,-0.0972625400023946,8.02830980134882,0.826934982040831,1
"439","PmetTSAr1.1-000278",177.010855275992,66.9922348162471,786.724869906021,228.521946178611,618.21438402683,335.60349127228,62.4421778254289,65.4730240219396,-0.219213258323033,8.1930197559281,0.771889702376674,1
"440","PmetTSAr1.1-000279",302.676423093212,355.249230983847,194.766182181927,185.814739691982,191.446565240183,143.64428768886,165.136511222216,157.865566351214,-0.658158081024718,7.72879948770203,0.130049999512538,1
"441","PmetTSAr1.1-000280",1058.78298981314,498.723275619175,77.7835323353411,271.096768268196,413.732849148764,158.910557193285,82.3482412261529,478.154051784956,-0.750516226201189,8.56978827250183,0.27590432512335,1
"442","PmetTSAr1.1-000281",793.154304781247,375.834766726672,52.5334373401604,201.356667905033,304.501260004498,121.282029951822,56.6379888127967,337.866845968816,-0.794623879642698,8.13152883257653,0.252646723080837,1
"443","PmetTSAr1.1-000282",99.7681198520258,98.0192778505924,116.935365024498,73.5792478774604,106.901315242521,90.9191161596877,101.143755826626,85.4857468855416,-0.0142748427106425,6.59470140571623,0.971110418893221,1
"444","PmetTSAr1.1-000283",97.3402341052888,94.0925571597644,104.594026459437,54.8336172559268,107.19259948024,80.2609983760427,98.901704475176,75.889830264946,0.0462122858944482,6.4788680688793,0.909309179276362,1
"445","PmetTSAr1.1-000284",80.8845640440714,45.3060273646289,187.20061064779,189.521502809234,120.045516469548,140.308325093448,28.8742688065238,50.5554781250256,-0.565772176715336,6.71951785174106,0.317586940027782,1
"446","PmetTSAr1.1-000285",389.675662351288,407.486515325467,416.201004021685,287.035849672381,370.331497728776,321.665952632129,392.778061522706,326.544230487287,-0.0882794796925751,8.50788358067554,0.835361221173238,1
"447","PmetTSAr1.1-000286",246.835050918261,165.636218231289,386.458850928111,296.143896189059,302.170986102754,260.827041570049,141.89880142074,186.568396596889,-0.296782273833507,7.95631945864635,0.519358504246404,1
"448","PmetTSAr1.1-000287",288.558717084408,197.61519355432,426.178101482328,328.498642826791,349.504674731936,311.516710498631,177.855438047732,223.53673614408,-0.223984117391002,8.16971105873953,0.621766998361212,1
"449","PmetTSAr1.1-000288",6.78908792143123,6.96100486101324,1143.39428291847,104.160043594793,19.5888649865383,115.005896933336,44.1914607496072,18.9653809315605,-2.67299459545387,7.51070390304155,0.0187991191537602,1
"450","PmetTSAr1.1-000289",65.3730717732517,74.2507185174746,66.5770295004014,64.2064325666936,74.2774806181008,77.575265778042,81.1957849240057,69.2094871308441,0.160638672265865,6.16284471226349,0.664201129751244,1
"451","PmetTSAr1.1-000290",53.3235647338903,56.6102232927701,48.5615122847388,48.4262124389619,53.9968155669821,59.9907849785004,64.2022929050719,55.1128308563409,0.173163898055281,5.78379670727273,0.590305780976676,1
"452","PmetTSAr1.1-000291",64.3389722885304,69.6695443781752,67.6645804084335,64.974262069553,68.9251327500317,78.282037514358,79.5194848481553,69.4359394404747,0.151482105730684,6.13782188347689,0.681485207231187,1
"453","PmetTSAr1.1-000292",53.0537996509195,52.9512335581349,46.4336952907629,47.3141835037861,53.4506576212607,59.397096719995,61.4154440289705,53.187986224481,0.187389651035398,5.74052598283578,0.556179532286752,1
"454","PmetTSAr1.1-000293",412.695616098128,175.185289002167,238.220933681124,218.275393847349,322.633703802446,253.8724076847,153.423364442212,177.000786514997,-0.20356838261096,7.93049910251407,0.661219083365541,1
"455","PmetTSAr1.1-000294",644.199018134216,522.6405743724,566.23574450803,737.963582886137,647.488449917493,661.990679102999,580.397947512267,602.75943515918,0.0125471615254452,9.27733727409118,0.976694030949663,1
"456","PmetTSAr1.1-000295",1278.55161074,722.873581720606,2037.03013556626,746.118461744093,1812.73463237881,998.696734283932,756.178964216134,787.714359049951,-0.135602031894463,10.1580113131108,0.789907785356586,1
"457","PmetTSAr1.1-000296",180.697644743259,195.741076860971,42.6509095236946,88.6445922611505,146.406739983031,139.771178573848,352.567813453244,218.781237641838,0.756091954284343,7.41564601363525,0.152715088709215,1
"458","PmetTSAr1.1-000297",530.89768328649,696.635948013709,143.320295749799,297.176494486008,476.86870767415,409.842794454911,1048.73523495393,720.514636167078,0.671076318004659,9.07836354427124,0.214423191117569,1
"459","PmetTSAr1.1-000298",235.459956586327,202.850821142091,435.02036321285,145.781698025656,258.623992563907,189.697534027209,197.991992708885,212.751944897924,-0.246399291786275,7.87538835013663,0.592561921508919,1
"460","PmetTSAr1.1-000299",120.13538361632,115.451537887147,59.9098695859435,81.1516353884189,82.9795972199273,97.1104365698157,123.920483107244,95.2798092770639,0.0842454620542517,6.60079321530446,0.838591976430504,1
"461","PmetTSAr1.1-000300",692.981537304765,379.999470489671,1130.53281131044,577.248924873836,931.199297454866,647.063660032006,304.709446287714,310.239664193886,-0.342432845249985,9.2802721895025,0.511428094064781,1
"462","PmetTSAr1.1-000301",321.919665678461,321.247399547359,294.631726432529,170.060996443659,342.149747729555,238.54959644137,230.281722919954,206.552812921787,-0.122689307422401,8.05379762568005,0.780647504832202,1
"463","PmetTSAr1.1-000302",197.2432364988,194.104943239792,188.761009776706,119.093003581438,207.867714141538,176.919101034616,166.393736279104,146.090046250424,-0.00396017953457014,7.44803008856232,0.992550484814238,1
"464","PmetTSAr1.1-000303",2215.17597881454,376.132245566886,204.081292133333,144.66966909048,859.761838154516,126.088077758771,72.8352382957016,332.941508234351,-1.07907800551117,9.08074801596067,0.19226576172126,1
"465","PmetTSAr1.1-000304",504.910313626972,469.778584466329,433.885527482729,373.615245339634,459.318832351638,403.821099261498,510.517188100252,417.125154339517,0.00695260199752695,8.80310338808432,0.987068455870618,1
"466","PmetTSAr1.1-000305",667.57865865835,748.129535254795,369.483599798392,412.324443035513,551.109777762536,485.693537196341,755.152230419675,601.174268991766,0.12302633866391,9.16464901661205,0.787034869128053,1
"467","PmetTSAr1.1-000306",294.808274839898,259.907262695182,398.090917161846,206.334321233915,337.343557807208,245.447688587814,253.163218955313,221.328826125182,-0.132657767403099,8.1142788606917,0.761011962349449,1
"468","PmetTSAr1.1-000307",1050.51019393537,1090.46818457334,499.138581964657,558.31795609644,805.692201528105,777.420639078125,1203.52059320777,927.293901398496,0.215582784202578,9.75507603297097,0.644550040400034,1
"469","PmetTSAr1.1-000308",807.856501803155,974.272949585661,510.581508910038,504.702275293325,507.489963164259,367.549573753762,422.951462888014,410.444811205415,-0.711423270566734,9.13772184783224,0.115439197062531,1
"470","PmetTSAr1.1-000309",350.739568709172,296.19968120132,539.188826273492,307.714292490768,408.089217042977,363.959173333277,289.203670586097,254.815461411803,-0.182770601864221,8.45651138686819,0.680306939237675,1
"471","PmetTSAr1.1-000310",757.635235523428,755.150035883851,303.048424764256,508.09131585767,542.298429571565,645.254324387037,995.51270754568,717.174464600027,0.319608247777368,9.35114504157032,0.499196786284781,1
"472","PmetTSAr1.1-000311",70.9482168213144,10.1142805672842,1514.10728809116,677.940497266057,282.582121116216,385.558117595093,1.88583758533175,29.0142021714173,-1.70121161487919,8.5373585453122,0.146733590319912,1
"473","PmetTSAr1.1-000312",889.280596013168,462.579596533145,1049.67576553935,862.431392987592,1205.51622832583,727.890075797102,569.962979540098,426.77768403752,-0.155655661051865,9.59677065486795,0.749578632184902,1
"474","PmetTSAr1.1-000313",673.513490483707,731.827694811054,681.6579952257,754.405724999093,649.308976403231,864.777625686781,932.420963440859,815.766138905438,0.199274289338259,9.57559124199723,0.643557652747134,1
"475","PmetTSAr1.1-000314",255.692337809135,262.197849764832,311.181414163453,190.87182365909,268.855351413753,224.244536498334,243.713077277706,242.162438611195,-0.0591112384422008,7.96532427764789,0.888304754243064,1
"476","PmetTSAr1.1-000315",255.872181197782,258.033146001833,318.463276765059,191.13659245318,271.222035845212,219.014425649596,234.975363132335,246.465032494176,-0.0749365462817275,7.96262024614232,0.859029514593295,1
"477","PmetTSAr1.1-000316",233.841366088502,303.160686062333,107.903964005622,174.323774028499,148.409319117342,196.171563131863,401.955804437987,255.721270650325,0.290914196890464,7.83139085532193,0.548365385738236,1
"478","PmetTSAr1.1-000317",248.768367346219,308.991271330532,106.863697919678,173.608898284458,160.570436042071,196.510813565295,406.18846212951,256.825225659774,0.283283443729309,7.86026294341863,0.559040111410834,1
"479","PmetTSAr1.1-000318",537.372045277789,529.899058073627,511.196211597187,311.103333055113,543.281513873863,450.835555161237,475.105348997911,429.042207133826,0.00663724918748458,8.88732847207779,0.987961059609955,1
"480","PmetTSAr1.1-000319",305.8686432417,180.658899662109,479.184387043372,270.831999474107,431.646829768424,342.756021243798,130.541868406853,271.346480014835,-0.0720591848253524,8.23672391837489,0.884101415607211,1
"481","PmetTSAr1.1-000320",61.4614780701754,26.8325913873245,24.9663860626505,125.685746554266,68.5610274528842,103.103860893775,14.7095331655876,33.8546202897708,-0.118080831293123,5.84456969712725,0.83906263206354,1
"482","PmetTSAr1.1-000321",94.9123483585518,61.4591283882622,63.9290794634536,49.4852876153197,71.6923330083531,51.3116280565402,39.8749880542923,54.4051673887453,-0.312191420823198,5.92911860068763,0.399821324866351,1
"483","PmetTSAr1.1-000322",85.5604921488982,69.372065537961,55.4650963096383,66.9600280252239,77.663659881573,66.3234597358916,52.9710823968739,63.2651140030415,-0.0921048751455271,6.07157359389212,0.808517506172384,1
"484","PmetTSAr1.1-000323",81.424094210013,67.4384530765684,56.4107927514054,57.4018745585945,72.2020804243597,61.9980167096378,53.5577874234216,57.8019520332039,-0.0972427568532422,5.99063805710258,0.784063121598986,1
"485","PmetTSAr1.1-000324",63.2599119566473,28.7067080806743,24.2098289092369,135.190946262077,75.3697965095434,107.768554353461,16.3229719885937,38.2138272501593,-0.0811999581478857,5.93540792063999,0.890069600773992,1
"486","PmetTSAr1.1-000325",128.003531869634,102.630199873913,321.536790200802,159.576152197716,177.137227062284,146.301749417408,114.030312659726,113.509220202325,-0.369303751549201,7.30272401882115,0.42911177110765,1
"487","PmetTSAr1.1-000326",122.788073598865,99.1496974434065,298.319942555421,154.174868798291,167.269973509586,145.397081594923,110.363406243803,109.263239396752,-0.341385493216866,7.23731156907465,0.459292572833228,1
"488","PmetTSAr1.1-000327",154.44051000077,96.2046569252855,1657.09659008634,416.16359054981,330.170683453401,333.652801280048,53.4111111667847,187.530818912819,-1.36092269804323,8.65676947033551,0.0750591436083108,1
"489","PmetTSAr1.1-000328",499.245246884585,544.088798751847,537.628427144576,432.844024577446,530.792702181702,530.191885714796,595.317018187336,524.406936027001,0.114880800121385,9.0344591576871,0.78735471859515,1
"490","PmetTSAr1.1-000329",87.3589260353701,80.1407995537165,213.774680661445,104.398335509473,106.937725772236,94.5095165801728,76.1249771945581,74.2763575588282,-0.464920020549889,6.71058630672761,0.293076586950146,1
"491","PmetTSAr1.1-000331",332.440503914321,246.996681029884,876.944310450599,280.946167408324,537.12813435207,352.84872163839,136.597502430863,270.553896931128,-0.421536598459565,8.5673460893734,0.43993137158781,1
"492","PmetTSAr1.1-000332",338.869905058458,181.253857342537,483.345451387147,245.970209709106,406.013816849236,289.408890586667,156.524519582535,203.354174048255,-0.243607618097959,8.1705925493404,0.614901781237744,1
"493","PmetTSAr1.1-000333",438.098494744542,365.601494623302,294.064308567469,393.287566740481,344.115916334152,367.09723984252,356.507118631492,424.088562860657,0.000727075419202983,8.54272369291182,0.998691590631754,1
"494","PmetTSAr1.1-000334",3206.87738466228,596.831797121832,542.68790310803,476.45144496398,1492.54043406725,346.31815079483,373.249165639049,551.552906643966,-0.803304983695135,9.88925554029024,0.233413600336908,1
"495","PmetTSAr1.1-000335",376.097486508425,361.972252772688,414.498750426504,236.729778795384,357.660633388041,295.798107082964,276.715235021011,329.289964741558,-0.141524373870545,8.37133111777043,0.742826045382605,1
"496","PmetTSAr1.1-000336",243.328104839641,192.498557502635,391.09276349277,237.735900212924,254.109086879277,273.859912387716,222.885048835264,227.527958101319,-0.121867662337346,7.99679405414599,0.778851225497833,1
"497","PmetTSAr1.1-000337",548.882022151208,555.244255259881,606.664267393572,460.61827107743,556.316483511746,543.253027401915,621.593021876291,576.830645706479,0.0817562047190815,9.12602252415817,0.847850921019249,1
"498","PmetTSAr1.1-000338",363.95805777474,233.788620524372,192.260086611244,1081.81881577012,583.733612386956,800.1786889875,201.952251638082,462.217470494705,0.129773172198878,8.93681989271177,0.827563965716141,1
"499","PmetTSAr1.1-000339",839.014368886279,1017.88334756107,584.298546545781,428.766585148468,659.685977371936,605.618565414437,681.269304576567,651.786360194199,-0.14342752240255,9.41700787783031,0.752292574456842,1
"500","PmetTSAr1.1-000340",613.76052460568,682.089232727233,511.479920529717,293.549162006982,534.470165682893,375.013083289259,442.228913760294,402.886965371495,-0.259844173895812,8.91285380604355,0.5671936794646,1
"501","PmetTSAr1.1-000341",363.643331844608,354.535281767332,642.789871469074,363.977661234778,547.213851083057,666.768456040496,253.100357702468,266.364529202962,0.00709841574380704,8.75605423189069,0.988407803144579,1
"502","PmetTSAr1.1-000342",360.136385765988,325.203868122208,386.506135750199,336.944767358244,374.11819281911,345.724462536325,332.116952527868,328.299235886924,-0.029511102384858,8.44579835366963,0.943765796258037,1
"503","PmetTSAr1.1-000343",366.296021827154,341.059490305627,509.068394603211,425.986512810529,335.741494499758,428.558110032558,423.119092895599,388.195871784211,-0.0598779818100311,8.65217476568226,0.888825842459812,1
"504","PmetTSAr1.1-000344",228.53598612341,309.348245938789,150.74401281767,112.182538055703,175.462342695406,164.677814561623,651.996914502029,372.966953961555,0.769503008756973,8.08120126032548,0.151049644394487,1
"505","PmetTSAr1.1-000345",19.3331642795724,13.9220097220265,50.5001899903613,44.1634348541216,16.967306847076,34.2077520376934,16.2601107357493,22.3338590373153,-0.510668972839823,4.76890682684566,0.218519076764535,1
"506","PmetTSAr1.1-000346",259.379127276402,93.1703727551003,118.87404273012,188.568335150512,128.966096249663,74.6916370938728,22.0223922464852,79.1167756771817,-1.1147304039279,6.91453529121093,0.0356277600115407,1
"507","PmetTSAr1.1-000348",27.1563516857249,20.7342751629326,33.8559326152609,26.87403260008,32.0776766786994,24.058509904196,15.7991282148904,17.2103755319236,-0.285360804795082,4.63051657050522,0.37860471818392,1
"508","PmetTSAr1.1-000349",436.884551871174,168.759746053539,407.595166401605,426.198327845801,435.834040685621,328.705399125836,23.4053398090618,140.541964664475,-0.632584728256443,8.20959638394205,0.33366723908013,1
"509","PmetTSAr1.1-000350",52.3793869434926,58.7520709423126,88.2334780168671,133.152226547588,56.836836884733,54.1387150018041,56.8684800732262,27.2308902330765,-0.769518954899181,6.04460369988953,0.0756186250427868,1
"510","PmetTSAr1.1-000351",326.056063617346,135.442115949544,145.164403811244,374.356597963085,247.737244179195,268.177467627735,63.8251253880055,158.969521360663,-0.409344123961918,7.74833346543413,0.440830605452583,1
"511","PmetTSAr1.1-000352",257.850458472901,118.009855912989,118.921327552208,301.38631831203,205.391798120934,221.134740858544,63.4898653728354,143.683990460599,-0.329360142898996,7.48212264796758,0.516181682711544,1
"512","PmetTSAr1.1-000353",317.64838519809,333.830754488421,334.587401097187,314.174651066551,326.165525184778,320.959180895813,337.020130249731,314.740403847794,-0.00150177950194288,8.3440832477009,0.997178200942372,1
"513","PmetTSAr1.1-000354",539.215440011422,432.415242135421,328.77136798032,298.420907818228,485.643645335406,373.034122427574,413.836581225577,394.310084144236,0.0600997693294976,8.67335798855988,0.890822864752439,1
"514","PmetTSAr1.1-000355",364.137901163388,89.8981055127436,200.582215298794,1066.48870259234,375.137687651124,471.869082034001,37.2976766876723,151.071997062297,-0.733227628702041,8.42888797674791,0.321822108197906,1
"515","PmetTSAr1.1-000356",527.39073720787,348.496461310983,990.002320063852,618.817625545881,870.175249652936,780.643518195726,450.778044147131,407.67077041244,0.0141980617143916,9.28608621054157,0.976865027694912,1
"516","PmetTSAr1.1-000357",394.846159774894,114.083135222161,71.4946509975901,79.4571151062463,262.155813946238,122.723844293907,65.5433329657522,149.996348591551,-0.136220536149868,7.29990172184141,0.817248449087767,1
"517","PmetTSAr1.1-000358",519.252823871585,506.457725464745,569.214688299596,375.918733848212,528.972175695965,460.815172078019,538.804751880228,460.830450098218,0.0135543897140172,8.95154955293849,0.974953816429635,1
"518","PmetTSAr1.1-000359",12.8588022882737,10.5307509435841,12.7669019638554,13.185485945655,12.6344538110201,14.5312268986566,13.3684931049073,12.7662489554236,0.111852669722404,3.68845001926972,0.694280233943229,1
"519","PmetTSAr1.1-000360",155.744374568462,124.405650977596,364.37683901285,199.741578261087,259.206561039343,254.607450290469,80.2109586294436,112.744943657322,-0.256458611089977,7.5993376928552,0.618162770995059,1
"520","PmetTSAr1.1-000361",169.232628717001,90.7012983813221,150.980436928112,124.732578895544,139.81643410466,167.476630637435,100.724680807663,108.980174009714,-0.0510570147582841,7.04037970472754,0.903805365364055,1
"521","PmetTSAr1.1-000362",154.710275083741,86.209367894087,133.957900976305,117.689728972764,131.514833329696,152.125548524652,94.7109542855499,104.026529736545,-0.0300984201837364,6.92981247876542,0.942342579153831,1
"522","PmetTSAr1.1-000363",38.2616809346886,37.9880478953586,25.3919494614457,32.0899778436423,29.6381711878108,27.111763805081,37.2348154348279,39.3177822596084,-0.00465098814673233,5.06367369845049,0.988718044293908,1
"523","PmetTSAr1.1-000364",1010.49503996137,317.350426740552,419.179947813251,332.073021546998,785.52076806613,360.934190301845,249.244867528012,253.003842934758,-0.334625110027733,8.8642227478463,0.53762585954175,1
"524","PmetTSAr1.1-000365",108.400602507091,12.5833549410624,20.616182430522,49.2469957006392,80.2488074913206,102.764610460343,3.58309141213032,10.5583389365255,0.0468780263140127,5.60117675402655,0.951980489878834,1
"525","PmetTSAr1.1-000366",110.873449100989,11.9883972606339,19.5759163445782,46.9699840714699,81.8508707987698,102.538443504722,3.58309141213032,10.6715650913408,0.0686663282453814,5.60134029303768,0.930252281446577,1
"526","PmetTSAr1.1-000367",13.6680975371861,12.7915901292124,14.9420037799196,16.6539571482269,15.4016540693415,14.2202473346775,13.012279338789,13.5305255004268,-0.0484851404234717,3.84177230742128,0.866736800394865,1
"527","PmetTSAr1.1-000368",14.0727451616422,12.553607057041,13.523459117269,17.9778011186742,15.0739593019087,15.2662695044252,12.6351118217227,14.2098824293185,-0.0247717426876876,3.85562310167514,0.934806671505749,1
"528","PmetTSAr1.1-000369",13.8479409258332,12.9998253173623,14.0435921602409,17.5276941687221,16.0570436042071,15.6055199378568,12.7398805764633,13.3606862682038,-0.0175196869207987,3.86634434810579,0.954883154007581,1
"529","PmetTSAr1.1-000370",12.9487239825973,12.6725985931267,12.6250474975903,17.607124806949,14.1636960590398,14.3898725513934,13.4313543577517,14.29480204543,0.00964009888694529,3.81568707844744,0.973744282568625,1
"530","PmetTSAr1.1-000371",14.7021970219074,13.2080605055123,13.9017376939759,18.7456306215336,14.3821592373283,14.5029560292039,12.1741293008638,13.1059274198695,-0.162122042658651,3.8481423585942,0.575550111876218,1
"531","PmetTSAr1.1-000372",14.0277843144804,12.4941112889981,14.5164403811244,17.5276941687221,14.2001065887546,14.0788929874143,12.8865568331003,12.5964097232007,-0.124165416238624,3.81780062569812,0.665212828001371,1
"532","PmetTSAr1.1-000373",14.0277843144804,13.3567999256194,14.6110100253011,17.58064792754,14.7462645344759,14.6443103764671,11.9226842894863,14.3797216615414,-0.0983002062158019,3.85492496586798,0.732734512190884,1
"533","PmetTSAr1.1-000374",14.8370795633928,12.2561282168267,13.9490225160642,18.4279080686263,15.5837067179153,15.0966442877093,12.530343066982,12.8511685715351,-0.0862375740283937,3.85820362567064,0.769364761031934,1
"534","PmetTSAr1.1-000375",11.9595853450378,12.9105816652981,14.1381618044176,17.4747404099042,13.981643410466,13.9940803790564,11.8179155347456,13.1342339585733,-0.0951804467503608,3.78015481858965,0.745317302907514,1
"535","PmetTSAr1.1-000376",12.5440763581411,11.9586493766125,12.0103448104417,17.5541710481311,14.8190855939054,13.4569338594563,11.713146780005,13.1625404972771,-0.0265448585542087,3.75119914987328,0.932332764461056,1
"536","PmetTSAr1.1-000377",14.2975493974512,11.2744480441197,14.0908769823293,18.0307548774921,15.1831908910529,13.4569338594563,12.362713059397,14.0117366583917,-0.0695150475156375,3.82262894481393,0.81437848626851,1
"537","PmetTSAr1.1-000378",12.9936848297591,11.7504141884625,13.9963073381526,16.6539571482269,13.836001291607,13.71137168453,12.4674818141376,11.9170527943089,-0.0938548451628105,3.7524013214338,0.746033200395029,1
"538","PmetTSAr1.1-000379",13.5781758428625,12.9998253173623,14.8947189578313,18.7985843803515,15.7293488367743,14.022351248509,10.8749967420797,13.4172993456115,-0.158925995099804,3.84288870274439,0.591688499812551,1
"539","PmetTSAr1.1-000380",12.9037631354355,11.363691696184,12.1049144546184,16.4686189923643,14.127285529325,13.3438503816457,12.362713059397,12.8794751102389,-0.00475240363512458,3.72869021283224,0.990752609819637,1
"540","PmetTSAr1.1-000381",13.0836065240827,11.571926884334,14.5164403811244,17.58064792754,14.7826750641906,14.2485182041302,12.0274530442269,12.2850377974586,-0.0903736564889903,3.78894636995455,0.759197283454661,1
"541","PmetTSAr1.1-000382",11.4200551790962,11.9586493766125,13.6653135835341,17.607124806949,13.3626644053152,13.7396425539827,11.6921930290568,12.1718116426433,-0.102131332095483,3.72953312475708,0.731042966008723,1
"542","PmetTSAr1.1-000383",71.8474337645504,64.1661858342118,114.429269453815,139.294862570464,77.1175019358517,85.2084005302546,48.7174709544034,81.9474295475639,-0.411763677046822,6.41613179010896,0.33206264646957,1
"543","PmetTSAr1.1-000384",654.04544366265,455.261617063874,403.670526168272,523.580290311903,497.367835903557,459.882233386082,441.076457458147,509.376163975272,-0.094297156435885,8.94571142753383,0.827560845999909,1
"544","PmetTSAr1.1-000385",58.1343753802025,69.4613091900253,111.639464950602,149.170738590001,55.489647285287,75.7093883941678,136.995623698877,74.6726491006817,-0.17985075233533,6.51538449334263,0.692760238291585,1
"545","PmetTSAr1.1-000386",424.52031890168,384.521148860928,536.919154813251,373.641722219043,454.367000310431,411.397692274806,417.524441392448,385.365217913829,-0.0433707457934603,8.72651766636926,0.919139256708171,1
"546","PmetTSAr1.1-000387",208.303604900602,215.910142227496,162.139654940963,177.898152748707,181.724953806344,233.771819503874,290.104681876867,195.739715136927,0.238044536356116,7.7022952927674,0.57146568737276,1
"547","PmetTSAr1.1-000388",394.4864729976,279.035152120958,826.302265993973,392.996321066982,649.563850111234,450.581117336164,199.626385282839,257.844261053112,-0.28119506860856,8.75269436173421,0.58724645960161,1
"548","PmetTSAr1.1-000389",14.342510244613,16.8967981241689,6.09974204939757,9.24043091372208,9.64879037441015,12.382640820256,30.0895863615154,17.5500539963695,0.581090670286472,3.86905806847882,0.150165506144909,1
"549","PmetTSAr1.1-000390",807.137128248566,851.384440693158,799.349917403611,771.324450941409,700.866286479324,688.961088560817,972.882656521699,833.712484443661,-0.0147102497905554,9.64973373934951,0.972806367541313,1
"550","PmetTSAr1.1-000391",20.7719113887499,17.7297388767688,102.79720322008,28.7803679175241,21.9555494179974,28.0447024970181,24.9768711301716,18.3709436187803,-0.864612398023107,5.04262655988301,0.0701709502358692,1
"551","PmetTSAr1.1-000392",25.0431918691205,21.6267116835753,110.930192619277,29.4422899027477,24.9776233843221,27.8468064108496,24.6206573640533,20.7486928699013,-0.928858701202059,5.15720023005461,0.044620060857699,1
"552","PmetTSAr1.1-000393",622.977498273848,120.865652779046,242.381998024899,187.906413165288,375.975129834563,169.483862368572,132.951549765888,144.787945470048,-0.512265671996977,7.96404165135857,0.356764309462812,1
"553","PmetTSAr1.1-000394",395.565533329483,392.106859286391,432.845261396786,335.462062111343,396.5470791234,366.220842889488,419.30551022304,375.486235906195,0.00148120425549351,8.60455939187645,0.997269921833582,1
"554","PmetTSAr1.1-000395",368.139416560787,283.199855883957,576.591120545379,588.289783587367,489.976498371462,550.631724329054,177.373501775925,413.020706227463,-0.155198234007619,8.75139834643568,0.751085132590422,1
"555","PmetTSAr1.1-000396",46.8042418954299,45.9307329290788,64.922060727309,57.7725508703197,64.6651007734054,51.0006484925611,45.4696395574432,48.432487722239,-0.0398986152920558,5.73285820116501,0.904026520927911,1
"556","PmetTSAr1.1-000397",49.7266969609466,44.8300612202861,61.8958321136544,53.6686345619331,58.766594959615,51.170273709277,47.5859684032044,45.7999796227835,-0.0474149285499705,5.69314309334674,0.882901992751437,1
"557","PmetTSAr1.1-000398",246.025755669349,246.996681029884,379.88626065783,153.512946813068,270.020488364625,198.829024860411,227.599642798594,217.988654558131,-0.166607937907892,7.92277257912766,0.707002387145675,1
"558","PmetTSAr1.1-000399",322.324313302917,224.656020129795,233.918014871083,280.866736770097,239.872569760808,232.13210907562,210.291844515438,280.432878938762,-0.141260270699986,7.98367671897303,0.736980318555336,1
"559","PmetTSAr1.1-000400",366.161139285668,276.714817167287,923.803569140157,373.297522786727,550.600030346529,390.505519749305,358.581539975357,282.470949725437,-0.294117300225631,8.78237088862709,0.553879716044751,1
"560","PmetTSAr1.1-000401",1038.28084350736,960.707914471891,728.091690516463,651.092941545386,877.129660828454,898.335147727063,895.961436791112,1148.0282902109,0.177127151380545,9.81340498848331,0.686720414930079,1
"561","PmetTSAr1.1-000402",547.083588264736,582.37432548742,608.697514743371,462.974713344826,584.68028615954,582.606077679989,693.359618873638,587.785276184858,0.153625420228526,9.18303358250698,0.719373636905535,1
"562","PmetTSAr1.1-000403",89.8317726292689,46.852917333743,110.693768508835,81.5223117001441,95.3227667932293,71.2143201511982,47.1878471351899,45.6867534679683,-0.342387227602655,6.20132248957297,0.424527913457884,1
"563","PmetTSAr1.1-000404",2275.10878808121,1297.69194466658,2969.77053608111,2263.85262010309,2365.48288397851,1833.3376131342,1238.72289480063,1311.10225968361,-0.383957724746944,10.9251311996374,0.41335829602108,1
"564","PmetTSAr1.1-000405",62.0459690832788,44.0863641197505,129.79683663253,67.9661494427639,93.5022403074915,70.0552145036399,45.2601020479619,61.8497870678504,-0.166947105482886,6.16722220197195,0.704298657034952,1
"565","PmetTSAr1.1-000406",205.920680001027,105.039778479648,252.595519595983,193.65189599703,200.949713495734,156.648887637074,104.517309729275,104.422821278398,-0.418504807522969,7.37080298074216,0.355132468843636,1
"566","PmetTSAr1.1-000407",306.408173407641,146.329841501385,343.240523539356,270.884953232924,281.16211045734,240.669911650318,151.809925619206,149.430217817475,-0.374272498663749,7.88440009956752,0.415726344035154,1
"567","PmetTSAr1.1-000408",267.472079765526,131.81287409893,296.759543426505,238.530206595193,241.911559424834,206.660055698793,129.934209629357,130.861128427768,-0.397767159188342,7.68326456245594,0.380912052615558,1
"568","PmetTSAr1.1-000409",31.0679453888012,9.54907077087713,18.9612136574296,19.8841364361183,34.9541085261651,13.0611416871193,3.66690641592284,10.6149520139331,-0.351913312808496,4.15030235279031,0.497523402720665,1
"569","PmetTSAr1.1-000410",322.234391608594,80.1705474377379,827.673525834535,503.166616287606,425.274987068342,202.645592236518,20.6394446839085,81.4379118508951,-1.2475413688096,8.26645391377877,0.0991863983777224,1
"570","PmetTSAr1.1-000411",696.84817016068,73.6855087210675,24.8718164184738,39.0533971281951,294.670416981514,45.600912427107,1.06864129835466,15.7384355193249,-1.22462448559799,7.21865048744925,0.273319262776737,1
"571","PmetTSAr1.1-000412",643.29980119098,164.327311334347,375.346917737348,387.700945185193,1035.33341243907,447.358238218563,256.32723534848,333.705784779354,0.400140497328266,8.83121538884408,0.467024374755995,1
"572","PmetTSAr1.1-000413",120.13538361632,75.8868521386529,150.791297639758,77.3389647535307,128.055833006794,110.65218303763,70.4046031857185,73.5403875525288,-0.148441614136457,6.65672838055351,0.730188627826695,1
"573","PmetTSAr1.1-000414",67.2614273540472,56.9077021329843,55.7015204200801,54.4894178236105,58.0747948950347,46.618663727402,53.5158799215253,54.3202477726339,-0.141002270942343,5.80526228103115,0.665204584257691,1
"574","PmetTSAr1.1-000415",54.8971943845532,48.1618242306856,36.3147433638553,39.3181659222845,42.7823724148374,35.8757333353991,44.9038882818437,44.5261853811116,-0.088161844214847,5.43987792323015,0.775265269743019,1
"575","PmetTSAr1.1-000416",112.716843834623,115.451537887147,50.9257533891564,77.0212422006233,66.4128061997136,71.2991327595561,116.23045650928,170.320443380895,0.252605873620956,6.60907168734826,0.580672722974769,1
"576","PmetTSAr1.1-000417",371.46651925076,339.839827060749,389.721503652207,303.39856114711,342.805137264421,298.512110550417,327.632849824969,317.486138102064,-0.12658227939104,8.39409499195459,0.7625981078671,1
"577","PmetTSAr1.1-000418",261.672130481654,136.632031310401,246.921340945381,203.660156413611,255.237813300434,139.03613596808,52.4262848722225,122.199327584398,-0.577455790093823,7.4697445074506,0.247744316350141,1
"578","PmetTSAr1.1-000419",25.4478394935767,27.1300702275388,33.1466602839356,19.1957375714857,24.8319812654631,18.5174194914787,26.6741249569701,25.6740306043663,-0.131833461408067,4.65149801793496,0.662852547889869,1
"579","PmetTSAr1.1-000420",395.026003163542,240.868616921471,340.781712790762,383.914751429714,409.472817172138,447.980197346521,270.093849721402,285.244990518411,0.0543099829561455,8.43766914712783,0.901901869498692,1
"580","PmetTSAr1.1-000421",223.815097171422,40.3083828490296,124.642791024899,225.053474976039,228.585305549234,238.973659483159,8.73771414537042,53.3295189180001,-0.212892896610193,7.15963557294918,0.773814042764759,1
"581","PmetTSAr1.1-000422",58.4491013103351,44.473086612029,284.134495928915,56.5281375380993,79.4841863673108,74.6068244855148,19.3403121251245,41.6672249720256,-1.04412007246514,6.36375350634923,0.0878595247880563,1
"582","PmetTSAr1.1-000423",682.235894833096,236.25769489815,176.561525677911,377.030762783388,433.831461551309,280.305670622918,160.757177274057,320.599857359485,-0.300270375474886,8.38152451972291,0.560914898732573,1
"583","PmetTSAr1.1-000424",520.826453522247,322.080340299959,300.164050616866,375.627488174714,373.280750635671,300.99994706225,262.927666897142,337.612087120482,-0.252544663911136,8.44809179720863,0.561526414114267,1
"584","PmetTSAr1.1-000425",90.7759504196666,28.82569961676,76.3177028506021,320.582055883516,166.833047153009,174.402993653331,12.7817880783596,46.1396580872294,-0.368369310737842,6.8410597719287,0.615850269348979,1
"585","PmetTSAr1.1-000426",91.1805980441227,31.6220007147738,79.911349329317,291.510442292493,159.587351739772,159.617328929601,15.2333769392909,46.7057888613058,-0.375009768399794,6.77457870742024,0.589867570659709,1
"586","PmetTSAr1.1-000427",46.9391244369153,61.8458508805407,35.3690469220882,63.1738342697447,45.4403410840146,55.0151119548359,58.3142888886472,54.8580720080065,0.0428042661199609,5.71946052614467,0.898906848822753,1
"587","PmetTSAr1.1-000428",48.108106463122,62.4408085609692,37.213154983534,61.4793139875721,48.6808782286278,52.3859210957404,55.1921799973757,55.3392831659715,0.0157690591268142,5.71901126738391,0.96203103692225,1
"588","PmetTSAr1.1-000429",48.5127540875781,59.971734187191,38.6789844682729,62.9090654756552,46.1321411485949,51.3964406648981,57.6856763602033,53.9239562307804,-0.00674189936451097,5.7134260984031,0.984543863020537,1
"589","PmetTSAr1.1-000430",47.8383413801512,61.0724058959837,40.3339532413653,65.1860771048246,50.282941536077,58.1814493335315,58.5447801490766,57.9151781880192,0.0685684784121776,5.78106242152057,0.836809748728919,1
"590","PmetTSAr1.1-000431",35.3841867163336,40.6356095732653,23.83155033253,40.1919029427797,32.9879399215683,43.876389390496,53.473972419629,47.5266784837167,0.344554625318682,5.31513926528449,0.284050961790872,1
"591","PmetTSAr1.1-000432",738.436953785341,125.506322686388,365.511674742971,189.415595291598,493.94524611037,175.081494520195,73.3590820694049,117.981653317529,-0.721726037335567,8.15444343051815,0.260972938772131,1
"592","PmetTSAr1.1-000433",19.2882034324106,25.880659098639,14.0908769823293,12.9207171515656,14.2365171184693,16.0578538490991,16.8677695132451,16.191340138586,-0.188220872713498,4.08780086922719,0.547469401078747,1
"593","PmetTSAr1.1-000434",458.690562744645,437.264147230913,633.853040094375,363.92470747596,431.46477711985,401.58770057474,421.9875903444,424.286708631584,-0.173322329984756,8.80311560580219,0.689035068504425,1
"594","PmetTSAr1.1-000435",8.94720858519745,4.31344318310649,6.24159651566263,13.688546654425,10.2313588498462,9.24457431101302,2.43063510998314,4.18936772816561,-0.350624401171235,2.90043324858831,0.440262675996419,1
"595","PmetTSAr1.1-000436",755.567036553986,316.398494451867,902.76182331084,1072.10180102703,1015.48967374452,860.084661357642,139.049091291794,404.273985767982,-0.332974905906998,9.41629587842499,0.572256795571158,1
"596","PmetTSAr1.1-000437",15.2866880350107,7.37747523731318,13.1451805405622,25.2589429561343,19.2247596893908,18.3477942747628,3.45736890644153,9.56761008189174,-0.273088005922517,3.80872332868621,0.564837414899753,1
"597","PmetTSAr1.1-000438",709.392246518821,302.625224149947,819.067688214455,1039.27047055994,1007.91628356386,780.756601673537,133.83160730571,425.334050563625,-0.289915102330768,9.34944020990492,0.620920509103881,1
"598","PmetTSAr1.1-000439",58.4491013103351,61.5483720403265,76.3177028506021,66.6952592311345,67.4687115614415,67.0019606027549,58.3352426395953,60.4627666713632,-0.0544514614294501,6.01332004271182,0.876899693183491,1
"599","PmetTSAr1.1-000440",10.9254858603165,10.9472213198841,18.6775047248995,11.1997199899841,14.7826750641906,9.78172083061316,8.1719628697709,7.69937852743951,-0.356006416310024,3.53240452040501,0.279920517325958,1
"600","PmetTSAr1.1-000441",105.927755913192,86.0903763580013,158.877002216867,103.948228559521,121.065011301561,97.9302917839422,71.2008457217474,77.7580618193983,-0.305812847034733,6.68506842327072,0.46053258265509,1
"601","PmetTSAr1.1-000442",564.43847526919,580.410965142006,377.853013308031,387.621514546967,529.663975760545,464.801364670841,475.817776530147,472.209678657154,0.0240868923759432,8.91188063359879,0.955820428494422,1
"602","PmetTSAr1.1-000443",676.480906396386,467.755728352872,483.203596920882,713.445992553453,660.159314258228,705.16029675718,473.575725178697,575.443625309992,0.0445608327701205,9.21544570326826,0.919327235417238,1
"603","PmetTSAr1.1-000444",1.66355134498646,1.66588150519975,2.1278169939759,2.48882666444091,2.07540019374105,3.5338586815799,1.445808815421,1.83992501574841,0.154584787105275,1.11623313677391,0.624225787551813,1
"604","PmetTSAr1.1-000445",452.80069176645,381.516612574764,536.493591414456,268.47555720671,393.233720919357,300.943405323344,294.232570813649,415.59660124951,-0.223489710578731,8.57160255807164,0.613428531499598,1
"605","PmetTSAr1.1-000446",426.093948552343,443.749185947583,593.471802030921,366.228195984538,450.434663101237,484.901952851668,504.692045336671,441.808456089249,0.0406833620184643,8.85792101699719,0.924912911186742,1
"606","PmetTSAr1.1-000447",417.821152674572,355.873936548296,421.686043383934,335.223770196663,392.978847211354,383.946678036293,329.41391865556,380.581412872883,-0.0417610472302656,8.55936564663434,0.921084580999286,1
"607","PmetTSAr1.1-000448",408.559218159242,330.023025333679,88.9427503481924,266.992851959809,238.088453804785,213.727773061952,106.382193563659,629.42419461818,0.117749903234265,8.15649261280539,0.839619086399954,1
"608","PmetTSAr1.1-000449",295.752452630296,205.111660327719,286.782445965862,171.490747931742,240.892064592821,184.637048395187,204.320025495221,212.383959894774,-0.187459412714657,7.81520087215488,0.660291007946089,1
"609","PmetTSAr1.1-000450",294.718353145574,195.622085324885,273.968259179919,166.539571482269,235.612537784181,185.145924045334,202.098927894719,207.600154853828,-0.164577074821569,7.78276017983572,0.699449071871429,1
"610","PmetTSAr1.1-000451",423.216454333988,223.852827261216,592.809814521685,311.42105560802,523.838291006184,387.508807587326,182.486217007269,236.104839328577,-0.222108296827165,8.49263627274279,0.65362855312225,1
"611","PmetTSAr1.1-000452",473.797407391009,429.67843680545,493.748112246584,569.173476654108,495.838593655537,556.90785734754,510.97817062111,560.243014026039,0.111202826706089,8.99819361126906,0.794153184940468,1
"612","PmetTSAr1.1-000453",570.103542011576,602.454147201881,712.251275116865,367.472609316759,602.667087838629,538.051187422629,593.263550594419,552.487022421192,0.0217542180603063,9.1482215426415,0.960565474259051,1
"613","PmetTSAr1.1-000454",633.363453968223,2058.13710390625,87.949769084337,155.578143406966,329.988630804827,179.406937546448,253.100357702468,227.726103872246,-1.56755837657569,8.93876010463338,0.0342319837838428,1
"614","PmetTSAr1.1-000455",695.589266440149,614.383048694472,1065.27975682851,436.074203865337,682.806663740806,449.167573863532,528.893627681762,606.127913264934,-0.31044815694732,9.31023986707362,0.499027414452938,1
"615","PmetTSAr1.1-000456",39.4756238080571,37.80956059123,58.633179389558,24.2528215385944,43.6926356577063,25.2176155517542,29.8381413501378,31.278725267723,-0.300362892779454,5.1827183012754,0.379961597117271,1
"616","PmetTSAr1.1-000457",135.332149957007,146.686816109642,246.448492724497,249.597542188132,129.694306843958,150.28794201023,253.666108978068,148.213036653211,-0.190355049773474,7.51219297334193,0.67017897473927,1
"617","PmetTSAr1.1-000458",93.7883271795069,101.053562020778,171.880328291164,189.680364085688,83.7806288736519,108.051263047987,189.233324812567,105.753228597478,-0.192664722684139,7.02756963736064,0.668138885418086,1
"618","PmetTSAr1.1-000459",58.5390230046587,17.7892346448116,57.5929133036142,192.010329473675,93.0289034211997,95.3011009248468,1.92774508722801,22.9282963500956,-0.612669706394029,6.07575283143333,0.448704929516303,1
"619","PmetTSAr1.1-000460",271.563516857249,88.7676859199295,994.683517450599,337.686119981695,487.318529702285,243.949332506824,44.2962295043479,70.4832813725161,-1.000527162093,8.30997902410148,0.176750682107797,1
"620","PmetTSAr1.1-000461",337.386197102119,116.492713827897,1210.49144546184,428.21057068088,573.757127245114,292.377331879195,69.4197768911564,95.7327138963251,-1.02084576356856,8.6091852725364,0.151592805064186,1
"621","PmetTSAr1.1-000462",35.3392258691718,29.0934305729528,34.4233504803212,38.0472757106551,35.5366770016011,42.7455546123905,37.2348154348279,39.7423803401657,0.181577323754155,5.19313696650672,0.537707255076374,1
"622","PmetTSAr1.1-000463",21.5362457905004,19.8120907582685,23.2168476453814,27.6153852235305,24.2130022603123,87.0177361752235,26.6322174550739,26.9478248460383,0.838062960724186,5.00881846200423,0.0406555667171091,1
"623","PmetTSAr1.1-000464",66.0025236335169,54.3493841071418,126.014050865461,53.0331894561184,105.991051999653,69.4615262451345,49.0108234676772,49.6779754252071,-0.12703898924151,6.16462460595592,0.774111781300785,1
"624","PmetTSAr1.1-000465",688.125765811291,146.597572457578,117.171789134939,83.561031414633,321.978314267581,82.2399592377274,4.65173271048497,130.266691114988,-0.941561609953603,7.62089294366924,0.262917827434892,1
"625","PmetTSAr1.1-000466",325.516533451405,301.375813021048,363.005579172288,280.072430387829,309.016165689128,345.159045147272,343.431978039859,358.275860374271,0.0944643202924789,8.3588353224932,0.821826538323944,1
"626","PmetTSAr1.1-000467",101.926240515792,75.5001296463744,126.723323196787,100.373849839314,125.325043278188,95.5272678804679,67.7853843172022,73.4554679364173,-0.159877667780727,6.5831255893928,0.697499469909313,1
"627","PmetTSAr1.1-000468",16.6355134498646,14.873942010712,14.8947189578313,17.5012172893132,18.5329596248104,20.7225473087845,24.9349636282753,16.4177924482166,0.335211774246499,4.18049766028348,0.249184282313228,1
"628","PmetTSAr1.1-000469",249.038132429189,44.0863641197505,251.176974933332,178.162921542796,146.042634685883,76.2748057832206,7.35476658279381,63.7180186223027,-1.3001707762186,6.98874209739287,0.0576910902079975,1
"629","PmetTSAr1.1-000470",975.290696633684,663.496805213843,479.468095975902,403.772410986423,727.591615289955,545.853947391558,773.59153125403,618.639403372024,0.0799331221855791,9.34100920849503,0.862368279084315,1
"630","PmetTSAr1.1-000471",132.499616585813,111.167842588062,264.889573338955,315.180772484091,204.081019051203,242.846768598171,71.5361057369175,121.944568736064,-0.363258074680731,7.51627330889986,0.47617275811899,1
"631","PmetTSAr1.1-000472",148.101030550957,165.665966115311,179.824178402007,99.3677284217736,168.07100516331,143.729100297218,151.286081845502,134.739124230191,0.0118493185215858,7.21824083140348,0.977434773638817,1
"632","PmetTSAr1.1-000473",2019.82109789653,899.189290315586,2084.83509069758,1614.8248751516,2187.76308844079,1448.45799640597,1468.7950802111,1084.48011082082,-0.0967150548597333,10.6448205671014,0.837761824911951,1
"633","PmetTSAr1.1-000474",160.060615895995,92.307684118479,282.337672689557,164.156652335464,187.878333328137,152.888861999873,81.9082124562421,99.9786947018983,-0.419128894504065,7.25484896246623,0.376215062153794,1
"634","PmetTSAr1.1-000475",467.997458107137,451.126661184896,387.026268793171,309.382335893532,410.747185712154,390.505519749305,417.210135128226,375.769301293233,-0.0191349221650514,8.64846372627347,0.964247223953706,1
"635","PmetTSAr1.1-000476",786.634981942787,838.860581520138,506.751438320882,307.820200008404,719.472067163564,415.666593562154,462.637867183773,390.120716416071,-0.295681152386656,9.11256198112988,0.537119230419325,1
"636","PmetTSAr1.1-000477",110.873449100989,128.332371668424,59.8625847638552,141.704258596678,87.6401450234159,140.082158137827,186.111215921295,170.971493771083,0.407823404986628,7.00310420065801,0.359955640191593,1
"637","PmetTSAr1.1-000478",191.218482979119,190.445953505157,135.329160816867,161.932594465113,175.425932165691,207.16893134894,194.995606323302,187.106220832262,0.171619224269989,7.49600068237335,0.675429258202518,1
"638","PmetTSAr1.1-000479",140.322803991966,123.602458109017,148.616195823694,180.784132604282,168.398699930743,140.788929874143,109.671932462515,124.407237603296,-0.127238539160617,7.15109240806884,0.756211239369031,1
"639","PmetTSAr1.1-000480",334.823428813896,313.780680657981,378.751424927709,454.899265125098,460.593200891654,352.876992507842,268.878532166411,315.90097193465,-0.084205186825782,8.49233932670348,0.846048287727087,1
"640","PmetTSAr1.1-000481",138.434448411171,154.77824056347,187.058756181525,126.771298610032,165.15816278613,142.994057691449,176.682027994636,167.744548358847,0.104407678054019,7.29932492848252,0.798389859693443,1
"641","PmetTSAr1.1-000482",37.4074248386145,32.6036808874808,63.7399401751002,59.3346867554475,44.1295620142834,36.4694215939046,29.1466675688495,45.9981253937103,-0.310188861218495,5.448165859882,0.361720370315505,1
"642","PmetTSAr1.1-000483",316.614285713369,365.185024247002,210.322888648995,229.607498234378,263.102487718822,275.471351946516,446.377756448024,333.592558624539,0.233230138128641,8.25315722668224,0.598384091067602,1
"643","PmetTSAr1.1-000484",613.670602911357,416.351384763852,3462.47838224175,842.573733430882,888.19846186174,727.805263188744,205.158175533146,527.577268361829,-1.18361604673852,9.90763162053417,0.0718649248655026,1
"644","PmetTSAr1.1-000485",260.008579136668,220.729299438967,369.814593553011,188.144705079969,298.821217368996,241.715933820065,251.759317641788,219.602127264249,-0.0376568336572168,8.00211821648759,0.930807164980269,1
"645","PmetTSAr1.1-000486",216.441518236887,227.125094503573,176.608810499999,182.558083524681,211.690819761587,259.894102878112,280.864077708741,245.955514797507,0.314710211540164,7.81512595326389,0.448630184571936,1
"646","PmetTSAr1.1-000487",127.688805939501,117.890864376904,121.569277589156,141.810166114314,135.956917954896,135.700173372668,114.323665173,140.089060045214,0.0476593849436372,7.01614364363613,0.904231776235905,1
"647","PmetTSAr1.1-000488",126.160137136,110.543137023612,126.581468730522,134.396639879809,135.010244182313,130.385249915572,108.770921171745,129.360881876465,0.0168213104507234,6.96821658715567,0.966128850580437,1
"648","PmetTSAr1.1-000489",161.364480463687,145.705135936935,155.188786093975,183.220005509905,162.17249934952,191.42205706382,182.423355754424,168.254066055516,0.125756926544701,7.39902946599329,0.756133406789322,1
"649","PmetTSAr1.1-000490",125.305881039926,92.872893914886,232.121191631726,282.826025846359,176.190553289701,239.765243827833,69.2521468835713,105.809841674886,-0.310921662017696,7.37132660668326,0.542638248314742,1
"650","PmetTSAr1.1-000491",226.557708848291,186.876207422586,224.508335275501,205.354676695784,209.10567215184,240.641640780865,222.843141333368,207.713381008644,0.0619901210517889,7.75161414647639,0.879917337928767,1
"651","PmetTSAr1.1-000492",712.674388361632,430.630369094135,355.156298705621,531.470400375769,458.699853346487,487.446331102405,350.996282132134,442.148134553695,-0.222935619729148,8.88022411859412,0.616611917432108,1
"652","PmetTSAr1.1-000493",186.047985555513,59.198289202634,220.347270931726,145.278637316886,158.021698962038,101.577233943333,51.4624123286085,96.3271512091053,-0.58445653403552,6.99230367897458,0.237458355207213,1
"653","PmetTSAr1.1-000494",346.558209923125,109.501961082862,208.384210943373,73.1291409275083,157.584772605461,147.065062892629,70.2998344309778,100.714664708198,-0.632757499868283,7.24493588687867,0.222522379119427,1
"654","PmetTSAr1.1-000495",166.984586358911,170.03890506646,185.451072230521,257.514129131407,175.280290046832,244.627833373687,196.609045146309,203.127721738625,0.0715084170596012,7.64400695194885,0.864673446549744,1
"655","PmetTSAr1.1-000496",124.766350873985,77.1362632675527,239.923187276304,140.221553349777,204.153840110633,151.644943743957,60.1163114701864,70.341748678997,-0.259427826467562,7.06155238085112,0.609195539692578,1
"656","PmetTSAr1.1-000497",99.8130806991876,76.2735746309314,142.942017173092,82.7402481529556,136.794360138336,100.813920468111,64.6842291768789,70.5398944499237,-0.107805810138992,6.59801280057157,0.80176773238207,1
"657","PmetTSAr1.1-000498",216.036870612431,203.773005546755,229.000393373895,252.40409140548,209.943114335279,281.690943226097,264.918273237214,229.820787736329,0.130269565397422,7.88272614536183,0.754074384040594,1
"658","PmetTSAr1.1-000499",111.008331642475,55.6582910040845,57.6874829477909,628.40225589192,224.434505161751,191.789578366704,14.0599668861956,157.639114041583,-0.536620278113112,7.49314475480096,0.494097389576607,1
"659","PmetTSAr1.1-000500",299.529163791886,255.177349135776,330.379051931324,222.749986467461,295.908374991816,237.079511229832,186.886504706376,227.98086272058,-0.224993447784023,8.00569114276816,0.59710987355726,1
"660","PmetTSAr1.1-000502",63.2599119566473,68.6581163214468,45.9608470698793,59.5465017907191,53.1957839132575,73.5890731852198,98.9855194789685,64.5672147834173,0.290283179921065,6.04531985676047,0.451301773734483,1
"661","PmetTSAr1.1-000503",97.1154298694799,79.9920601336094,86.7676485321282,192.64577457949,111.56186304601,131.233375999151,45.8048995726133,75.6067648779078,-0.326148598795792,6.68163538805638,0.485366848400456,1
"662","PmetTSAr1.1-000504",350.694607862011,381.338125270635,399.840455579115,240.542449430273,354.274454124569,347.307631225673,366.145844067632,356.435935358523,0.0534240786036687,8.44968829797724,0.900578601867115,1
"663","PmetTSAr1.1-000506",101.38671034985,80.527522045995,149.751031553815,87.9561933965179,134.500496766306,105.026280016555,104.056327208416,87.4105915174015,0.0386904468187086,6.73307876468741,0.925346658434988,1
"664","PmetTSAr1.1-000507",55.4367245504947,47.41812713015,85.6328128020077,51.1798078974922,75.4062070392582,58.4641580280579,56.1560525409897,49.2816838833536,-0.00195653273779972,5.90507559017646,0.99584549328577,1
"665","PmetTSAr1.1-000508",81.424094210013,67.3194615404827,121.569277589156,71.805296957061,106.974136301951,80.7416031567376,82.0129812109828,73.4554679364173,0.00462208128891631,6.42148245500158,0.991226888163131,1
"666","PmetTSAr1.1-000509",56.3359414937307,46.7636736816787,83.3158565196784,49.4323338565018,72.6390067809368,53.3754015265828,51.0014298077496,46.9039346322326,-0.074674259192996,5.84604161491764,0.834251221117606,1
"667","PmetTSAr1.1-000510",112.357157057329,89.6303745565508,159.06614150522,94.5489363693455,141.746192179542,112.404976943693,107.681326122443,93.9777084966881,0.000754250860939978,6.83262403741051,0.998838033511773,1
"668","PmetTSAr1.1-000511",16.8603176856736,19.8120907582685,31.1606977562248,16.3891883541374,17.9503911493743,16.9907925410362,26.3179111908519,22.0791001889809,-0.0135911241789308,4.39255445138612,0.965228110220633,1
"669","PmetTSAr1.1-000512",9.75650383410978,10.3225157554342,9.07868584096382,7.73124878741217,9.02981136925931,9.72517909170788,11.1683492553536,9.73744931411467,0.105845275922283,3.26780375547605,0.714629142461357,1
"670","PmetTSAr1.1-000513",3.14725930132574,3.06403205420668,2.83708932530119,2.38291914680512,1.67488436687874,2.82708694526392,2.36777385713875,3.36847810575478,-0.15161536744967,1.4691357783095,0.589863798062945,1
"671","PmetTSAr1.1-000514",91.3154805856081,96.591379417564,71.5892206417668,93.0132773636266,96.9248301006785,80.9677701123587,86.224685151557,88.1748680624046,-0.00100310962518014,6.46210728190684,0.998279345791069,1
"672","PmetTSAr1.1-000515",81.1093682798804,75.82735637061,70.6908090220881,73.3144790833709,83.6349867547929,78.3951209921685,68.6654418570237,71.0494121465925,0.00379590488354444,6.23640957096041,0.992164769425912,1
"673","PmetTSAr1.1-000516",109.38974114465,72.317106056082,156.749185222891,89.3065142463742,126.672232877634,104.856654799839,58.3142888886472,68.58674327936,-0.25507195399888,6.61939022973817,0.559774731488733,1
"674","PmetTSAr1.1-000517",211.495825049089,145.943119009107,361.20875593293,165.904126376454,308.579239332551,187.548947948808,119.289704147707,129.021203412019,-0.248774886552729,7.67004938427435,0.60597321103137,1
"675","PmetTSAr1.1-000518",164.421818070689,107.895575345705,232.783179140963,188.806627065193,222.468336557155,177.654143640385,61.7926115460369,68.3602909697294,-0.388055534383945,7.25802082187589,0.440601204842946,1
"676","PmetTSAr1.1-000519",168.648137703898,116.998427856261,445.186599961846,200.006347055177,348.667232548496,224.074911281618,90.4782965940275,107.281781687484,-0.27273031167747,7.73270834989963,0.61836433827936,1
"677","PmetTSAr1.1-000520",509.406398343151,505.476045292038,299.738487218071,442.216839888213,456.952147920179,379.988756312923,390.033120148501,433.203268323288,-0.081663537120271,8.73873130700048,0.850904955088112,1
"678","PmetTSAr1.1-000521",147.291735302044,154.213030767063,123.791664227309,105.775133238738,130.131233200535,139.771178573848,145.125679066752,130.040238805357,0.0375645093262132,7.07230965590908,0.925731787846051,1
"679","PmetTSAr1.1-000522",130.521339310694,126.785481699309,99.3926960297185,90.8951270109109,113.85572641804,114.553563022094,121.929876767171,113.735672511956,0.0521997069539532,6.83314370448561,0.89509633838349,1
"680","PmetTSAr1.1-000523",249.667584289454,265.113142398932,339.646877060641,189.177303376918,289.281658583731,259.922373747565,309.885022771902,229.820787736329,0.0613559427069678,8.05865102971656,0.885996911976011,1
"681","PmetTSAr1.1-000524",231.458441188927,213.173336897525,2184.60606530401,376.713040230481,308.943344629698,324.917102619182,130.080885885994,214.959854916822,-1.61856265299372,8.96033350695113,0.0195300787230893,1
"682","PmetTSAr1.1-000526",254.972964254546,202.077376157534,191.2198205253,348.753455574634,291.757574604334,325.850041311119,168.531018875814,260.222010304233,0.0696146869245188,7.99710244769277,0.875598740968972,1
"683","PmetTSAr1.1-000527",202.728459852539,201.928636737427,1178.29048161967,382.193754268133,331.408641463702,421.179413105419,308.816381473547,322.156716988195,-0.506203576676509,8.70951605153265,0.370929477503076,1
"684","PmetTSAr1.1-000528",132.005047267034,147.638748398328,862.522439713651,257.487652251998,231.061221569837,263.371419820787,201.365546611534,220.309790731844,-0.61141932510269,8.17744427144772,0.28378485676504,1
"685","PmetTSAr1.1-000529",257.31092830696,183.841923252401,139.206516228112,155.948819718691,153.616024866552,126.823120364539,174.859051662149,164.20623102087,-0.249149354089398,7.4054285327803,0.555732686663183,1
"686","PmetTSAr1.1-000530",139.018939424274,77.017271731467,101.236804091164,98.9705752306394,118.916790048391,83.7383153187173,34.5317815625191,103.573625117284,-0.288737810457895,6.56487280005636,0.523922873408844,1
"687","PmetTSAr1.1-000531",241.619592647493,206.123088384448,257.324001804818,338.745195158053,201.823566208888,453.32339167307,203.356152951607,284.084422431555,0.13042634582658,8.09468516232287,0.773798953727003,1
"688","PmetTSAr1.1-000532",146.347557511647,155.224458823791,294.726296076706,126.188807263036,144.440571378434,145.029560292039,158.054143401748,159.705491366962,-0.250612908406845,7.37733646007866,0.565624575704575,1
"689","PmetTSAr1.1-000533",234.470817948767,208.68140641029,363.80942114779,165.718788220592,232.408411169283,173.865847133731,201.658899124808,211.364924501437,-0.247509514762013,7.80764862340886,0.570664539792429,1
"690","PmetTSAr1.1-000534",243.642830769774,144.158245967821,248.67087936265,157.431524965592,268.309193468032,155.631136336779,130.709498414438,155.685962871019,-0.160441989873912,7.55516984888278,0.718185682733737,1
"691","PmetTSAr1.1-000535",257.445810848445,260.412976723547,233.587021116465,189.415595291598,246.208001931175,181.725148841565,226.782446511616,235.227336628758,-0.0802571054247369,7.83862708027989,0.847692264398862,1
"692","PmetTSAr1.1-000536",141.626668559658,94.062809275743,113.672712300401,149.673799298771,121.429116598709,118.228776050937,112.689272599046,100.205147011529,-0.141070562168838,6.89491403042984,0.725616615776929,1
"693","PmetTSAr1.1-000537",290.986602831145,270.824736131045,223.799062944176,223.094185899777,245.370559747736,256.134077240911,256.306281597532,296.510992922532,0.0638201609645331,8.01089189172363,0.87834305392884,1
"694","PmetTSAr1.1-000538",47.4786546028568,51.6423266611922,88.4226173052206,45.9638626539299,50.1737099469328,38.5614659333999,32.750712731928,46.0264319324141,-0.479035026645941,5.64885928322094,0.169274318565377,1
"695","PmetTSAr1.1-000539",339.094709294267,367.326871896545,331.372033195179,276.656912944075,339.164084292945,350.134718170936,419.242648970195,411.010941979491,0.209200869353637,8.46888735174264,0.620438362427323,1
"696","PmetTSAr1.1-000540",55.3468028561712,18.9196542376257,1188.83499694538,301.756994623755,236.013053611044,359.322750743044,10.1416154588952,30.5427552614236,-1.29887010780769,8.10392151368194,0.204522175896919,1
"697","PmetTSAr1.1-000541",273.676676673854,308.812784026404,231.459204122489,340.969253028404,202.406134684325,264.021649818197,198.369160225951,381.826900575851,-0.142078048473067,8.10463693362968,0.746389016441865,1
"698","PmetTSAr1.1-000542",171.300827686444,157.396054357355,395.726676057428,145.278637316886,282.181605289353,184.128172745039,182.842430773387,163.526874091978,-0.097770118741122,7.71659770733367,0.835435734039647,1
"699","PmetTSAr1.1-000543",621.988359636289,570.683407067,504.150773106022,562.766071837143,464.23425386313,537.938103944819,630.854579795365,590.049799281164,-0.023494776765119,9.13030460817393,0.956228901971988,1
"700","PmetTSAr1.1-000544",434.456666124437,485.03924896932,368.206909602007,282.111150102317,429.789892752971,389.148518015579,412.91461618386,371.325174716733,0.0303466630077989,8.63184640318276,0.943918251308694,1
"701","PmetTSAr1.1-000545",9.84642552843337,10.2332721033699,10.4499456815261,7.8636331844569,6.88159011608875,11.986848647919,17.4544745397927,11.4924547137516,0.319481926393204,3.43905278180994,0.331133119445368,1
"702","PmetTSAr1.1-000546",61.2816346815283,65.1478660069188,58.3494704570279,66.1921985223645,53.1229628538279,82.5226679322538,92.2174579227223,72.5779652365989,0.25961352177068,6.10844819405865,0.495591743223718,1
"703","PmetTSAr1.1-000547",85.1108836772803,62.708539517162,70.9272331325298,59.9701318612622,86.8391133696913,80.5154362011164,66.8424655245363,61.0572039841434,0.083233260403334,6.16597061772095,0.827483454009002,1
"704","PmetTSAr1.1-000548",573.970174867491,327.851429800115,1000.26312645702,775.454844129205,725.224930858495,629.394366624107,187.452255981975,333.960543627689,-0.51323332739853,9.15289017505924,0.333460285494504,1
"705","PmetTSAr1.1-000549",753.588759278867,769.726499054349,101.567797845783,399.218387728085,677.964063288743,442.071585630919,1565.85285460284,820.125345865827,0.792542295906944,9.43326683116676,0.186853755966923,1
"706","PmetTSAr1.1-000550",41.7686270133087,25.6426760264676,2540.09335776425,180.254595016103,194.905565563085,177.088726251332,32.1430539544322,40.2518980368345,-2.64918853680143,8.65820543800124,0.0138511225297565,1
"707","PmetTSAr1.1-000551",186.812319957263,82.3421429713019,359.270078227308,392.413829719986,315.060313621777,278.863856280833,21.3728259670931,71.5589298432613,-0.571723018426315,7.73812968729879,0.406952765322225,1
"708","PmetTSAr1.1-000552",493.085610823419,200.143763696141,559.852293526102,669.123696422878,1219.42505067687,359.718542915381,221.041118751829,194.465920895255,0.0533444291460211,8.93561322338401,0.92988882641311,1
"709","PmetTSAr1.1-000553",145.942909887191,152.874375986098,149.940170842168,120.205032516614,164.612004840409,152.493069827536,144.706604047789,154.525394784163,0.115398400802846,7.21162036924717,0.773720858557083,1
"710","PmetTSAr1.1-000554",381.807514097974,405.612398632118,371.753271258633,259.632279484123,386.971109808419,338.204411261923,383.411734848892,339.621851368453,0.029609085503655,8.48557058891571,0.944661684249231,1
"711","PmetTSAr1.1-000555",447.944920272976,230.18912655778,126.91246248514,495.620705656056,388.35470993758,327.433210000467,155.560647038921,322.496395452641,-0.123693175763052,8.28482477793526,0.810064785243188,1
"712","PmetTSAr1.1-000556",63.4847161924563,58.573583638184,81.7554573907627,56.8193832115977,67.0317852048644,59.312284111637,65.1452116977377,63.9161643932294,-0.02903313787286,6.01260069511031,0.934705174586094,1
"713","PmetTSAr1.1-000557",132.544577432975,148.293201846799,231.317349656224,82.6608175147288,143.748771313854,116.249815189252,172.868445322077,109.54630478379,-0.132902034301821,7.1518347749337,0.764972095952636,1
"714","PmetTSAr1.1-000558",125.260920192764,121.044140083175,178.358348917268,165.26868127064,157.584772605461,207.338556565656,215.111207233508,171.226252619418,0.348799413729215,7.38987654398192,0.401303818544653,1
"715","PmetTSAr1.1-000559",129.127553048679,156.771348792905,122.089410632128,83.4286470175882,101.767430552741,69.0374632033449,81.8453512033977,130.974354582583,-0.357245197389321,6.77392424208815,0.395174647380248,1
"716","PmetTSAr1.1-000560",106.152560149001,111.911539688597,134.525318841365,79.4571151062463,112.035199932302,103.867174368996,101.499969592744,98.591674305411,-0.0545310109914597,6.72874306939716,0.890685436718495,1
"717","PmetTSAr1.1-000561",300.203576499313,234.324082436758,500.840835559837,274.750577626631,328.932725443099,289.210994500499,256.306281597532,283.886276660628,-0.177604000064997,8.26962303811248,0.688016001200983,1
"718","PmetTSAr1.1-000562",299.259398708916,122.769517356417,231.648343410843,138.844755620512,195.961470924813,126.031536019866,78.5556123045413,116.87769830808,-0.61507484650516,7.35561367081769,0.190148869403104,1
"719","PmetTSAr1.1-000563",26.6617823669452,28.9744390368671,23.83155033253,27.1917551529873,28.0725184100763,33.8685016042618,38.0310579708569,31.3636448838345,0.300205042848609,4.89811422950452,0.298640938368259,1
"720","PmetTSAr1.1-000564",80.6147989611006,87.5480226750511,54.5193998678713,62.9884961138821,80.0303443130321,71.1012366733876,89.1791640352434,85.3442141920225,0.188943150369184,6.25704010057201,0.623253848878213,1
"721","PmetTSAr1.1-000565",264.774428935818,236.227947014129,1233.18816006425,349.997868906855,284.83957395853,350.021634693126,225.839527718951,260.080477610714,-0.89493624886389,8.64620087643634,0.106104315528724,1
"722","PmetTSAr1.1-000566",617.042666448491,507.409657753431,926.829797753812,505.152382243277,574.630979958268,467.260930313221,501.402306437815,645.672147834173,-0.223861312194235,9.2124355115049,0.615648827792602,1
"723","PmetTSAr1.1-000567",393.137647582746,311.817320312567,257.749565203613,382.643861218085,357.442170209752,355.901975539275,266.699342067805,345.679450651071,-0.0212254084122273,8.38346654762765,0.96052587659539,1
"724","PmetTSAr1.1-000568",288.918403861703,574.015170077399,440.410832930922,282.481826414043,255.929613365015,634.256956169961,255.468131559607,45.7150600066721,-0.412611619877742,8.43965514059406,0.49728735969889,1
"725","PmetTSAr1.1-000569",301.8671278443,211.031489247983,568.174422213653,218.354824485576,499.807341394446,259.102518533438,141.2282813904,188.663080460972,-0.255129080038755,8.22190173472689,0.622838480179938,1
"726","PmetTSAr1.1-000570",135.107345721198,124.643634049767,263.471028676304,85.8115661643933,156.929383070595,120.82969604058,122.809934306993,108.725415161379,-0.257892625903022,7.12758184957815,0.567821819530788,1
"727","PmetTSAr1.1-000571",93.9232097209923,87.8455015152654,172.211322045782,57.666643352684,99.8740830075737,76.6988688250102,83.0397150074412,74.304664097532,-0.301707676378153,6.54287650230743,0.485775717530271,1
"728","PmetTSAr1.1-000572",90.8658721139902,87.4587790229868,175.284835481525,58.0902734232271,101.075630488161,80.317540114948,83.2702062678706,72.1250606173377,-0.289545280384765,6.54852205204938,0.505968590656555,1
"729","PmetTSAr1.1-000573",223.815097171422,156.265634764541,290.896225487549,266.304453095177,243.331570083709,232.499630378505,172.197925291736,187.162833909669,-0.166370166210283,7.79190079616402,0.698828928517338,1
"730","PmetTSAr1.1-000574",239.461471983727,256.159029308483,216.280776232128,186.079508486071,245.297738688306,235.100550368148,271.874918551993,222.461087673335,0.118338803165945,7.8713015110703,0.775812383846311,1
"731","PmetTSAr1.1-000575",113.301334847726,121.668845647625,127.527165172289,116.127593087636,119.244484815824,129.367498615277,132.762966007355,116.056808685669,0.0556269231759614,6.93155846277208,0.88731647549912,1
"732","PmetTSAr1.1-000576",114.65016026258,119.497250114061,129.418558055823,115.015564152461,120.628084944984,119.21825648178,126.728285734293,113.254461353991,0.00378259270827886,6.90523323805419,0.992512722812502,1
"733","PmetTSAr1.1-000577",131.600399642578,143.593036171414,144.549701124096,262.994843169059,125.325043278188,217.459527829701,148.666862976986,178.161354601854,-0.0280816839846426,7.40184778068856,0.949112018293232,1
"734","PmetTSAr1.1-000578",100.082845782158,85.1979398373586,104.168463060642,84.1170458822208,86.9119344291208,93.8027448438569,109.944331224841,91.1187480876021,0.0315102820713584,6.56191108542648,0.935309417653637,1
"735","PmetTSAr1.1-000579",266.482941127966,65.2668575430045,770.648030395981,537.533605760418,453.420326537847,346.431234272641,4.00216643109293,56.7546101011625,-0.930220272157159,8.28816178189783,0.305359289290093,1
"736","PmetTSAr1.1-000580",88.9775165331947,36.1139312020089,217.462896784337,204.454462795879,200.294323960869,204.228760925866,4.52601020479619,53.499358150223,-0.242008541446161,6.98001221981333,0.755207753688043,1
"737","PmetTSAr1.1-000581",142.211159572761,37.7203169391658,18.5356502586345,185.020433309713,47.2972780994671,5.54109041271728,1.11054880025092,261.467498007201,-0.281968503578403,6.45002130544673,0.782346635944419,1
"738","PmetTSAr1.1-000582",167.299312289044,558.962740762559,24.3989681975903,42.8131140042654,90.9170926977439,47.6081441582444,66.7376967697956,59.387118200618,-1.58413537672046,7.04800330378712,0.0287481929079489,1
"739","PmetTSAr1.1-000583",504.910313626972,221.919214799824,708.042925951001,357.64968705604,685.06411658312,361.95194160214,145.670476591403,177.595223827777,-0.387523839528282,8.62711116065203,0.48668061138355,1
"740","PmetTSAr1.1-000584",132.724420821622,108.103810533855,81.6136029244977,155.578143406966,126.016843342768,80.1479148982321,51.1061985624903,109.631224399902,-0.381879727483416,6.72345557326072,0.381949160837643,1
"741","PmetTSAr1.1-000585",233.52664015837,63.6009760378047,70.9745179546182,163.388822832605,297.182743531833,148.224168540187,32.8345277357205,64.3973755511944,0.0298540340949869,7.0694361351758,0.961698122031843,1
"742","PmetTSAr1.1-000586",51.3452874587713,26.2971294749389,45.8662774257026,125.500408398403,54.8342577504214,129.565394701445,19.0679133627988,39.1196364886816,-0.0379880060745998,5.9429032351642,0.946137762215903,1
"743","PmetTSAr1.1-000587",114.425356026771,25.9996506347247,24.6826771301204,27.1123245147605,48.8265203474868,12.4391825591612,8.23482412261529,27.2025836943727,-0.991315246042358,5.17556476353689,0.081589195722929,1
"744","PmetTSAr1.1-000588",90.5961070310194,22.9058706964966,18.5829350807228,22.3994399799681,40.7433827508112,9.49901213608677,7.04046031857185,21.8809544180542,-0.964831061394562,4.8695386617473,0.0873060279402162,1
"745","PmetTSAr1.1-000589",200.300574105802,211.358715972218,64.4964973285138,171.093594740608,227.820684425224,242.875039467623,140.054871337304,259.570959914045,0.427119666842018,7.56806925957286,0.366750785089983,1
"746","PmetTSAr1.1-000590",37.4074248386145,35.1619989133233,39.6719657321284,37.3059230872046,35.5730875313159,34.2642937765987,32.750712731928,46.4793365516753,-0.00457302226537937,5.22445237210698,0.988384479131211,1
"747","PmetTSAr1.1-000591",122.068700044277,116.522461711918,159.917268302811,92.4307860166298,134.973833652598,122.667302555001,127.587389523167,136.041225010567,0.0865896571682605,6.98393509479946,0.830369017895912,1
"748","PmetTSAr1.1-000592",314.366243355279,273.383054156887,392.274884044978,330.113732470736,371.20535044193,334.953261274869,249.286775029909,282.074658183583,-0.0822683082912132,8.31520488043256,0.847395033014802,1
"749","PmetTSAr1.1-000593",138.209644175362,71.3056779993536,369.436314976304,285.341329390209,280.033384036183,197.132772693253,72.3533020238946,104.168062430064,-0.402950754707863,7.56826241066224,0.475598470808039,1
"750","PmetTSAr1.1-000594",51.5700916945803,30.4320853539169,64.922060727309,42.3365301749043,62.6989321688086,48.3149158945604,25.521668654823,27.5988752362262,-0.205474171218709,5.46660373211263,0.585799513051321,1
"751","PmetTSAr1.1-000595",61.32659552869,47.9833369265571,95.846334373092,136.779559026614,46.1321411485949,55.8349671689624,13.9132906295587,57.1792081817199,-0.982688532094229,6.0095927051997,0.0409522556180123,1
"752","PmetTSAr1.1-000596",123.012877834674,113.041959281412,432.183273887549,219.678668456023,233.245853352722,240.358932086338,122.453720540875,129.134429566835,-0.292027087401863,7.65594435494091,0.568742024772547,1
"753","PmetTSAr1.1-000597",224.084862254392,136.513039774315,332.979717146183,492.920063956344,348.594411489067,524.792149649341,101.688553351277,172.952951480351,-0.0475936262282245,8.18920267311267,0.932282934040284,1
"754","PmetTSAr1.1-000598",243.013378909509,152.130678885563,313.025522224898,380.393326468324,299.00327001757,316.181403958317,134.083052317087,159.16766713159,-0.261007453214755,7.96392970445884,0.585704766011331,1
"755","PmetTSAr1.1-000599",161.274558769363,134.549679428901,257.418571448995,223.385431573276,157.584772605461,152.549611566441,46.8316333690717,153.846037855271,-0.604479439334378,7.33071056189238,0.207718963357741,1
"756","PmetTSAr1.1-000600",143.784789223424,124.822121353896,190.983396414859,147.264403272557,133.663054582867,134.371442508394,139.153860046535,139.69276850336,-0.150055948523415,7.17265950316007,0.710713994277834,1
"757","PmetTSAr1.1-000601",18.3440256420129,3.48050243050662,640.472915186745,529.855310731823,252.579844631257,320.648201331834,1.55057757016166,20.2108686345287,-1.00263597831915,7.80368744682031,0.404352531131886,1
"758","PmetTSAr1.1-000602",535.978259015773,129.790017985473,142.090890375501,127.936281304026,244.860812331729,121.847447340875,109.797654968204,158.856295205847,-0.558578047903599,7.61786516524063,0.302910392812097,1
"759","PmetTSAr1.1-000603",197.602923276094,140.766987189379,85.6328128020077,132.728596477045,118.916790048391,143.163682908165,181.228991950381,158.403390586586,0.112131560183816,7.17862910610916,0.794462016618298,1
"760","PmetTSAr1.1-000606",271.518556010087,113.101455049454,286.309597744979,580.479104161728,376.375645661425,290.426641886962,35.3489778494962,195.060358208035,-0.480096344239395,8.06948383604633,0.445091306056527,1
"761","PmetTSAr1.1-000607",297.955534141224,121.073887967196,287.066154898392,618.60581051061,402.846100764052,309.763916592568,37.0043241743985,213.063316823666,-0.460602781223262,8.15975390283694,0.465504036120903,1
"762","PmetTSAr1.1-000608",162.623384184217,135.709846905737,212.119711888353,159.999782268259,187.659870149849,169.512133238025,122.579443046563,131.455565740548,-0.133461824244476,7.32427227224696,0.749606792047702,1
"763","PmetTSAr1.1-000609",120.989639712394,120.687165474918,198.879961703614,134.634931794489,132.716380810283,107.429303920029,117.57149656996,138.305748106873,-0.213576834142625,7.06561000514451,0.603792490770857,1
"764","PmetTSAr1.1-000610",78.996208463276,69.6695443781752,62.3686803345379,77.3124878741217,71.1825855923466,67.8218158168814,72.9190532994942,76.1728956519842,-0.00129064896159575,6.17228744876656,0.997578692277613,1
"765","PmetTSAr1.1-000611",301.912088691462,177.684111259966,560.088717636544,257.672990407861,390.830625958183,272.0788476122,168.070036354955,231.915471600411,-0.287551835917479,8.20492153797315,0.554880872935694,1
"766","PmetTSAr1.1-000612",172.874457337106,228.31500986443,86.2475154891563,136.329452076662,173.496174090809,145.566706811639,280.403095187882,204.061837515851,0.365302679784268,7.4796676555257,0.421960495643503,1
"767","PmetTSAr1.1-000614",298.315220918518,207.818717773669,122.89325260763,472.056282982095,426.694997727217,420.359557891292,111.264417534573,210.062823721061,0.0854988184486536,8.14846263463751,0.874453476207435,1
"768","PmetTSAr1.1-000615",442.594579460722,404.273743851153,463.864104686745,397.735682481184,418.029291655105,347.646881659104,420.437012774239,396.942592243692,-0.109978820926362,8.68474295611379,0.794479970878975,1
"769","PmetTSAr1.1-000616",92.7542276947856,70.9487033910965,135.754724215662,90.5774044580036,113.637263239751,87.1590905224867,47.6697834069969,57.6604193396848,-0.349505526652671,6.44403128469481,0.417500352494694,1
"770","PmetTSAr1.1-000617",301.777206149976,327.524203075879,328.440374225702,209.405639245352,313.713124022331,265.830985463166,323.672590895772,271.006801550389,0.00874776596522635,8.19342486241094,0.983686495531566,1
"771","PmetTSAr1.1-000618",178.089915607875,188.125618551486,204.601425176304,148.297001569505,154.489877579707,157.751451545727,149.064984245,189.568889699494,-0.14380310929665,7.42042716835068,0.724895666469646,1
"772","PmetTSAr1.1-000619",76.118714244921,62.3218170248835,92.4891120048189,76.9682884418054,89.0965662120062,80.9112283734534,73.0866833070792,82.4852537829365,0.0806204695276573,6.30820236321522,0.832373244636827,1
"773","PmetTSAr1.1-000620",7.73326571182895,7.46671888937745,11.4429269453815,11.6233500605272,9.83084302298392,9.41419952772885,9.65967918708816,9.05809238522295,-0.0116439749897362,3.26151949193661,0.971856800618808,1
"774","PmetTSAr1.1-000621",232.717344909457,167.778065880832,255.952741964256,158.940707091902,233.792011298444,183.506213617081,154.575820744359,161.658642537526,-0.152586884127312,7.59741700485133,0.719675046751834,1
"775","PmetTSAr1.1-000622",16.3657483668938,24.3932648975678,9.40967959558229,15.3301131777796,11.3600852710036,23.3800090373326,26.3179111908519,21.2015974891625,0.328162004833518,4.21306998180944,0.358342301866881,1
"776","PmetTSAr1.1-000623",290.267229276556,296.943378301855,370.760289994778,228.760238093292,312.001829125738,295.374044041174,320.278083242175,282.697402035068,0.0284679015068177,8.227340228619,0.946501980838697,1
"777","PmetTSAr1.1-000624",296.247021949075,250.328444040284,163.605484425702,201.197806628579,210.380040691856,179.180770590827,253.372756464794,242.87010207879,-0.041049385680462,7.81192072837138,0.923702210510674,1
"778","PmetTSAr1.1-000625",28.9547855721968,34.9537637251733,20.0487645654618,16.601003389409,30.9853607872567,23.8323429485748,37.8215204613756,26.7779856138153,0.24812366307802,4.78465063294434,0.448097822968521,1
"779","PmetTSAr1.1-000626",149.539777660134,140.915726609486,142.611023418473,123.143966131007,144.877497735011,142.965786821996,127.734065779804,158.43169712529,0.0454603377290406,7.14299205314727,0.909399499457029,1
"780","PmetTSAr1.1-000627",242.114161966273,230.546101166037,228.101981754216,197.861719823052,256.621413429595,242.422705556381,249.768711301716,239.331784740813,0.137018661166892,7.88207496853881,0.739295419626769,1
"781","PmetTSAr1.1-000628",369.038633504023,379.55325222935,366.882934583533,296.408664983148,423.27240793403,349.993363823673,371.21665179708,373.81615012267,0.104838777407462,8.5170098557494,0.803270983846248,1
"782","PmetTSAr1.1-000629",169.322550411325,113.458429657712,267.726662664256,129.922047259697,233.500727060726,161.624560660738,109.902423722944,101.98845894987,-0.164669890510916,7.33068464015319,0.723087604054875,1
"783","PmetTSAr1.1-000630",518.398567775511,494.945294348454,652.341405530921,223.78258476441,510.293573952295,345.441753841798,437.241921034639,322.977606610606,-0.22556141427657,8.77552938565865,0.630412257660392,1
"784","PmetTSAr1.1-000631",367.824690630655,175.066297466081,303.473988163051,699.148477672623,400.479416332593,437.633059126855,50.5194935359426,385.110459065494,-0.27905596340241,8.46133850372747,0.645559147875277,1
"785","PmetTSAr1.1-000632",235.28011319768,377.024682087529,210.228319004818,189.177303376918,225.854515820627,305.975620085914,328.722444874271,275.90383274615,0.167738181976692,8.06925986821417,0.702158197549478,1
"786","PmetTSAr1.1-000633",278.802213250298,254.85012241154,233.776160404818,205.43410733401,231.38891633727,247.002586407709,240.381430876953,224.838836924456,-0.0440204968439574,7.90459543702025,0.915396325984324,1
"787","PmetTSAr1.1-000634",418.135878604705,276.536329863158,658.772141334937,627.237273197926,369.74892925334,440.233979116498,75.7478096774918,414.634178933581,-0.60709465238834,8.68010504022292,0.267204918630356,1
"788","PmetTSAr1.1-000635",305.329113075758,247.026428913906,597.25458779799,515.213596418676,463.433222209405,470.2576424752,263.158158157571,358.049408064641,-0.0985539992009846,8.65291409399505,0.833437591372563,1
"789","PmetTSAr1.1-000636",228.625907817734,243.99214474372,275.670512775099,157.563909362636,252.288560393539,226.110413882208,258.359749190449,217.90373494202,0.0757609687423302,7.86184506930325,0.858019261438609,1
"790","PmetTSAr1.1-000638",152.372311031327,147.371017442135,175.710398880321,108.158052385544,164.102257424402,134.54106772511,141.752125164103,130.521449963322,-0.0316681380587632,7.17363855546938,0.938319814186046,1
"791","PmetTSAr1.1-000639",122.877995293189,91.0582729895792,72.7240563718873,124.467810101454,101.803841082456,99.7961691678164,89.3887015447247,98.7049004602263,-0.077334402068313,6.64623558215093,0.846617132574961,1
"792","PmetTSAr1.1-000640",123.867133930749,92.4564235385861,70.8799483104415,122.164321592876,98.1263775812655,106.270198272471,89.4934702994654,98.1104631474461,-0.0626207252147818,6.64722539039847,0.875919348194541,1
"793","PmetTSAr1.1-000641",457.296776482629,438.692045663941,396.057669812047,300.168381859219,394.617321048518,323.984163927245,362.227492640332,400.565829197781,-0.104066159497921,8.58593106433459,0.80757277241484,1
"794","PmetTSAr1.1-000642",261.042678621389,220.283081178645,275.623227953011,235.803088016071,223.014494502876,269.308302405841,243.000649745469,213.742673752558,-0.0648919775087332,7.92354002699797,0.875755889328165,1
"795","PmetTSAr1.1-000643",76.8380877995098,241.463574601899,3.49907683453814,13.3708241015176,8.26519024524945,12.9197873398561,46.4754196029535,336.621358265848,0.270395295773513,6.53157463049039,0.795265632368695,1
"796","PmetTSAr1.1-000644",442.954266238016,337.430248455014,707.333653619676,582.67668515267,495.256025180101,657.297714773861,451.616194185057,412.48288199209,-0.0379314642823108,8.99700354591482,0.933212819129917,1
"797","PmetTSAr1.1-000645",157.273043371963,106.884147288977,1077.19553199478,112.473783729202,140.763107877244,155.602865467326,61.1430452666448,235.821773941539,-1.29288348046986,7.99945507213349,0.0660651721941419,1
"798","PmetTSAr1.1-000646",169.502393799972,112.119774876747,1022.77070177108,120.099124998978,149.028298122493,155.43324025061,63.3641428671466,244.766640171946,-1.21738599668307,7.99235288689435,0.0749198197542724,1
"799","PmetTSAr1.1-000647",641.321523915861,501.370837297082,620.849714020078,521.91224690914,677.599957991596,591.794110252096,486.567050766538,508.866646278603,-0.0130759299624686,9.15188054326566,0.975822173421753,1
"800","PmetTSAr1.1-000648",239.776197913859,173.459911728924,844.743346608431,144.140131502301,346.591832354755,191.054535760936,188.75138854076,191.267282021723,-0.611515460023327,8.1799048119096,0.281752285803889,1
"801","PmetTSAr1.1-000649",367.554925547684,55.9260219602773,118.401194509237,140.962905973227,199.820987074577,152.125548524652,37.5910292009461,80.8434745381148,-0.537730887561948,7.17179339327027,0.369424433153298,1
"802","PmetTSAr1.1-000650",356.134870368588,337.757475179249,299.502063107629,344.411247351567,322.633703802446,289.465432325573,273.153097359829,280.12150701302,-0.19908941639749,8.2898175996407,0.634148390375731,1
"803","PmetTSAr1.1-000651",95.1371525943608,105.188517899756,124.737360669076,127.08902116294,118.807558459246,128.264934706624,137.959496242491,125.624418767561,0.175539767863823,6.91188790687145,0.657139796748194,1
"804","PmetTSAr1.1-000652",89.1573599218419,75.3811381102887,30.3568557807228,140.856998455592,58.2204370138937,69.4332553756819,42.0960856547942,108.046058232487,-0.273637889526221,6.26234263163244,0.571958542219435,1
"805","PmetTSAr1.1-000653",169.322550411325,115.897756147468,204.223146599598,147.793940860735,148.664192825346,166.402337598234,144.098945270293,151.609821297669,-0.0611051145118634,7.28592248236883,0.882541783461079,1
"806","PmetTSAr1.1-000654",175.347303931005,155.164963055748,85.0181101148591,150.044475610496,115.275737076915,100.531211773585,59.1524389265724,188.776306615787,-0.286506405030458,7.00812200130004,0.534580505242962,1
"807","PmetTSAr1.1-000655",188.116184524955,178.487304128545,85.2545342253009,157.299140568547,126.089664402197,102.284005679649,65.3757029581672,205.958375609007,-0.285820074223892,7.11548734735742,0.542196638130024,1
"808","PmetTSAr1.1-000656",257.221006612636,246.818193725756,128.992994657028,227.648209158116,192.975807488203,141.637055957722,86.9790201856897,277.545611990972,-0.299973341626308,7.60759537901228,0.525991684810794,1
"809","PmetTSAr1.1-000657",214.822927739062,148.977403179292,311.84340167269,173.370606369777,275.95540470813,180.509501455101,106.696499827881,117.47213562086,-0.318909876989986,7.57930138584631,0.496060158033842,1
"810","PmetTSAr1.1-000658",1421.12245709006,535.789139109869,1172.0961699261,938.658328805947,1478.92289595393,944.840727976655,771.726647419646,640.124066248224,-0.0847388173221863,9.94830371118438,0.861311179096508,1
"811","PmetTSAr1.1-000659",205.201306446438,182.860243079694,215.382364612449,270.99086075056,180.232122088039,176.042704081584,209.307018220876,194.35269474044,-0.20247829579565,7.67495662305935,0.624667110663146,1
"812","PmetTSAr1.1-000660",140.862334157908,130.444471433945,149.278183332931,97.3554855866937,140.763107877244,140.22351248509,133.580162294332,149.968042052847,0.124353709571284,7.08073764464745,0.757773438293535,1
"813","PmetTSAr1.1-000661",447.720116037167,309.169758634661,1262.6466042253,293.999268956934,528.243965101669,339.759309081818,342.551920500037,375.231477057861,-0.544864400123425,8.9291013533345,0.30436075161737,1
"814","PmetTSAr1.1-000662",130.746143546503,34.864520073109,32.2955334863453,444.202605843884,118.152168924381,190.517389241336,8.1091016169265,46.0264319324141,-0.823737012573069,6.9736963536171,0.317526709439314,1
"815","PmetTSAr1.1-000663",133.17402929324,152.07118311752,231.128210367871,258.837973101854,174.87977421997,369.5568054849,418.0692389171,309.956598806848,0.714960888250947,8.00020860563763,0.122402727472683,1
"816","PmetTSAr1.1-000664",60.2025743496451,55.836778308213,55.0868177329315,79.2188231915658,61.1332793910741,68.1327953808605,79.9804673690141,60.4627666713632,0.107408839941356,6.02402185221665,0.767079725865006,1
"817","PmetTSAr1.1-000665",147.336696149206,146.984294949856,153.864811075501,152.612732913164,147.3170032259,182.431920577881,159.018015945362,152.911922078045,0.0949779770046447,7.27958824988324,0.813199805017181,1
"818","PmetTSAr1.1-000666",8.45263926641769,6.5445344847133,7.89656528875499,8.39317077263582,6.73594799722972,9.89480430842372,8.15100911882277,8.57688122725798,0.0938574911675111,3.0256249747626,0.75187672394772,1
"819","PmetTSAr1.1-000667",387.067933215904,308.783036142382,458.946483189556,257.540606010816,343.606168918145,324.917102619182,310.13646778328,292.321625194367,-0.152102098683775,8.3900244212333,0.723941072471224,1
"820","PmetTSAr1.1-000668",116.448594149052,69.2530740018753,203.561159090361,97.4084393455116,154.999624995713,108.588409567587,62.6517153349102,53.8390366146689,-0.356608641011447,6.75999030532292,0.4596874853919,1
"821","PmetTSAr1.1-000669",131.42055625393,144.75320364825,267.632093020079,95.8198265809748,162.536604646668,117.352379097905,129.137967093328,121.180292191061,-0.270568873852956,7.19254127270031,0.543799001303133,1
"822","PmetTSAr1.1-000670",52.6941128736252,27.9630109801387,35.0380531674697,100.638618633403,61.5702057476512,59.1709297643738,20.0317859064128,31.7882429643918,-0.326758292340454,5.60505659632096,0.473737457793674,1
"823","PmetTSAr1.1-000671",178.674406620978,155.581433432048,205.263412685541,159.364337162445,179.32185884517,137.226800323111,139.866287578771,164.630829101427,-0.17032958731728,7.36671790296723,0.67655958773859,1
"824","PmetTSAr1.1-000672",230.064654926911,204.933173023591,173.346157775903,171.331886655288,207.212324606672,211.268207419573,183.722488313208,236.048226251169,0.104511261800943,7.660363557534,0.800312662850465,1
"825","PmetTSAr1.1-000673",204.302089503202,200.94695656472,83.3158565196784,571.768210836185,315.096724151492,722.433797992742,10.8749967420797,302.285526818112,0.349117619244621,8.23578548823349,0.657258681149215,1
"826","PmetTSAr1.1-000674",39.8353105853515,5.8008373841777,1711.61598995421,873.233959786441,409.217943464134,513.709968823907,11.0007192477685,22.1357132663886,-1.46014521505355,8.80845394462707,0.218287994726324,1
"827","PmetTSAr1.1-000675",89.1573599218419,66.3972771358186,56.221653463052,69.5812390867096,123.795801030168,59.1709297643738,48.486979693974,89.1089838396308,0.188014506652031,6.23449618718624,0.65552011225263,1
"828","PmetTSAr1.1-000676",595.056812186373,403.024332722254,401.259000241766,462.895282706599,783.591009991248,437.68960086576,301.817828656872,598.032243195641,0.187780021049145,8.95993123723668,0.685509317761235,1
"829","PmetTSAr1.1-000677",358.607716962487,811.879250712706,255.669033031726,181.763777142413,295.944785521531,170.953947580109,195.938525115968,264.241538800176,-0.79446507101096,8.30803217962474,0.123883024758233,1
"830","PmetTSAr1.1-000678",12.8138414411119,5.62235008004915,7.80199564457828,7.38704935509588,15.0739593019087,3.59040042048518,3.12210889127144,4.38751349909237,-0.363633316847215,2.90956853063584,0.4348766562718,1
"831","PmetTSAr1.1-000679",461.882782893133,474.002783997372,399.935025223292,326.698215026982,414.897986099636,374.16495720568,437.137152279899,402.066075749084,-0.0300231591950187,8.68442549784028,0.943887849411883,1
"832","PmetTSAr1.1-000680",277.902996307062,236.25769489815,317.895858899999,276.656912944075,287.716005805996,263.597586776408,241.827239692374,266.732514206112,-0.0649840853551541,8.08284235784099,0.875795858871819,1
"833","PmetTSAr1.1-000681",182.181352699598,51.7018224292351,228.338405864658,320.131948933564,144.076466081287,71.9493627569668,12.1322217989676,44.2714265327772,-1.52209277662996,7.0431558797167,0.020224498790734,1
"834","PmetTSAr1.1-000682",133.983324542153,117.920612260925,125.068354423694,117.080760746358,127.764548769076,127.303725145234,114.805601444807,132.304761901663,0.0235523314047909,6.96102498793269,0.952323194342311,1
"835","PmetTSAr1.1-000683",169.277589564163,132.497075431423,131.688229516064,128.386388253978,142.80209754127,135.445735547594,138.210941253869,147.109081643761,0.00444072891178017,7.13684947343639,0.991348677945352,1
"836","PmetTSAr1.1-000684",160.015655048833,164.862773246732,150.885867283935,145.305114196295,162.973531003245,128.660726878961,188.562804782226,175.500539963695,0.0782928484544231,7.31885042722914,0.847711561301566,1
"837","PmetTSAr1.1-000685",468.536988273078,510.74142076383,433.318109617669,534.171042075482,475.266644366701,548.76584694518,514.309817021863,513.537225164734,0.0758552229363017,8.96548471556286,0.858468512183525,1
"838","PmetTSAr1.1-000686",62.225812471926,73.8342481411746,125.824911577108,68.1514875986265,55.3804156961428,68.6134001615553,44.1285994967628,94.0909346515034,-0.331747458486291,6.21104640645737,0.430645274353011,1
"839","PmetTSAr1.1-000687",129.307396437326,116.849688436154,125.210208889959,94.6548438869812,118.880379518676,113.026936071652,114.554156433429,97.006508137997,-0.0714980677720526,6.82963532550901,0.855855684678485,1
"840","PmetTSAr1.1-000688",34.2152046901269,28.4687250085029,31.0661281120481,41.2245012397286,36.3741191850405,41.3885528786638,37.0462316762947,34.7321229895893,0.147614577382914,5.15499119368001,0.619815118590523,1
"841","PmetTSAr1.1-000689",373.444796525879,430.749360630221,479.562665620079,261.538614801567,384.568014847245,326.782980003057,438.373423585838,358.502312683902,-0.0349987095171064,8.57647550117438,0.935904793980929,1
"842","PmetTSAr1.1-000690",472.133856046022,382.171066023235,432.466982820079,287.274141587062,394.872194756521,231.821129511641,241.010043405397,328.808753583593,-0.395636515644705,8.43615979869689,0.369129373831404,1
"843","PmetTSAr1.1-000691",485.936836124694,251.369619981034,489.208769326103,457.09684611604,439.875609483958,414.705384000764,205.723926808745,277.149320449118,-0.332074668957485,8.56102597901419,0.472831398593201,1
"844","PmetTSAr1.1-000692",78.8163650746288,74.1912227494317,71.1636572429716,57.9843659055913,73.8769647912384,73.0519266656197,72.4580707786353,86.7878476659174,0.117950984863471,6.20166582231296,0.753191245173135,1
"845","PmetTSAr1.1-000694",63.5746378867799,60.8046749397909,60.4772874510038,47.7642904537382,61.3153320396479,56.7113641219942,56.8894338241743,56.3866250980129,-0.00807435403086389,5.85919105549925,0.98086552448093,1
"846","PmetTSAr1.1-000695",71.1280602099616,67.8549234528684,69.6505429361443,60.2613775347606,68.0876905665924,68.1327953808605,65.2499804524784,70.1436029080702,0.0145800124590311,6.07944546962498,0.968701108438326,1
"847","PmetTSAr1.1-000696",60.4723394326159,54.2303925710561,53.8574123586343,42.0452845014059,54.3609208641296,46.0815172078019,46.7059108633829,49.4515231155765,-0.0991307523231678,5.67119893621667,0.755816789707386,1
"848","PmetTSAr1.1-000697",240.135884691154,171.407307731446,300.63689883775,177.765768351662,266.452256452579,212.342500458773,172.176971540788,152.345791303968,-0.147709279266282,7.72592197239604,0.734922159200518,1
"849","PmetTSAr1.1-000698",147.786304620824,106.556920564741,160.862964744578,174.244343390272,130.750212205686,176.240600167753,116.523809022554,135.333561542972,-0.0769074248582821,7.16587394767433,0.852727824445233,1
"850","PmetTSAr1.1-000699",131.060869476636,124.554390397703,106.910982741767,136.355928956071,121.756811366142,143.389849863786,150.573654313266,141.787452367443,0.16027681992804,7.04565329975777,0.687154543257101,1
"851","PmetTSAr1.1-000700",62.0909299304406,62.1433297207549,104.688596103614,89.8095749551442,75.9887755146943,73.5608023157672,63.5527266256798,73.3988548590097,-0.153789001275445,6.24243138162004,0.693143659354739,1
"852","PmetTSAr1.1-000701",15.3766097293343,15.7366306473333,9.74067335020077,13.0531015486103,12.9985591081676,12.6088077758771,15.0447931807577,14.9458524356179,0.0440696454086444,3.78171299650986,0.882976070605159,1
"853","PmetTSAr1.1-000702",768.830486466715,217.367788544546,327.069114385139,109.932003305943,359.990907289785,96.2340396167838,104.223957216001,114.075350976402,-1.07719825686832,8.03471529722188,0.0800326785513104,1
"854","PmetTSAr1.1-000703",95.6766827603024,78.8021447727524,115.469535539759,88.4857309846969,112.581357878023,92.7849935435619,76.0830696926619,70.341748678997,-0.105299436234474,6.51303835483235,0.790653023374981,1
"855","PmetTSAr1.1-000704",194.950233293548,129.254556073088,926.782512931723,270.355415644746,531.448091716568,352.31157511879,147.367730418202,140.938256206328,-0.376273628178995,8.39534237254394,0.550728419488684,1
"856","PmetTSAr1.1-000705",117.167967703641,65.0883702388759,91.8744093176703,299.109306682861,123.43169573302,166.967754987287,40.7550455941138,71.7570756141881,-0.508848883254227,6.93172740621936,0.355945708132996,1
"857","PmetTSAr1.1-000706",20.6819896944263,6.39579506460618,60.7609963835339,18.9044918979873,43.437761949703,16.764625585415,0.880057539821481,5.83114697298727,-0.673944685552471,4.44125838028107,0.380683976735553,1
"858","PmetTSAr1.1-000707",16.8603176856736,11.571926884334,44.1640238305219,20.4931046625241,17.0401279065055,18.2629816664049,16.7630007585044,13.6437516552421,-0.501069741550957,4.31418313764515,0.185868056257753,1
"859","PmetTSAr1.1-000708",233.211914228237,240.243911357021,206.44553323775,212.556387895017,221.303199606283,274.594954993485,287.883584276365,249.97504329345,0.212050157886135,7.91194875068803,0.608874602536366,1
"860","PmetTSAr1.1-000709",233.436718464046,239.113491764207,182.33027397269,193.969618549937,213.584167306754,232.301734292336,243.77593853055,223.423509989265,0.105241051086586,7.78336523181736,0.798721076853825,1
"861","PmetTSAr1.1-000710",279.206860874755,284.776493737093,308.344324838151,468.40247362366,260.845034876507,387.98941236802,267.726075864263,215.752438000529,-0.243771759094889,8.27237098828395,0.58176072530374,1
"862","PmetTSAr1.1-000711",316.479403171884,268.891123669652,478.285975423693,428.395908836743,370.331497728776,338.147869523018,281.911765256148,304.804808762752,-0.204127088712053,8.44485395190417,0.638505285118666,1
"863","PmetTSAr1.1-000712",31.8322797905517,24.9584746939748,61.1865597823291,29.4687667821567,42.7823724148374,35.02760725182,31.4934876750401,31.8731625805033,-0.0620255235495939,5.1749931291404,0.856701432348173,1
"864","PmetTSAr1.1-000713",201.874203756465,208.383927570076,213.06540833012,175.276941687221,206.302061363803,199.959859638517,219.993431204422,196.022780523965,0.0421770680880438,7.66299237861515,0.917758540052022,1
"865","PmetTSAr1.1-000714",41.4089402360143,42.1230037743365,28.4181780751003,40.3772410986423,33.8982031644372,43.5371389570644,42.4103919190161,43.3373107555511,0.0991203751491662,5.30399331707624,0.746426596101322,1
"866","PmetTSAr1.1-000715",38.9360936421155,42.0635080062937,25.0136708847389,41.3304087573644,32.9879399215683,41.9539702677166,42.8504206889269,40.5915765012803,0.103879742017281,5.25870505017617,0.739276202156787,1
"867","PmetTSAr1.1-000716",71.8024729173886,78.8913884248167,52.202443585542,68.4956870309428,60.550710915638,63.8356232240593,67.1777255397064,72.1816736947454,-0.0413224532203664,6.06515990822142,0.912369383796265,1
"868","PmetTSAr1.1-000717",336.936588630501,326.245044062958,306.07465337791,258.758542463627,325.655777768771,291.8967270985,315.144414259883,317.372911947249,0.025692147297988,8.27528719234659,0.951150378444015,1
"869","PmetTSAr1.1-000718",341.072986569386,236.168451246086,624.490645320881,357.623210176631,554.9692939123,385.049241944946,201.7427141286,232.821280838934,-0.181954923110816,8.51879368494019,0.7124499762,1
"870","PmetTSAr1.1-000719",5.35034081225375,6.4255429486276,7.84928046666664,8.10192509913741,6.26261111093791,7.8593017078337,5.4270214955658,7.52953929521658,-0.0357370865026478,2.78920402968964,0.910572131785251,1
"871","PmetTSAr1.1-000720",619.065904570772,290.012121324864,1130.10724791164,532.820721225625,858.4874696145,580.061699429251,158.892293439674,235.340562783574,-0.48886127523924,9.10494147502685,0.40169148062432,1
"872","PmetTSAr1.1-000721",2016.13430842927,900.022231068186,1628.91483612168,2575.61787514343,1486.42346507517,1095.8354417232,345.296861874243,940.597974589292,-0.880382850521935,10.4238011069996,0.0961731450814176,1
"873","PmetTSAr1.1-000722",36.8678946726729,41.528046093908,70.7853786662648,46.7316921567893,42.3818565879751,44.978953299149,44.2962295043479,39.6291541853504,-0.193452670305863,5.52215915465632,0.551332034863289,1
"874","PmetTSAr1.1-000724",150.978524769312,136.18581305008,120.008878460241,99.3942053011825,137.923086559493,151.758027221767,135.864121147678,158.261857893067,0.204780494420298,7.09125608614009,0.612041437955745,1
"875","PmetTSAr1.1-000725",88.6627906030622,51.5828308931494,295.435568408031,186.556092315432,187.623459620134,118.313588659295,43.3742644626301,43.9883611457389,-0.661881933297465,6.98843752823513,0.267070273496408,1
"876","PmetTSAr1.1-000726",97.1154298694799,54.081653150949,293.875169279115,200.006347055177,196.216344632816,114.751459108263,47.1040321313974,51.602820057067,-0.655049905206276,7.04309867706968,0.259897468378734,1
"877","PmetTSAr1.1-000727",78.321795755849,47.0016567538501,256.472875007228,168.948967508483,172.549500318225,111.330683904493,41.257935616869,44.3563461488886,-0.575884438730426,6.84634342376836,0.323630672483998,1
"878","PmetTSAr1.1-000728",86.2349048563252,50.154932460121,258.364267890762,184.040788771582,178.921343018307,107.457574789482,45.1762870441694,48.8570858027963,-0.6055500164829,6.90616875641742,0.288991040300565,1
"879","PmetTSAr1.1-000729",135.871680122948,133.121780995873,117.833776644176,114.856702876007,120.700906004414,150.655463313114,147.765851686216,166.159382191433,0.222379088435803,7.08677957473212,0.578909355506702,1
"880","PmetTSAr1.1-000730",298.270260071356,129.909009521559,302.859285475902,804.367596443773,423.126765815171,423.949958311777,94.7109542855499,155.31797786787,-0.48497616282968,8.362489283765,0.424627863461124,1
"881","PmetTSAr1.1-000731",133.66859861202,52.2075364575993,143.509435038152,438.430646132734,193.33991278535,194.644936181421,20.073693408309,60.5193797487708,-0.712590496521235,7.2724913157595,0.299706891130682,1
"882","PmetTSAr1.1-000732",57.594845214261,43.6103979754077,53.006285561044,106.066378912237,77.0446808764221,79.3563305535582,43.4371257154745,43.5354565264778,-0.0972754326389066,5.97773066593292,0.813411446942836,1
"883","PmetTSAr1.1-000733",71.712551223065,79.3078588011166,103.790184483935,73.0761871686904,81.3411233827633,86.5654022639812,88.6553202615402,81.0133137703378,0.0421277275017356,6.3792459310994,0.912787164661607,1
"884","PmetTSAr1.1-000734",98.3743335900101,94.2412965798715,112.396022104016,69.2635165338022,95.8689247389506,85.4345674858757,88.1105227368888,82.2304949346021,-0.0898606063125582,6.5045369791045,0.817698555711086,1
"885","PmetTSAr1.1-000735",173.638791738857,171.347811963403,134.998167062248,149.912091213451,133.990749350299,213.756043931405,208.46886818295,193.078900498768,0.250437724116762,7.43017575632297,0.546660097767546,1
"886","PmetTSAr1.1-000736",259.55897066505,174.530835553695,730.455931620881,144.219562140528,331.00812563684,168.805361501709,137.435652468788,159.818717521777,-0.715391347980926,8.04031073976432,0.196979708666207,1
"887","PmetTSAr1.1-000737",49.8166186552702,38.0772915474228,118.212055220883,34.9230039403995,61.3517425693626,42.858638090201,37.1719541819835,37.9873749405287,-0.4258824256757,5.7166236329091,0.30979845759444,1
"888","PmetTSAr1.1-000738",41.5438227774997,42.3312389624865,40.0502443088352,58.0373196644092,41.1803091073882,45.3464746020333,17.6221045473778,52.9615339148504,-0.212447079779165,5.40747636509222,0.557824530255837,1
"889","PmetTSAr1.1-000739",14.117706008804,11.3041959281412,11.0646483686747,17.07758721877,12.3795801030168,15.3228112433304,5.59465150315084,15.6535159032134,-0.131660862357316,3.68635397582401,0.71033691252334,1
"890","PmetTSAr1.1-000740",13.6680975371861,12.1966324487839,17.1171055959839,16.1508964394569,13.1077906973119,12.7501621231403,4.75650146522562,16.8990036061816,-0.316557692211402,3.74234355400543,0.383577983800799,1
"891","PmetTSAr1.1-000741",6.60924453278405,6.84201332492754,6.47802062610439,8.18135573736425,6.51748481894119,6.30440388793854,2.17919009860557,8.15228314670065,-0.283697654120343,2.69255793463468,0.437544356802652,1
"892","PmetTSAr1.1-000742",3.77671116159088,3.56974608257089,3.35722236827308,5.63957531410546,4.04156879833783,3.84483824555893,1.55057757016166,4.6988854248344,-0.21830829749981,1.95228091097277,0.539657821762158,1
"893","PmetTSAr1.1-000743",45.230612244767,61.1021537800051,57.7347677698793,62.8031579580194,43.9839198954244,60.1886810646689,81.8034437015015,80.503796073669,0.2321741940086,5.94812998889722,0.526752646394654,1
"894","PmetTSAr1.1-000744",364.497587940682,226.64912835923,727.004139608431,298.950445406407,289.099605935157,225.969059534945,186.027400917503,235.651934709316,-0.787636242978415,8.31861458031052,0.100188808043828,1
"895","PmetTSAr1.1-000745",416.832014037013,327.613446727944,429.488039028512,347.032458413053,389.447025829022,427.257650037736,377.60754583626,383.242227511042,0.0527227838929222,8.59757996936521,0.900724882149268,1
"896","PmetTSAr1.1-000746",138.434448411171,113.398933889669,148.710765467871,114.009442734921,133.699465112581,142.400369432944,128.844614580054,125.511192612745,0.0439840061357007,7.02993703124992,0.912196503639499,1
"897","PmetTSAr1.1-000747",325.606455145728,249.19802444747,111.40304084016,168.128184246806,214.16673578219,234.789570804169,267.893705871848,286.264025911749,0.231621428425403,7.85951359762155,0.612783099520075,1
"898","PmetTSAr1.1-000748",167.479155677691,36.3519142741802,240.63245960763,226.589133981758,195.961470924813,79.3280596841056,1.08959504930279,34.6755099121816,-1.10933308687029,6.94008830383835,0.20158325711231,1
"899","PmetTSAr1.1-000749",211.76559013206,196.544269729549,129.702266988353,208.690763501311,147.608287463618,170.64296801613,186.802689702583,200.636746332688,-0.0815179752582675,7.50473769775722,0.845443280213912,1
"900","PmetTSAr1.1-000750",211.990394367869,192.349818082528,134.147040264658,211.206067045161,154.74475128771,170.162363235435,197.070027667167,194.041322814698,-0.06631964633996,7.51790164957898,0.873550964180217,1
"901","PmetTSAr1.1-000751",301.777206149976,176.761926855302,345.746619110039,315.260203122318,317.099303285804,359.718542915381,156.46165832969,274.431892733552,-0.0408777190571085,8.13422095284107,0.928622246647448,1
"902","PmetTSAr1.1-000752",316.119716394589,251.369619981034,361.20875593293,224.047353558499,334.212252251739,249.829673352973,241.324349669619,216.658247239051,-0.145657686404078,8.10012076605694,0.734810548012351,1
"903","PmetTSAr1.1-000754",48.7375583233871,46.7041779136358,63.2198071321283,44.45468052762,55.3075946367133,54.1669858712567,56.994202578915,49.2816838833536,0.0873612725006112,5.71196859201634,0.786455226660192,1
"904","PmetTSAr1.1-000755",39.4756238080571,39.3564505603441,45.8189926036143,33.9168825228596,46.4598359160277,38.1939446305156,40.3150168242031,38.6950384081243,0.0458389965477397,5.33402708092232,0.879393223623769,1
"905","PmetTSAr1.1-000756",28.7749421835496,28.3497334724172,38.4425603578312,29.4952436615656,35.0997506450241,35.649566379778,40.0426180618774,36.1191433860765,0.232812116630065,5.08996888125961,0.427675613620728,1
"906","PmetTSAr1.1-000757",64.6087373715012,70.0562668704538,54.2829757574295,52.74194378262,62.0799531636577,67.539107122355,59.2781614322612,70.9927990691849,0.104707759645722,5.9717741986041,0.76354694041957,1
"907","PmetTSAr1.1-000758",17.9843388647185,17.4025121525331,15.6985609333333,13.8209310514697,17.4406437333678,16.9625216715835,16.4696482452306,19.531511705637,0.117621708640073,4.0853175574093,0.680720822369513,1
"908","PmetTSAr1.1-000759",27.6509210045047,25.6426760264676,21.9401574489959,22.2405787035145,26.7617393403451,28.8080159722393,27.302737485414,31.4202579612421,0.229749948845926,4.72979585795934,0.419232852440486,1
"909","PmetTSAr1.1-000760",186.812319957263,167.569830692682,235.147420245381,171.623132328787,198.728671183134,165.49766977575,171.841711525618,159.082747515478,-0.130823958072139,7.50852909603002,0.750147528984943,1
"910","PmetTSAr1.1-000761",135.242228262683,108.312045722005,521.646157278713,143.213440722988,220.90268377942,150.485838096398,155.581600789869,161.205737918265,-0.400480852613212,7.64103586344096,0.447640630116454,1
"911","PmetTSAr1.1-000762",158.127299468037,145.556396516828,145.731821676305,127.062544283531,169.891531649048,211.183394811215,207.714533148818,168.112533361997,0.392883294928419,7.38144077445715,0.33447408424692,1
"912","PmetTSAr1.1-000763",265.134115713112,242.861725150906,230.040659459838,234.293905889761,261.646066530231,336.790867789291,344.20726682494,276.413350442819,0.326263161526954,8.09798034972869,0.43418206937939,1
"913","PmetTSAr1.1-000764",468.492027425917,545.100226808575,308.438894482328,260.585447142845,357.442170209752,276.658728463527,336.119118958961,352.161648014246,-0.259173303492468,8.50455179408654,0.560158262434397,1
"914","PmetTSAr1.1-000765",186.857280804425,178.517052012566,189.281142819678,141.042336611454,181.215206390337,190.404305763525,162.789691116026,206.581119460491,0.0910262313938377,7.48900283745186,0.823980835059135,1
"915","PmetTSAr1.1-000766",74.1853978169638,88.0834845874368,73.2914742369475,125.738700313084,74.6051753855336,120.151195173717,85.8684713854388,87.9484157527741,0.0285963243827439,6.51259710648736,0.943832379457728,1
"916","PmetTSAr1.1-000767",508.282377164106,353.43461005854,1188.40943354658,600.998685703661,643.701754827158,642.28588309451,347.392236969056,399.829859191482,-0.382831899616312,9.19373249632703,0.441036776313795,1
"917","PmetTSAr1.1-000768",299.753968027695,312.412277992996,362.721870239758,203.845494569474,313.822355611476,299.812570545239,314.05481921058,291.019524413991,0.0481531121520525,8.22755509980788,0.91033367378743,1
"918","PmetTSAr1.1-000769",322.009587372785,203.713509778712,595.457764558632,195.531754435065,325.728598828201,220.88030303347,219.658171189252,186.511783519481,-0.466669806361989,8.14834167002419,0.334760511707401,1
"919","PmetTSAr1.1-000770",88.9775165331947,67.8549234528684,155.850773603212,88.7504997787863,107.629525836817,94.7922252746992,71.8085044992432,76.7390264260607,-0.193707581298117,6.55610109811389,0.644399767711003,1
"920","PmetTSAr1.1-000771",139.603430437377,95.1932288685571,132.302932203212,169.610889493707,134.791781004024,99.3438352565742,61.1849527685411,189.851955086532,-0.145718381846187,6.99764905525739,0.747592077337354,1
"921","PmetTSAr1.1-000772",168.108607537956,154.926979983577,190.794257126505,183.828973736311,174.224384685104,208.865183516098,199.773061539476,173.207710328685,0.116021242804368,7.50604169422021,0.775542315383637,1
"922","PmetTSAr1.1-000773",206.055562542512,143.146817911093,169.847080941365,280.919690528915,299.00327001757,374.871728941996,84.2340788114846,191.125749328204,0.24674574364154,7.77287984849413,0.621886557549086,1
"923","PmetTSAr1.1-000774",211.136138271795,183.931166904465,262.288908124095,136.011729523755,203.352808456908,163.716605000234,155.497785786076,151.581514758965,-0.234864914283846,7.51954752025125,0.58011217744793,1
"924","PmetTSAr1.1-000775",211.136138271795,193.718220747514,154.810507517268,177.236230763483,208.122587849541,212.342500458773,200.003552799906,182.662094255762,0.124152160230424,7.58921524357334,0.761697657057223,1
"925","PmetTSAr1.1-000776",217.655461110256,200.827965028634,191.692668746184,135.588099453211,197.199428935115,194.871103137042,184.497777098289,228.065782336692,0.10965253272238,7.59885951051766,0.792136897968094,1
"926","PmetTSAr1.1-000777",33.7206353713472,35.6379650576661,50.9730382112448,36.3262785490736,32.0776766786994,36.1301711604729,35.4537466042368,41.0727876592453,-0.11375747491553,5.23770023344828,0.708748837421407,1
"927","PmetTSAr1.1-000778",268.281375014438,232.122739019172,262.052484013654,207.261012013228,281.963142111065,206.74486830715,166.770903796171,194.607453588774,-0.189963501170433,7.82989760654692,0.653746084314997,1
"928","PmetTSAr1.1-000779",360.630955084768,363.816621582017,2436.16131881405,451.801470234251,449.014652442362,379.677776748944,322.582995846469,345.311465647921,-1.27125877830039,9.31886340157744,0.0393714661475047,1
"929","PmetTSAr1.1-000780",106.782012009266,89.8981055127436,116.320662337349,100.982818065719,100.929988369302,96.9125404836472,88.0895689859406,86.3349430466562,-0.153191900164454,6.61966801046716,0.69144189635524,1
"930","PmetTSAr1.1-000781",103.499870166455,111.376077776212,137.125984056224,108.952358767812,118.661916340387,125.494389500265,129.200828346173,122.001181813472,0.103900040137699,6.90207932313472,0.791974224524843,1
"931","PmetTSAr1.1-000782",97.3851949524506,28.7364559646957,353.548614754617,217.163364912173,143.821592373283,118.681109962179,5.07080772944758,25.5041913721434,-1.24957355500067,6.95146391732378,0.120152961470434,1
"932","PmetTSAr1.1-000783",121.214443948203,60.7154312877266,317.84857407791,53.721588320751,139.780023574945,56.2307593412994,44.6943507723624,57.5754997235734,-0.891843373920317,6.7345772005438,0.12355972334502,1
"933","PmetTSAr1.1-000784",492.950728281934,215.285436663046,6.66715991445781,85.5467973703039,102.313588498462,76.5009727388417,17.3497057850521,66.7468182636116,-1.60625143614538,7.05474743954225,0.0475116146637724,1
"934","PmetTSAr1.1-000785",376.367251591396,317.439670392617,163.08535138273,361.144635138021,288.735500638009,305.268848349598,339.325042854025,419.417983974526,0.151307662444859,8.3283014999632,0.736735219884668,1
"935","PmetTSAr1.1-000786",51.9297784718746,20.5855357428255,118.164770398795,94.3900750928918,66.3035746105693,44.1873689544751,6.70520030340176,21.3997432600892,-1.04067819984734,5.72771888657694,0.079722747514528,1
"936","PmetTSAr1.1-000787",119.505931756054,116.790192668111,108.471381870682,110.75278656762,120.154748058692,139.940803790564,133.663977298124,143.089553147819,0.237009141288155,6.95548698877258,0.545846419116001,1
"937","PmetTSAr1.1-000788",119.505931756054,65.0883702388759,429.157045273894,69.369424051438,185.22036465896,95.6686222277311,99.5303170036199,93.8927888805766,-0.526185846620728,7.17696185775675,0.366420919572631,1
"938","PmetTSAr1.1-000789",72.2520813890065,66.9029911641828,77.7362475132527,92.1924941019493,65.1748481894119,63.3832893128171,51.0014298077496,75.0406341038314,-0.279869899391233,6.13993874021605,0.460123878142868,1
"939","PmetTSAr1.1-000791",640.017659348169,858.732168046449,358.702660362248,300.459627532717,445.846936357178,468.787557263663,535.619781736112,476.738724849765,-0.163283535648373,8.99626291953349,0.729799139357963,1
"940","PmetTSAr1.1-000792",250.29703614972,258.80659098639,304.37239978273,277.954280035113,280.688773571048,308.548269206104,289.455115597475,277.800370839306,0.0835423950795738,8.13469445295964,0.840373510980412,1
"941","PmetTSAr1.1-000798",238.067685721711,204.248971691098,232.87774878514,287.724248537014,241.110527771109,269.19521892803,223.765106375086,267.01557959315,0.0560631424046518,7.93995182442344,0.893078574464608,1
"942","PmetTSAr1.1-000799",181.237174909201,178.844278736802,156.465476290361,134.767316191534,168.107415693025,165.49766977575,157.048363356238,191.23897548302,0.0662050443004869,7.38120578864926,0.870898449171314,1
"943","PmetTSAr1.1-000800",39.4306629608953,47.8940932744928,35.4636165662649,39.8477035104634,38.7043930867849,39.409592016979,44.0866919948666,42.4031949783249,0.0171783440952339,5.35649297031017,0.954578187715421,1
"944","PmetTSAr1.1-000801",266.168215197834,235.781728753807,307.162204285943,212.582864774426,224.980663107473,216.328693051595,176.137230469985,223.027218447411,-0.2816630684117,7.86308985982893,0.50072777534639,1
"945","PmetTSAr1.1-000802",90.8209112668284,67.4682009605899,106.769128275502,67.5689962516297,99.9104935372885,78.1406831670947,60.4725252363046,63.831244777118,-0.137584411682555,6.3114707729161,0.730011138526517,1
"946","PmetTSAr1.1-000803",115.864103135949,152.219922537627,105.539722901204,189.945132879777,132.971254518286,167.250463681814,156.629288337276,175.953444582956,0.167053405862927,7.22514284484055,0.689627779009027,1
"947","PmetTSAr1.1-000804",458.375836814513,420.099618150551,412.938351297589,317.96084482203,419.449302313981,429.321423507779,430.871980746408,474.049603672902,0.123912360430481,8.71576774279197,0.771103569283099,1
"948","PmetTSAr1.1-000805",109.974232157754,95.4014640567071,102.986342508433,149.991521851678,111.598273575725,136.802737281321,94.2709255156391,115.32083867937,-0.00122747874517754,6.84054876273564,0.99784028961391,1
"949","PmetTSAr1.1-000806",154.800196778064,82.4611345073876,377.474734731324,125.156208966087,234.520221892739,106.750803053166,33.1069264980462,94.5155327320607,-0.658063360672844,7.23958504422891,0.26601145336132,1
"950","PmetTSAr1.1-000807",237.932803180226,245.330799524685,184.647230255019,180.042779980831,229.240695084099,194.503581834158,215.991264773329,218.158493790354,0.0168095347110963,7.7366856128756,0.967715827644126,1
"951","PmetTSAr1.1-000808",307.801959669657,278.678177512701,362.863724706023,235.564796101391,279.123120793314,207.084118740582,182.339540750632,329.063512431927,-0.24821250724693,8.09204719748196,0.568148381260961,1
"952","PmetTSAr1.1-000809",35.968677729437,28.4687250085029,31.3025522224898,32.4341772759586,38.7772141462144,36.8086720273362,35.2861165966518,32.4959064319873,0.161700433444981,5.08762929230035,0.576407901011813,1
"953","PmetTSAr1.1-000810",49.861579502432,45.9009850450574,37.8751424927709,50.1472096005433,50.8290994817984,48.8237915447079,46.5173271048497,46.1113515485256,0.0649599109920838,5.55678573299543,0.833777506620202,1
"954","PmetTSAr1.1-000811",59.348318253571,52.3860237617278,49.5072087265058,66.2716291605913,63.0630374659561,61.4891410594903,53.9140011895398,56.4715447141243,0.0461269154559424,5.85472083526935,0.890142795729995,1
"955","PmetTSAr1.1-000812",119.955540227672,90.7310462653435,142.752877884738,119.490156772572,116.440874027787,126.229432106034,121.217449234935,102.2149112595,-0.0208937396319777,6.87574168988179,0.958298604056182,1
"956","PmetTSAr1.1-000813",150.573877144856,73.4475256488961,501.644677535339,228.31013114334,189.189112397868,152.125548524652,49.8489735056025,82.0606557023792,-1.01142679390328,7.47919617543102,0.0848027114543423,1
"957","PmetTSAr1.1-000814",113.121491459079,104.831543291499,112.254167637751,114.327165287828,117.4603688598,174.0637432199,173.999947873276,116.198341379188,0.388079503747163,7.00394663174035,0.33822983739026,1
"958","PmetTSAr1.1-000815",184.519316752012,120.925148547089,370.618435528513,155.048605818787,218.244715110243,166.204441512066,127.168314504204,122.991910668105,-0.38910740358788,7.51770854072505,0.40954879117402,1
"959","PmetTSAr1.1-000816",126.339980524647,124.941112889981,124.784645491164,130.10738541556,134.099980939444,122.214968643759,155.372063280388,129.983625727949,0.0977959782195964,7.03391145529995,0.804781426584335,1
"960","PmetTSAr1.1-000817",50.1763054325646,30.2833459338097,23.0749931791164,42.7336833660385,35.2089822341683,30.9000603117346,24.9768711301716,25.4758848334395,-0.327942675147908,5.0404846863198,0.319313110558119,1
"961","PmetTSAr1.1-000818",51.1204832229623,30.9080514982596,23.8788351546184,42.3365301749043,34.2987189912995,31.0979563979031,24.7044723678459,26.2401613784427,-0.349972539558057,5.05004770120554,0.282816720333305,1
"962","PmetTSAr1.1-000819",26.706743214107,25.4046929542962,20.7580368967871,18.0307548774921,23.1206863688696,22.6732373010166,21.5823634765744,23.18305519843,-0.00515517644094339,4.50726266111733,0.98656508602791,1
"963","PmetTSAr1.1-000820",13.9828234673186,13.9517576060479,12.0576296325301,10.9879049547125,14.0180539401808,12.1564738646349,13.2008630973222,12.0302789491242,0.0121590776227667,3.68463394598347,0.968725528657265,1
"964","PmetTSAr1.1-000821",90.3263419480486,75.8868521386529,71.5419358196784,78.2127017740259,84.9093552948093,82.4378553238959,59.6762827002757,66.1806874895352,-0.107942701541936,6.25179053058009,0.776593356111163,1
"965","PmetTSAr1.1-000822",188.296027913603,130.622958738073,215.997067299598,102.889153383163,177.02799547314,91.8803257210774,123.082333069319,106.43258552637,-0.355665105558711,7.15048408822949,0.418491402190194,1
"966","PmetTSAr1.1-000823",185.913103014027,121.668845647625,221.529391483935,97.8320694160547,177.683385008006,85.1801296608019,105.502136023837,96.5819100574397,-0.431199760533132,7.09304220347829,0.338952768089889,1
"967","PmetTSAr1.1-000824",174.987617153711,131.039429114373,208.573350231726,101.935985724441,176.809532294852,92.1630344156038,122.39085928803,106.998716300446,-0.306918201767447,7.1231666951804,0.48119743264139,1
"968","PmetTSAr1.1-000825",180.787566437583,119.170023389825,211.079445802409,94.3371213340739,181.724953806344,84.5581705328438,105.795488537111,96.8083623670703,-0.368521606809433,7.06957422735927,0.414224781349136,1
"969","PmetTSAr1.1-000826",94.5526615812575,72.6145848962962,99.9128290726904,72.784941495192,101.294093666449,85.9434431360232,79.7290223576366,75.6350714166116,0.0116673968138674,6.41554081990969,0.976390046359337,1
"970","PmetTSAr1.1-000827",49.636775266623,41.2305672536938,79.6749252188752,37.8089837959746,56.836836884733,48.0039363305814,44.5895820176217,37.6476964760829,-0.154939635678162,5.62869389823718,0.657224797824477,1
"971","PmetTSAr1.1-000828",26.03233050668,22.1919214799824,39.482826443775,18.9309687773962,28.1453394695058,24.6239272932487,21.51950222373,19.4182855508217,-0.185557456249374,4.64913976309309,0.560245636399953,1
"972","PmetTSAr1.1-000829",24.4587008560171,21.2697370753182,39.0099782228914,20.3871971448883,25.887886627191,24.4260312070803,22.4205135144996,20.9751451795319,-0.164799719023632,4.63836425788357,0.595915625006226,1
"973","PmetTSAr1.1-000830",233.661522699855,92.6944066107575,96.650176348594,117.424960178675,141.746192179542,104.347779149691,79.7499761085847,86.9010738207327,-0.388841785728845,6.89716078712747,0.387815910364559,1
"974","PmetTSAr1.1-000831",238.247529110358,90.7012983813221,95.5153406184735,114.353642167237,148.409319117342,102.736339590891,79.3728085915183,93.9494019579843,-0.344122479334447,6.91237134895266,0.449917497217107,1
"975","PmetTSAr1.1-000832",14.6572361747456,12.3156239848696,8.13298939919676,24.8353128855912,10.3770009687053,14.6725812459197,10.7283204854428,13.1342339585733,-0.29534435798319,3.7735347424073,0.40217383551911,1
"976","PmetTSAr1.1-000833",70.1838824195639,56.4614838726629,76.0812787401604,71.0904212130195,69.9446275820449,69.1505466811555,70.0693431705484,70.7946532982581,0.0320921381323309,6.11440334663211,0.93133771216414,1
"977","PmetTSAr1.1-000834",217.880265346065,188.274357971593,257.182147338553,207.313965772046,229.641210910961,226.506206054545,191.76872867729,209.157014482539,-0.0226550518893815,7.7550357657853,0.956276186006765,1
"978","PmetTSAr1.1-000835",137.625153162258,67.2599657724399,115.091256963052,106.410578344553,150.339077192225,84.4733579244859,52.34246986843,76.8239460421721,-0.228371832400899,6.62704541802856,0.60904480423971,1
"979","PmetTSAr1.1-000836",140.592569074937,63.9876985300832,115.42225071767,105.642748841694,154.635519698566,86.1696100916443,52.9291748949776,79.1733887545893,-0.190884116970029,6.64190223415015,0.672477155002692,1
"980","PmetTSAr1.1-000837",428.566795146242,226.02442279478,735.846401338953,436.603741453516,723.986972848194,443.428587364646,199.563524029995,229.820787736329,-0.19432945074004,8.74153627575078,0.714511149240827,1
"981","PmetTSAr1.1-000838",38.6663285591448,45.0382964084361,59.1533124325299,54.1452183912942,44.8577726085785,57.8421989000998,63.5946341275761,47.1870000192708,0.116056478178085,5.68302049540172,0.724864295396214,1
"982","PmetTSAr1.1-000839",44.1515519128839,43.7591373955148,58.5858945674697,57.0047213674603,45.1854673760113,64.7968327854491,66.2976679998849,50.4988650476179,0.156428961082049,5.75089400918001,0.638136505071127,1
"983","PmetTSAr1.1-000840",135.42207165133,143.146817911093,169.468802364658,114.300688408419,150.448308781369,152.464798958083,177.247779270236,148.58102165636,0.16110394614171,7.21864791925729,0.691608889536212,1
"984","PmetTSAr1.1-000841",500.594072299439,150.970511408727,420.220213899195,173.688328922684,523.547006768466,242.648872512002,182.758615769594,173.802147641465,-0.149620238253377,8.2097627654245,0.780127835481028,1
"985","PmetTSAr1.1-000842",213.069454699752,72.8525679684676,356.953121944979,277.371788688116,203.316397927193,150.598921574209,17.0353995208301,86.051877659618,-1.00986751423565,7.42785100555935,0.112645691013033,1
"986","PmetTSAr1.1-000843",575.004274352212,589.662557072669,716.932472503612,480.873083825274,634.198606571607,608.21948540408,597.726699546371,630.669682321148,0.0647010879191624,9.23892739033086,0.880239433508227,1
"987","PmetTSAr1.1-000844",293.954018743824,239.024248112143,435.87149001044,441.607871661807,320.958819435568,391.155749746716,268.061335879433,323.062526226717,-0.114063696830193,8.40629120082111,0.79560540547104,1
"988","PmetTSAr1.1-000845",41.3639793888525,46.2579596533145,39.8611050204818,45.8050013774762,42.1269828799718,54.0821732628988,70.7398632008886,52.876614298739,0.343235178277019,5.62089040027301,0.287314177584471,1
"989","PmetTSAr1.1-000846",298.584986001489,335.764366949814,266.544542112047,341.207544943085,274.134878222392,360.99073204075,378.257112115652,351.878582627208,0.136384195834383,8.34867744161031,0.747113466947343,1
"990","PmetTSAr1.1-000847",1200.09493244266,1024.69561300197,1505.92701386987,1347.43487000066,1236.31953646452,1108.64214558525,993.899268722674,999.334042399722,-0.227207761003506,10.2010192095027,0.601332550508364,1
"991","PmetTSAr1.1-000848",25.8524871180328,23.7983072171393,17.2116752401606,32.3812235171407,20.1714334619744,24.5956564237961,29.1047600669533,24.7399148271402,-0.00968507131376569,4.63232979613199,0.976481204470267,1
"992","PmetTSAr1.1-000849",144.908810402469,123.899936949231,155.756203959036,138.844755620512,130.85944379483,159.730412407411,113.213116372749,125.964097232007,-0.0888018609244178,7.0949155095758,0.825278376576423,1
"993","PmetTSAr1.1-000850",159.611007424377,113.369186005647,308.249755193975,319.496503827749,280.761594630478,258.197850710954,107.471788612961,134.257913072226,-0.206386094322684,7.71582086406775,0.679616354062545,1
"994","PmetTSAr1.1-000851",127.508962550854,100.994066252735,114.28741498755,134.952654347397,124.924527451325,111.669934337925,97.7073406711325,115.490677911593,-0.0870161545697078,6.8579911375801,0.825482170231833,1
"995","PmetTSAr1.1-000852",47.0740069784006,35.9651917819017,68.2792830955821,37.4118306048404,63.0630374659561,43.4523263487064,25.7731136662005,31.5617906547612,-0.203911962302258,5.46326922271961,0.577180759885754,1
"996","PmetTSAr1.1-000853",262.031817258948,207.64023046954,71.3055117092367,108.819974370767,114.037779066614,68.641671031008,62.3164553197401,72.0118344625224,-1.0355386859198,6.91763641148625,0.0318227979106309,1
"997","PmetTSAr1.1-000854",17.3548870044533,20.0203259464184,17.7318082831325,16.0185120424122,20.1350229322597,17.0473342799414,17.8945033097034,19.2767528573026,0.0637555554417143,4.18952078873173,0.822453173133433,1
"998","PmetTSAr1.1-000855",127.059354079236,144.931690952378,112.490591748192,138.606463705831,131.369191210837,155.065718947726,185.440695890955,152.685469768414,0.255766798297528,7.16516480082301,0.526686468630666,1
"999","PmetTSAr1.1-000856",448.664293827565,386.87123169862,263.423743854216,316.107463263404,364.687865622989,301.452280973492,303.536036234618,348.113812979599,-0.10275778397929,8.41644302624381,0.811001606648934,1
"1000","PmetTSAr1.1-000857",571.901975898048,119.259267041889,58.5386097453813,56.8988138498245,224.65296834004,53.7429228294671,45.4277320555469,90.977215394083,-0.959439316828869,7.25451392090615,0.178435266871259,1
"1001","PmetTSAr1.1-000858",159.745889965862,61.0426580119622,275.812367241364,299.850659306311,258.696813623336,305.042681393977,87.5866789631855,110.650259793239,-0.0638704239327576,7.60626401815394,0.908765578322509,1
"1002","PmetTSAr1.1-000859",216.801205014181,226.113666446845,222.711512036144,187.535736853563,210.999019697007,230.322773430652,205.283898038835,205.873455992895,-0.0011422507653292,7.7365034516326,0.997853869709213,1
"1003","PmetTSAr1.1-000860",92.9790319305946,78.0881955562383,110.55191404257,86.473488149617,97.7986828138327,94.3964331023623,91.3164466319527,93.9494019579843,0.0363506517049273,6.54306140046633,0.925097805400889,1
"1004","PmetTSAr1.1-000861",87.3139651882083,84.6922258089944,96.6974611706824,77.3124878741217,84.5816605273765,93.8310157133095,88.0267077330962,96.6668296735512,0.0696360296791016,6.47086932437879,0.855198677710344,1
"1005","PmetTSAr1.1-000862",350.110116848907,331.688906838879,560.797989967869,348.170964227637,360.391423116648,411.3411505359,410.043952303966,376.533577838236,-0.0297062688891383,8.6209208250841,0.945386862275985,1
"1006","PmetTSAr1.1-000863",96.2162129262439,55.4798036999559,134.09975544257,84.8319216262623,123.031179906158,77.9427870809263,34.0498452907121,43.0825519072167,-0.41439760095413,6.34218830221969,0.384505180167967,1
"1007","PmetTSAr1.1-000864",173.728713433181,182.741251543608,188.571870488353,167.254447226311,169.236142114182,179.661375371522,195.791848859331,174.764569957395,0.0144504136040873,7.48406204156122,0.971605873150202,1
"1008","PmetTSAr1.1-000865",67.5761532841797,52.4455195297707,94.9952075755017,65.8744759694572,60.550710915638,63.6377271378908,58.3352426395953,60.5759928261785,-0.208233977539931,6.0345666704755,0.572764620121627,1
"1009","PmetTSAr1.1-000866",67.8459183671505,73.9829875612817,54.6612543341363,57.0841520056871,63.6091954116775,59.8777015006898,65.6271479695447,63.5764859287836,-0.00507576531739857,5.9851720824128,0.988763486334448,1
"1010","PmetTSAr1.1-000867",59.9328092666744,69.1340824657896,51.0676078554215,48.849842509505,58.1476159544642,53.7994645683724,58.3771501414916,57.7453389557963,-0.0058155128017621,5.83778454786559,0.986506344134322,1
"1011","PmetTSAr1.1-000868",19.6928510568667,18.3544444412187,15.4148520008032,14.668191192556,16.5303804904989,17.0473342799414,19.7803408950352,17.5217474576656,0.0577451481456652,4.12420700271197,0.842958966191962,1
"1012","PmetTSAr1.1-000869",71.3978252929324,78.9211363088381,57.5456284815259,62.1412359727958,66.0487009025661,63.157122357196,72.3113945219984,66.4637528765734,-0.010889767555881,6.07278307885808,0.976919345176664,1
"1013","PmetTSAr1.1-000870",18.6587515721454,18.6221753974115,16.2659787983935,15.4360206954154,17.3314121442235,16.6232712381519,19.6546183893464,17.5500539963695,0.0452312598632331,4.13586579424859,0.875045663379103,1
"1014","PmetTSAr1.1-000871",71.3978252929324,82.2231514352162,57.1673499048191,61.5852215052079,65.4297218974152,66.1821053886284,68.6654418570237,69.067954437325,-0.0161848130311529,6.0827457384751,0.965656263098765,1
"1015","PmetTSAr1.1-000872",70.3637258082111,80.6167656980593,58.4440401012046,62.3530510080674,66.3399851402841,64.4010406131121,68.7911643627124,68.3319844310256,-0.0209788923992414,6.07720335424041,0.955200253547407,1
"1016","PmetTSAr1.1-000873",17.2649653101297,18.1462092530687,19.9069100991967,16.8657721834985,17.2950016145088,23.973697295838,21.1004272047674,18.2011043865574,0.159237052618293,4.25984880865421,0.578089128536418,1
"1017","PmetTSAr1.1-000874",15.6463748123051,13.6542787658337,7.80199564457828,31.0573795466934,15.8385804259185,18.573961230384,9.6177716851919,15.2006112839523,-0.205010065987706,3.99941052263654,0.602885520222656,1
"1018","PmetTSAr1.1-000875",34.3500872316123,29.4801530652313,96.0827584835338,43.3956053512622,36.301298125611,41.8974285288113,29.8171875991897,28.6179106295638,-0.572855170986815,5.4105625043921,0.140563739539854,1
"1019","PmetTSAr1.1-000876",567.360930334707,166.915377244211,328.818652802408,170.113950202477,206.411292952948,147.008521153724,95.3395668139938,132.219842285551,-1.08582467442458,7.82527870314509,0.0318254538359187,1
"1020","PmetTSAr1.1-000877",45.1406905504434,38.3450225036157,64.6856366168672,56.8988138498245,49.5911414714967,46.1380589467072,30.6553376371149,38.8648776403472,-0.311579171914761,5.5342644715836,0.345430317460902,1
"1021","PmetTSAr1.1-000878",85.2457662187656,60.0609778392553,112.301452459839,84.9113522644892,79.302133718737,54.7889449992148,39.2673292767966,64.7653605543441,-0.52450174608352,6.18241716193284,0.196774456368147,1
"1022","PmetTSAr1.1-000879",81.9636243759545,66.3080334837543,121.616562411245,85.0437366615339,81.231891793619,57.4181358583102,46.6220958595904,68.2470648149142,-0.485434510919555,6.24988591716317,0.226249470608629,1
"1023","PmetTSAr1.1-000880",45.2755730919288,37.036115606673,66.4351750341363,55.5220161205593,48.3895939909098,46.307684163423,27.8894425119617,42.2616622848058,-0.309398071788371,5.52954467203361,0.356471496506302,1
"1024","PmetTSAr1.1-000881",555.536227531154,160.132859687326,725.632879767869,789.408159577719,526.350617556502,295.713294474606,34.7413190720004,137.852843487612,-1.16526506577099,8.65537418264837,0.0866732375732881,1
"1025","PmetTSAr1.1-000882",85.60545299606,46.9719088698287,60.4772874510038,62.6178198021568,74.2046595586712,59.9342432395951,39.015884265419,50.329025815395,-0.194170447251997,5.90557498371692,0.598861354712308,1
"1026","PmetTSAr1.1-000884",162.488501642732,150.167318540149,148.805335112048,115.624532378866,147.826750641906,141.099909438122,141.312096394192,168.622051058666,0.0534791653006422,7.20018384104391,0.89489522452162,1
"1027","PmetTSAr1.1-000885",98.2844118956865,65.1776138909402,76.695981427309,108.343390541406,82.2513866256322,80.7416031567376,52.9710823968739,88.8825315300002,-0.193187721204442,6.35272624916794,0.628874392508693,1
"1028","PmetTSAr1.1-000886",79.4008560877321,79.1293714969881,85.538243157831,68.5221639103517,88.4047661474258,92.0499509377932,78.3879822969562,92.5340750227932,0.168789196557301,6.3760181845831,0.655564970847411,1
"1029","PmetTSAr1.1-000887",113.211413153403,151.743956393284,59.5315910092367,81.5223117001441,126.781464466778,98.7218761286161,170.563532717782,130.238384576284,0.374316778602787,6.86556415645459,0.391545096031362,1
"1030","PmetTSAr1.1-000888",70.6334908911819,53.2189645143277,105.114159502409,64.1005250490578,94.922250966367,68.245878858671,45.6582233159764,47.470065406309,-0.193388939275758,6.10259664738824,0.643043823137631,1
"1031","PmetTSAr1.1-000889",519.297784718746,377.381656695786,125.919481221285,222.167495120464,227.492989657791,282.482527570771,165.681308746868,436.883118354784,-0.162020431402686,8.2032053962646,0.753502865150981,1
"1032","PmetTSAr1.1-000890",144.594084472337,102.838435062063,177.365367653413,140.300983988004,185.875754193826,130.58314600174,88.5715052577476,100.261760088937,-0.16140793959774,7.06445614847796,0.708072663792877,1
"1033","PmetTSAr1.1-000891",158.801712175464,150.881267756663,177.649076585943,163.733022264921,156.27399353573,181.24454406087,172.344601548373,164.744055256242,0.0512726953456212,7.37304414195895,0.898843831997142,1
"1034","PmetTSAr1.1-000892",70.6334908911819,68.6581163214468,68.8939857827307,80.1455139708789,76.8990387575631,89.2228639925293,100.326559539649,82.088962241083,0.273583577019143,6.31607838735792,0.46802174403794,1
"1035","PmetTSAr1.1-000894",81.3341725156894,44.473086612029,15.0838582461847,89.5977599198726,155.873477708867,61.3760575816797,13.8713831276624,48.8287792640925,0.280074479963595,5.99684700190125,0.649180588127668,1
"1036","PmetTSAr1.1-000895",14.7021970219074,18.9791500056686,24.5408226638553,16.9187259423164,20.3534861105482,19.5351707917737,15.0657469317058,16.2762597546975,-0.0770918453479743,4.1979200521164,0.798379261012845,1
"1037","PmetTSAr1.1-000897",46.4895159652973,34.9240158411519,39.2464023333332,133.628810376949,72.9667015483696,122.271510382665,24.4530273564683,43.025938829809,0.046623628527111,6.01559536772202,0.93023618198008,1
"1038","PmetTSAr1.1-000898",144.728967013822,162.453194640997,174.953841726907,76.7299965271249,123.977853678742,87.4417992170131,163.271627387833,119.595126023647,-0.177020306495756,7.04110197820697,0.684833812230944,1
"1039","PmetTSAr1.1-000899",267.651923154173,274.334986445573,264.984142983132,183.59068182163,277.812341723583,243.27083163996,259.700789251129,244.030670165647,0.0490673011532207,7.97716753172428,0.906942411137821,1
"1040","PmetTSAr1.1-000900",125.575646122897,124.584138281724,116.226092693172,103.339260333115,117.205495151797,125.042055589023,113.527422636971,152.628856691007,0.114177591106566,6.93460465863468,0.773550658666133,1
"1041","PmetTSAr1.1-000901",99.2735505332461,65.9510588754972,291.085364775903,77.8949792211185,217.443683456518,97.3648743948894,44.5057670138292,51.4612873635479,-0.379022490710174,6.88447597073722,0.519774799285999,1
"1042","PmetTSAr1.1-000902",7.23869639304919,8.32940752599875,6.38345098192769,7.62534126977639,6.99082170523301,9.01840735539191,6.95664531477933,8.69010738207327,0.0962651592292618,2.94841270912489,0.739474701267896,1
"1043","PmetTSAr1.1-000903",114.020708402315,116.879436320175,121.049144546184,92.7749854489461,117.824474156948,96.460206572405,87.9428927293037,98.9879658472645,-0.148530244369001,6.72516476180134,0.704520508857772,1
"1044","PmetTSAr1.1-000904",224.399588184525,148.114714542671,357.898818386746,154.863267662924,327.767588492227,206.490430482077,116.628577777294,139.32478350021,-0.163867009934867,7.71064370146017,0.736517549299177,1
"1045","PmetTSAr1.1-000905",402.534464639562,198.596873727027,820.34437841084,454.210866260465,419.59494443284,352.452929466053,174.775236658357,238.397668963587,-0.662252966570031,8.57988256737566,0.19547592701879,1
"1046","PmetTSAr1.1-000906",25.3129569520913,26.7433477352603,30.8297040016063,24.8353128855912,23.4483811363024,24.1998642514592,24.893056126379,23.975638282137,-0.158001302648947,4.67739566460008,0.574312735736571,1
"1047","PmetTSAr1.1-000907",21.2215198603678,15.0226814308192,20.7580368967871,17.3158791334506,18.3509069762367,18.9414825332683,17.9573645625478,21.8243413406465,0.053587768792139,4.24655153187461,0.854913771097981,1
"1048","PmetTSAr1.1-000908",269.989887206586,160.817061019819,123.886233871485,898.863579054301,312.620808130889,468.278681613516,142.129292681169,249.691977906411,-0.309796968548429,8.35913419532102,0.61186060993119,1
"1049","PmetTSAr1.1-000909",110.513762323695,107.627844389512,126.203190153815,103.23335281548,120.409621766696,114.694917369357,109.001412432175,105.300323978217,0.00591424460535962,6.80969230546351,0.988134143960847,1
"1050","PmetTSAr1.1-000911",88.3930255200914,71.543661071525,129.985975920883,91.1069420461825,94.4853246097899,81.335291415243,66.5072055093662,77.7580618193983,-0.2513772706481,6.4543444499292,0.527933849285395,1
"1051","PmetTSAr1.1-000912",89.8317726292689,112.268514296855,242.33471320281,62.8031579580194,74.095427969527,148.67650245143,154.282468231085,134.456058843153,0.0123297989078319,6.99319296112576,0.980101613157594,1
"1052","PmetTSAr1.1-000913",78.1869132143636,49.2030001714355,266.16626353534,50.3590246358149,111.816736754013,64.3727697436595,58.607641401921,61.3685759098855,-0.583698212584448,6.53195201098633,0.282709437507079,1
"1053","PmetTSAr1.1-000914",221.791859049141,130.087496825688,386.695275038553,148.217570931279,273.661541336101,185.117653175881,121.217449234935,139.805994658175,-0.300945129167799,7.65006330637728,0.535027054858475,1
"1054","PmetTSAr1.1-000915",312.567809468807,250.447435576369,474.124911079918,254.363380481742,394.799373697091,270.523949792305,223.408892608967,255.183446414953,-0.175050406043376,8.25017704257001,0.696287530374301,1
"1055","PmetTSAr1.1-000916",63.7095204282653,57.3836682773271,66.529744678313,52.265359953259,61.8614899853692,72.6278636238301,65.0823504448933,77.4466898936562,0.207792419881365,6.01512739298282,0.555630758480945,1
"1056","PmetTSAr1.1-000917",25.0881527162823,27.4870448357959,31.1134129341364,21.0755960095209,27.9268762912173,29.7692255336291,27.3446449873103,30.5710618001275,0.142673952700858,4.78695935222698,0.622278961109184,1
"1057","PmetTSAr1.1-000918",196.793628027182,194.164439007835,180.817159665863,131.378275627189,180.77828003376,179.944084066049,179.510784372634,192.144784721542,0.0587871741525711,7.48784435726717,0.886251030032701,1
"1058","PmetTSAr1.1-000919",160.19549843748,175.244784770209,121.900271343775,132.331443285911,145.605708329306,133.212336860836,142.192153934014,183.426370800765,0.0356540014319048,7.22232605668832,0.930725046976194,1
"1059","PmetTSAr1.1-000920",32.6415750394641,31.5030091786881,29.6948682714858,30.8720413908308,30.0022764849583,29.7126837947238,31.8287476902102,30.797514109758,-0.0276230124610075,4.95154853540766,0.922659304720382,1
"1060","PmetTSAr1.1-000921",376.592055827205,375.001825974072,315.957181194376,280.204814784873,339.637421179237,316.74682134737,378.697140885563,348.255345673119,0.0376058683582217,8.4155219893762,0.928970469434246,1
"1061","PmetTSAr1.1-000922",378.21064632503,378.5120762886,321.442220556625,281.634566272956,347.283632419336,320.026242203876,383.66317986027,349.840511840533,0.0428834944224675,8.43102937697896,0.919026364080808,1
"1062","PmetTSAr1.1-000923",120.360187852128,77.0470196154884,27.3779119891565,163.150530917924,96.1602089766687,97.4496870032473,29.4190663311752,49.6213623477995,-0.509039400475434,6.36868857406986,0.344410348105296,1
"1063","PmetTSAr1.1-000924",145.583223109896,165.398235159118,106.579988987148,119.437203013755,122.230148252433,108.786305653756,136.84894744224,130.662982656841,-0.107257449491333,7.01684985049894,0.790615831253629,1
"1064","PmetTSAr1.1-000925",76.7481661051862,18.3544444412187,42.6036247016063,52.291836832668,38.5587509679258,34.1229394293355,10.5397367269096,24.9380605980669,-0.813005474032689,5.22143218916586,0.0702006584341951,1
"1065","PmetTSAr1.1-000926",387.202815757389,409.568867206967,395.96310016787,307.211231781998,387.262394046137,334.981532144322,361.955093878006,370.56089817173,-0.0441205526945234,8.5290268448706,0.916600415641646,1
"1066","PmetTSAr1.1-000927",316.614285713369,324.370927369608,269.192492148995,253.330782184793,301.916112394751,304.675160091093,294.819275840196,355.218754194259,0.111078451341475,8.24116928575639,0.791282017743508,1
"1067","PmetTSAr1.1-000928",118.426871424171,114.231874642269,102.79720322008,97.4349162249205,115.130094958056,104.319508280239,107.723233624339,126.077323386822,0.0663112682821099,6.7921846210045,0.86518149407332,1
"1068","PmetTSAr1.1-000929",57.145236742643,59.3172807387197,46.9538283337348,44.6929724423005,56.5455526470149,55.948050646773,58.440011394336,72.1816736947454,0.224315944894123,5.81933595581524,0.499235168477076,1
"1069","PmetTSAr1.1-000930",98.5541769786573,70.2347541745823,75.7030001634535,77.180103477077,91.354019054321,98.3543548257318,121.72033925769,72.0967540786339,0.253857571270058,6.46293759607062,0.520435636419369,1
"1070","PmetTSAr1.1-000931",6.74412707426943,7.58571042546314,6.43073580401604,8.2078326167732,6.51748481894119,7.83103083838106,9.74349419088068,9.53930354318792,0.214723458311987,2.98082316014158,0.465646118191283,1
"1071","PmetTSAr1.1-000932",80.6597598082624,69.4613091900253,76.9796903598391,65.3184615018693,80.5400917290387,77.2360153446103,65.8785929809223,73.0591763945638,0.0210837178010823,6.20357711409454,0.95526165925738,1
"1072","PmetTSAr1.1-000933",72.0272771531976,69.372065537961,45.2988595606424,108.846451250176,59.9317319104872,68.0479827725026,57.2246938393444,72.9742567784524,-0.195282562075738,6.11443009619398,0.626922937225715,1
"1073","PmetTSAr1.1-000934",99.9030023935112,82.4611345073876,154.668653051003,99.7119278540899,117.860884686663,105.167634363818,102.861963404373,89.9581800007454,-0.0706220186393091,6.73643870845211,0.861867288000923,1
"1074","PmetTSAr1.1-000935",229.255359677999,166.052688607589,460.27045820803,188.171181959378,188.096796506426,149.044023754314,52.6986836345482,136.267677320198,-0.988344610401697,7.61664114008171,0.0516826334721975,1
"1075","PmetTSAr1.1-000936",224.804235808981,187.560408755079,461.641718048593,184.570326359761,243.659264851142,163.320812827897,144.24562152693,191.125749328204,-0.511903783116041,7.81477906139607,0.27023052058631,1
"1076","PmetTSAr1.1-000937",172.559731406974,129.849513753516,273.117132382328,124.997347689633,236.267927319047,133.749483380436,109.043319934071,103.092413959319,-0.267006267169967,7.325318975098,0.564741293278323,1
"1077","PmetTSAr1.1-000938",117.707497869583,125.74430575856,185.309217764256,125.553362157221,122.667074609011,123.93949168037,139.447212559808,137.824536948908,-0.0813878077295413,7.07501577576954,0.841171747375644,1
"1078","PmetTSAr1.1-000939",123.327603764807,49.7087141997997,131.688229516064,152.559779154346,102.349999028177,72.4299675376616,4.52601020479619,56.6130774076434,-0.954934900027673,6.43779570893867,0.138335619396806,1
"1079","PmetTSAr1.1-000940",239.371550289403,199.400066595606,384.331033934135,336.706475443564,256.65782395931,312.591003537832,302.404533683419,264.807669574252,-0.0293123794331712,8.16537724180161,0.946283474351203,1
"1080","PmetTSAr1.1-000941",26.0772913538418,24.6609958537606,22.7912842465863,29.2304748674762,26.4704551026271,26.6028881549335,25.9407436737856,24.0039448208408,0.00318005665209321,4.68849030461559,0.991743775941248,1
"1081","PmetTSAr1.1-000942",60.0676918081598,58.3058526819912,72.960480482329,68.0985338398086,61.5337952179364,58.294532811342,61.5830740365555,58.0000978041307,-0.115816051017599,5.96381429404695,0.73580755019606,1
"1082","PmetTSAr1.1-000943",127.868649328148,65.4750927311544,336.24236987028,199.900439537541,192.866575899059,137.961842928879,75.8316246812843,76.3427348842072,-0.594845602565303,7.2441191979301,0.262422321542793,1
"1083","PmetTSAr1.1-000944",226.602669695453,190.892171765478,218.172169115662,229.55454447556,220.283704774269,199.761963552349,191.915404933927,200.94811825843,-0.0899788505541442,7.71304324596001,0.825861046088876,1
"1084","PmetTSAr1.1-000945",355.999987827103,313.066731441467,244.698954307228,324.606541553676,335.814315559188,306.569308344419,236.463079449653,353.010844175361,-0.00763639995503896,8.27071190275888,0.985826303331018,1
"1085","PmetTSAr1.1-000946",328.798675294216,342.517136622677,350.569670963051,128.174573218707,268.345603997746,188.538428379651,407.592363443035,266.930659977039,-0.0235229718365682,8.15603494555329,0.960474865748014,1
"1086","PmetTSAr1.1-000947",150.93356392215,151.535721205134,155.472495026505,118.219266560943,167.998184103881,131.487813824225,151.20226684171,146.005126634312,0.0505456647312212,7.19638458883098,0.900434566680412,1
"1087","PmetTSAr1.1-000948",115.594338052978,115.92750403149,162.8016424502,89.2270836081474,117.751653097519,143.672558558312,149.316429256378,118.462864475494,0.130300825176257,6.9847408320312,0.750503367620679,1
"1088","PmetTSAr1.1-000949",89.9216943235924,25.7616675625533,98.7307085204816,48.5850737154155,63.827658589966,49.7001884977397,15.1705156864465,26.3250809945542,-0.762543032385561,5.70822909472738,0.117229329788308,1
"1089","PmetTSAr1.1-000950",74.9497322187143,73.863996025196,70.8326634883531,74.7971843302719,86.0744922456815,82.7205640184223,93.2651454701289,78.4940318256976,0.209886592884644,6.3117829917676,0.574168417146283,1
"1090","PmetTSAr1.1-000951",276.689053433694,227.511816995851,251.224259755421,220.949558667653,253.854213171274,257.293182888469,232.104699252442,260.05217107201,0.0392719962303131,7.95139214446601,0.924452804928656,1
"1091","PmetTSAr1.1-000952",148.056069703795,123.66195387706,105.681577367469,108.475774938451,119.572179583256,135.587089894858,167.713822588837,138.702039648726,0.20895718107261,7.03338349913316,0.604641971865295,1
"1092","PmetTSAr1.1-000953",165.141191625278,135.114889225308,116.320662337349,115.386240464186,125.03375904047,142.061118999512,180.181304402974,146.882629334131,0.159594984712241,7.13780550714775,0.695595467159016,1
"1093","PmetTSAr1.1-000954",76.9280094938333,55.6880388881059,118.87404273012,86.9765488583869,90.5529874005964,75.6245757858099,55.2131337483239,67.2280294215766,-0.229805449207455,6.29343722512918,0.571941444781041,1
"1094","PmetTSAr1.1-000955",126.834549843427,37.5418296350372,458.048071569878,264.47754841596,191.264512591609,152.153819394104,6.24421778254289,33.5149418253249,-1.21079236764417,7.31093266247313,0.135046680827366,1
"1095","PmetTSAr1.1-000956",59.5281616422182,68.0929065250398,70.0761063349395,80.0396064532432,76.1344176335533,79.4128722924635,67.1358180378101,65.6711697928664,0.0539871507648529,6.14618133516019,0.885240832884126,1
"1096","PmetTSAr1.1-000957",54.717350995906,50.3929155322924,74.1898858566262,49.6176720123644,67.0317852048644,61.9132041012799,65.2499804524784,54.6882327757836,0.120894837176454,5.90166766906261,0.725813656138588,1
"1097","PmetTSAr1.1-000958",471.459443338595,439.405994880455,756.178874836945,316.557570213356,414.606701861918,221.784970855955,158.577987175452,491.571351130568,-0.624618194891929,8.67527612455479,0.211411754225079,1
"1098","PmetTSAr1.1-000959",106.37736438481,72.9715595045533,119.72516952771,82.5284331176841,114.219831715187,82.353042715538,41.7608256396241,63.6897120835989,-0.337454057068647,6.417816763431,0.432705617452163,1
"1099","PmetTSAr1.1-000960",274.710776158575,64.7313956306188,258.222413424497,409.253125024075,250.977781323808,272.333285437273,1.69725382679857,137.258406174831,-0.604488844039599,7.70524926290785,0.472983267500003,1
"1100","PmetTSAr1.1-000961",232.53750152081,213.143589013504,288.673838849396,220.578882355927,201.823566208888,178.304373637795,195.875663863124,206.977411002344,-0.28638832912324,7.76350269144218,0.488186282554829,1
"1101","PmetTSAr1.1-000962",97.744881729745,75.3811381102887,143.131156461445,85.5997511291218,116.258821379214,101.181441770996,61.2687677723336,72.3515129269683,-0.19491187893826,6.55707684637182,0.642733618756359,1
"1102","PmetTSAr1.1-000963",345.569071285566,339.304365148363,231.884767521284,215.73361342409,286.514458325409,255.540388982406,291.424768186599,266.704207667408,-0.0417476387119479,8.1248684285106,0.922078375855807,1
"1103","PmetTSAr1.1-000964",68.7001744632246,73.2392904607461,50.736614100803,81.6282192177799,65.5753640162742,95.1597465775835,76.585959715417,85.259294575911,0.233714145093019,6.22265175052679,0.544564028431405,1
"1104","PmetTSAr1.1-000965",253.399334603884,176.434700131066,189.51756693012,143.795932069985,194.359407617364,169.116341065688,165.052696218424,143.768910076711,-0.182812139627286,7.48770423700107,0.662426588017309,1
"1105","PmetTSAr1.1-000966",66.182367022164,47.2693877100429,95.0897772196784,123.408734925096,71.4374593003498,99.1742100398583,52.9082211440295,64.5672147834173,-0.20455843737576,6.27732025761317,0.633440265416632,1
"1106","PmetTSAr1.1-000967",230.649145940015,154.332022303148,332.081305526505,174.853311616678,259.425024217631,178.389186246153,104.601124733067,173.207710328685,-0.317689760841925,7.65094057262206,0.48972786405596,1
"1107","PmetTSAr1.1-000968",27.3361950743721,27.9035152120958,20.1433342096385,21.0491191301119,26.8345603997746,23.1538420817115,33.8403077812308,31.278725267723,0.25555676764087,4.72840115670831,0.389898402268826,1
"1108","PmetTSAr1.1-000969",240.001002149668,224.566776477731,228.385690686746,190.289332312093,225.053484166902,163.207729350086,146.466719127432,191.550347408762,-0.282299293735035,7.65279559003485,0.497612932457309,1
"1109","PmetTSAr1.1-000970",116.988124314994,107.657592273534,126.108620509638,167.175016588084,121.866042955286,239.539076872212,242.036777201855,188.861226231898,0.613286070552826,7.35627240368448,0.155698200508463,1
"1110","PmetTSAr1.1-000971",125.440763581411,66.1890419476686,102.939057686345,80.092560212061,109.450052322554,91.2018248542141,79.9804673690141,76.059669497169,-0.0707908144879884,6.51523307715101,0.861197065835777,1
"1111","PmetTSAr1.1-000972",105.927755913192,95.817934433007,97.4067335020077,88.9887916934668,107.447473188243,87.9506748671606,78.1784447874749,93.9210954192805,-0.0788662842550896,6.56241757339593,0.838282887040741,1
"1112","PmetTSAr1.1-000974",643.164918649495,667.096299180435,421.260479985139,462.392221997829,549.289251276798,417.051866165333,574.42612849205,700.926511384033,0.031079952864992,9.11507952746185,0.944127541455683,1
"1113","PmetTSAr1.1-000975",611.647364789076,236.108955478043,2018.21077637509,969.053786367416,771.648356244808,613.930201033513,78.0736760327343,280.093200474316,-1.13704947967933,9.44578088814722,0.098849751121565,1
"1114","PmetTSAr1.1-000976",95.092191747199,58.4545921020984,251.980816908834,191.87794507663,144.586213497293,150.598921574209,49.3670372337955,67.8507732730607,-0.534681822682555,6.98036850732129,0.3141158801776,1
"1115","PmetTSAr1.1-000977",177.955033066389,148.888159527228,469.821992269878,338.55985700219,209.360545859843,346.827026444978,146.927701648291,263.109277252023,-0.23252750998903,8.03745484176205,0.638212708048334,1
"1116","PmetTSAr1.1-000978",229.794889843941,164.38680710239,273.968259179919,214.065570021327,288.808321697439,221.163011727996,181.79474322598,167.065191429956,-0.0387469419804709,7.76608811456965,0.92842551818469,1
"1117","PmetTSAr1.1-000979",11.1502900961255,10.1440284513056,9.17325548514053,6.32797417873805,9.24827454754784,2.85535781471656,4.79840896712189,6.19913197613696,-0.672921680251871,2.91314186703936,0.0655667307364708,1
"1118","PmetTSAr1.1-000980",544.880506753809,523.324775704893,652.483259997186,409.703231974027,580.056148885766,459.232003388671,516.216608358143,492.562079985202,-0.056840326004516,9.02890692634829,0.895422939153158,1
"1119","PmetTSAr1.1-000981",290.761798595336,307.325389825332,254.061349080722,240.145296239138,283.710847537373,268.516718061167,278.202951338329,264.411378032399,0.00336136370767141,8.09514929080816,0.993618316223379,1
"1120","PmetTSAr1.1-000982",140.502647380613,146.002614777149,214.342098526505,152.215579722029,143.930823962428,164.282022389286,170.81497772916,177.425384595555,0.00753688831685343,7.35534095298279,0.985590935362826,1
"1121","PmetTSAr1.1-000983",229.255359677999,99.5959157037279,174.528278328112,209.22030108949,247.118265174044,205.161699617803,123.564269341126,112.688330579914,-0.049589941662701,7.45280951981928,0.914360180819018,1
"1122","PmetTSAr1.1-000984",754.847662999397,228.047278908237,2044.45385263413,1079.32998910568,739.971195392971,630.779639227286,212.722479625421,265.798398428886,-1.15101465044581,9.54016851019503,0.0644087952988287,1
"1123","PmetTSAr1.1-000985",146.797165983265,89.3328957163366,247.630613276706,111.52061607048,208.049766790112,125.918452542055,66.8843730264326,81.296379157376,-0.304073705176097,7.07378362055316,0.535622464587228,1
"1124","PmetTSAr1.1-000986",459.949466465175,171.199072543296,729.32109589076,1333.56098519037,671.410167940087,853.695444861346,90.5830653487682,331.554487837864,-0.468354723670522,9.18044481339517,0.482053586822059,1
"1125","PmetTSAr1.1-000987",73.4210634152132,39.7134251686012,527.556760039757,473.909664540721,611.332793910741,627.217509676253,2.15823634765744,124.180785293666,0.292240018010413,8.27605471546267,0.768269836764889,1
"1126","PmetTSAr1.1-000988",219.858542621184,154.213030767063,292.503909438553,172.04676239933,241.256169889968,211.070311333404,173.350381593884,172.075448780532,-0.0720255080881448,7.67664184846785,0.867162956637249,1
"1127","PmetTSAr1.1-000989",285.771144560377,301.762535513326,300.447759549396,256.42857707564,308.215134035403,294.271480132521,312.085166621456,283.320145886552,0.0659026372387058,8.19401217110054,0.873911726456432,1
"1128","PmetTSAr1.1-000990",110.109114699239,73.2690383447676,75.0882974763049,91.9277253078598,92.0822296486161,110.058494779124,78.5975198064375,91.5999592455671,0.0876382417408618,6.49827905691186,0.823543161228019,1
"1129","PmetTSAr1.1-000991",13.3533716070535,13.2080605055123,16.2186939763052,14.5093299161023,15.2560119504825,17.0473342799414,18.0621333172885,16.0215009063631,0.213365442327968,3.95638020464657,0.45084231983506,1
"1130","PmetTSAr1.1-000992",15.6913356594669,15.6473869952691,17.400814528514,15.2242056601438,16.6032015499284,18.1216273191417,18.8374221023693,19.5032051669332,0.192567444753028,4.10365390976439,0.495262939935405,1
"1131","PmetTSAr1.1-000993",10.5657990830221,12.6131028250838,20.5688976084337,12.232318286933,14.5278013561874,14.729122984825,13.9132906295587,13.1908470359809,0.0110909773896657,3.81755919085856,0.974928440537489,1
"1132","PmetTSAr1.1-000994",280.870412219741,298.520016154991,283.756217352208,243.905013115209,280.433899863045,246.80469032154,288.344566797224,275.224475817259,-0.0213155766902053,8.10219989928502,0.959026625216434,1
"1133","PmetTSAr1.1-000995",3.68678946726729,3.80772915474228,3.83007058915661,4.55402325833868,2.94925290689518,4.74950606804339,5.51083649935832,4.5573527313153,0.164114744681203,2.09581341054028,0.578350556849874,1
"1134","PmetTSAr1.1-000996",228.940633747866,279.957336525622,232.452185386344,236.888640071838,183.873175059514,267.187987196893,369.938472989244,368.63605353987,0.282275837285879,8.08244306324652,0.517727399515359,1
"1135","PmetTSAr1.1-000997",9.44177790397721,10.2035242193485,9.74067335020077,10.723136160623,8.01031653724616,12.5239951675192,12.3417593084489,11.0395500944905,0.131304851166811,3.40193360805132,0.655597795614723,1
"1136","PmetTSAr1.1-000998",85.2008053716038,82.8776048836875,138.544528718875,69.1840858955754,89.3150293902947,78.4516627310738,81.3424611806426,79.3715345255161,-0.194002782934472,6.46085420307963,0.62895944342723,1
"1137","PmetTSAr1.1-000999",265.808528420539,236.763408926514,207.674938612047,170.378718996566,241.693096246545,216.950652179553,226.028111477484,247.880359429367,0.0826780928746139,7.8246811767826,0.843196144735272,1
"1138","PmetTSAr1.1-001000",72.3420030833301,70.8297118550108,96.5556067044173,71.7523431982431,82.5062603336354,82.5509388017065,71.4732444840731,70.1152963693664,-0.0224874940786662,6.27281844504887,0.952827472504829,1
"1139","PmetTSAr1.1-001001",62.5854992492203,44.681321800179,128.756570546586,58.8845798054955,91.208376935462,78.2537666449053,52.7405911364445,53.2162927631848,-0.0984487336943228,6.15656421127606,0.822190764791231,1
"1140","PmetTSAr1.1-001002",53.4134864282139,52.8619899060706,86.8149333542165,43.7133279041695,53.8147629184083,49.360938064308,52.0072098532599,56.0186400948632,-0.164675749138712,5.80870915909108,0.635174238084129,1
"1141","PmetTSAr1.1-001003",27.3811559215339,26.2673815909175,40.6176621738954,23.1937463622365,28.7279079449419,24.0867807736486,26.7369862098145,29.5520264067899,-0.105646237078149,4.82650092296682,0.726793068844638,1
"1142","PmetTSAr1.1-001004",27.6059601573429,26.7730956192817,44.8732961618472,23.5114689151439,28.9463711232304,24.9631777266804,26.7998474626589,26.9195183073345,-0.18893668743344,4.85053105841832,0.539238845288581,1
"1143","PmetTSAr1.1-001005",245.396303809084,143.444296751307,61.1392749602407,148.747108519457,199.420471247715,109.945411301314,116.523809022554,184.445406194102,0.0276499732467226,7.24022873963806,0.95420096171201,1
"1144","PmetTSAr1.1-001006",767.121974274567,512.556041689137,438.235731114858,645.691658145961,672.538894361245,495.446987157502,401.955804437987,844.327436457594,0.0305860216530781,9.22229512670864,0.946781860241792,1
"1145","PmetTSAr1.1-001007",490.163155757902,339.155625728256,288.626554027308,420.346937496424,436.380198631342,327.631106086636,272.985467352244,573.094182597574,0.0657953834708236,8.62061396849866,0.884370739364684,1
"1146","PmetTSAr1.1-001008",274.890619547222,173.251676540774,142.658308240562,216.395535409314,236.267927319047,158.825744584927,139.007183789898,276.300124288004,0.00568328978944286,7.66004954851564,0.989907165998735,1
"1147","PmetTSAr1.1-001009",22.3905018865745,12.9998253173623,6.66715991445781,13.8474079308787,16.7124331390727,9.83826256951844,10.7702279873391,17.465134380258,-0.029835216773823,3.79642707048485,0.938334632684473,1
"1148","PmetTSAr1.1-001010",338.510218281164,204.665442067398,94.0022263116462,220.658312994154,278.24926808016,157.779722415179,169.411076415635,272.082450021134,0.0326953724033979,7.76141147511178,0.945651382844239,1
"1149","PmetTSAr1.1-001011",107.456424716693,92.099448930329,95.8936191951804,80.595620920831,113.964958007184,108.475326089777,98.4616757052652,92.3359292518664,0.136113043685497,6.62526261322952,0.725597482778156,1
"1150","PmetTSAr1.1-001012",181.012370673392,172.805458280453,172.069467579517,141.14824412909,176.773121765137,173.978930611542,163.900239916277,160.469767911965,0.0174089938299368,7.3908440618592,0.965816279845285,1
"1151","PmetTSAr1.1-001013",98.2394510485248,91.0880208736006,96.8866004590358,138.288741152924,87.8221976719897,111.500309121209,41.907501896261,133.437023449816,-0.180298234495488,6.6432227674975,0.684216827450872,1
"1152","PmetTSAr1.1-001014",56.0212155635981,51.1068647488066,53.6209882481926,77.3124878741217,48.3895939909098,60.2169519341215,23.6567848204393,72.9742567784524,-0.21435184226929,5.79368741266865,0.579758841457825,1
"1153","PmetTSAr1.1-001015",54.6274293015824,50.5416549523995,51.1148926775099,76.6240890094891,48.1347202829065,59.9625141090477,24.1387210922463,68.0772255826912,-0.217859353808338,5.76055972745959,0.565484717583592,1
"1154","PmetTSAr1.1-001016",36.9578163669965,32.9606554957379,35.0380531674697,49.7235795300002,33.4612768078601,36.0736294215676,14.8143019203283,45.7999796227835,-0.249728653565841,5.15631473586358,0.486395497201482,1
"1155","PmetTSAr1.1-001017",45.455416480576,43.8186331635577,43.9748845421685,60.1289931377159,38.9956773245029,45.8553502521808,18.4183470834067,57.9434847267231,-0.26289301960629,5.47191922977161,0.470894727889166,1
"1156","PmetTSAr1.1-001018",45.3654947862524,41.4388024418438,46.0081318919677,59.5465017907191,39.1777299730767,48.8803332836132,18.3554858305623,61.6799478356275,-0.194889768411143,5.49553674765377,0.601771798007836,1
"1157","PmetTSAr1.1-001019",157.587769302096,151.000259292749,123.082391895983,133.205180306406,139.015402450936,150.683734182567,151.013683083177,143.995362386341,0.0497875873638577,7.16752626759909,0.901046503158047,1
"1158","PmetTSAr1.1-001022",129.442278978811,93.9140698556359,84.4034074277105,69.2899934132112,98.8909987052753,83.4556066241909,83.4168825245075,85.5140534242454,-0.102057424796174,6.5093059217354,0.797543389213251,1
"1159","PmetTSAr1.1-001023",119.011362437275,87.0423086466869,78.1618109120479,63.3856493050162,93.1017244806292,75.2005127440203,71.4103832312287,75.7766041101307,-0.139769636863271,6.37398908983565,0.723978117468484,1
"1160","PmetTSAr1.1-001024",249.847427678102,254.998861831647,244.982663239758,212.927064206742,240.491548765959,230.888190819704,228.458746587467,223.819801531118,-0.0598022462756981,7.88179242424046,0.884463584966376,1
"1161","PmetTSAr1.1-001025",66.0924453278405,138.297912815601,93.7658022012045,24.8088360061822,19.0791175705318,19.3938164445105,136.367011170433,105.272017439513,-0.205162972355753,6.23749616440815,0.747672827050334,1
"1162","PmetTSAr1.1-001026",132.994185904593,79.8433207135023,219.259720023694,113.056275076199,180.923922152619,123.487157769128,59.2153001794168,68.58674327936,-0.334911548512235,6.93321866027989,0.490491103136085,1
"1163","PmetTSAr1.1-001027",94.4177790397721,100.101629732092,134.336179553012,83.1638782234988,100.056135656147,98.7501469980687,112.312105081979,98.3086089183728,-0.00897383777218328,6.68283359085868,0.981938109158186,1
"1164","PmetTSAr1.1-001029",38.5314460176594,36.8873761865659,36.9767308730922,39.5035040781471,40.015172156516,37.3458185469364,43.1228194512526,34.5056706799587,0.0290760831352695,5.2639219782044,0.921831282121479,1
"1165","PmetTSAr1.1-001030",15.0169229520399,13.5947829977908,12.719617141767,11.6763038193451,16.8580752579317,11.1952643032451,9.82730919467321,11.1527762493058,-0.113401517083767,3.67916791252957,0.708625689374489,1
"1166","PmetTSAr1.1-001031",53.1437213452431,51.4043435890208,74.7100188995981,37.9943219518372,60.8055846236413,46.6469345968547,46.8525871200198,44.1582003779619,-0.130201570169937,5.70086730708584,0.701789088231372,1
"1167","PmetTSAr1.1-001032",138.65925264698,101.202301440885,366.599225651003,139.956784555688,152.232424737392,153.765258952905,109.797654968204,117.075844079007,-0.4860918817819,7.32147911393828,0.311603893517103,1
"1168","PmetTSAr1.1-001035",122.967916987513,127.172204191588,113.294433723694,96.6141329632432,115.2393265472,107.429303920029,118.409646607885,114.35841636344,-0.0145029918536713,6.839151270148,0.970552132745645,1
"1169","PmetTSAr1.1-001036",245.980794822187,161.322775048183,468.498017251404,246.102594106151,370.003802961343,229.644272563788,127.629297025063,170.009071455153,-0.322305432134729,7.97979102325072,0.514352773832597,1
"1170","PmetTSAr1.1-001037",53.5933298168611,58.4545921020984,43.6911756096384,52.6360362649842,59.4948055539101,63.1288514877433,67.2196330416026,60.6892189809938,0.265688738399607,5.84375174078246,0.422741574674234,1
"1171","PmetTSAr1.1-001038",50.0414228910792,53.6056870066062,40.0975291309235,48.2143974036903,58.2204370138937,59.0295754171106,64.6213679240345,56.4998512528281,0.312266817581513,5.75110986532215,0.329759784668184,1
"1172","PmetTSAr1.1-001039",47.7484196858276,63.5712281537833,48.7033667510038,51.5240073298085,55.344005166428,54.1669858712567,66.947234279277,56.9810624107931,0.141964906547345,5.79934999835429,0.665138784950719,1
"1173","PmetTSAr1.1-001040",109.209897756003,94.9552457963857,89.8411619678711,104.451289268291,93.8663456046391,116.928316056116,96.7853756294148,103.233946652838,0.0440537679709561,6.66137118651537,0.909615644472241,1
"1174","PmetTSAr1.1-001041",75.3993406903323,91.2665081777291,913.306338636543,66.9865049046329,80.7221443776124,137.311612931469,221.355425016051,103.856690504322,-1.07799716935356,7.72309993359907,0.143844534086922,1
"1175","PmetTSAr1.1-001042",37.7671116159088,37.0063677226516,49.128930149799,31.0573795466934,44.8941831382933,40.2859889700109,37.6329367028424,37.308018011637,0.0476404958422347,5.30163019556604,0.877191075442872,1
"1176","PmetTSAr1.1-001043",157.048239136154,152.933871754141,119.819739171887,118.457558475624,148.700603355061,140.393137701806,151.474665604035,139.409703116322,0.081147376813197,7.14048889727386,0.839824671980126,1
"1177","PmetTSAr1.1-001044",137.400348926449,128.867833580809,114.523839097992,106.145809550464,139.488739337227,136.322132500626,137.833773736802,124.520463758112,0.144331471985328,7.00224728649627,0.715276563810552,1
"1178","PmetTSAr1.1-001045",522.445044020072,55.5987952360416,325.556000078312,118.351650957988,514.08026904263,115.656126930747,7.58525784322324,74.6443425619779,-0.521457529391798,7.75991212091309,0.539783115395555,1
"1179","PmetTSAr1.1-001046",105.927755913192,88.1132324714582,85.9638065566262,82.051849288323,94.0119877234981,68.3589623364816,56.4913125561598,74.4745033297549,-0.30372354380681,6.35714412695468,0.434562910156789,1
"1180","PmetTSAr1.1-001047",95.6317219131406,84.7517215770373,92.1581182502005,82.1577568059588,93.283777129203,72.0341753653247,63.2174666105097,74.1631314040129,-0.228748248259357,6.3615718532647,0.549440939893038,1
"1181","PmetTSAr1.1-001048",20.5021463057791,23.1438537686679,25.6756583939758,23.458515156326,20.972465115699,28.8645577111446,34.678457819156,26.7496790751115,0.262683634977702,4.6765884786035,0.374140760789143,1
"1182","PmetTSAr1.1-001049",21.850971720633,24.7204916218034,26.4795003694778,24.0939602621407,22.1376020665712,28.129515105376,34.9299028305335,31.3070318064268,0.262662600797129,4.74274654379075,0.371235573561879,1
"1183","PmetTSAr1.1-001050",168.153568385118,173.876382105224,279.453298542168,137.573865408882,184.237280356662,180.848751888533,185.398788389059,171.622544161271,-0.0719106948654627,7.53293284454,0.865668023653352,1
"1184","PmetTSAr1.1-001051",180.832527284744,253.898190122855,89.0373199923691,155.47223588933,153.870898574556,169.596945846383,281.911765256148,254.872074489211,0.340793578498151,7.58880603815785,0.460417002118474,1
"1185","PmetTSAr1.1-001052",15.2417271878489,14.2789843302836,12.2940537429718,13.8209310514697,15.5108856584857,13.4286629900036,14.3114118975731,13.1908470359809,0.0203227790136599,3.81466837184891,0.944221312034064,1
"1186","PmetTSAr1.1-001053",30.4834543756978,30.8188078461954,24.5881074859437,20.5725353007509,26.7981498700599,24.369489468175,27.0931999759327,26.1835483010351,-0.0273278283948116,4.72372451023396,0.925621076207916,1
"1187","PmetTSAr1.1-001054",56.8305108125104,31.5327570627095,225.170322784738,154.916221421742,127.145569763925,124.47663819997,23.4262935600099,65.3031847897167,-0.460898662027209,6.66022918878984,0.453303877605718,1
"1188","PmetTSAr1.1-001055",74.0505152754784,57.6216513494985,87.0513574646583,51.762299244489,87.4945029045569,59.5949928061634,47.5021533994118,54.3202477726339,-0.119842667240449,6.02177482594555,0.754657382401436,1
"1189","PmetTSAr1.1-001056",76.8380877995098,81.4794543346806,113.152579257429,462.339268239012,61.897900515084,126.568682539466,37.6957979556868,145.354076244125,-0.982082759517128,7.11104044815322,0.111877542805056,1
"1190","PmetTSAr1.1-001057",38.6663285591448,34.7752764210448,41.090510394779,31.6398708936902,39.2869615622209,34.5752733405777,30.3200776219448,30.9107402645733,-0.113552496813375,5.13803837059175,0.701681637102399,1
"1191","PmetTSAr1.1-001058",28.909824725035,24.7502395058248,32.6265272409637,21.1020728889298,26.5796866917713,23.1538420817115,23.2586635524249,20.7769994086051,-0.194913158534947,4.655205748749,0.505428037215063,1
"1192","PmetTSAr1.1-001059",19.5579685153814,14.8144462426692,21.3727395839357,25.8149574237222,18.2052648573776,25.9809290269754,18.2926245777179,18.2860240026688,-0.014242710354978,4.34713735677508,0.964065022427414,1
"1193","PmetTSAr1.1-001060",210.866373188824,207.669978353562,224.697474563855,179.32790423679,200.14868184201,173.752763655921,163.648794904899,222.34786151852,-0.114306446072473,7.62836472252416,0.781117389815654,1
"1194","PmetTSAr1.1-001061",212.080316062193,179.944950445594,65.4421937702809,185.020433309713,226.255031647489,221.982866942123,88.0267077330962,185.605974280959,0.167955306410777,7.41453792647699,0.730214087564343,1
"1195","PmetTSAr1.1-001062",133.488755223373,131.18816853448,126.439614264257,130.478061727285,135.083065241742,129.424040354182,108.372799903731,122.171021045695,-0.0753857138151709,6.99027291252765,0.848195603554031,1
"1196","PmetTSAr1.1-001063",724.813817095317,583.921215456534,917.420118158229,840.640921234029,740.88145863584,623.118233605621,594.122654383292,619.771664920176,-0.250537462731926,9.462790423154,0.564450726575815,1
"1197","PmetTSAr1.1-001064",122.608230210218,86.3878551982156,59.6261606534134,84.2229533998566,80.6857338478977,79.0736218590318,74.3020008620708,125.596112228857,0.0275858901797787,6.47773758307144,0.947048699000497,1
"1198","PmetTSAr1.1-001065",2.427885746737,3.3317630103995,4.58662774257026,2.46234978503196,3.45900032290175,2.96844129252712,3.60404516307845,2.94388002519746,0.0255171234974716,1.71412115684938,0.950949305735047,1
"1199","PmetTSAr1.1-001066",152.237428489842,153.231350594356,202.662747470682,109.5083732354,160.898130809504,140.280054223996,155.288248276595,140.541964664475,-0.0489295885064069,7.24684197707587,0.906073099159844,1
"1200","PmetTSAr1.1-001067",155.609492026977,140.707491421336,202.095329605622,114.062396493739,165.740731261566,128.717268617866,124.758633145169,131.512178817956,-0.153245207798503,7.18439427648239,0.711603677951869,1
"1201","PmetTSAr1.1-001068",80.3899947252917,68.0631586410183,78.1618109120479,71.5670050423805,80.0303443130321,72.2038005820405,58.8800401642467,73.4271613977135,-0.067559048261734,6.18778574648768,0.856728605427086,1
"1202","PmetTSAr1.1-001069",293.684253660853,266.898015440217,358.986369294778,520.694310456328,343.424116269572,499.235283664156,316.611176826252,349.500833376087,0.0670161264416759,8.52628356447206,0.880471698557547,1
"1203","PmetTSAr1.1-001070",137.894918245229,119.735233186232,89.2737441028109,88.7769766581953,104.534630811062,115.486501714031,92.4269954322036,135.98461193316,0.0416347244821066,6.78886797474029,0.918203750192198,1
"1204","PmetTSAr1.1-001071",174.088400210475,201.065948100805,153.675671787148,161.48248751516,173.751047798812,173.356971483584,215.53028225247,200.268761329539,0.144253834361613,7.5055609901651,0.72408606673262,1
"1205","PmetTSAr1.1-001072",31.2477887774484,35.1917467973447,23.0749931791164,25.2854198355432,29.9658659552436,33.4727094319248,36.9205091706059,33.0620372060638,0.216793324827379,4.95858460253,0.463835095221817,1
"1206","PmetTSAr1.1-001073",69.5544305592988,83.5023104481374,51.39860161004,63.3326955461984,68.5610274528842,72.4865092765669,87.2514189480154,76.6258002712454,0.187287292339476,6.16304104122436,0.623067594906084,1
"1207","PmetTSAr1.1-001074",156.823434900345,145.467152864764,157.174748621686,118.775281028531,155.50937241172,146.527916373029,149.651689271548,172.301901090163,0.109902905554927,7.23206794342849,0.785496330555721,1
"1208","PmetTSAr1.1-001075",26.257134742489,24.4527606656106,29.7894379156625,24.8088360061822,27.9996973506468,29.9953924892502,24.0339523375057,23.8624121273217,0.00819993027149261,4.72563842553945,0.978633644454304,1
"1209","PmetTSAr1.1-001076",185.328612000924,175.244784770209,170.130789873895,123.435211804505,163.592510008395,125.86191080315,137.435652468788,137.060260403905,-0.213999521697033,7.25091793563742,0.601303190613638,1
"1210","PmetTSAr1.1-001077",83.6721365681028,82.6098739274947,100.149253183132,84.4347684351282,86.5478291319733,87.9506748671606,85.3655813626837,87.7785765205511,-0.0132601721325686,6.44911471047625,0.972266115506746,1
"1211","PmetTSAr1.1-001078",76.2086359392446,67.8251755688469,98.5415692321281,79.8013145385626,78.2462283570091,77.5187240391367,74.825844635774,76.7107198873569,-0.0689987636347395,6.29952166468682,0.855321693364496,1
"1212","PmetTSAr1.1-001080",102.735535764704,112.774228325219,74.8991581879515,89.4653755228279,101.876662141885,99.4003769954794,106.36123981271,102.243217798204,0.109628729374895,6.62621136249187,0.77853732755955,1
"1213","PmetTSAr1.1-001081",30.3036109870507,29.2421699930599,43.5966059654617,34.3405125934027,34.517182169588,38.1374028916103,40.4197855789437,36.51543492793,0.122238905026271,5.16773592849162,0.684667934983436,1
"1214","PmetTSAr1.1-001082",43.3422566639716,41.4982982098866,55.2286721991966,37.1735386901599,48.2439518720507,44.4135359100962,46.6220958595904,44.0166676844428,0.0488280687104395,5.4958519995283,0.874789206205563,1
"1215","PmetTSAr1.1-001083",65.9575627863551,72.5848370122748,51.0676078554215,38.7091976958788,67.7235852694448,55.8915089078677,66.0671767394555,61.0288974454396,0.135035778132424,5.9054478106714,0.704212639404597,1
"1216","PmetTSAr1.1-001084",202.728459852539,197.644941438342,380.642817811244,331.967114029362,260.590161168503,344.084752108072,282.854684048814,243.889137472128,0.0237169365946917,8.1324273114634,0.957267631768084,1
"1217","PmetTSAr1.1-001085",72.8815332492717,54.3493841071418,132.775780424096,152.559779154346,77.5544282924287,73.1367392739776,19.4660346308132,97.6292519894811,-0.623671021365011,6.41100313858751,0.223155999173388,1
"1218","PmetTSAr1.1-001086",52.6491520264634,42.1824995423794,96.4137522381522,45.6461401010226,71.5831014192089,55.2695497799096,50.6871235435277,47.4417588676052,-0.0741014574548817,5.85255993628983,0.844305969942691,1
"1219","PmetTSAr1.1-001087",246.160638210834,232.390469975365,168.192112168272,302.736639161886,242.312075251696,256.614682021606,347.056976953886,271.572932324466,0.235108975181305,8.013747270237,0.584296015946357,1
"1220","PmetTSAr1.1-001088",283.298297966478,269.932299610402,256.378305363051,225.265290011311,289.099605935157,270.608762400662,273.153097359829,259.740799146268,0.0783226083951167,8.05525411521677,0.84985468890989,1
"1221","PmetTSAr1.1-001089",97.0704690223181,92.099448930329,79.3439314642567,99.9502197687704,87.6765555531307,99.7396274289111,97.1834968974293,98.2236893022614,0.0551211926473333,6.55421102759198,0.885842753334346,1
"1222","PmetTSAr1.1-001090",62.3606950134114,86.0308805899585,83.6941350963852,110.699832808802,66.9589641454349,110.086765648577,106.403147314607,95.4779550479906,0.144538182115915,6.49641568469406,0.720466101466154,1
"1223","PmetTSAr1.1-001091",115.909063983111,116.403470175832,103.222766618875,94.6018901281633,118.880379518676,115.316876497315,120.442160449854,124.661996451631,0.156153472867079,6.82962451473174,0.688620914057426,1
"1224","PmetTSAr1.1-001092",71.7575120702268,66.8732432801614,81.2353243477909,52.3712674708948,76.8990387575631,55.0716536937412,52.0491173551562,57.4905801074619,-0.172712867124688,6.00607855410127,0.633161967714553,1
"1225","PmetTSAr1.1-001093",40.5546841399402,42.5394741506365,24.635392308032,43.3161747130353,34.4443611101585,35.2255033379884,38.2825029822344,36.6286610827453,-0.0635808391246178,5.2102290083794,0.838307270792122,1
"1226","PmetTSAr1.1-001094",63.4397553452945,62.2028254887978,39.2936871554215,75.0619531243613,51.5937206058082,68.0762536419552,72.248533269154,62.5857570741498,0.0844889606938231,5.95146963217456,0.816517276725807,1
"1227","PmetTSAr1.1-001095",206.145484236836,178.60629566463,146.582948473895,124.891440171997,172.986426674802,147.262958978798,121.867015514327,175.217474576656,-0.088138337029676,7.31515328912516,0.833055992434831,1
"1228","PmetTSAr1.1-001096",22.5253844280599,20.198813250547,14.2327314485943,18.4543849480352,19.0791175705318,17.6127516689942,23.2167560505286,22.8999898113918,0.13500616331088,4.31055195730061,0.647230800586777,1
"1229","PmetTSAr1.1-001097",297.101278045149,331.272436462579,208.904343986345,253.595550978883,274.826678286973,239.19982643878,348.523739520255,340.301208297345,0.140966376963411,8.16381361388499,0.742362457310166,1
"1230","PmetTSAr1.1-001098",110.154075546401,104.772047523456,102.79720322008,91.8747715490419,104.425399221918,89.3642183397925,67.7015693134096,84.5799376470193,-0.243187089911827,6.56244051966154,0.532893009750525,1
"1231","PmetTSAr1.1-001099",102.37584898741,97.3350765180996,359.932065736545,99.8178353717257,93.7207034857801,99.5982730816479,105.292598514356,96.4969904413282,-0.738846674783134,7.04282182674981,0.136338772096822,1
"1232","PmetTSAr1.1-001100",68.83505700471,74.1317269813889,330.048058176706,67.913195683946,66.5948588482874,75.3984088301887,87.5238177103411,73.9083725556785,-0.833828924499416,6.72212243895286,0.117778963839438,1
"1233","PmetTSAr1.1-001101",40.9143709172346,40.4571222691368,39.4355416216866,34.1286975581311,37.8669509033455,44.3287233017383,59.6972364512238,44.4129592262963,0.26644859466636,5.41690131295744,0.387055842456377,1
"1234","PmetTSAr1.1-001102",16.9502393799972,13.1783126214909,213.869250305622,53.24500449139,27.5991815237845,52.80998413753,12.0274530442269,22.5036982695383,-1.37050549039929,5.68758087859814,0.0486860232873371,1
"1235","PmetTSAr1.1-001103",4.00151539739986,2.73680532997102,48.0413792417669,11.9410726134346,7.50056912123959,11.7889525617505,2.64017261946444,5.01025735057644,-1.3074340944744,3.55139800141008,0.0561564733087932,1
"1236","PmetTSAr1.1-001104",41.2740576945289,35.7272087097303,44.8260113397589,28.7803679175241,41.1803091073882,31.4089359618822,33.40027901132,38.1572141727517,-0.0628392742518666,5.20547790955226,0.836640048706909,1
"1237","PmetTSAr1.1-001105",138.614291799818,151.803452161327,98.0214361891563,48.6645043536424,123.832211559883,45.6857250354649,72.0599495106208,80.333956841446,-0.441337769501064,6.56871640428776,0.346795324406393,1
"1238","PmetTSAr1.1-001106",546.454136404471,470.968499827186,320.260100004416,630.599836882862,470.678917622641,487.022268060616,483.6335256338,504.705585089141,-0.0164161609148631,8.93474270376014,0.970270134466335,1
"1239","PmetTSAr1.1-001107",98.4642552843337,87.9049972833082,89.5101682132527,61.6116983846169,89.8975978657308,77.5469949085893,71.1798919707993,90.3544715425989,-0.0367721571474622,6.38135091964552,0.924720059878956,1
"1240","PmetTSAr1.1-001108",111.592822655578,44.8003133362647,161.38309778755,55.9456461911025,136.940002257195,69.263630158966,52.2167473627412,37.9873749405287,-0.334279024963957,6.38885830741018,0.514783380138802,1
"1241","PmetTSAr1.1-001109",295.302844158678,251.815838241355,264.605864406425,219.307992144298,250.031107551224,261.420729828555,247.379983693629,248.361570587332,-0.03372210906672,7.99342624233925,0.935205067430651,1
"1242","PmetTSAr1.1-001110",171.975240393871,164.38680710239,187.058756181525,126.533006695352,159.18683591291,129.848103395972,153.004289423249,148.609328195064,-0.137979632949095,7.27733990293976,0.73501462014459,1
"1243","PmetTSAr1.1-001112",269.495317887807,209.603590814954,553.752551476705,265.510146712908,313.494660844043,157.581826329011,124.905309401806,175.160861499249,-0.751623523360297,8.01526869771081,0.122199729425179,1
"1244","PmetTSAr1.1-001113",78.546599991658,71.6329047235892,74.7100188995981,87.0559794966138,79.2293126593075,75.5397631774519,96.010086844334,83.8722741794237,0.101374087112723,6.33787997961988,0.788474350905945,1
"1245","PmetTSAr1.1-001114",188.97044062103,128.838085696788,289.572250469075,140.380414626231,266.343024863435,157.4687428512,113.841728901193,103.120720498023,-0.222739607009592,7.43969592303996,0.637419731086859,1
"1246","PmetTSAr1.1-001115",79.8055037121883,79.5160939892666,71.3055117092367,62.6178198021568,78.9380284215894,73.3346353601461,65.669055471441,95.0816635061371,0.0941655101517286,6.24495448814184,0.804370936846519,1
"1247","PmetTSAr1.1-001116",845.488730877578,147.043790717899,2539.85693365381,1351.83003198255,1167.9405616602,618.086018843051,32.918342739513,164.376070253093,-1.3002170501227,9.74561086907595,0.124588468611972,1
"1248","PmetTSAr1.1-001117",739.336170728577,167.510334924639,524.956094824898,176.892031331167,290.592437653462,154.472030689221,39.4349592843816,218.583091870911,-1.19411994178041,8.1748700710682,0.0562690162061049,1
"1249","PmetTSAr1.1-001119",20.7269505415881,21.2102413072754,24.5408226638553,15.2242056601438,22.6837600122925,13.8809969012458,17.5592432945334,17.7481997672962,-0.184501247783875,4.26676517227772,0.541181789927487,1
"1250","PmetTSAr1.1-001120",483.374067836471,294.801530652313,456.534957263051,325.692093609442,474.684075891264,397.403611895749,307.580110167608,339.08402713308,-0.0390133492220408,8.58850968664686,0.929119181012187,1
"1251","PmetTSAr1.1-001121",196.74866718002,107.955071113748,349.765828987549,173.317652610959,245.625433455739,206.575243090435,92.322226677463,113.424300586214,-0.331260119015135,7.53726685511283,0.503450053473252,1
"1252","PmetTSAr1.1-001122",61.4614780701754,67.3789573085256,412.654642365059,55.4425854823325,81.8872813284846,71.4122162373666,79.2470860858296,66.5769790313887,-0.996631820165763,6.80772054470155,0.0969379065683433,1
"1253","PmetTSAr1.1-001123",90.8658721139902,77.7014730639597,98.8725629867466,50.3590246358149,93.283777129203,70.4510066759769,70.9494007103699,64.5389082447135,-0.0867337267399916,6.27013066574306,0.827640655926781,1
"1254","PmetTSAr1.1-001124",53.7731732055083,53.5461912385634,34.5179201244979,41.9393769837701,39.1413194433619,39.6074881031475,43.9400157382297,43.4788434490702,-0.145343321110022,5.45302473011153,0.639564296274343,1
"1255","PmetTSAr1.1-001125",56.3359414937307,57.4431640453699,35.7946103208834,45.1695562716615,42.1998039394014,45.4878289492965,49.5975284942249,48.9136988802039,-0.0647784093045504,5.57535623065038,0.840019650091863,1
"1256","PmetTSAr1.1-001126",27.6509210045047,29.4206572971884,14.2327314485943,23.6968070710065,21.6642651802794,20.7225473087845,25.7102524133561,26.1269352236274,-0.0123666660680151,4.56801730159566,0.97024647157111,1
"1257","PmetTSAr1.1-001127",29.7640808211091,32.6631766555237,16.8333966634538,28.4361684852078,23.9945390820237,24.2564059903644,31.5353951769364,32.2977606610606,0.0571477760302356,4.78352067958626,0.855176944423515,1
"1258","PmetTSAr1.1-001128",2.24804235808981,1.87411669334972,1.98596252771084,1.85338155862621,1.56565277773448,1.5831686893478,2.51445011377566,1.72669886093312,-0.0906087010350078,0.98599012390795,0.740420766554051,1
"1259","PmetTSAr1.1-001129",519.702432343203,443.868177483669,510.723363376303,485.215292048341,492.124719624632,516.84803533315,520.134959785443,489.023762647224,0.0425365840823866,8.95787319578741,0.920083712383665,1
"1260","PmetTSAr1.1-001130",266.348058586481,288.227248283578,277.041772615662,343.219787778164,262.447098183956,324.973644358088,312.064212870508,314.598871154275,0.0473944717664818,8.22246120557846,0.909974851716219,1
"1261","PmetTSAr1.1-001131",38.0818375460414,34.0613272045306,31.0661281120481,37.8089837959746,38.7772141462144,33.3313550846616,38.1986879784419,33.9961529832899,0.0330604845700243,5.15897491716376,0.910570708696589,1
"1262","PmetTSAr1.1-001132",142.1661987256,132.943293691744,154.574083406827,140.936429093819,161.371467695795,167.759339331961,161.553419810086,148.014890882284,0.162626124287521,7.24056991473574,0.684637785418787,1
"1263","PmetTSAr1.1-001133",130.116691686238,139.934046436779,197.224992930521,194.128479826391,137.231286494913,184.184714483944,143.449378990901,144.108588541156,-0.119149011692847,7.31159455203282,0.774341334450277,1
"1264","PmetTSAr1.1-001134",135.197267415521,96.0856653891998,242.665706957429,116.630653796406,204.882050704928,144.888205944776,85.3655813626837,83.8722741794237,-0.186339688697579,7.11624917448762,0.693207979788574,1
"1265","PmetTSAr1.1-001135",101.611514585659,41.9147685861866,187.011471359437,361.621218967382,313.094145017181,295.713294474606,9.26155791907368,65.7560894089778,-0.0175568875880674,7.42672117439885,0.982269376207551,1
"1266","PmetTSAr1.1-001136",111.592822655578,93.5570952473788,113.247148901606,114.115350252556,117.569600448945,118.483213876011,92.1965041717742,98.7332069989301,-0.0185800936459079,6.74812961725541,0.96230749563018,1
"1267","PmetTSAr1.1-001137",115.009847039875,97.8110426624424,127.527165172289,125.368024001358,125.507095926761,122.893469510623,97.141589395533,106.036293984516,-0.0444883619697355,6.84197011818687,0.910372560562023,1
"1268","PmetTSAr1.1-001138",61.9560473889552,48.608042491007,47.8049551313251,71.5934819217894,49.2998572337786,47.6081441582444,47.1249858823455,49.7345885026148,-0.247239451857188,5.72866077312072,0.447271999480046,1
"1269","PmetTSAr1.1-001139",111.098253336798,71.2759301153321,101.615082667871,265.510146712908,145.86058203731,168.353027590466,24.893056126379,93.9777084966881,-0.343643666307535,6.94115967766308,0.544502567874634,1
"1270","PmetTSAr1.1-001140",236.583977765372,150.643284684492,471.335106576705,166.195372049953,253.089592047264,163.490438044612,94.1032955080541,132.050003053328,-0.672963369579426,7.70368243635702,0.179553945734133,1
"1271","PmetTSAr1.1-001141",128.183375258281,101.142805672842,185.451072230521,136.62069775016,144.659034556723,120.575258215506,89.0324877786065,103.17733357543,-0.269482695917255,6.9790577274846,0.517163097260468,1
"1272","PmetTSAr1.1-001142",1003.57106949845,620.421869150821,1036.29416088835,1469.59919159354,1106.4795875017,827.036014967507,635.715850015331,943.824920001528,-0.233385831313192,9.89999839043843,0.613095550861577,1
"1273","PmetTSAr1.1-001143",94.1480139568013,79.8135728294808,123.74437940522,105.139688132924,105.66335723222,130.752771218456,122.411813038978,110.027515941755,0.219000359610533,6.76851646238003,0.580969105681668,1
"1274","PmetTSAr1.1-001144",98.4192944371719,96.9781019098426,199.589234034939,66.6687823517255,128.747633071375,86.2261518305496,98.3359531995765,101.960152411166,-0.152605132223048,6.77691480277293,0.730410528470539,1
"1275","PmetTSAr1.1-001145",226.242982918159,201.720401549277,323.711892016866,329.319426088468,343.387705739857,233.347756462084,214.356872199375,217.196071474424,-0.100479574730902,8.02910347735811,0.817824077657501,1
"1276","PmetTSAr1.1-001146",73.0164157907571,66.0105546435401,99.723689784337,76.4652277330355,77.809302000432,60.8389110620796,51.1061985624903,65.9259286412008,-0.301994309134312,6.15812803381759,0.431661258627921,1
"1277","PmetTSAr1.1-001147",67.1265448125618,47.6263623183,106.721843453413,64.1534788078757,68.5246169231694,64.3727697436595,39.0577917673153,45.0357030777804,-0.396389556761865,5.97435778883062,0.310495406533374,1
"1278","PmetTSAr1.1-001148",115.054807887037,106.229693840505,106.81641309759,90.7892194932752,117.496779389515,102.029567854575,97.1834968974293,101.25248894357,-0.0031806010746223,6.70962635297204,0.993641808767992,1
"1279","PmetTSAr1.1-001149",194.320781433283,191.7548604021,288.200990628513,308.985182702397,241.074117241395,262.184043303776,177.394455526873,190.842683941166,-0.174109056606808,7.85737832893418,0.686269383946841,1
"1280","PmetTSAr1.1-001150",75.4443015374941,75.8571042546315,96.6974611706824,103.604029127205,86.5478291319733,89.9296357288453,59.7810514550163,70.0303767532549,-0.199159335328522,6.3627208727215,0.609703295124401,1
"1281","PmetTSAr1.1-001151",74.3202803584492,51.9993012694493,49.8382024811243,30.8985182702397,64.4830481248316,47.9473945916761,53.2015736573033,43.7052957587007,0.0161277007369245,5.70327786891679,0.964629991459775,1
"1282","PmetTSAr1.1-001152",58.7638272404677,62.708539517162,46.9538283337348,58.0902734232271,58.3660791327527,55.4391749966255,66.318621750833,64.0576970867485,0.108237742841855,5.88026951731658,0.74794511551279,1
"1283","PmetTSAr1.1-001153",92.4844626118148,92.7836502628218,23.4059869337349,56.7134756939619,55.7081104635756,63.6377271378908,69.0635631250381,91.0904415488983,0.0746489619631531,6.09125572355188,0.870290752449848,1
"1284","PmetTSAr1.1-001154",48.1530673102838,31.8302359029238,56.4107927514054,48.0820130066456,49.3726782932081,48.8520624141605,38.4710867407676,41.8370642042485,-0.0470385569656605,5.50560833397681,0.883057982269851,1
"1285","PmetTSAr1.1-001155",177.505424594772,53.2189645143277,69.3668340036142,226.642087740576,163.956615305543,116.447711275421,43.8771544853853,91.2602807811212,-0.342236051949207,6.88068818849995,0.524184119924968,1
"1286","PmetTSAr1.1-001156",19.8726944455139,22.727383392368,25.2500949951806,22.5318243770129,18.0596227385186,19.8178794863001,20.2413234158941,26.6930659977039,-0.0915226143909254,4.45681637769349,0.752194064139955,1
"1287","PmetTSAr1.1-001157",15.1967663406871,16.3315883277618,20.8998913630521,16.6539571482269,13.2534328161709,15.4924364600463,15.3171919430834,20.3524013280478,-0.100101283139007,4.06579400119668,0.734604161056149,1
"1288","PmetTSAr1.1-001159",117.527654480935,123.364475036846,108.518666692771,103.709936644841,111.197757748863,121.564738646349,132.742012256407,122.991910668105,0.108478993484458,6.87977845293816,0.78183586188249,1
"1289","PmetTSAr1.1-001160",142.615807197218,108.609524562219,286.877015610039,154.333730074745,165.522268083277,136.406945108984,118.367739105989,146.486337792277,-0.28880913938097,7.29874100962068,0.515586999686792,1
"1290","PmetTSAr1.1-001161",122.743112751704,96.234404809307,258.837116111646,134.661408673898,149.028298122493,117.097941272832,101.122802075678,126.530228006083,-0.310705934705552,7.11194505284757,0.483970851213764,1
"1291","PmetTSAr1.1-001162",168.558216009574,137.851694555279,127.527165172289,129.524894068563,140.071307812664,129.593665570898,114.239850169208,156.223787106392,-0.061011996634043,7.10859439642018,0.8796654866127,1
"1292","PmetTSAr1.1-001164",126.834549843427,121.609349879582,135.754724215662,101.168156221582,132.243043923991,134.767234680731,148.478279218453,122.199327584398,0.147771133285914,6.99935512736824,0.709708414177798,1
"1293","PmetTSAr1.1-001165",141.67162940682,151.65471274122,200.724069765059,112.314922452748,148.445729647057,137.198529453658,165.807031252557,141.221321593367,-0.0328571022836539,7.22820615446788,0.936668296374854,1
"1294","PmetTSAr1.1-001167",138.839096035627,129.611530681345,153.62838696506,111.070509120528,143.239023897847,151.729756352315,157.069317107186,131.653711511475,0.130742815270064,7.12582936160132,0.744470634601062,1
"1295","PmetTSAr1.1-001168",40.5546841399402,26.4756167790674,47.1902524441765,32.3812235171407,43.292119830844,30.0519342281555,19.7593871440871,23.3245878919491,-0.332505731725171,5.04107004125108,0.32803058036383,1
"1296","PmetTSAr1.1-001169",36.9578163669965,27.7547757919887,44.8260113397589,30.2101194056072,39.2505510325062,30.2215594448713,18.3345320796142,21.7960348019427,-0.350635009985181,4.96417439852687,0.290411339633012,1
"1297","PmetTSAr1.1-001170",98.1045685070394,87.2207959508155,82.8902931208832,74.6912768126361,96.9612406303933,101.294525248806,85.093182600358,78.6072579805129,0.0780269308828943,6.46217215391525,0.839284619958803,1
"1298","PmetTSAr1.1-001171",21.3564024018532,16.8670502401475,7.70742600040158,16.3891883541374,10.3770009687053,18.573961230384,11.88077678759,19.1352201637835,-0.0559721500319076,3.94022808666593,0.876903989246624,1
"1299","PmetTSAr1.1-001172",70.2738041138875,68.5391247853611,38.0642817811244,63.491556822652,48.207541342336,71.9210918875141,45.762992070717,80.503796073669,0.0355382321296993,5.92862765922512,0.924805269503996,1
"1300","PmetTSAr1.1-001173",108.580445895738,122.293551212074,114.57112392008,145.252160437477,117.860884686663,142.117660738417,144.015130266501,128.228620328312,0.117151194169745,6.99923589486886,0.768253056088859,1
"1301","PmetTSAr1.1-001174",112.177313668682,119.408006461996,121.190999012449,117.398483299266,113.127515823745,129.93291600433,120.693605461232,116.311567534003,0.0300408467788431,6.8929054092449,0.938843398552796,1
"1302","PmetTSAr1.1-001175",94.5526615812575,108.698768214284,43.5966059654617,82.5284331176841,89.0965662120062,144.633768119702,229.108312866859,102.469670107835,0.779237632458752,6.80630345342269,0.0917428919255649,1
"1303","PmetTSAr1.1-001176",98.8689029087899,55.3310642798488,124.595506202811,77.9479329799364,105.626946702505,57.1071562943312,47.3135696408787,55.1694439337485,-0.427697758105548,6.2814506511473,0.322353512137547,1
"1304","PmetTSAr1.1-001177",69.4645088649752,38.1367873154657,64.8747759052206,98.3086532454158,64.3738165356873,75.7942010025257,35.8518678722513,55.1977504724523,-0.228092824505422,5.97287175017605,0.572236605253063,1
"1305","PmetTSAr1.1-001178",139.243743660083,137.226988990829,173.535297064256,111.891292382205,130.677391146257,115.203793019505,146.131459112262,132.191535746847,-0.100082595097653,7.08554403132024,0.804533102796271,1
"1306","PmetTSAr1.1-001179",127.14927577356,111.048851051976,182.992261481927,111.229370396981,174.005921506815,105.478613927797,62.3793165725845,79.5130672190352,-0.33749932807227,6.89807230741459,0.451464914591556,1
"1307","PmetTSAr1.1-001180",61.32659552869,76.7792886592956,69.6505429361443,67.0659355428597,56.5455526470149,89.5338435565083,88.948672774814,70.6248140660352,0.153449825036692,6.18243161110465,0.688226614556314,1
"1308","PmetTSAr1.1-001181",226.153061223835,186.638224350415,321.158511624095,329.50476424433,293.396048441498,281.379963662118,166.079430014882,204.79780752215,-0.169402249280697,7.97265670745536,0.701863954137435,1
"1309","PmetTSAr1.1-001182",183.21545218432,180.123437749723,264.322155473895,191.216023091407,225.890926350342,186.305029692892,185.04257462294,188.380015073934,-0.0597951697737833,7.64830446292239,0.88558663649209,1
"1310","PmetTSAr1.1-001183",90.910832961152,39.9216603567511,46.5282649349396,208.558379104266,108.612610139115,128.123580359361,4.92413147281067,83.985500334239,-0.245186945986234,6.47589491165117,0.728254527365674,1
"1311","PmetTSAr1.1-001184",66.2722887164876,56.1937529164701,95.7517647289153,55.0454322911983,93.138135010344,64.9381871327122,54.2073537028136,55.4242027820829,-0.0295412093104185,6.08047594827617,0.941223342631474,1
"1312","PmetTSAr1.1-001185",63.979285511236,138.387156467665,14.2800162706827,24.9412204032269,54.4337419235591,35.2820450768937,628.214407175901,150.27941397859,1.84537855957655,7.11725291791621,0.0232743272749208,1
"1313","PmetTSAr1.1-001186",49.0972451006815,50.6011507204424,55.1341025550199,45.1166025128436,53.1229628538279,49.1347711086869,50.3518635283576,50.8668500507676,0.0253386634893822,5.65786128430662,0.93573917330656,1
"1314","PmetTSAr1.1-001187",40.0601148211604,40.0406518928368,48.5615122847388,37.7030762783388,43.292119830844,39.2682376697159,40.5036005827363,37.0249526245988,-0.0552618643567884,5.35277621628209,0.852772334797658,1
"1315","PmetTSAr1.1-001188",3.5519069257819,3.15327570627095,1.60768395100401,2.88597985557509,2.91284237718042,2.06377347004266,1.59248507205792,2.54758848334395,-0.309212830979917,1.37717432766267,0.334893759579014,1
"1316","PmetTSAr1.1-001189",117.482693633774,112.060279108705,81.1880395257025,111.970723020432,96.3422616252424,156.592345898169,210.731873285348,144.929478163567,0.525858519734749,7.01108939343353,0.213700855439719,1
"1317","PmetTSAr1.1-001190",115.189690428522,112.417253716962,79.107507353815,110.01143394417,92.0094085891866,158.288598065327,211.549069572326,146.174965866535,0.545035950857739,7.00191099499424,0.200714125158633,1
"1318","PmetTSAr1.1-001192",22.3455410394127,19.1873851938185,17.6845234610441,21.5521798388819,19.4796333973941,17.471397321731,16.9934920189338,19.1069136250797,-0.145331700500982,4.26957576817907,0.606282955025,1
"1319","PmetTSAr1.1-001193",17.3099261572915,19.8418386422899,15.6985609333333,20.1753821096167,21.5550335911351,19.3938164445105,19.5498496346058,19.531511705637,0.130990675127687,4.2628224034534,0.64137626228276,1
"1320","PmetTSAr1.1-001194",19.3331642795724,19.2766288458828,15.7458457554216,20.5990121801598,18.6786017436695,16.3122916741728,17.7059195511703,19.5032051669332,-0.0547816863869128,4.20611151559022,0.848977396853145,1
"1321","PmetTSAr1.1-001195",17.2649653101297,18.6221753974115,13.3343198289156,18.5338155862621,19.5524544568236,19.195920358342,18.2088095739254,17.153762454516,0.128172047970698,4.15370671963113,0.654628537275301,1
"1322","PmetTSAr1.1-001196",116.853241773508,87.9942409353725,212.78169939759,136.435359594298,151.322161494523,125.494389500265,86.2875464044014,103.828383965618,-0.246804567377005,6.9963035368714,0.571940890448536,1
"1323","PmetTSAr1.1-001197",90.686028725343,98.1382693866781,90.361295010843,65.953906607684,96.997651160108,98.1564587395633,115.89519649411,89.9864865394492,0.216646315473949,6.54434706563773,0.578544286253264,1
"1324","PmetTSAr1.1-001198",40.6895666814256,38.3747703876371,30.8297040016063,56.8458600910066,45.9864990297359,49.4740215421186,43.7933394815928,44.7526376907421,0.141562994362179,5.45651977118681,0.654384261824307,1
"1325","PmetTSAr1.1-001199",146.527400900294,164.267815566304,309.621015034537,418.281740902526,165.740731261566,420.727079194177,182.486217007269,221.866650360555,-0.0681054668318492,7.98729883913497,0.891594486048011,1
"1326","PmetTSAr1.1-001200",56.2909806465689,49.6789663157782,75.0882974763049,55.5484929999683,67.6143536803005,54.3366110879725,46.8525871200198,52.3387900633664,-0.097451306415128,5.83976561314906,0.77482913376756,1
"1327","PmetTSAr1.1-001201",273.406911590883,241.909792862221,35.9364647871485,133.681764135767,237.214601091631,157.977618501348,546.892899746206,261.863789549055,0.813723528714064,7.88381955968243,0.165818543577234,1
"1328","PmetTSAr1.1-001202",59.6180833365418,55.1823248597417,97.5485879682727,74.3470773803198,56.5091421173002,72.9105723183565,64.4956454183457,68.6999694341753,-0.126395857590129,6.10268453446943,0.743536377779234,1
"1329","PmetTSAr1.1-001203",141.17706008804,142.403120810557,351.75179151526,111.547092949889,157.948877902608,174.855327564573,129.179874595225,152.034419378226,-0.282479159080839,7.41071321739494,0.54478113221947,1
"1330","PmetTSAr1.1-001205",59.6180833365418,50.6011507204424,78.9656528875499,55.4161086029236,66.0487009025661,73.5890731852198,81.8453512033977,62.0196263000734,0.213207730301827,6.04601220992228,0.569069771552987,1
"1331","PmetTSAr1.1-001206",447.899959425814,142.522112346643,126.959747307228,99.5265896982273,163.920204775828,80.4023527233059,84.8626913399285,70.171909446774,-1.03246448188863,7.24852740237551,0.0537379114195956,1
"1332","PmetTSAr1.1-001207",48.8724408648725,37.7798127072086,90.9759976979916,44.8783105981631,43.8382777765653,31.6068320480506,24.1387210922463,34.449057602551,-0.73106911086312,5.47917436114624,0.0424209630397588,1
"1333","PmetTSAr1.1-001208",71.3528644457706,38.7317449958942,191.598099102007,39.7153191134187,93.6478824263505,49.5022924115712,44.3590907571923,45.6867534679683,-0.549696820940167,6.16694324588698,0.295156833187387,1
"1334","PmetTSAr1.1-001209",28.8199030307114,29.6883882533812,52.3915828738954,26.5563100471726,32.3689609164174,25.8113038102596,24.7673336206903,30.2596898743854,-0.279436393761949,4.97186228316366,0.38203916258499,1
"1335","PmetTSAr1.1-001210",51.7499350832275,45.4250189007146,57.7347677698793,57.8519815085466,52.1398785515295,55.6088002133413,56.0931912881454,56.3300120206052,0.0494818221549597,5.7596466801683,0.877625518027039,1
"1336","PmetTSAr1.1-001211",198.547101066492,119.645989534168,235.005565779116,146.443620010879,166.250478677573,127.077558189613,102.191443374032,120.670774494392,-0.438663523733367,7.24814887322726,0.307317947077162,1
"1337","PmetTSAr1.1-001212",129.39731813165,64.1959337182332,146.913942228513,94.7077976457991,131.587654389126,94.3116204940044,39.4559130353297,72.5779652365989,-0.364998807698096,6.59520731316994,0.43108428262378,1
"1338","PmetTSAr1.1-001213",187.127045887396,82.0744120151091,37.6860032044175,195.108124364522,201.022534555164,169.427320629667,32.918342739513,216.913006087386,0.305126325932218,7.13284847716263,0.610394883457678,1
"1339","PmetTSAr1.1-001214",202.908303241186,140.856230841443,226.730721913654,178.136444663387,238.74384333965,184.919757089713,100.829449562404,121.68980988773,-0.212335016735188,7.44625602176435,0.633203367100352,1
"1340","PmetTSAr1.1-001215",66.6769363409438,37.2740986788444,78.9656528875499,90.4714969403678,73.5128594940909,81.5614583708641,20.0527396573609,42.544727671844,-0.328991831811354,5.94093643076021,0.471801304092655,1
"1341","PmetTSAr1.1-001216",57.6847669085846,53.7544264267133,67.9482893409636,50.332547756406,67.0317852048644,54.2517984796146,60.9963690100079,60.5759928261785,0.0803876630648438,5.88582255696017,0.812152576156988,1
"1342","PmetTSAr1.1-001217",98.1495293542012,125.179095962153,92.8201057594374,74.1617392244572,97.9807354624064,74.8612623105886,113.925543904986,84.8913095727613,-0.0706088980104967,6.57452288433709,0.860094225167773,1
"1343","PmetTSAr1.1-001218",51.3452874587713,51.7315703132565,68.5157072060238,40.7214405309586,60.9876372722151,48.2583741556551,53.0968049025627,49.5081361929842,-0.00287874783765763,5.72998421897364,0.993195968234841,1
"1344","PmetTSAr1.1-001219",34.7547348560685,17.6702431087259,24.4462530196786,24.0674833827317,33.3884557484306,27.7902646719443,10.7911817382872,29.0142021714173,0.000480110661259008,4.66052557914225,0.99971489487552,1
"1345","PmetTSAr1.1-001220",46.8492027425917,35.9354438978803,78.0672412678712,90.365589422732,70.1266802306186,85.9717140054758,66.0252692375592,54.3485543113377,0.138138521436863,6.04493195144976,0.738003569622279,1
"1346","PmetTSAr1.1-001222",8.72240434938847,5.65209796407058,7.18729295742969,5.24242212297127,7.02723223494777,5.6259030210752,6.47470904297233,6.11421236002549,-0.0828810358190761,2.71361612010262,0.780562078681552,1
"1347","PmetTSAr1.1-001223",191.308404673443,143.890515011628,181.668286463453,117.239622022812,171.602826545642,136.944091628584,144.518020289256,153.39313323601,-0.064245258279878,7.27727571393666,0.876479223199358,1
"1348","PmetTSAr1.1-001224",154.035862376314,176.732178971281,157.080178977509,173.132314455097,135.993328484611,178.163019290532,179.741275633063,168.508824903851,0.00310914899002348,7.37058813133372,0.994029866852935,1
"1349","PmetTSAr1.1-001225",40.2849190569694,55.3608121638702,30.924273645783,43.6603741453516,37.2843824279094,48.7107080668973,46.2868358444203,40.648189578688,0.0223363567128612,5.42503724231351,0.943797316782177,1
"1350","PmetTSAr1.1-001226",77.6473830484221,59.971734187191,49.5544935485942,111.308801035208,65.5753640162742,86.8481109585076,64.1394316522275,77.5033029710639,-0.021718431754781,6.21210402729294,0.957742344105551,1
"1351","PmetTSAr1.1-001227",68.4753702274157,56.9671979010271,41.2796496831324,94.0193987811665,55.7809315230051,71.5252997151772,59.8229589569126,69.9454571371435,-0.0206914408495591,6.01781797404041,0.957493168839104,1
"1352","PmetTSAr1.1-001228",119.416010061731,99.744655123835,102.79720322008,88.2209621906074,94.8494299069375,70.0269436341873,48.4241184411296,83.9005807181276,-0.464876404686739,6.46714513878263,0.247918435020701,1
"1353","PmetTSAr1.1-001229",120.854757170908,97.989529966571,80.4787671943772,78.7687162416138,86.3293659536847,71.8645501486089,55.9465150315084,101.337408559682,-0.2612185184038,6.43879219655758,0.516720993132363,1
"1354","PmetTSAr1.1-001230",30.9780236944776,36.4411579262445,29.2220200506023,27.9066308970289,33.024350451283,30.7304350950188,35.9566366269919,30.7692075710542,0.0671001444969888,4.99738383091573,0.816419582557684,1
"1355","PmetTSAr1.1-001231",28.4152554062552,38.6425013438299,31.0661281120481,27.4830008264857,35.4638559421716,31.6068320480506,33.9869840378677,28.3348452425255,0.042606257744423,4.9971796688753,0.88478427391578,1
"1356","PmetTSAr1.1-001232",73.9605935811548,41.944516470208,54.4721150457829,262.253490545608,148.336498057913,158.458223282043,8.36054662830407,91.4867330907518,-0.0895836918737093,6.71393564270909,0.899240613450409,1
"1357","PmetTSAr1.1-001233",119.865618533349,96.4128921134355,81.660887746586,113.691720182013,91.7545348811833,114.29912519702,97.4978031616512,101.110956250051,-0.0246550740776674,6.67383345766922,0.950166455986828,1
"1358","PmetTSAr1.1-001235",29.7191199739473,20.198813250547,35.1799076337348,26.7416482030353,31.5679292626928,28.4687655388077,16.1762957319567,21.8809544180542,-0.18915100114989,4.71651406795832,0.556324045253493,1
"1359","PmetTSAr1.1-001236",48.2429890046074,34.4480496968091,21.4673092281124,51.0209466210386,35.0633401153093,41.0493024452321,35.2023015928592,35.6379322281115,-0.079015711829304,5.24153424820832,0.814705098986469,1
"1360","PmetTSAr1.1-001237",17.2649653101297,19.0386457737114,21.1836002955822,21.7110411153356,19.042707040817,16.4819168908887,18.3554858305623,17.6066670737771,-0.148104227656316,4.24001672132178,0.598439641089965,1
"1361","PmetTSAr1.1-001238",214.598123503253,126.36901132301,109.558932778714,430.090429118916,635.036048755047,409.220835326952,18.2297633248735,117.189070233822,0.421720347677316,8.00896097454566,0.571158238679973,1
"1362","PmetTSAr1.1-001239",338.240453198193,94.062809275743,227.581848711244,118.484035355032,137.085644376054,101.775130029501,48.3403034373371,126.869906470529,-0.910527123023217,7.21997739859789,0.074592110851098,1
"1363","PmetTSAr1.1-001240",63.9343246640742,21.0020061191254,195.522739335341,110.593925291167,122.521432490151,66.0124801719125,9.59681793424377,19.3333659347102,-0.846681592190125,6.24967304710901,0.229082007576637,1
"1364","PmetTSAr1.1-001241",131.465517101092,85.8226454018085,113.71999712249,118.53698911385,94.0119877234981,123.571970377486,81.5100911882276,121.972875274768,-0.0943764307075222,6.76664309373374,0.815111792745749,1
"1365","PmetTSAr1.1-001242",46.7143202011063,40.5761138052225,48.8452212172689,42.1247151396328,44.8213620788637,38.8159037584736,33.5260015170088,36.204063002188,-0.216981225070192,5.37531420024125,0.469495810218923,1
"1366","PmetTSAr1.1-001243",72.2071205418447,66.3080334837543,86.0583762008029,80.0131295738342,84.4724289382322,86.8481109585076,81.9082124562421,81.4945249283027,0.136148993473018,6.32148124236905,0.717251720864018,1
"1367","PmetTSAr1.1-001244",180.562762201774,153.826308274784,131.262666117269,110.646879049985,159.660172799202,131.96841860492,131.610509705208,141.98559813837,-0.0279681849324178,7.1573183141057,0.945477413378349,1
"1368","PmetTSAr1.1-001245",277.992918001386,132.348336011316,427.785785433332,486.697997295242,295.507859164954,162.472686744317,55.6322087672865,374.438893974154,-0.577116784885014,8.11195568756537,0.318160799990225,1
"1369","PmetTSAr1.1-001246",45.0957297032816,32.0979668591166,59.1533124325299,50.5443627916775,48.207541342336,68.7830253782712,67.1358180378101,45.7716730840797,0.29918009964108,5.70494806583107,0.384262841733974,1
"1370","PmetTSAr1.1-001247",130.386456769209,119.080779737761,112.774300680722,95.7139190633391,111.925968343158,127.190641667424,107.492742363909,127.181278396271,0.0490869318070652,6.86453007242516,0.901034975850627,1
"1371","PmetTSAr1.1-001248",102.960340000513,95.1337331005143,128.567431258232,97.0907167926043,77.809302000432,112.489789552051,96.345346859504,127.209584934975,-0.0339825392544022,6.71094113452651,0.932252155215304,1
"1372","PmetTSAr1.1-001249",138.65925264698,129.462791261238,99.3926960297185,77.7361179446649,129.767127903388,94.5377874496255,111.557770047847,117.273989849933,0.025359334819852,6.81193663794395,0.950560191882684,1
"1373","PmetTSAr1.1-001250",16.9502393799972,11.6314226523768,42.4144854132529,15.2771594189617,17.3678226739383,7.0677173631598,1.06864129835466,27.5422621588185,-0.701517365608171,4.12480314138721,0.2730956829944,1
"1374","PmetTSAr1.1-001251",16.3657483668938,12.2561282168267,44.447732763052,13.6091160161981,17.4406437333678,7.54832214385467,0.901011290769612,27.315809849188,-0.703907755399305,4.13050094869277,0.28417611941013,1
"1375","PmetTSAr1.1-001252",20.9067939302352,16.8967981241689,22.4602904919678,43.3426515924443,19.7345071053974,34.7448985572936,23.447247310958,16.7857774513663,-0.130149417133039,4.63564592213817,0.719479831481842,1
"1376","PmetTSAr1.1-001253",22.7951495110307,17.3430163844902,22.8385690686746,43.2367440748085,18.7878333328137,36.8369428967889,23.447247310958,16.8140839900701,-0.148081232211166,4.66277782999749,0.683779223579051,1
"1377","PmetTSAr1.1-001254",10.3859556943749,8.24016387393447,10.0716671048192,17.8454167216295,9.06622189897406,15.831686893478,10.7702279873391,8.03905699188537,-0.0918907210530349,3.50438920676235,0.790578479658842,1
"1378","PmetTSAr1.1-001255",11.4200551790962,9.72755807500568,11.1592180128514,23.5379457945528,11.1780326224299,20.4681094837108,12.4255743122414,9.56761008189174,-0.0596870222351964,3.78187376035539,0.872780757439434,1
"1379","PmetTSAr1.1-001256",46.2647117294883,38.8507365319799,80.5260520164656,40.9862093250481,42.1998039394014,25.698220332449,19.3193583741763,54.6882327757836,-0.541967554278373,5.44654362540128,0.16432127943212,1
"1380","PmetTSAr1.1-001257",17.220004462968,13.535287229748,48.7506515730922,15.8861276453675,19.1155281002465,8.19855214126537,1.19436380404344,27.9102471619682,-0.757580087410662,4.24835029386289,0.231628954312673,1
"1381","PmetTSAr1.1-001258",7.1038138515638,6.63377813677757,8.65312244216864,14.8800062278275,6.99082170523301,14.1919764652249,9.17774291528116,6.73695621150957,-0.00825521189961488,3.22731212141154,0.985815777775984,1
"1382","PmetTSAr1.1-001259",11.465016026258,9.8762974951128,11.7266358779116,19.6193676420288,10.0493062012725,17.4431264522784,11.2940717610423,9.05809238522295,-0.140217815675384,3.65905266752103,0.677365461388488,1
"1383","PmetTSAr1.1-001260",4.49608471617962,4.31344318310649,3.54636165662649,7.38704935509588,4.84260045206245,6.81327953808605,6.09754152590598,5.09517696668791,0.205707781084929,2.43177384892918,0.50889385663255,1
"1384","PmetTSAr1.1-001261",4.18135878604705,5.14638393570637,4.20834916586344,8.31374013440898,5.27952680863951,7.09598823261244,5.80418901263215,4.64227234742676,0.0569943652022383,2.49943510330586,0.857241205561975,1
"1385","PmetTSAr1.1-001262",94.5077007340957,101.380788745013,133.53233757751,66.6687823517255,96.415082684672,54.6475906519516,69.356915638312,74.3329706362358,-0.426245345906539,6.43300472610748,0.298852997754126,1
"1386","PmetTSAr1.1-001263",99.723159004864,73.9234917932389,100.480246937751,131.139983712509,121.938864014715,135.134755983615,82.2644262223604,83.5042891762741,0.0611550894144326,6.69452096811662,0.882194398970554,1
"1387","PmetTSAr1.1-001264",53.9979774413173,42.3312389624865,67.6645804084335,59.5465017907191,59.9681424402019,56.1459467329415,37.9262892161162,41.0444811205415,-0.196480067143431,5.71098277798994,0.561338416343758,1
"1388","PmetTSAr1.1-001265",92.9340710834328,144.069002315757,218.172169115662,206.069552439825,103.478725449334,216.243880443237,3.49927640833779,440.817727234616,0.208439852640369,7.47753435047909,0.791039199929719,1
"1389","PmetTSAr1.1-001266",30.3036109870507,34.1505708565949,20.0487645654618,18.3484774303994,27.672002583214,22.8428625177325,23.7825073261281,24.9097540593631,-0.05226683803065,4.66204538553467,0.867011617629435,1
"1390","PmetTSAr1.1-001267",115.63929890014,112.714732557176,59.9098695859435,48.0290592478277,87.1303976074094,59.6232636756161,59.5086526926906,68.8698086663982,-0.289624135193808,6.25703983827545,0.495018104457208,1
"1391","PmetTSAr1.1-001268",125.575646122897,252.738022646019,30.5932798911645,49.9618714446807,100.638704131584,76.3313475221258,1351.24453739209,281.253768561173,1.97935329922086,8.14800474763646,0.0164023736223957,1
"1392","PmetTSAr1.1-001269",50.8956789871533,47.2991355940643,51.0676078554215,37.1735386901599,57.128121122451,40.823135489611,38.9949305144709,43.3939238329587,-0.047917320373354,5.52046820702945,0.879208702984777,1
"1393","PmetTSAr1.1-001270",41.2740576945289,45.0085485244147,48.4669426405621,48.5850737154155,45.076235786867,55.552258474436,64.4956454183457,56.1601727883823,0.271528654555302,5.66235032993781,0.392406046119956,1
"1394","PmetTSAr1.1-001271",108.445563354252,67.408705192547,60.2881481626504,79.0334850357032,78.9380284215894,77.6883492558525,59.5086526926906,80.333956841446,-0.0882873833285621,6.25762734853233,0.82205989903129,1
"1395","PmetTSAr1.1-001272",101.027023572556,86.8638213425584,71.4000813534134,102.306662036167,85.8560290673929,122.978282118981,87.7543089707705,105.158791284698,0.151841130520045,6.57717917620246,0.700669321869731,1
"1396","PmetTSAr1.1-001274",128.273296952605,109.085490706562,186.207629383935,81.575265458962,120.336800707266,84.3320035772227,96.0519943462302,98.4784481505958,-0.3394440739997,6.82130904098946,0.419780552319711,1
"1397","PmetTSAr1.1-001275",128.90274881287,116.55220959594,192.023662500802,84.7789678674445,128.383527774227,85.8586305276653,97.0158668898442,108.527269390452,-0.314997679740312,6.88021770923931,0.456378470677838,1
"1398","PmetTSAr1.1-001276",47.9732239216366,45.4845146687574,65.7731875248994,38.5503364194251,45.8044463811621,34.2642937765987,35.4118391023406,34.618896834774,-0.397709307704848,5.44406968869337,0.20868592611092,1
"1399","PmetTSAr1.1-001277",194.410703127607,162.572186177083,305.365381046585,259.420464448851,220.574989011987,264.163004165461,184.351100841652,192.625995879507,-0.0971782560518683,7.80084706254604,0.821890920089932,1
"1400","PmetTSAr1.1-001278",112.806765528947,66.1592940636472,132.444786669477,90.3391125433231,126.999927645066,87.7527787809921,57.8742601187364,75.7482975714269,-0.205633445137239,6.55169547129721,0.629692123923518,1
"1401","PmetTSAr1.1-001279",28.1454903232844,8.95411309044865,7.80199564457828,14.6946680719649,18.9698859813875,10.8560138698135,8.52817663588911,9.85067546892996,-0.306436230001997,3.75727752717785,0.459399573071734,1
"1402","PmetTSAr1.1-001280",15.5114922708197,9.60856653891998,5.72146347269074,11.4380119046646,10.559053617279,11.1669934337925,14.8352556712764,13.7569778100574,0.251368696122291,3.54131530169985,0.453831024138501,1
"1403","PmetTSAr1.1-001281",35.0694607862011,7.70470196154884,8.41669833172688,17.8983704804474,23.6304337848762,10.4036799585712,3.45736890644153,5.66130774076434,-0.680052955376171,3.81421203589298,0.218359600837259,1
"1404","PmetTSAr1.1-001282",9.5316995983008,4.10520799495653,2.2223866381526,5.77195971115018,6.5903058783707,3.81656737610629,4.06502768393732,4.50073965390765,-0.190780950168444,2.35907486227626,0.629514646932979,1
"1405","PmetTSAr1.1-001283",27.7858035459901,6.30655141254191,8.65312244216864,16.2038501982748,20.681180877981,9.951346047329,3.16401639316771,6.17082543743313,-0.561842502216338,3.63267090263458,0.282745858998991,1
"1406","PmetTSAr1.1-001285",8.63248265506487,1.51714208509263,2.08053217188754,3.83914751429714,6.33543217036742,2.28994042566378,0.796242536028959,1.38702039648726,-0.575753100686808,1.76333859155257,0.31870603144178,1
"1407","PmetTSAr1.1-001286",79.4008560877321,15.1416729669049,20.9944610072288,33.8639287640417,54.3609208641296,18.2912525358576,6.45375529202419,11.747213562086,-0.718017509487675,4.90989926513405,0.218493995527784,1
"1408","PmetTSAr1.1-001287",60.2924960439687,15.2606645029906,21.3254547618473,42.0717613808149,58.9850581379035,23.1255712122589,8.15100911882277,14.8043197420988,-0.403862526680185,4.93277077267625,0.447402611158923,1
"1409","PmetTSAr1.1-001288",14.1626668559658,9.40033135077002,3.87735541124497,11.1997199899841,10.2313588498462,9.21630344156038,12.9075105840484,11.5773743298631,0.184446495583824,3.37712734449032,0.611155058427351,1
"1410","PmetTSAr1.1-001289",7.1487746987256,2.52857014182105,2.26967146024096,3.89210127311503,5.35234786806902,3.64694215939046,3.12210889127144,4.27428734427708,0.0502735149881123,2.02976722535442,0.89445066112207,1
"1411","PmetTSAr1.1-001291",18.9285166551162,14.3682279823478,28.5600325413654,18.2160930333547,10.3405904389905,14.3898725513934,30.8439213956481,15.3704505161752,-0.172202159916941,4.24317952079894,0.637117144914125,1
"1412","PmetTSAr1.1-001292",195.264959223681,167.064116664318,283.850786996384,196.061292023244,227.820684425224,207.027577001677,191.370607409276,196.560604759338,-0.0336879801948895,7.70170411732571,0.936057037544521,1
"1413","PmetTSAr1.1-001293",153.586253904696,127.201952075609,157.080178977509,188.515381391694,149.720098187074,174.685702347858,110.803435013714,144.844558547456,-0.110900787221743,7.23710400559048,0.788205586218199,1
"1414","PmetTSAr1.1-001294",56.920432506834,52.5645110658564,76.9324055377507,42.4159608131312,57.8563317167461,47.1275393775495,52.1748398608449,50.81023697336,-0.137578822904368,5.77222185610996,0.682735717018245,1
"1415","PmetTSAr1.1-001295",399.387205338236,347.871755746533,387.830110768673,315.021911207637,390.903447017613,369.217555051468,367.696421637794,334.951272482322,0.0125541520455436,8.50846030098007,0.976221694019894,1
"1416","PmetTSAr1.1-001296",90.910832961152,84.7814694610587,156.465476290361,100.003173527588,81.9236918581994,85.7738179193073,69.2102393816751,99.1578050794875,-0.362720263520018,6.58614690554262,0.372479903075201,1
"1417","PmetTSAr1.1-001297",65.2831500789281,75.262146574203,113.105294435341,72.8643721334188,58.3660791327527,64.0617901796804,51.9233948494674,87.1275261303633,-0.320342086527372,6.2006991850354,0.419680571645276,1
"1418","PmetTSAr1.1-001298",81.6488984458219,75.4703817623529,128.472861614056,89.385944884601,75.7703123364057,73.5325314463146,64.0346628974868,90.2978584651913,-0.30436785325224,6.40733472078652,0.442146544827505,1
"1419","PmetTSAr1.1-001299",57.9545319915553,63.0357662413977,90.5977191212848,56.4487068998724,52.5403943783919,56.4569262969205,46.1192058368352,75.8049106488346,-0.214856375847382,5.964017578125,0.556829308681016,1
"1420","PmetTSAr1.1-001300",37.722150768747,32.4549414673737,43.5966059654617,39.9536110280992,36.1920665364667,37.7416107192733,37.1510004310354,35.8643845377421,-0.0648049709694195,5.23433101399962,0.825609164729571,1
"1421","PmetTSAr1.1-001301",22.3005801922509,17.5215036886188,23.1695628232931,17.104064098179,19.5524544568236,20.5529220920687,19.8222483969315,21.909260956758,0.0321965724456973,4.34333132675468,0.913435836781579,1
"1422","PmetTSAr1.1-001302",327.449849879362,119.140275505804,93.8130870232928,458.87079703644,192.975807488203,101.859942637859,136.094612408108,101.365715098386,-0.908715873751123,7.58124915386153,0.0898379364872187,1
"1423","PmetTSAr1.1-001303",134.477893860933,105.515744623991,193.394922341365,88.1944853111985,123.795801030168,93.7179322354989,110.4053137457,109.348159012863,-0.254228590634249,6.90573437863539,0.545569747146088,1
"1424","PmetTSAr1.1-001304",231.413480341765,194.104943239792,289.950529045782,188.85958082401,255.237813300434,179.237312329733,198.201530218366,204.458129057704,-0.111352067836621,7.76643241463601,0.791893805601269,1
"1425","PmetTSAr1.1-001305",130.431417616371,152.755384450013,99.6764049622486,85.6262280085307,96.2330300360982,109.379993912261,106.067887299437,90.8356827005639,-0.218943135268196,6.76732830987196,0.588025925028817,1
"1426","PmetTSAr1.1-001306",227.906534263145,175.244784770209,273.35355649277,229.077960646199,253.854213171274,228.343812568967,133.538254792436,180.369264620752,-0.185897832292703,7.7331009770027,0.666708055823176,1
"1427","PmetTSAr1.1-001308",467.188162858225,441.339607341848,353.974178153412,421.538397069826,426.440124019214,473.028187681559,531.931921569241,437.081264125711,0.149940406374186,8.79484117590074,0.724902669264362,1
"1428","PmetTSAr1.1-001309",84.7511968999859,62.1135818367335,48.7033667510038,63.3326955461984,63.7548375305365,45.0920367769595,23.7196460732837,69.3510198243632,-0.358881491818312,5.84935777325364,0.366160882906385,1
"1429","PmetTSAr1.1-001310",56.1111372579217,39.6836772845797,41.3742193273091,47.4995216596488,58.2932580733232,44.6397028657173,31.2420426636626,39.7989934175733,-0.0863529693808436,5.48816500114873,0.790715539838485,1
"1430","PmetTSAr1.1-001311",75.7140666204648,57.0861894371128,85.0653949369475,67.9396725633549,83.5257551656486,67.1998566889234,55.2550412502201,55.2260570111562,-0.129808376375648,6.09653942766643,0.73503068274592,1
"1431","PmetTSAr1.1-001312",54.3127033714498,42.7477093387864,42.9346184562247,35.0818652168532,39.1413194433619,40.6535102728952,36.9414629215541,37.5061637825638,-0.182443166332279,5.36527252935104,0.547144609189863,1
"1432","PmetTSAr1.1-001313",57.6847669085846,48.1618242306856,130.884387540562,65.5832302959587,60.3686582670642,55.6088002133413,56.030330035301,52.7350816052199,-0.427484820313067,6.04282027676496,0.298039955069529,1
"1433","PmetTSAr1.1-001314",85.155844524442,75.9760957907171,87.4769208634535,93.3309999165339,89.3150293902947,95.3011009248468,86.224685151557,81.9474295475639,0.0450515180262342,6.4413272755339,0.905765210675101,1
"1434","PmetTSAr1.1-001315",135.511993345654,111.524817196319,166.206149640562,187.482783094745,143.748771313854,186.191946215082,140.934928877126,135.276948465564,0.0129666438534819,7.2376556021283,0.97525281483489,1
"1435","PmetTSAr1.1-001316",117.078046009317,49.3517395915426,147.244935983132,133.046319029953,134.973833652598,61.8283914929219,90.7926028582495,113.877205205475,-0.154039821758172,6.72894279001969,0.735487350426731,1
"1436","PmetTSAr1.1-001319",47.7484196858276,34.7157806530019,45.4879988489958,73.0232334098725,47.4065096886114,58.9447628087527,38.6596704993008,46.5359496290829,-0.0696542038301385,5.61848507955032,0.840036353717443,1
"1437","PmetTSAr1.1-001320",155.249805249682,106.854399404955,229.520526416867,142.89571817008,181.47008009834,163.546979783518,119.394472902448,124.916755299965,-0.106536961230118,7.25767817401547,0.805037181050017,1
"1438","PmetTSAr1.1-001321",20.6819896944263,3.92672069082798,16.9279663076305,24.5970209709106,22.7929916014368,12.382640820256,1.445808815421,7.21816736947454,-0.594246192164928,3.78531658901294,0.331476275949534,1
"1439","PmetTSAr1.1-001322",45.5902990220614,40.2786349650082,26.5740700136545,85.1761210585786,47.6613833966146,57.5312193361208,59.0057626699355,64.0576970867485,0.207382882805472,5.73632462575738,0.589309799899638,1
"1440","PmetTSAr1.1-001323",216.891126708505,202.107124041555,276.80534850522,153.486469933659,228.621716078948,138.527260317932,150.992729332228,177.595223827777,-0.287687766150039,7.59377866795156,0.502478123411309,1
"1441","PmetTSAr1.1-001324",27.9206860874755,33.0201512637807,26.1957914369477,18.3220005509905,23.958128552309,23.1538420817115,32.7088052300317,26.4666136880733,0.0119487415691164,4.72957607788008,0.970830927500773,1
"1442","PmetTSAr1.1-001325",63.1699902623237,66.6055123239686,57.9239070582327,54.5423715824284,57.6742790681723,64.5706658298279,78.6394273083338,65.2748782510129,0.135958177044605,5.99129875529285,0.696900878399422,1
"1443","PmetTSAr1.1-001326",39.9701931268368,37.1551071427587,32.390103130522,38.7886283341056,35.1725717044536,47.5798732887918,46.1192058368352,42.1201295912867,0.205414709215766,5.32115715384903,0.493917901975303,1
"1444","PmetTSAr1.1-001327",168.783020245383,100.399108572306,192.922074120481,103.604029127205,140.034897282949,115.062438672242,66.5281592603143,131.76693766629,-0.319232169354974,6.99357024408304,0.46841177932048,1
"1445","PmetTSAr1.1-001328",60.022730960998,71.2164343472893,40.2393835971886,48.346781800735,56.2542684092969,43.6502224348749,77.6126935118754,66.8600444184269,0.152713721856668,5.86030445685598,0.671992372086327,1
"1446","PmetTSAr1.1-001329",96.8456647865091,101.618771817185,60.5245722730921,82.5284331176841,78.9380284215894,72.2320714514932,94.4595092741723,107.310088226188,0.0474146166907187,6.44083631943262,0.905271011586941,1
"1447","PmetTSAr1.1-001330",92.439501764653,105.604988276056,78.303665378313,92.1130634637224,96.2694405658129,96.375393964047,129.179874595225,107.536540535819,0.220655208018609,6.64091239539593,0.572609368756262,1
"1448","PmetTSAr1.1-001331",92.889110236271,90.8202899174078,108.896945269477,149.19721546941,95.0314825555113,173.243888005773,175.382895435852,157.780646735102,0.444986085350881,7.02767486844465,0.293812729358137,1
"1449","PmetTSAr1.1-001332",204.481932891849,326.899497511429,166.82085232771,212.371049739154,160.898130809504,207.282014826751,77.0050347343796,165.480025262542,-0.576478200470405,7.57147583388175,0.20867639660833,1
"1450","PmetTSAr1.1-001333",168.693098551059,164.952016898797,167.955688057831,165.798218858819,174.11515309596,260.51606200607,273.844571141118,225.772952701682,0.485283255364769,7.645846156155,0.242582849755118,1
"1451","PmetTSAr1.1-001334",104.489008804014,96.4128921134355,105.823431833735,93.5428149518055,96.5971353332457,103.386569588302,93.5584979834027,89.873260384634,-0.0620134132977717,6.6149913174272,0.871614368181489,1
"1452","PmetTSAr1.1-001335",103.544831013617,90.2550801210007,94.7587834650599,84.2494302792655,89.4606715091537,90.9191161596877,85.9941938911276,79.4564541416276,-0.108309123187289,6.49004850260685,0.776192890800667,1
"1453","PmetTSAr1.1-001336",78.2318740615254,85.7334017497442,68.0901438072287,38.8151052135145,70.3451434089072,45.289932863128,54.5635674689318,55.25436354986,-0.26471509687325,5.95636090298937,0.484279265679833,1
"1454","PmetTSAr1.1-001337",127.014393232074,97.2755807500568,113.956421232931,149.117784831183,122.157327193004,144.266246816818,85.1979513550986,118.151492549752,-0.0531027310461414,6.9033028557247,0.896744231400581,1
"1455","PmetTSAr1.1-001338",124.766350873985,140.142281624929,98.7779933425699,86.7912107025243,130.422517438253,110.595641298725,120.274530442269,100.431599321159,0.0355640634717149,6.83397935536148,0.929607318562279,1
"1456","PmetTSAr1.1-001339",73.5109851095368,50.0954366920782,179.445899825301,94.4959826105276,131.223549091978,91.2300957236667,42.5989756775493,44.611104997223,-0.360429262710306,6.46664113459287,0.474576547508524,1
"1457","PmetTSAr1.1-001340",48.4228323932545,35.9056960138589,57.4037740152608,65.3714152606872,53.6327102698345,57.6160319444787,38.533947993612,50.6970108185447,-0.047040488731187,5.67261384408108,0.889612058214918,1
"1458","PmetTSAr1.1-001341",12.8588022882737,10.3225157554342,8.46398315381523,13.688546654425,10.5226430875643,15.3228112433304,8.15100911882277,12.539796645793,0.0362415757865283,3.52944200579902,0.9085428857693,1
"1459","PmetTSAr1.1-001342",244.766851948819,275.881876414687,236.944243484738,229.104437525608,253.016770987834,246.211002063035,287.967399280158,280.772557403208,0.114189840252457,8.00504760354234,0.782555967042642,1
"1460","PmetTSAr1.1-001343",167.344273136206,137.792198787236,300.684183659838,138.712371223467,202.697418922043,150.796817660377,123.731899348711,147.731825495246,-0.252515047829549,7.41980339233855,0.569422772868432,1
"1461","PmetTSAr1.1-001344",22.8401103581925,18.5031838613258,42.9346184562247,37.3853537254315,30.9125397278272,32.6811250872509,19.6336646383983,39.7140738014619,0.0150739202114032,4.93697561065768,0.966630920537968,1
"1462","PmetTSAr1.1-001345",25.4478394935767,27.635784255903,35.8891799650601,25.8149574237222,25.8150655677615,32.907292042872,25.9826511756818,27.5705686975224,-0.0314429055104736,4.82991317659862,0.914720780891844,1
"1463","PmetTSAr1.1-001346",25.807526270871,28.5282207765457,41.1377952168673,27.37709330885,28.7279079449419,33.3313550846616,24.4949348583646,29.0708152488249,-0.0870699108352581,4.90039535902942,0.772870858618592,1
"1464","PmetTSAr1.1-001347",17.8944171703949,20.5855357428255,29.1274504064256,15.2771594189617,21.4093914722761,19.2807329666999,19.6546183893464,17.9180389995191,-0.0817479026270697,4.33611834142336,0.787681135177629,1
"1465","PmetTSAr1.1-001348",18.52386903066,19.21713307784,36.2201737196786,17.2629253746327,21.5914441208499,18.7153155776472,20.1575084121015,18.9370743928567,-0.1989821141527,4.41810733049411,0.532394760754638,1
"1466","PmetTSAr1.1-001349",33.4958311355382,26.1483900548318,10.8755090803212,22.7171625328755,22.2104231260007,22.4187994759429,32.8135739847724,29.8350917938281,0.20235303847768,4.65152070922406,0.564635339604589,1
"1467","PmetTSAr1.1-001350",87.6286911183408,73.1202989246604,87.8551994401603,88.2209621906074,90.8442716383144,87.2721740002972,74.5953533753446,81.607751083118,-0.0107805349808333,6.39148971331886,0.977576189061333,1
"1468","PmetTSAr1.1-001351",209.922195398427,161.412018700247,270.516467167469,157.828678156726,195.451723508806,171.491094099709,143.931315262708,153.98757054879,-0.266311256661473,7.51661596853606,0.528512968539273,1
"1469","PmetTSAr1.1-001353",134.522854708094,127.380439379738,101.520513023694,107.734422315,111.525452516295,142.061118999512,173.999947873276,125.1715141483,0.230488067595057,7.00064142330169,0.56918553991262,1
"1470","PmetTSAr1.1-001354",138.389487564009,129.552034913302,98.919847808835,107.363746003275,114.911631779768,142.541723780207,171.506451510448,128.370153021831,0.233003500383679,7.01135597602352,0.565236386911465,1
"1471","PmetTSAr1.1-001355",60.3374568911305,40.1298955449011,69.0358402489957,52.2388830738501,66.0487009025661,52.103212401214,49.3041759809511,45.8565927001912,-0.0557161128327059,5.76645829780772,0.869616989786693,1
"1472","PmetTSAr1.1-001356",155.339726944006,113.785656381947,228.669399619276,127.406743715847,195.997881454528,121.338571690727,67.6177543096171,91.2602807811212,-0.392726254388323,7.10557500801337,0.395852109912907,1
"1473","PmetTSAr1.1-001357",127.553923398016,126.16077613486,158.309584351807,131.431229386007,112.32648417002,110.821808254346,103.742020944194,131.455565740548,-0.245692107504179,6.96902693248775,0.534996841767786,1
"1474","PmetTSAr1.1-001358",129.622122367459,137.494719947022,155.567064670682,119.463679893163,139.088223510365,128.378018184435,137.142299955514,137.711310794093,0.000497056206534325,7.08339988397749,0.999225611528087,1
"1475","PmetTSAr1.1-001359",81.3341725156894,84.246007548673,91.7325548514053,78.6098549651601,81.0134286153305,73.815240140841,74.2810471111226,76.3427348842072,-0.137155579251326,6.32606641633533,0.713803402402117,1
"1476","PmetTSAr1.1-001360",205.426110682247,122.739769472396,292.787618371083,241.177894536087,226.18221058806,199.281358771654,129.431319606602,153.732811700456,-0.282873896408015,7.61760908213224,0.526635173984003,1
"1477","PmetTSAr1.1-001361",12.7688805939501,7.34772735329175,348.063575392368,115.598055499457,74.8964596232516,160.041391971391,6.41184779012793,15.2006112839523,-0.915047556880309,6.53237759048587,0.345346719049199,1
"1478","PmetTSAr1.1-001362",64.428893982854,70.8297118550108,13.381604651004,38.4179520223804,41.7264670531095,39.6640298420528,44.631489519518,64.1992297802677,0.0239496917421953,5.56156224453002,0.95651462653937,1
"1479","PmetTSAr1.1-001363",29.134628960844,27.5167927198173,16.2186939763052,30.1042118879714,19.6980965756826,25.4437825073753,26.2760036889557,32.2411475836529,0.00911600945032547,4.69472151758605,0.977445260784345,1
"1480","PmetTSAr1.1-001364",23.1997971354869,22.162173595961,12.7669019638554,22.0287636682429,16.8944857876464,21.4858607840058,21.8757159898482,20.8902255634204,0.0172012661219178,4.33844194250629,0.955726313882842,1
"1481","PmetTSAr1.1-001365",62.225812471926,59.971734187191,64.6383517947789,160.767611771119,76.7533966387041,131.798793388204,69.4407306421045,85.6838926564683,0.0649571923655531,6.47544500451553,0.886428483856007,1
"1482","PmetTSAr1.1-001366",180.113153730156,115.868008263447,264.322155473895,122.667382301646,239.217180225942,164.734356300529,102.380027132566,105.158791284698,-0.159454136865319,7.33851285698775,0.733578658474568,1
"1483","PmetTSAr1.1-001367",277.453387835445,292.65968300277,328.77136798032,203.421864498931,295.981196051246,230.94473255861,280.067835172712,282.386030109325,-0.0169884008084045,8.09812365898359,0.968017893290546,1
"1484","PmetTSAr1.1-001368",40.6446058342638,27.635784255903,74.6154492554214,50.7297009475402,71.8743856569269,42.6890128734852,31.0534589051294,36.0059172312612,-0.0923489230259988,5.55316063380993,0.812946584981096,1
"1485","PmetTSAr1.1-001369",111.952509432873,115.570529423233,70.3125304453813,62.4589585257031,108.940304906548,89.5338435565083,97.0787281426886,90.2695519264875,0.0987540253265831,6.54419723558694,0.807749462602942,1
"1486","PmetTSAr1.1-001370",108.805250131547,86.1201242420228,116.888080202409,156.398926668643,104.170525513915,100.559482643038,55.1921799973757,91.5150396294556,-0.41402667187829,6.67964843609205,0.321305518399484,1
"1487","PmetTSAr1.1-001371",102.420809834572,121.698593531646,63.7399401751002,51.0209466210386,88.6596398554291,62.3089962736168,71.9551807558801,78.43741874829,-0.169321509829452,6.32351424549376,0.684596256515514,1
"1488","PmetTSAr1.1-001372",83.402371485132,78.5939095846025,75.7502849855419,73.0497102892815,81.4139444421928,83.681773579812,94.1032955080541,81.5228314670065,0.132684906173459,6.34878004509252,0.723778039954834,1
"1489","PmetTSAr1.1-001373",60.6072219741013,43.0749360630221,116.273377515261,64.3652938431472,90.0432399845898,83.4838774936436,45.8677608254577,47.3002261740861,-0.0922189438724872,6.10693294143439,0.833467196605231,1
"1490","PmetTSAr1.1-001374",34.7547348560685,31.354269758581,35.3217620999999,41.7275619484986,33.169992570142,41.9539702677166,32.8554814866686,40.1103653433154,0.0487129251912869,5.18860074365496,0.870571160648363,1
"1491","PmetTSAr1.1-001375",13.5781758428625,15.3796560390763,15.2729975345381,12.6294714780671,13.3626644053152,16.6232712381519,19.8432021478796,17.946345538223,0.254387576534022,3.96769846230895,0.381200718872362,1
"1492","PmetTSAr1.1-001376",32.4167708036551,32.9011597276951,27.4251968112449,31.3751020996008,32.5146030352765,29.2038081445763,34.7413190720004,34.8453491444045,0.081062473836367,4.9996352148417,0.777668192847505,1
"1493","PmetTSAr1.1-001377",81.8287418344691,65.1181181228973,70.7380938441764,61.9823746963421,67.541532620871,62.45035062088,59.6972364512238,66.3788332604619,-0.12709274670201,6.06658376403361,0.730822107720629,1
"1494","PmetTSAr1.1-001378",80.6597598082624,62.708539517162,68.3265679176704,60.3143312935785,65.1384376596972,63.468101921175,63.0917441048209,65.4730240219396,-0.0807954930876962,6.04886153980733,0.825574779262319,1
"1495","PmetTSAr1.1-001379",165.680721791219,119.408006461996,99.3926960297185,107.972714229681,134.391265177162,106.411552619734,108.309938650887,114.669788289182,-0.0865306016676677,6.90190716958801,0.830866785237256,1
"1496","PmetTSAr1.1-001380",134.837580638227,121.698593531646,129.560412522088,125.156208966087,150.521129840798,166.911213248382,141.081605133763,153.591279006937,0.259750358768885,7.13424749933058,0.513152777080223,1
"1497","PmetTSAr1.1-001382",110.738566559504,133.89522598043,124.690075846987,101.115202462764,116.477284557502,134.767234680731,126.749239485241,110.537033638424,0.05446584472644,6.90608795426186,0.890583621730728,1
"1498","PmetTSAr1.1-001383",100.892141031071,118.902292433632,116.604371269879,96.0581184956554,111.707505164869,93.5765778882358,120.777420465024,126.020710309414,0.0640558547679619,6.78959071318556,0.8707321831966,1
"1499","PmetTSAr1.1-001384",422.002511460619,412.037941580745,415.728155800802,363.580508043644,389.301383710163,389.996644099158,397.22025672371,349.868818379236,-0.0799278612392383,8.616644773981,0.849051905729631,1
"1500","PmetTSAr1.1-001385",104.893656428471,96.9186061417997,85.6800976240961,77.7625948240738,91.0263242868882,88.3181961700449,101.395200838004,91.0904415488983,0.0258088243359106,6.52664079339401,0.946754714557437,1
"1501","PmetTSAr1.1-001386",120.809796323746,109.382969546776,99.5345504959836,85.493843611486,97.7622722841179,97.9585626533948,108.666152417005,98.2236893022614,-0.0444159128037248,6.67649858890527,0.909212328146097,1
"1502","PmetTSAr1.1-001387",51.6150525417421,52.7727462540063,44.0694541863452,37.4118306048404,47.3336886291819,51.4529824038033,61.7716577950887,46.8756280935288,0.158617001636761,5.62137299005826,0.620315242960269,1
"1503","PmetTSAr1.1-001388",145.583223109896,92.099448930329,239.544908699597,117.769159610991,181.47008009834,131.459542954772,63.6784491313686,89.4203557653728,-0.352441613990801,7.05167312872438,0.457186587016533,1
"1504","PmetTSAr1.1-001389",154.080823223476,153.647820970655,122.514974030923,130.795784280192,141.090802644677,144.209705077913,150.280301799992,128.455072637943,0.0076842821577567,7.13644539497368,0.984829762356732,1
"1505","PmetTSAr1.1-001390",167.7039599135,180.89688273428,134.856312595983,169.796227649569,165.595089142707,187.973010990598,145.942875353729,183.341451184653,0.0638799319021355,7.38436968945219,0.875576916836093,1
"1506","PmetTSAr1.1-001391",159.521085730053,161.47151446829,126.06133568755,153.936576883611,155.327319763146,172.395761922194,130.898082172971,166.046156036618,0.0556974600927989,7.25993076215557,0.890878330275118,1
"1507","PmetTSAr1.1-001392",138.074761633876,135.14463710933,156.796470044979,141.598351079042,157.839646313464,119.161714742874,144.664696545893,135.588320391306,-0.0366981216877034,7.14126569607324,0.926944159167137,1
"1508","PmetTSAr1.1-001393",132.364734044328,121.222627387303,108.424097048594,227.515824761071,172.476679258796,218.84480043288,107.723233624339,124.577076835519,0.0809700917241728,7.245173407293,0.856341952554766,1
"1509","PmetTSAr1.1-001394",377.761037853412,386.841483814599,363.951275614055,255.4224556581,381.327477702632,323.50355914655,336.119118958961,340.867339071421,-0.00223919989883901,8.43371736605038,0.995837265515076,1
"1510","PmetTSAr1.1-001395",110.918409948151,71.0676949271822,124.926499957429,114.989087273052,131.660475448555,96.3471230945944,62.6517153349102,63.661405544895,-0.251910907662232,6.6010644657547,0.55500268571802,1
"1511","PmetTSAr1.1-001396",130.386456769209,95.1039852164928,110.362774754216,155.286897733467,116.186000319784,137.00063336749,90.9183253639383,100.912810479124,-0.142333656860108,6.87134690116807,0.726663347004757,1
"1512","PmetTSAr1.1-001397",116.313711607567,83.6213019842231,223.231645079116,135.005608106215,168.362289401028,131.96841860492,69.1054706269344,98.8464331537454,-0.253319857750024,7.00395838997222,0.582308379109937,1
"1513","PmetTSAr1.1-001398",189.509970786971,157.991012037783,105.114159502409,153.036362983707,183.909585589229,174.0637432199,145.209494070544,178.387806911484,0.170326258373684,7.33060940777536,0.682403904163449,1
"1514","PmetTSAr1.1-001399",22.0308151092802,18.235452905133,23.5951262220883,22.5583012564218,22.610938952863,26.404992068765,19.906063400724,23.3812009693567,0.0952127227180572,4.48545335474277,0.739491621245477,1
"1515","PmetTSAr1.1-001400",35.8337951879516,40.4571222691368,26.6213548357429,33.5726830905433,27.7812341723583,30.3063720532292,36.7109716611246,37.7609226308982,-0.0422030438074208,5.07451485509473,0.889344180335469,1
"1516","PmetTSAr1.1-001401",76.1636750920828,89.8683576287222,112.254167637751,87.8502858788822,89.569903098298,119.274798220685,127.273083258945,94.147547728911,0.232937775050869,6.63829942755191,0.55662495855803,1
"1517","PmetTSAr1.1-001402",235.684760822136,118.366830521246,142.800162706827,98.0438844513263,146.006224156169,96.0078726611627,93.6213592362471,105.158791284698,-0.432461042645712,7.01686321079447,0.322474751268652,1
"1518","PmetTSAr1.1-001403",145.17857548544,145.615892284871,58.9641731441765,111.573569829298,128.165064595939,189.640992288304,230.533167931332,168.65035759737,0.636101177138353,7.20326808275466,0.155501566629652,1
"1519","PmetTSAr1.1-001404",118.067184646877,104.980282711606,174.528278328112,66.2716291605913,114.037779066614,84.5581705328438,72.4371170276872,85.5423599629492,-0.379324963920391,6.68083108556807,0.376218830868179,1
"1520","PmetTSAr1.1-001405",119.865618533349,102.183981613592,181.242723064658,70.1902073131153,110.760831392286,88.5160922562133,76.7745434739502,83.8722741794237,-0.395482155395779,6.70347430830867,0.353769624695607,1
"1521","PmetTSAr1.1-001406",73.2861808737278,67.7656798008041,73.8116072799194,58.7521954084507,66.4856272591431,64.0052484407751,65.8157317280779,66.4637528765734,-0.0582282483109331,6.06837264965876,0.874220197995483,1
"1522","PmetTSAr1.1-001407",55.5266462448183,45.6332540888646,79.3912162863451,35.1348189756711,61.3881530990774,39.2399668002632,32.750712731928,41.2426268914682,-0.304486201380745,5.60975766363712,0.399219673864751,1
"1523","PmetTSAr1.1-001408",31.5175538604192,27.5167927198173,24.3043985534136,26.0797262178116,23.2663284877286,23.0690294733536,20.6184909329604,21.1732909504586,-0.312258981320504,4.62934955625437,0.268903500913353,1
"1524","PmetTSAr1.1-001409",22.0308151092802,17.0157896602546,14.6582948473895,15.2506825395528,12.7436854001643,15.6903325462148,9.91112419846573,13.2474601133886,-0.418434851800937,3.91858159486352,0.162826387420773,1
"1525","PmetTSAr1.1-001410",161.094715380716,114.380614062376,116.651656091967,125.57983903663,101.585377904167,117.324108228453,92.0498279151373,101.422328175793,-0.328120947886824,6.86190684737204,0.408528868270006,1
"1526","PmetTSAr1.1-001411",194.095977197474,22.162173595961,43.5966059654617,56.2633687440098,144.003645021857,13.3721212510983,6.41184779012793,91.458426552048,-0.308603794380814,6.15883989123899,0.692974591584712,1
"1527","PmetTSAr1.1-001412",7.1487746987256,7.49646677339887,7.18729295742969,10.749613040032,5.75286369493133,6.9263630158966,3.08020138937518,6.62373005669428,-0.545741086615552,2.79264428038749,0.0988841208521295,1
"1528","PmetTSAr1.1-001413",185.373572848086,176.404952247045,221.813100416465,260.506016504618,168.83562628732,197.698190082306,205.78678806159,198.174077465456,-0.1316231419907,7.65740378754963,0.751088187738722,1
"1529","PmetTSAr1.1-001414",116.493554996214,136.215560934101,178.973051604417,133.469949100496,131.660475448555,166.826400640024,169.033908898569,143.683990460599,0.113077104456077,7.2007232548194,0.782224257933067,1
"1530","PmetTSAr1.1-001415",123.282642917645,90.2848280050221,214.105674416063,135.37628441794,175.134647927973,146.895437675913,84.6950613323435,116.254954456596,-0.106480337935688,7.08536084541462,0.810928365271014,1
"1531","PmetTSAr1.1-001416",135.242228262683,28.7959517327385,11.8212055220883,117.266098902221,98.2720197001245,90.9191161596877,5.30129898987702,30.7692075710542,-0.3800880550783,6.01902002142917,0.610168878035371,1
"1532","PmetTSAr1.1-001417",123.687290542101,119.021283969718,124.595506202811,86.2351962349365,117.678832038089,107.203136964408,123.103286820267,111.442842876946,0.0187014742407406,6.83515611283564,0.962531077265281,1
"1533","PmetTSAr1.1-001418",542.182855924101,87.5480226750511,1564.56019325943,916.761949534748,731.851647266581,360.001251609908,13.5151693615442,91.5716527068632,-1.37806542740812,9.07285496575441,0.117640587044157,1
"1534","PmetTSAr1.1-001419",77.1528137296423,11.4529353482483,226.967146024096,126.983113645304,92.8832613023407,50.9441067536558,1.36199381162848,12.2567312587548,-1.49109005468114,6.22919058259623,0.0905066889797996,1
"1535","PmetTSAr1.1-001420",42.353118026412,37.9880478953586,24.3989681975903,36.6969548607989,42.4546776474046,41.4450946175691,40.46169308084,38.3270534049746,0.201606453038362,5.2510033415164,0.512675098867009,1
"1536","PmetTSAr1.1-001421",45.3205339390906,42.8369529908507,29.3638745168674,42.5483452101759,51.921415373241,47.3537063331707,45.5115470593394,42.2899688235096,0.224531648249686,5.44156640559339,0.465600237885284,1
"1537","PmetTSAr1.1-001422",75.8489491619502,84.454242736823,108.896945269477,76.4387508536265,69.0707748688908,58.8599502003948,58.9848089189874,97.3461866024429,-0.28198023218762,6.29997414456439,0.474749720738117,1
"1538","PmetTSAr1.1-001423",63.5746378867799,67.4384530765684,90.3140101887547,43.7398047835785,72.8938804889401,52.7534423986247,71.7456432463988,64.9918128639747,-0.0144155211597584,6.04408993992775,0.970179255265983,1
"1539","PmetTSAr1.1-001424",44.0616302185603,50.4821591843567,54.9449632666665,46.2551083274283,51.9578259029558,58.5772415058684,62.3583628216364,51.7726592892899,0.198957122769898,5.71741650299465,0.532805048208369,1
"1540","PmetTSAr1.1-001425",368.903750962538,239.024248112143,753.483639977909,311.500486246247,275.26360464355,242.253080339665,148.918307988363,235.991613173762,-0.89044862676933,8.33069485060976,0.0667679536271007,1
"1541","PmetTSAr1.1-001426",111.368018419769,31.9789753230309,305.22352658032,133.999486688675,248.865970600352,95.357642663752,15.086700682654,27.0044379234459,-0.592697028627835,6.92045575321934,0.42551773615125,1
"1542","PmetTSAr1.1-001427",223.860058018583,62.3813127929263,257.513141093172,193.493034720576,123.213232554732,99.6548148205532,57.8533063677883,74.1065183266053,-1.05501290824587,7.09321667574097,0.0322527563851396,1
"1543","PmetTSAr1.1-001428",23.7393273014284,20.4367963227184,34.3760656582328,20.9167347330672,25.6330129191877,24.2281351209118,21.8128547370039,21.9941805728695,-0.0857890389139191,4.59665226403329,0.773601118143603,1
"1544","PmetTSAr1.1-001429",24.054053231561,21.3292328433611,32.1536790200802,20.6519659389777,23.9945390820237,23.8606138180275,21.5614097256263,21.428049798793,-0.111282522646317,4.5657937328175,0.702655641326385,1
"1545","PmetTSAr1.1-001430",44.2414736072075,46.9421609858072,65.6313330586343,29.1245673498404,55.1619525178542,39.6357589726002,37.5281679481017,39.6291541853504,-0.112491641448591,5.48499755170939,0.739132167556626,1
"1546","PmetTSAr1.1-001431",145.17857548544,137.554215715065,126.203190153815,92.5366935342656,141.928244828116,133.325420338646,139.237675050327,146.542950869685,0.161973494826275,7.05390876725541,0.688079299509474,1
"1547","PmetTSAr1.1-001432",321.245252971034,349.26990629554,311.512407918071,254.41633424056,324.745514525902,282.341173223508,313.405252931188,318.986384653367,0.00354320851624729,8.27402937164771,0.993350299121909,1
"1548","PmetTSAr1.1-001433",180.023232035832,132.883797923701,265.977124246987,195.743569470336,170.583331713628,220.003906080438,159.919027236132,143.17447276393,-0.159175224874028,7.52036277754715,0.710921362458568,1
"1549","PmetTSAr1.1-001434",81.424094210013,97.0375976778854,65.3476241261042,87.3207482907032,80.1395759021763,85.3214840080651,64.0765703993831,131.229113430917,0.1235172085718,6.43550044865085,0.761200547337147,1
"1550","PmetTSAr1.1-001435",13.0386456769209,22.1026778279181,11.3483573012048,18.4279080686263,11.9790642761545,29.2886207529342,25.521668654823,23.7774925112102,0.479260966019097,4.2864278867919,0.166868508181916,1
"1551","PmetTSAr1.1-001436",429.960581408257,440.923136965548,406.365761027308,373.509337821998,401.025574278315,350.502239473821,437.367643540328,406.70834809651,-0.0490193770540217,8.66482440640221,0.907525418700974,1
"1552","PmetTSAr1.1-001437",235.864604210783,185.359065337494,5.81603311686745,251.186154952669,140.835928936673,66.52135582206,7.10332157141624,603.778470552517,0.27070865134416,7.5478845813385,0.775465931492113,1
"1553","PmetTSAr1.1-001438",17.0851219214826,16.7480587040618,17.9209475714859,10.8290436782588,16.6032015499284,16.9059799326782,18.5650233400436,18.6257024671147,0.177472736968061,4.06352666338014,0.551382770410197,1
"1554","PmetTSAr1.1-001439",126.474863066133,123.007500428589,106.81641309759,78.5833780857511,107.411062658528,88.4312796478554,111.641585051639,92.2793161744588,-0.121400297348958,6.70581117672728,0.760451675758526,1
"1555","PmetTSAr1.1-001440",366.880512840257,351.798476437361,302.622861365461,330.246116867781,366.581213168156,369.698159832163,351.3734496492,373.221712809889,0.112213607771488,8.45785488025285,0.788397236382496,1
"1556","PmetTSAr1.1-001441",140.367764839128,143.444296751307,144.596985946184,103.921751680112,146.115455745313,144.068350730649,139.614842567394,137.654697716685,0.0922245345532151,7.10362672683535,0.818295863543887,1
"1557","PmetTSAr1.1-001442",59.6630441837036,68.0929065250398,48.8925060393572,53.3244351296168,52.8316786161099,66.5778975609653,54.7940587293613,56.1884793270861,0.00254014324872943,5.84822226500082,0.994362707231985,1
"1558","PmetTSAr1.1-001443",56.8754716596722,66.0700504115829,48.9397908614456,54.9924785323804,51.5937206058082,63.5246436600803,54.8988274841019,55.8204943239364,-0.00673684105002953,5.82408799186096,0.98424977975885,1
"1559","PmetTSAr1.1-001444",175.437225625329,158.913196442448,222.285948637349,135.561622573803,156.710919892307,188.792866204725,110.929157519403,172.386820706274,-0.138491159938599,7.36788996094276,0.742934082368117,1
"1560","PmetTSAr1.1-001445",174.538008682093,151.981939465456,231.364634478312,146.68191192556,155.982709298012,187.662031426619,109.588117458723,165.649864494765,-0.187024442364267,7.37053636887359,0.658016842774908,1
"1561","PmetTSAr1.1-001446",56.4708240352161,49.3219917075211,62.5578196228913,46.0168164127478,58.5481317813265,58.4641580280579,59.0267164208836,54.0937954630033,0.102657202968645,5.79756625798646,0.753169330494775,1
"1562","PmetTSAr1.1-001447",56.5157848823779,45.9604808131002,63.9763642855419,41.3039318779554,62.7353426985233,56.1742176023941,55.5064862615977,49.0835381124269,0.105712123285931,5.75390249609619,0.749369970484194,1
"1563","PmetTSAr1.1-001448",243.193222298156,229.98089136963,298.225372911244,159.576152197716,232.262769050424,159.815225015769,162.433477349908,180.850475778717,-0.340257144350338,7.70279896900134,0.42696320634444,1
"1564","PmetTSAr1.1-001449",30.7532194586686,32.3656978153094,24.1152592650601,24.5175903326838,28.6550868855124,27.1400346745336,32.3944989658098,27.8819406232644,0.0547844780278829,4.83497477999244,0.850973541593424,1
"1565","PmetTSAr1.1-001450",117.257889397965,142.938582722943,110.788338153012,83.1903551029077,132.060991275417,137.057175106395,168.551972626762,124.661996451631,0.30821520212544,6.99015405675317,0.449429500000203,1
"1566","PmetTSAr1.1-001451",85.1108836772803,87.607518443094,70.548954555823,90.4185431815499,82.1421550364879,90.4385113789928,78.1155835346305,98.5350612280034,0.0655973075718525,6.41665219695431,0.863768052898118,1
"1567","PmetTSAr1.1-001452",80.9295248912332,86.5068467343013,64.5910669726905,94.5489363693455,81.7416392096256,75.4266796996414,77.4660172552385,87.014299975548,-0.0220852758595977,6.34150388021019,0.954113007222349,1
"1568","PmetTSAr1.1-001453",180.158114577317,167.986301068982,252.453665129718,133.761194773994,195.196849800803,159.334620235075,175.089542922578,184.162340807064,-0.0409257544467437,7.50041276866851,0.922444037846574,1
"1569","PmetTSAr1.1-001454",128.318257799766,84.8707131131229,224.650189741766,119.622541169617,171.748468664501,134.569338594563,67.764430566254,85.4574403468378,-0.278656296810356,6.9905848610919,0.550139834719873,1
"1570","PmetTSAr1.1-001455",112.312196210167,96.9186061417997,144.738840412449,62.6178198021568,114.802400190623,60.5279314981005,85.5122576193206,86.1367972757295,-0.263636497842054,6.57731622488659,0.534881158117078,1
"1571","PmetTSAr1.1-001456",96.1712520790821,108.014566881791,66.6715991445781,113.215136352652,110.10544185742,117.097941272832,116.062826501695,98.9879658472645,0.203350698749867,6.69153380268167,0.609747152006667,1
"1572","PmetTSAr1.1-001457",73.8257110396694,25.9104069826604,78.6819439550198,144.272515899346,118.953200578105,76.7554105639154,25.2911773943935,29.2406544810478,-0.367106151796963,6.16327192436163,0.51528471427221,1
"1573","PmetTSAr1.1-001458",65.5978760090607,23.8875508692036,77.641677869076,132.172582009457,105.626946702505,73.0801975350723,22.6929122768253,28.1933125490064,-0.382791585751218,6.04796665766917,0.49180817403755,1
"1574","PmetTSAr1.1-001459",102.735535764704,94.3305402319358,126.91246248514,72.0171119923326,110.651599803141,78.282037514358,85.8894251363869,84.9762291888728,-0.13819091935487,6.56263967032565,0.729482152989052,1
"1575","PmetTSAr1.1-001460",53.6382906640229,25.1369619981034,78.1618109120479,33.9963131610864,47.4065096886114,33.2182716068511,22.315744759759,29.4388002519746,-0.52805046425639,5.33806577548537,0.175261059025928,1
"1576","PmetTSAr1.1-001461",68.0707226029595,30.6700684260882,96.4610370602406,39.1593046458308,59.2763423756216,38.2787572388735,23.1329410467361,35.2699472249619,-0.587376598332298,5.60948853130548,0.159771008319527,1
"1577","PmetTSAr1.1-001462",145.897949040029,154.36177018717,93.3875236244976,122.402613507556,104.20693604363,132.873086427404,130.416145901164,188.748000077083,0.108184348756756,7.06720022874857,0.796862297028358,1
"1578","PmetTSAr1.1-001463",64.0692072055596,61.2211453160908,73.8116072799194,57.7990277497287,60.550710915638,49.3043963254028,49.2832222300029,49.5647492703918,-0.299698321535388,5.86428971919401,0.370413012672636,1
"1579","PmetTSAr1.1-001464",59.123514017762,57.5919034654771,49.2234997939757,63.8622331343773,51.775773254382,57.8421989000998,68.4768580984905,71.5872363819651,0.119670206230374,5.90694546253899,0.726992644213703,1
"1580","PmetTSAr1.1-001465",175.122499695196,196.78225280172,112.112313171486,179.089612322109,169.964352708478,142.937515952544,153.800531959278,161.007592147338,-0.0792199646747275,7.33464579595093,0.848799625820606,1
"1581","PmetTSAr1.1-001466",52.0197001661982,59.5255159268696,106.81641309759,57.4813051968213,70.527196057481,62.9592262710275,82.369194977101,64.5672147834173,0.024019126789337,6.1208102351915,0.952615551817347,1
"1582","PmetTSAr1.1-001467",74.8148496772289,65.3263533110473,77.0742600040158,53.1390969737542,71.6195119489236,87.1873613919393,71.0122619632143,70.7946532982581,0.153237844344108,6.15845605975153,0.685217540645262,1
"1583","PmetTSAr1.1-001468",51.1204832229623,19.00889788969,84.5452618939756,163.865406661966,77.0082703467074,93.8027448438569,8.36054662830407,33.6281679801402,-0.582194407848548,6.05471597259405,0.378710021155779,1
"1584","PmetTSAr1.1-001469",157.273043371963,137.702955135172,246.968625767469,204.957523504649,176.445426997704,117.211024750642,132.071492226067,118.830849478644,-0.455827851448751,7.3352450634429,0.283911716415696,1
"1585","PmetTSAr1.1-001470",55.2119203146858,59.2280370866554,181.006298954216,71.5405281629716,61.4245636287921,73.5608023157672,76.0621159417137,59.3588116619141,-0.440296607794789,6.31685986811109,0.332823284719802,1
"1586","PmetTSAr1.1-001471",52.6941128736252,55.9557698442987,178.121924806827,68.7604558250322,57.0553000630215,68.0197119030499,73.7152958355231,57.0376754882008,-0.474476259798756,6.25672072422303,0.300074161840456,1
"1587","PmetTSAr1.1-001472",145.67314480422,118.842796665589,77.9253868016061,133.390518462269,133.262538756004,139.516740748774,134.879294853116,138.305748106873,0.198292747686206,6.99764031382878,0.627429557715868,1
"1588","PmetTSAr1.1-001473",77.7373047427457,80.8547487702307,73.0077653044174,76.9418115623965,80.0303443130321,79.610768378632,77.1517109910165,87.0709130529556,0.0698811740183971,6.3058485538758,0.851496432603934,1
"1589","PmetTSAr1.1-001474",59.4382399478946,51.7315703132565,94.6642138208832,94.1253062988023,62.2984163419463,63.5246436600803,36.124266634577,61.5667216808122,-0.424510108255059,6.03314618536317,0.28286609434966,1
"1590","PmetTSAr1.1-001475",44.781003773149,37.036115606673,74.0953162124495,78.7157624827959,50.4649941846508,46.1946006856125,24.0339523375057,43.2523911394396,-0.517446583480264,5.64021162821514,0.16672060154678,1
"1591","PmetTSAr1.1-001476",55.7064896334655,47.41812713015,42.1307764807227,66.2451522811824,51.2660258383754,66.3800014747968,61.7297502931925,58.424695884688,0.168930709116885,5.81327746140492,0.614595255302893,1
"1592","PmetTSAr1.1-001477",14.792118716231,16.8075544721046,17.8736627493975,14.5358067955112,14.7098540047611,15.8599577629306,19.1307746156431,17.1820689932198,0.0642506795642375,4.03776729423276,0.825071307497168,1
"1593","PmetTSAr1.1-001478",18.7037124193072,21.4482243794468,18.1573716819276,18.7721075009426,17.112948965935,17.7541060162574,18.0830870682366,22.8433767339841,-0.0245275014533793,4.26094028140448,0.932857192222431,1
"1594","PmetTSAr1.1-001479",14.8820404105546,17.4025121525331,17.3535297064256,17.2099716158148,19.8801492242564,16.7363547159624,17.0773070227264,16.361179370809,0.066934789621072,4.10221887643798,0.813813239881476,1
"1595","PmetTSAr1.1-001480",107.096737939399,93.2298685231431,124.453651736546,102.22723139794,116.477284557502,131.233375999151,74.3020008620708,123.558041442182,0.0613995106514827,6.76988864438165,0.879376273353719,1
"1596","PmetTSAr1.1-001481",100.262689170806,89.7493660926365,108.518666692771,104.821965580016,112.290073640305,133.777754249889,73.5686195788862,115.009466753628,0.107763591592488,6.71161670733965,0.788052045578702,1
"1597","PmetTSAr1.1-001483",162.893149267188,156.890340328991,124.169942804016,287.909586692877,207.722072022679,311.375356151368,183.219598290453,185.83242659059,0.279122753575471,7.66229780516464,0.534755775724569,1
"1598","PmetTSAr1.1-001484",114.425356026771,75.3513902262672,85.3963886915659,59.7583168259907,80.4672706696091,62.7330593154064,70.802724453733,65.3597978671243,-0.261550460145108,6.2637362156256,0.504918438301306,1
"1599","PmetTSAr1.1-001485",112.89668722327,77.9097082521097,86.342085133333,54.1452183912942,81.0134286153305,59.1709297643738,68.4768580984905,65.2748782510129,-0.27409466329782,6.24228428779041,0.490251775346612,1
"1600","PmetTSAr1.1-001486",91.0007546554756,68.1524022930826,122.940537429718,71.805296957061,102.568462206466,78.7061005561475,61.9602415536219,79.6545999125543,-0.132197322727708,6.40339299742278,0.74413296091195,1
"1601","PmetTSAr1.1-001487",156.598630664536,154.956727867598,166.915421971887,143.557640155304,163.264815240963,174.827056695121,186.488383438361,164.489296407908,0.147704518944657,7.35711039256129,0.713404810961768,1
"1602","PmetTSAr1.1-001488",202.99822493551,77.7609688320026,177.17622836506,201.356667905033,264.194803610264,184.948027959166,58.9429014170911,84.947922650169,-0.152866180220383,7.29081957266304,0.77073009461461,1
"1603","PmetTSAr1.1-001489",127.284158315045,99.2686889794922,134.998167062248,110.408587135304,128.966096249663,104.856654799839,76.5230984625726,99.6673227761563,-0.202998325382435,6.78526785972666,0.613441217165375,1
"1604","PmetTSAr1.1-001490",55.5716070919801,54.0221573829062,32.9102361734938,38.4973826606072,34.8448769370208,48.6824371974447,67.0939105359139,56.1035597109746,0.191935681963323,5.60094603529998,0.578219002684005,1
"1605","PmetTSAr1.1-001491",274.890619547222,108.133558417877,31.0188432899597,183.008190474633,206.993861428384,169.229424543498,29.544788836864,141.730839290035,-0.125077579987696,7.16109858445484,0.842407065483897,1
"1606","PmetTSAr1.1-001492",11.1952509432873,7.82369349763454,12.4359082092369,8.2078326167732,9.72161143383966,9.38592865827622,7.27095157900128,9.62422315929938,-0.137637668652358,3.24940003730705,0.646892862296933,1
"1607","PmetTSAr1.1-001493",10.7006816245075,7.79394561361311,10.970078724498,7.38704935509588,9.3575061366921,8.3681773579812,6.49566279392046,9.39777084966881,-0.130759439605175,3.14739425095596,0.663763759343984,1
"1608","PmetTSAr1.1-001494",125.081076804117,117.266158812454,114.00370605502,123.673503719186,126.126074931912,116.419440405968,135.906028649574,125.1715141483,0.0692385665356937,6.94273636566506,0.859855105541515,1
"1609","PmetTSAr1.1-001495",51.7049742360657,29.2719178770813,35.7946103208834,48.7174581124603,45.3675200245851,38.5897368028525,16.218203233853,27.7121013910415,-0.372392817190068,5.1986046922982,0.305360314989794,1
"1610","PmetTSAr1.1-001496",28.6400596420642,27.6655321399244,29.5530138052208,26.0267724589937,25.7786550380467,38.4483824555893,37.5910292009461,30.797514109758,0.245814495988229,4.93678667712802,0.403847937989803,1
"1611","PmetTSAr1.1-001497",34.7996957032303,35.7272087097303,29.6948682714858,28.3832147263899,30.3299712523911,38.1656737610629,35.7890066194069,30.1181571808663,0.063816678773428,5.04172425978198,0.828906718338974,1
"1612","PmetTSAr1.1-001498",90.461224489534,93.2596164071645,98.2105754775097,38.576813298834,87.6765555531307,49.4174798032133,74.6791683791371,73.4271613977135,-0.168221642251708,6.24344586572221,0.691885145002987,1
"1613","PmetTSAr1.1-001499",68.610252768901,80.2895389738236,52.1078739413653,67.8337650457191,64.9927955408382,83.7948570576226,117.990571588923,101.705393562831,0.45480828352663,6.31722518339305,0.25198262205333,1
"1614","PmetTSAr1.1-001500",42.0383920962795,55.4500558159345,33.0048058176706,48.9557500271408,44.2752041331424,46.2228715550651,62.5888540820658,63.4349532352645,0.270635558326479,5.63134627371841,0.416051003942478,1
"1615","PmetTSAr1.1-001501",129.712044061782,141.629675826,126.534183908433,123.805888116231,128.856864660519,136.15250728391,160.673362270265,176.972479976293,0.208175057447479,7.13553313900607,0.604205061681253,1
"1616","PmetTSAr1.1-001502",71.8923946117122,62.2028254887978,128.047298215261,73.5262941186425,91.7181243514685,77.886245342021,80.6509873993543,69.379326363067,-0.0704378807843648,6.35694363806876,0.861623928301706,1
"1617","PmetTSAr1.1-001503",54.8971943845532,38.9697280680656,79.9586341514053,43.6338972659427,58.912237078474,48.7955206752553,53.5368336724734,45.6584469292644,-0.0713156509321087,5.73054559408897,0.836943297168958,1
"1618","PmetTSAr1.1-001504",148.505678175413,141.599927941979,137.646117099196,129.710232224425,134.718959944595,142.909245083091,161.993448579997,150.845544752666,0.083021654292088,7.16544853839785,0.835091836305579,1
"1619","PmetTSAr1.1-001505",10.2960340000513,9.8762974951128,7.32914742369475,10.0347372959905,9.53955878526588,11.0821808254346,10.9378579949241,9.76575585281849,0.13791178425732,3.31088967326799,0.63252523782456,1
"1620","PmetTSAr1.1-001506",26.6168215197834,20.764023046954,20.7107520746987,43.0249290395369,26.1427603351943,41.4168237481164,23.2167560505286,24.9663671367708,0.0579563952442874,4.8290894738317,0.864671804557236,1
"1621","PmetTSAr1.1-001507",123.597368847778,65.9510588754972,67.6645804084335,66.430490437045,71.3282277112056,68.4155040753869,77.549832259031,79.7678260673696,-0.123448270193601,6.2787864320719,0.756796595915084,1
"1622","PmetTSAr1.1-001508",116.043946524596,68.1524022930826,61.6594080032126,64.2064325666936,71.0733540032023,65.4753336523124,78.7022885611782,81.8058968540448,-0.0616484414264211,6.24692080093661,0.876410514465836,1
"1623","PmetTSAr1.1-001509",183.440256420129,178.81453085278,103.790184483935,184.146696289218,148.518550706487,197.641648343401,180.202258153922,219.375674954618,0.197753151603164,7.44758207592389,0.641506487140259,1
"1624","PmetTSAr1.1-001510",264.774428935818,160.400590643519,332.128590348593,247.479391835416,211.435946053584,255.823097676932,105.648812280474,187.700658145042,-0.401643426916483,7.78607756498498,0.37805961449532,1
"1625","PmetTSAr1.1-001511",75.6241449261413,53.4271997024777,98.4469995879514,64.1270019284667,91.5724822326095,66.5496266915127,37.570075449998,43.7619088361084,-0.284393142538297,6.05376415594336,0.500149282399346,1
"1626","PmetTSAr1.1-001512",32.1919665678461,8.71613001827726,52.6752918064255,33.2549605376359,47.5885623371851,17.7541060162574,1.67630007585044,9.99220816244907,-0.72025968576141,4.6729042626759,0.282363396108257,1
"1627","PmetTSAr1.1-001513",40.9143709172346,23.2925931887751,17.8736627493975,66.3245829194092,44.784951549149,50.2090641478872,38.1148729746494,70.4266682951084,0.455038709306967,5.46159067040637,0.264827609925546,1
"1628","PmetTSAr1.1-001514",90.8209112668284,100.994066252735,82.6065841883531,85.3879360938502,90.6622189897406,90.6081365957086,95.0252605497718,95.6194877415098,0.0477157630237768,6.51615447548493,0.900449854037837,1
"1629","PmetTSAr1.1-001515",100.262689170806,108.758263982326,81.4244636361443,80.6750515590578,97.4345775166851,80.9112283734534,84.611246328551,91.2602807811212,-0.0672962606188085,6.50346449083436,0.861773796822753,1
"1630","PmetTSAr1.1-001516",62.2707733190878,61.6078678083693,53.0535703831323,73.8440166715498,53.1229628538279,75.454950569094,73.5686195788862,71.0777186852963,0.12362339608548,6.0349220715934,0.735476959638179,1
"1631","PmetTSAr1.1-001517",54.5375076072588,6.09831622439194,37.213154983534,39.8741803898724,30.9853607872567,26.3767211993124,0.81719628697709,7.75599160484715,-1.06289571379872,4.67168398886136,0.146313338962253,1
"1632","PmetTSAr1.1-001518",77.9621089785547,105.337257319863,54.4248302236946,97.4084393455116,70.7820697654843,130.04599948214,81.0072011654725,77.8995945129174,0.102019449143367,6.44176284535464,0.806178835763073,1
"1633","PmetTSAr1.1-001519",204.931541363467,206.420567224662,206.019969838955,167.466262261582,175.316700576547,175.166307128552,180.935639437107,196.164313217485,-0.109254603620387,7.56309001932696,0.788233090043124,1
"1634","PmetTSAr1.1-001520",180.337957965965,90.6715504973006,114.712978386345,60.4731925700322,125.579916986191,53.1209637015091,40.5245543336844,96.4403773639206,-0.499264854184562,6.57394622636156,0.301540600425661,1
"1635","PmetTSAr1.1-001521",188.565792996573,63.3629929656333,103.08091215261,41.4098393955912,121.938864014715,41.6147198342849,13.2008630973222,78.4940318256976,-0.635140121387051,6.34846025896693,0.290653200991057,1
"1636","PmetTSAr1.1-001522",27.7408426988283,25.6426760264676,22.9804235349397,61.7440827816616,30.5848449603944,38.5049241944946,29.6076500897084,45.1206226938918,0.0574910353452263,5.14212842951193,0.87424129788338,1
"1637","PmetTSAr1.1-001523",1.61859049782466,1.84436880932829,2.03324734979919,21.3933185624282,9.64879037441015,2.8836286841692,2.13728259670931,20.9185321021242,0.400730223890117,2.98049055225396,0.605226599983448,1
"1638","PmetTSAr1.1-001524",142.1661987256,109.888683575141,216.564485164658,106.172286429873,161.189415047222,112.26362259643,103.658205940402,103.941610120433,-0.256763718146335,7.04468034221188,0.550742700727903,1
"1639","PmetTSAr1.1-001525",272.148007870353,271.270954391366,255.007045522489,276.551005426439,245.807486104313,267.301070674704,272.503531080437,301.860928737555,0.0166734377404786,8.07878736990357,0.967886112665094,1
"1640","PmetTSAr1.1-001526",222.960841075347,226.559884707166,206.681957348192,232.599385607589,204.008197991774,218.166299566017,214.252103444634,251.220530996418,-0.00188525768936215,7.79518957078861,0.996433078340951,1
"1641","PmetTSAr1.1-001527",187.666576053337,193.658724979471,156.654615578714,231.672694828276,157.511951546031,300.123550109218,297.606124716298,237.774925112102,0.367594733074658,7.78402758080988,0.395740896645064,1
"1642","PmetTSAr1.1-001528",108.985093520194,109.501961082862,107.66753989518,90.392066302141,109.450052322554,119.048631265064,118.640137868315,102.129991643389,0.10915262973727,6.75873710430588,0.779080611314985,1
"1643","PmetTSAr1.1-001529",55.7514504806273,50.2144282281639,79.0602225317266,42.521868330767,63.0630374659561,56.2873010802046,53.9140011895398,43.1108584459205,-0.0723027876272914,5.79552678063571,0.83475645303081,1
"1644","PmetTSAr1.1-001530",142.705728891541,117.087671508325,215.051370857831,122.614428542828,172.039752902219,122.469406468833,118.262970351249,127.832328786459,-0.144203516166431,7.15286807819778,0.73246208028487,1
"1645","PmetTSAr1.1-001531",24.5486225503407,25.2559535341891,24.8245315963854,29.2569517468851,30.1115080741026,26.1222833742386,23.7405998242319,23.3245878919491,-0.00888833381172401,4.69819067797239,0.977182170883172,1
"1646","PmetTSAr1.1-001532",172.46980971265,174.263104597502,211.457724379116,172.946976299234,167.087920861012,163.546979783518,161.658188564827,177.934902292223,-0.125465393438212,7.4530932135548,0.756770173324967,1
"1647","PmetTSAr1.1-001533",74.0505152754784,29.2124221090385,68.3738527397588,81.4164041825083,42.0177512908276,54.6193197824989,26.3179111908519,39.1196364886816,-0.642789364426714,5.69876893059479,0.0986756498084726,1
"1648","PmetTSAr1.1-001534",74.5001237470964,30.6998163101097,71.9202143963853,85.2555516968055,42.4182671176899,55.2978206493623,25.8359749190449,40.2802045755383,-0.679440334020595,5.7367317807735,0.0832432114814202,1
"1649","PmetTSAr1.1-001535",50.7607964456679,50.3036718802282,71.0690875987949,39.0269202487861,49.4090888229229,44.2439106933804,45.0924720403768,45.9981253937103,-0.192430977102016,5.6305324446445,0.555393886459892,1
"1650","PmetTSAr1.1-001536",168.558216009574,47.8643453904714,133.721476865863,274.803531385448,241.72950677626,158.96709893219,6.34898653728354,58.2548566524651,-0.425673700399971,7.0909517440822,0.564768576313082,1
"1651","PmetTSAr1.1-001537",93.11391447208,103.61188004662,94.7587834650599,101.883031965623,94.7401983177932,94.1985370161938,108.645198666057,110.225661712682,0.0520012861501025,6.64690456362601,0.892715963694729,1
"1652","PmetTSAr1.1-001538",76.5233618693772,47.41812713015,73.3860438811242,78.5304243269332,74.6415859152483,90.2406152928243,57.0361100808112,55.8204943239364,0.00981819013772853,6.11389091984377,0.980442196248063,1
"1653","PmetTSAr1.1-001539",58.7188663933059,30.9377993822811,34.8489138791163,101.538832533307,67.4323010317268,55.0433828242885,18.6069308419399,28.0800863941911,-0.418807746817442,5.62818536169928,0.368032486064528,1
"1654","PmetTSAr1.1-001540",78.546599991658,138.565643771793,67.4754411200801,61.1880683140737,58.766594959615,59.8494306312372,55.0874112426351,147.250614337281,-0.107556056863633,6.382068687964,0.816573616764561,1
"1655","PmetTSAr1.1-001541",219.993425162669,146.151354197257,320.118245538151,178.030537145752,253.999855290133,192.185370539041,169.767290181753,158.743069051032,-0.15783957239366,7.67892481403968,0.72062451193965,1
"1656","PmetTSAr1.1-001542",32.6415750394641,31.7112443668381,76.5068421389555,37.4647843636583,51.3388468978049,42.5759293956746,37.5491216990499,33.0620372060638,-0.115774105116308,5.4230868504483,0.7468508843004,1
"1657","PmetTSAr1.1-001543",398.083340770544,461.538420592395,239.639478343774,222.77646334687,270.129719953769,363.337214205319,658.052548526038,450.102271929469,0.397687318980676,8.58131701946846,0.401401614841637,1
"1658","PmetTSAr1.1-001544",259.55897066505,234.770300697079,142.563738596385,191.454315006087,204.772819115784,210.080830902562,179.175524357464,207.260476389383,-0.0479352188903857,7.67076854181994,0.909702344589011,1
"1659","PmetTSAr1.1-001545",67.5761532841797,52.2670322256421,49.0343605056223,56.183938105783,66.1579324917103,60.1038684563109,51.9233948494674,59.2738920458027,0.0772981852910867,5.85486372888152,0.818008712523183,1
"1660","PmetTSAr1.1-001546",139.153821965759,100.785831064585,110.079065821686,125.81813095131,140.326181520667,132.392481646709,102.254304626877,119.02899524957,0.0540241856639208,6.92230002663677,0.892576283044626,1
"1661","PmetTSAr1.1-001547",23.1997971354869,26.4161210110246,15.4148520008032,17.9248473598563,20.1350229322597,14.6725812459197,16.8049082604007,19.4182855508217,-0.224645576835648,4.27114083970426,0.458102159438066,1
"1662","PmetTSAr1.1-001548",17.1300827686444,15.9151179514619,15.79313057751,12.5235639604314,18.7150122733842,11.8172234312032,10.4559217231171,12.9360881876465,-0.187046590328497,3.85431567098132,0.540082988786561,1
"1663","PmetTSAr1.1-001549",29.2245506551675,23.4710804929036,37.213154983534,37.2000155695688,30.803308138683,28.5818490166182,22.483374767344,29.1840414036402,-0.194978970279303,4.89851040227613,0.519834692888876,1
"1664","PmetTSAr1.1-001550",497.986343164055,418.314745109266,484.243863006826,392.096107167078,490.304193138894,389.007163668315,562.293906693082,391.337897580335,0.0320960205807231,8.82418711832827,0.940730555468271,1
"1665","PmetTSAr1.1-001551",152.237428489842,80.7655051181664,489.587047902809,247.347007438372,190.681944116173,201.656111805675,49.3041759809511,67.6243209634301,-0.929467688214573,7.53084752734933,0.120618734450791,1
"1666","PmetTSAr1.1-001552",93.2937578607272,161.26327928014,36.4565978301203,40.2448567015976,26.5068656323418,44.6962446046226,58.0628438772696,232.594828529303,0.127433223269335,6.43814601071983,0.842290028083908,1
"1667","PmetTSAr1.1-001553",241.79943603614,117.147167276368,228.149266576304,593.796974504427,660.232135317657,618.651436232104,82.7673162451155,102.073378565981,0.309705091160813,8.36910747519908,0.646437309581211,1
"1668","PmetTSAr1.1-001554",295.61757008881,137.107997454744,264.558579584336,782.312355896122,736.730658248358,637.168855723582,90.2687590845462,155.629349793612,0.130554413174753,8.59799831535618,0.84438201623485,1
"1669","PmetTSAr1.1-001555",25.3579177992531,23.7685593331179,33.2412299281123,27.4300470676679,29.7838133066698,31.4089359618822,28.6647312970425,27.9102471619682,0.101459790097235,4.83317591648524,0.725425989043106,1
"1670","PmetTSAr1.1-001556",130.386456769209,125.893045178667,127.007032129317,153.380562416023,153.470382747693,149.694253751725,117.005745294361,112.716637118618,-0.0102667767353623,7.06345180984174,0.979859599978827,1
"1671","PmetTSAr1.1-001557",116.178829066081,104.415072915199,51.4931712542167,104.821965580016,103.041799092757,148.25243940964,132.70010475451,128.539992254054,0.443339227041536,6.7976929129601,0.293057899479801,1
"1672","PmetTSAr1.1-001558",86.6845133279431,43.8186331635577,142.658308240562,158.887753333084,161.917625641517,137.170258584205,37.7796129594793,70.6814271434428,-0.0843329847700325,6.71425514208246,0.872669259508952,1
"1673","PmetTSAr1.1-001559",78.8163650746288,30.164354397724,111.828604238955,128.068665701071,156.164761946585,93.2938691937094,22.797681031566,47.8663569481625,-0.124258354609262,6.3866673906186,0.826774970758649,1
"1674","PmetTSAr1.1-001560",34.2601655372887,26.5053646630889,33.335799572289,38.2061369871088,29.9658659552436,32.9638337817773,23.8663223299206,27.1176640782612,-0.216149587462748,4.94650161683291,0.464705720243446,1
"1675","PmetTSAr1.1-001561",4.00151539739986,4.78940932744928,3.40450719036143,4.34220822306711,3.56823191204602,3.50558781212726,2.45158886093127,4.81211157964969,-0.212593528349621,1.97092377740388,0.483587064889555,1
"1676","PmetTSAr1.1-001562",22.2556193450891,25.9996506347247,38.2061362473894,17.0511103393611,18.897064921958,21.6837568701743,20.1365546611534,24.2303971304714,-0.28394910404745,4.56125403155604,0.369481498612188,1
"1677","PmetTSAr1.1-001563",28.9547855721968,26.445868895046,35.0853379895581,24.3057752974122,23.5940232551614,21.6554860007216,24.8721023754309,31.5334841160574,-0.174557430982034,4.76081950744144,0.554719256870118,1
"1678","PmetTSAr1.1-001564",4.31624132753244,4.96789663157782,4.01920987751002,5.0306070876997,4.55131621434441,3.56212955103254,2.91257138179014,4.92533773446498,-0.207651000284326,2.11951746522301,0.477866199303485,1
"1679","PmetTSAr1.1-001565",45.2755730919288,45.4250189007146,50.594759634538,40.4037179780513,47.1516359806081,45.7139959049176,50.0166035131875,52.1689508311434,0.102534245263209,5.55932870497173,0.739212321091847,1
"1680","PmetTSAr1.1-001566",44.3763561486929,54.6766108313775,390.572630449798,45.6196632216136,54.8342577504214,48.4562702418236,63.0707903538728,55.8771074013441,-1.26782649380684,6.56530101554134,0.0461491140387447,1
"1681","PmetTSAr1.1-001567",34.9345782447157,44.7110696842004,320.685663403212,41.5951775514539,44.5300778411457,39.9750094060318,53.4111111667847,47.3568392514937,-1.25382546461637,6.29308200757945,0.0456702570102048,1
"1682","PmetTSAr1.1-001569",46.5344768124591,17.045537544276,51.39860161004,48.346781800735,51.3388468978049,30.0519342281555,8.73771414537042,20.7203863311975,-0.559583490489819,5.10061950011976,0.232640629302393,1
"1683","PmetTSAr1.1-001570",147.561500385015,151.119250828834,112.065028349397,123.779411236822,124.742474802752,146.612728981387,144.497066538308,163.526874091978,0.11624694458855,7.12207902572804,0.772910137238314,1
"1684","PmetTSAr1.1-001571",238.472333346167,199.251327175499,319.692682139356,155.392805251103,229.93249514868,194.701477920326,194.57653130434,195.881247830446,-0.163282735658566,7.75513689020528,0.703818420132006,1
"1685","PmetTSAr1.1-001572",22.5703452752217,8.29965964197732,21.4673092281124,29.0186598322046,22.319654715145,20.7225473087845,4.56791770669245,11.2943089428249,-0.466792642829658,4.13589914944983,0.310975554572398,1
"1686","PmetTSAr1.1-001573",7.55342232318177,6.5445344847133,8.700407264257,7.04284992277958,6.40825322979693,7.40696779659147,7.16618282426063,6.0009862052102,-0.142567056866534,2.84005580912612,0.617692003912829,1
"1687","PmetTSAr1.1-001574",189.959579258589,180.837386966237,226.305158514859,223.226570296822,188.023975446996,198.404961818622,198.201530218366,208.109672550497,-0.0493439057395263,7.65602730104062,0.904025652244263,1
"1688","PmetTSAr1.1-001575",90.7759504196666,55.4203079319131,103.979323772289,89.41242176401,78.6467441838714,51.6508784899718,42.1170394057423,78.6072579805129,-0.435982072269971,6.2069975703852,0.287948395275884,1
"1689","PmetTSAr1.1-001576",36.193481965246,32.0087232070523,36.0310344313252,38.8415820929235,37.939771962775,39.3530502780738,25.5845299076673,36.1757564634842,-0.0414485894007787,5.14259504950569,0.891567049068704,1
"1690","PmetTSAr1.1-001577",44.8259646203108,47.1503961739572,45.3461443827308,29.6541049380193,43.7654567171358,36.4694215939046,37.0462316762947,39.2611691822007,-0.0928804592527137,5.33969256940098,0.763196642909391,1
"1691","PmetTSAr1.1-001580",103.36498762497,109.174734358626,109.417078312449,74.8766149684987,105.299251935072,79.9782896815163,96.827283131311,97.968930453927,-0.0621904868023025,6.60244388673404,0.8743021199138,1
"1692","PmetTSAr1.1-001581",57.7746886029081,67.8251755688469,56.8363561502006,68.1779644780354,56.5455526470149,71.0446949344823,76.2297459492988,63.9161643932294,0.095292257343117,6.01928350507414,0.788909668765552,1
"1693","PmetTSAr1.1-001582",24.9982310219587,6.63377813677757,16.8333966634538,15.647835730687,16.1298646636366,12.4957242980665,2.34682010619062,9.9072885463376,-0.649727481053428,3.71816183882942,0.181270485218162,1
"1694","PmetTSAr1.1-001583",28.1005294761226,30.2535980497883,36.6930219405621,25.6825730266774,24.2130022603123,18.6022320998366,19.5288958836576,22.2206328825,-0.513463826362867,4.68441455195911,0.0777378207046328,1
"1695","PmetTSAr1.1-001584",172.559731406974,163.226639625554,197.508701863051,148.138140293052,180.741869504045,134.258359030584,144.706604047789,149.260378585252,-0.162186304044321,7.33409093252294,0.690702537907956,1
"1696","PmetTSAr1.1-001585",103.005300847675,96.4128921134355,117.502782889558,100.320896080496,107.847989015105,96.6581026585734,90.1849440807537,98.2519958409652,-0.0865441840091355,6.66292048295919,0.82276386192152,1
"1697","PmetTSAr1.1-001586",270.979025844146,346.830579805784,246.63763201285,482.911803539762,244.970043920873,455.500248620923,378.571418379874,342.282666006612,0.0770658382816569,8.4352899187579,0.863918651093087,1
"1698","PmetTSAr1.1-001587",18.1641822533657,19.6930992221828,13.9017376939759,19.7782289184825,19.6980965756826,18.9980242721735,18.1669020720291,20.2391751732325,0.106870376157197,4.22075119832653,0.707341972299548,1
"1699","PmetTSAr1.1-001588",17.6696129345859,18.0867134850259,14.327301092771,18.7456306215336,18.4965490950957,20.0723173113738,17.5801970454815,19.3616724734141,0.132777929694388,4.17851248502364,0.639338031074382,1
"1700","PmetTSAr1.1-001589",166.400095345808,164.327311334347,133.343198289156,128.201050098116,157.257077838028,130.724500349004,122.830888057941,135.560013852602,-0.11639562166246,7.15368651548819,0.772758972101766,1
"1701","PmetTSAr1.1-001590",5.66506674238632,5.9198289202634,5.53232418433733,5.53366779646967,5.82568475436084,7.35042605768619,7.54335034132698,6.22743851484078,0.251562060523849,2.64752646704506,0.375559555860227,1
"1702","PmetTSAr1.1-001591",54.1778208299645,64.9991265868117,51.6350257204817,48.9027962683229,44.8213620788637,76.3030766526732,69.356915638312,61.5384151421084,0.197993825888413,5.88347944089577,0.570549394248696,1
"1703","PmetTSAr1.1-001592",55.5266462448183,57.0861894371128,30.924273645783,39.0004433693772,54.6886156315624,52.3011084873825,48.9898697167291,48.4607942609428,0.163272577740688,5.59801402840499,0.621252777396198,1
"1704","PmetTSAr1.1-001593",28.5501379477406,26.2376337068961,26.101221792771,28.9657060733867,23.4119706065876,31.0696855284505,34.3851053058822,27.145970616965,0.0790570936049578,4.8226715838891,0.786646975118058,1
"1705","PmetTSAr1.1-001594",104.264204568205,97.5135638222282,105.303298790763,97.0377630337864,98.1263775812655,93.1807857158988,83.6264200339888,92.2793161744588,-0.13815674046042,6.59206693463105,0.718208672148399,1
"1706","PmetTSAr1.1-001595",310.814336429497,130.265984129816,115.942383760642,207.44635016909,246.17159140146,155.291885903347,129.096059591432,111.386229799538,-0.252041401376966,7.45822733765806,0.594136480694889,1
"1707","PmetTSAr1.1-001596",38.8911327949537,37.8690563592729,46.0554167140561,31.6133940142813,42.5639092365489,37.6285272414628,34.0079377888158,37.5627768599714,-0.0248699904163242,5.26039113996902,0.934375844770755,1
"1708","PmetTSAr1.1-001597",61.551399764499,58.0678696098198,68.799416138554,47.1553222273325,62.2255952825168,55.6088002133413,48.0679046750114,55.6223485530097,-0.0885815425276293,5.83773792732432,0.79133105872195,1
"1709","PmetTSAr1.1-001598",45.3205339390906,45.6332540888646,31.58626115502,27.8007233793931,34.7356453478765,27.2813890217968,61.5621202856074,46.1396580872294,0.175348290259202,5.32460948940719,0.613597712417016,1
"1710","PmetTSAr1.1-001599",39.9701931268368,47.7751017384071,33.8086477931726,30.7396569937861,37.0659192496209,25.8678455491649,63.741310384213,45.2621553874109,0.175308002095405,5.34330938180881,0.611499177535708,1
"1711","PmetTSAr1.1-001600",154.800196778064,154.302274419127,94.6642138208832,54.4894178236105,132.752791339998,56.9375310776154,69.6502681515858,79.0318560610702,-0.437587160950856,6.6384526214195,0.344684841241001,1
"1712","PmetTSAr1.1-001601",73.8257110396694,59.5850116949125,60.0517240522086,65.7156146930035,68.1969221557366,58.7468667225843,56.0722375371972,59.387118200618,-0.0965725832503723,5.97167677476112,0.780134463983251,1
"1713","PmetTSAr1.1-001602",77.9621089785547,78.2964307443882,21.1836002955822,41.8334694661344,67.9420484477333,77.0381192584418,103.78392844609,84.0704199503505,0.601978496139889,6.11036390587442,0.184369023451836,1
"1714","PmetTSAr1.1-001603",55.3468028561712,44.9490527563718,77.5471082248993,61.4263602287543,64.7743323625496,58.2379910724368,41.4465193754021,43.9883611457389,-0.198940473668291,5.8077880970376,0.56766541408528,1
"1715","PmetTSAr1.1-001604",65.9575627863551,61.518624156305,79.4857859305218,50.4119783946328,66.8497325562907,56.9092602081627,62.4212240744808,60.972284368032,-0.0582427106507549,5.98004968547778,0.868682922418919,1
"1716","PmetTSAr1.1-001605",110.873449100989,76.5413055871242,80.6679064827306,68.1250107192175,89.8975978657308,81.3070205457903,77.4031560023941,72.2099802334492,-0.0674911335594476,6.36077079116259,0.861794729151923,1
"1717","PmetTSAr1.1-001606",45.0507688561198,48.6675382590498,53.8574123586343,41.1980243603197,45.5131621434441,38.391840716684,40.8807680998026,39.685767262758,-0.198700711887117,5.46636228500233,0.50954545974905,1
"1718","PmetTSAr1.1-001607",23.379640524134,11.5124311162911,8.46398315381523,32.4871310347765,24.3586443791713,24.1715933820065,0.921965041717742,20.8902255634204,-0.109569787216548,4.19633362682163,0.8648450394449,1
"1719","PmetTSAr1.1-001608",38.8911327949537,36.2924185061374,41.3742193273091,45.3284175481152,37.939771962775,37.4023602858417,43.1437732022007,41.2143203527644,-0.0195678865736529,5.33130860643503,0.947920772536121,1
"1720","PmetTSAr1.1-001609",56.0661764107599,62.0540860686907,50.1691962357428,54.8071403765178,53.9968155669821,49.360938064308,61.4363977799186,57.7453389557963,-0.00364663894971585,5.80137286197181,0.99154686370449,1
"1721","PmetTSAr1.1-001610",8.99216943235925,10.2035242193485,8.65312244216864,9.45224594899365,8.48365342353798,9.1597617026551,9.74349419088068,8.71841392077709,-0.047357699019645,3.20778576921694,0.869272504531634,1
"1722","PmetTSAr1.1-001611",88.4379863672532,61.8755987645621,101.615082667871,105.430933806422,101.9130726716,96.4319357029523,51.378597324816,66.3222201830543,-0.177331267966392,6.39624792659421,0.668444261292843,1
"1723","PmetTSAr1.1-001612",57.0103542011576,54.9740896715917,80.9043305931724,57.163582643914,57.0553000630215,54.2517984796146,65.0823504448933,51.3197546700288,-0.134760592405689,5.9015190076167,0.694914784771841,1
"1724","PmetTSAr1.1-001613",32.6415750394641,34.0018314364877,38.5844148240962,36.7763854990257,35.7551401798897,66.0972927802705,63.8251253880055,51.4612873635479,0.612924037664017,5.49074187235751,0.0570464483400858,1
"1725","PmetTSAr1.1-001614",48.4228323932545,50.6606464884852,29.6948682714858,48.5321199565977,44.3480251925719,35.8474624659465,46.559234606746,53.1313731470734,0.0204465961520361,5.48271341681831,0.949404308537327,1
"1726","PmetTSAr1.1-001615",40.5546841399402,65.0586223548545,41.2796496831324,73.6851553950962,43.8746883062801,82.0986048904642,75.1820584018922,67.312949037688,0.283135423070726,5.9356254700375,0.456078946436457,1
"1727","PmetTSAr1.1-001617",335.362958979838,300.453628616383,281.486545891967,533.297305054986,403.683542947492,497.708656713713,392.903784028395,415.936279713956,0.237503426321475,8.62634263469575,0.589738440895082,1
"1728","PmetTSAr1.1-001618",93.338718707889,93.1108769870574,95.7044799068269,126.58596045417,87.6401450234159,111.443767382304,119.14302789107,99.865468547083,0.0326149994579519,6.69238439882371,0.934150267826721,1
"1729","PmetTSAr1.1-001619",209.697391162618,210.079556959297,162.565218339758,168.657721834985,189.880912462449,168.324756721014,190.155289854284,231.009662361889,0.0534932021602385,7.5801342532394,0.896906231595959,1
"1730","PmetTSAr1.1-001620",216.981048402829,224.953498970009,162.423363873493,174.085482113819,193.41273384478,161.765915008002,183.240552041401,233.38741161301,-0.0123660775687975,7.5987437711106,0.976380696314742,1
"1731","PmetTSAr1.1-001621",158.531947092493,156.890340328991,123.555240116867,100.294419201087,155.582193471149,93.9440991911201,131.820047214689,147.816745111357,-0.0272907153080345,7.06190763706147,0.947842754802934,1
"1732","PmetTSAr1.1-001622",78.9512476161142,81.7471852908734,91.9216941397587,79.3512075886106,78.3918704758681,74.437199268799,74.8467983867222,72.6628848527103,-0.144432546270046,6.30554999639514,0.698881191965742,1
"1733","PmetTSAr1.1-001623",71.262942751447,20.8830145830397,235.714838110441,140.168599590959,106.173104648226,84.4450870550333,3.75072141971536,17.2103755319236,-1.14546305767583,6.40900739159136,0.147139089034281,1
"1734","PmetTSAr1.1-001624",88.5279080615768,67.8846713368898,118.212055220883,49.7765332888181,83.7442183439371,61.8001206234693,60.4515714853565,62.868822461188,-0.270677398578377,6.21341502384168,0.507773951048799,1
"1735","PmetTSAr1.1-001625",64.5188156771776,47.5966144342786,185.734781163052,93.4633843135787,89.6791346874422,65.9276675635546,48.9060547129366,48.432487722239,-0.629417768610345,6.33219052749806,0.183963436526463,1
"1736","PmetTSAr1.1-001626",237.752959791578,218.676695441489,234.910996134939,284.520546128532,260.080413752497,254.890158984995,237.908888265074,247.625600581032,0.0359596391593764,7.94899992743619,0.930802215989299,1
"1737","PmetTSAr1.1-001627",40.9593317643964,25.8211633305961,60.4772874510038,25.5766655090416,46.6782990943163,28.2708694526392,20.4299071744272,26.4383071493695,-0.326929175642469,5.10312032829652,0.379351859174741,1
"1738","PmetTSAr1.1-001628",130.341495922047,118.426326289289,326.170702765461,151.077073907445,185.802933134396,137.509509017637,67.3034480453952,152.515630536191,-0.4186771807047,7.31001209604025,0.388917959355847,1
"1739","PmetTSAr1.1-001629",64.0692072055596,60.6559355196837,70.3598152674696,52.291836832668,69.3620591066088,57.3050523804997,59.0057626699355,58.9342135813568,-0.0161349311667119,5.9437972991085,0.962953962136076,1
"1740","PmetTSAr1.1-001630",58.7638272404677,61.4293805042408,38.9626934008031,63.2003111491536,56.1086262904379,66.3517306053442,64.6842291768789,73.4554679364173,0.228733707317697,5.91739888232331,0.514008232862176,1
"1741","PmetTSAr1.1-001632",85.8752180790308,51.0176210967423,328.062095648995,93.3574767959429,102.167946379603,61.8849332318272,29.7752800972934,69.7473113662167,-1.08280414001229,6.68309208340962,0.0574719481495275,1
"1742","PmetTSAr1.1-001633",121.798934961306,114.440109830419,91.02328252008,114.141827131965,102.823335914469,127.331996014687,116.502855271606,146.967548950242,0.161295523508421,6.86967680543793,0.685220162601056,1
"1743","PmetTSAr1.1-001634",43.8817868299131,7.34772735329175,269.712625191967,117.901544008036,66.6312693780021,88.5160922562133,6.49566279392046,19.9278032474905,-1.273147348296,6.27748612249416,0.120609335018929,1
"1744","PmetTSAr1.1-001636",15.2866880350107,15.290412387012,12.9560412522088,16.097942680639,15.1831908910529,10.8277430003608,10.2463842136358,14.3797216615414,-0.237499757383523,3.79097275865697,0.420158396004524,1
"1745","PmetTSAr1.1-001637",85.9651397733544,42.6584656867222,118.401194509237,54.701232858882,86.4021870131143,67.6804614696183,55.234087499272,53.7541169985574,-0.197537456645338,6.14246845060617,0.645111755249738,1
"1746","PmetTSAr1.1-001638",152.68703696146,152.755384450013,173.44072742008,154.2013456777,166.978689271868,122.073614296496,151.935648124894,165.39510564643,-0.0621615401375709,7.27605190336842,0.87817916499232,1
"1747","PmetTSAr1.1-001639",133.218990140402,131.634386794802,112.727015858634,116.974853228723,139.270276158939,127.925684273192,125.764413190679,130.549756502026,0.0820643644414191,6.99231357197557,0.834901453592147,1
"1748","PmetTSAr1.1-001640",94.5077007340957,95.4609598247499,76.4122724947788,128.465818892205,80.9041970261862,119.048631265064,134.313543577517,155.402897483981,0.310441430853921,6.78969671421218,0.454664210749555,1
"1749","PmetTSAr1.1-001641",101.161906114042,93.081129103036,35.0380531674697,97.8585462954637,75.1513333312549,74.0696779659147,29.7124188444491,82.7400126312709,-0.322418635376126,6.20285680691012,0.485518455700974,1
"1750","PmetTSAr1.1-001642",71.038138515638,48.4890509549213,122.751398141365,51.8682067621248,87.2760397262684,62.45035062088,52.9710823968739,57.150901643016,-0.178641982948029,6.11464176487042,0.674229570666103,1
"1751","PmetTSAr1.1-001643",50.4910313626972,47.0611525218929,40.9959407506023,30.8985182702397,46.2049622080244,32.7376668261562,35.3489778494962,38.2138272501593,-0.151888966331829,5.33265708399262,0.627649687005678,1
"1752","PmetTSAr1.1-001644",23.2897188298104,22.2514172480252,30.9715584678714,23.1672694828276,25.0504444437516,21.7685694785322,30.8229676447,25.8438698365892,0.0549528919944997,4.66994042977148,0.853232725160339,1
"1753","PmetTSAr1.1-001645",21.7160891791476,9.81680172706995,62.2741106903612,66.1127678841377,34.662824288447,37.7981524581786,3.72976766876723,14.9741589743217,-0.811143933904746,4.97409353466083,0.186637424540488,1
"1754","PmetTSAr1.1-001646",148.415756481089,143.741775591521,135.80200903775,126.029945986582,152.669351093969,146.612728981387,140.976836379022,142.127130831889,0.0721229982317306,7.15083955831241,0.855975342083455,1
"1755","PmetTSAr1.1-001647",158.262182009523,89.4221393684008,133.485052755421,90.842173252093,127.145569763925,103.499653066112,78.0108147798899,86.9293803594365,-0.254756360704169,6.76150551137783,0.54049981117641,1
"1756","PmetTSAr1.1-001648",52.2445044020072,48.9055213312212,51.0676078554215,48.4262124389619,51.3388468978049,45.3182037325806,42.1589469076386,57.7736454945001,-0.0294763415159756,5.63554981369067,0.925743777929408,1
"1757","PmetTSAr1.1-001649",123.687290542101,57.5621555814556,17.3535297064256,244.249212547525,176.700300705707,159.136724148906,17.2449370303114,67.5677078860224,-0.074407134463561,6.75493927631431,0.916474921266633,1
"1758","PmetTSAr1.1-001650",66.5420537994584,64.4041689063832,69.1304098931724,66.1392447635466,70.3451434089072,60.5562023675532,51.2109673172309,59.0191331974683,-0.142863894302065,5.988124831259,0.680321525753121,1
"1759","PmetTSAr1.1-001651",16.095983283923,15.1119250828834,15.131143068273,14.4828530366934,15.2560119504825,19.0828368805315,18.0411795663404,16.8990036061816,0.188435175820601,4.02914084159324,0.505387300129742,1
"1760","PmetTSAr1.1-001652",50.1313445854028,49.4707311276283,57.025495438554,51.1533310180833,57.5286369493133,54.8454867381201,45.0086570365843,52.1689508311434,0.0122000641142594,5.70667562177511,0.969777060108362,1
"1761","PmetTSAr1.1-001653",121.304365642526,107.717088041577,94.1913655999996,90.842173252093,134.063570409729,117.606816922979,114.218896418259,111.980667112319,0.206795577640529,6.80156912893994,0.598739631101675,1
"1762","PmetTSAr1.1-001654",133.084107598917,145.348161328678,185.923920451405,151.44775021917,139.452328807513,136.0394238061,147.367730418202,134.569284997968,-0.143648053595282,7.19684927848818,0.72124699640791,1
"1763","PmetTSAr1.1-001655",15.4215705764961,14.9036898947335,26.6686396578312,15.7007894895049,20.0622018728302,18.8283990554577,18.1878558229773,14.9458524356179,-0.0121735231825177,4.1814623679354,0.968651814173846,1
"1764","PmetTSAr1.1-001656",14.9270012577163,14.5467152864764,22.0347270931726,14.8270524690096,19.8437386945416,18.2347107969523,18.5859770909918,14.917545896914,0.110830209422928,4.1125059929451,0.711770979435097,1
"1765","PmetTSAr1.1-001657",169.187667869839,157.901768385719,149.372752977108,154.121915039473,162.8642994141,126.568682539466,132.679151003562,165.678171033469,-0.101405988773661,7.25129633479135,0.801992152138889,1
"1766","PmetTSAr1.1-001658",98.5541769786573,88.8271816879724,97.7377272566261,130.398631089058,96.3786721549572,121.649551254706,84.1502638076921,113.650752895844,0.00100129983348782,6.70018255125733,0.998147865230472,1
"1767","PmetTSAr1.1-001659",63.2149511094855,60.3287087954481,83.9778440289153,52.5830825061664,76.1344176335533,52.6120880513616,52.0910248570524,52.4803227568855,-0.15670999328505,5.9478857264994,0.663225436507544,1
"1768","PmetTSAr1.1-001660",109.524623686136,112.298262180876,69.0831250710841,107.337269123866,96.3058510955277,76.5857853471996,88.4876902539551,92.562381561497,-0.170251222458387,6.55590824299307,0.666596587194315,1
"1769","PmetTSAr1.1-001661",49.861579502432,67.3789573085256,60.4300026289154,42.9190215219011,42.9644250634112,52.9796093542459,128.823660829106,54.8863785467103,0.34258615332597,5.96819419538864,0.411980898134925,1
"1770","PmetTSAr1.1-001662",74.8598105243907,70.0265189864323,61.2338446044174,41.9658538631791,68.9979538094612,58.5489706364158,57.8533063677883,62.5857570741498,-0.000458974006652247,5.95571666723893,0.999209527972747,1
"1771","PmetTSAr1.1-001663",49.3670101836523,54.9145939035489,71.21094206506,69.0781783779396,56.5091421173002,82.5226679322538,90.4573428430794,77.2202375840256,0.326698494812077,6.10808418609782,0.395464374728704,1
"1772","PmetTSAr1.1-001664",66.631975493782,45.663001972886,149.32546815502,183.008190474633,110.942884040859,107.514116528387,39.3720980315372,68.5584367406562,-0.446147013002147,6.59141828465667,0.381496380743867,1
"1773","PmetTSAr1.1-001665",129.532200673135,109.501961082862,369.625454264657,203.368910740113,151.540624672811,165.695565861918,137.268022461203,142.381889680223,-0.443997577600262,7.460748404082,0.34495859310623,1
"1774","PmetTSAr1.1-001666",129.846926603267,118.158595333097,132.917634890361,149.673799298771,114.110600126043,126.823120364539,113.590283889815,141.277934670774,-0.0978618183419775,7.00406138139134,0.805225703484112,1
"1775","PmetTSAr1.1-001667",180.292997118803,186.816711654543,235.903977398794,165.083343114777,152.960635331687,152.436528088631,166.896626301859,193.39027242451,-0.206396028097218,7.48606079026052,0.615522265015898,1
"1776","PmetTSAr1.1-001668",107.231620480884,108.520280910155,88.611756593574,113.321043870288,91.0263242868882,126.596953408918,135.130739864494,124.350624525889,0.191885169085877,6.80628828302383,0.628870018926133,1
"1777","PmetTSAr1.1-001669",54.7623118430678,58.008373841777,38.016996959036,62.3265741286584,51.9578259029558,64.5706658298279,87.3771414537042,64.935199786567,0.334996727975543,5.91451334976632,0.35105818012706,1
"1778","PmetTSAr1.1-001670",143.739828376263,95.4907077087714,95.4680557963852,113.744673940831,89.715545217157,62.7330593154064,32.9392964904612,81.9191230088601,-0.746564381351481,6.484067642418,0.0839763463504905,1
"1779","PmetTSAr1.1-001671",152.866880350107,88.9759211080795,53.006285561044,224.206214834953,157.475541016317,164.42337673655,6.01372652211345,143.17447276393,-0.140018376147219,6.95220330726339,0.840128005262994,1
"1780","PmetTSAr1.1-001672",86.1449831620016,92.5159193066289,81.8973118570278,77.8685023417096,79.8847021941731,87.0742779141287,96.9949131388961,85.5989730403569,0.0467096988215008,6.42728398597394,0.902312948234708,1
"1781","PmetTSAr1.1-001673",111.817626891387,63.1250098934619,3.40450719036143,124.759055774953,98.7453565864163,106.722532183713,7.60621159417137,74.785875255497,-0.0746387698989496,6.208160425388,0.923325751491315,1
"1782","PmetTSAr1.1-001674",85.60545299606,162.215211568826,19.81234045502,30.9249951496487,73.1123436672286,48.8520624141605,879.303204787348,178.755791914634,1.982647596763,7.53089056015846,0.0152848940720086,1
"1783","PmetTSAr1.1-001675",34.3950480787741,34.8347721890876,33.8559326152609,32.0635009642334,35.4638559421716,29.7409546641764,31.4306264221958,32.3260671997644,-0.0676828645558407,5.0475875834651,0.813794652272011,1
"1784","PmetTSAr1.1-001676",35.9237168822752,31.562504946731,21.6091636943774,34.4728969904474,37.2479718981946,33.2182716068511,28.4761475385094,35.241640686258,0.118216617650343,5.01268462396188,0.694990773210056,1
"1785","PmetTSAr1.1-001677",71.8024729173886,48.3700594188356,13.6653135835341,67.3836580957671,64.3009954762578,67.8500866863341,18.9631446080581,50.3573323540988,0.00133617340101841,5.65530963131497,0.997730022319499,1
"1786","PmetTSAr1.1-001678",166.175291109999,197.942420278556,153.439247676706,191.189546211998,162.318141468379,237.107782099285,250.879260101967,204.20337020937,0.269809118589505,7.61085886697488,0.517178759798634,1
"1787","PmetTSAr1.1-001679",86.1000223148398,82.5206302754304,102.182500532931,80.4632365237863,91.790945410898,84.5298996633912,86.1408701477645,79.5130672190352,-0.0386056651283369,6.43817503721784,0.919314143980893,1
"1788","PmetTSAr1.1-001680",56.1560981050835,57.4729119293914,48.8452212172689,37.3323999666136,51.5573100760935,43.6219515654223,43.8771544853853,48.9986184963154,-0.0873698964653631,5.60109480701563,0.78394123098989,1
"1789","PmetTSAr1.1-001681",23.6943664542666,22.2216693640038,27.3779119891565,22.7436394122844,25.596602389473,24.9631777266804,25.8359749190449,21.4563563374969,0.0274880011197332,4.60262995634222,0.924367156170897,1
"1790","PmetTSAr1.1-001682",51.8848176247128,53.0702250942206,53.3845641377508,55.4425854823325,49.7731941200705,61.2912449733218,60.2629877268233,51.2631415926211,0.0583035663165947,5.77110742081048,0.856125966079148,1
"1791","PmetTSAr1.1-001683",129.936848297591,47.6561102023214,89.557453035341,48.3997355595529,112.909052645456,43.1130759152748,24.1387210922463,36.204063002188,-0.544467883974204,6.05572131923239,0.290820211375594,1
"1792","PmetTSAr1.1-001684",153.586253904696,172.032013295896,141.523472510441,164.845051200097,143.858002902998,188.255719685124,257.668275409161,187.728964683746,0.298979501323742,7.46154906560833,0.473885074068337,1
"1793","PmetTSAr1.1-001685",20.6819896944263,21.3589807273825,17.6845234610441,21.2079804065656,19.0791175705318,24.1433225125539,36.7319254120728,24.0605578982485,0.362333126301446,4.53548604492183,0.233986740332576,1
"1794","PmetTSAr1.1-001686",115.279612122846,80.9142445382736,166.348004106827,77.1006728388502,90.6986295194554,79.3280596841056,68.3092280909054,67.5394013473186,-0.523216917805036,6.54275130116839,0.209601196090024,1
"1795","PmetTSAr1.1-001687",42.3980788735738,40.3381307330511,36.6457371184738,56.2104149851919,44.0931514845686,53.4319432654881,45.6582233159764,52.7350816052199,0.15765879314964,5.53934676520197,0.616970721222595,1
"1796","PmetTSAr1.1-001688",91.0457155026374,86.0903763580013,92.9619602257025,120.681616345975,98.2356091704097,100.616024381943,82.5787324865823,108.58388246786,-0.00292623652478002,6.60972458746272,0.994337803071826,1
"1797","PmetTSAr1.1-001689",70.7683734326673,69.2828218858967,72.960480482329,61.2674989523006,76.4257018712713,84.2471909688648,63.6365416294723,66.8317378797231,0.0860973036587315,6.14438994313262,0.817776538195523,1
"1798","PmetTSAr1.1-001690",66.6769363409438,65.653580035283,141.192478755823,59.0699179613581,94.1576298423571,79.8934770731584,88.6762740124883,80.6170222284842,0.0461460327197985,6.40163467245619,0.91306892343224,1
"1799","PmetTSAr1.1-001691",45.1406905504434,37.244350794823,53.148140027309,41.4363162750002,44.5664883708604,44.8093280824331,42.1589469076386,35.3548668410733,-0.0842725167983241,5.42755799091403,0.782038890657241,1
"1800","PmetTSAr1.1-001692",23.5594839127812,21.5969637995539,37.7805728485942,18.0042779980831,25.9242971569058,24.1150516431012,24.4949348583646,23.1547486597262,-0.0459882988462227,4.63698153651286,0.882363156154233,1
"1801","PmetTSAr1.1-001693",91.4953239742553,76.0058436747386,110.031780999598,65.2655077430514,93.4658297777768,113.253103027273,89.9754065712724,80.333956841446,0.137490917432269,6.49241386377623,0.728972897915484,1
"1802","PmetTSAr1.1-001694",55.4367245504947,55.6582910040845,86.7203637100398,54.4629409442015,56.4727315875854,51.1137319703717,55.9884225334047,52.5369358342931,-0.222968317958173,5.87288838599785,0.518117662403392,1
"1803","PmetTSAr1.1-001695",65.1932283846045,56.4912317566844,86.2002306670679,54.0128339942494,57.7106895978871,53.3754015265828,51.3576435738679,53.3578254567039,-0.27903838541015,5.90119890237193,0.418209272578899,1
"1804","PmetTSAr1.1-001696",84.7062360528241,74.4887015896459,85.4436735136543,96.3228872897448,92.9560823617702,112.15053911862,70.8446319556292,81.9191230088601,0.06975975785378,6.44980591517612,0.857953462085614,1
"1805","PmetTSAr1.1-001697",86.4147482449723,74.2209706334531,85.3963886915659,95.7933497015659,92.7740297131964,112.404976943693,71.5989669897619,80.4471829962613,0.0635146773604533,6.4502535835758,0.870592471742172,1
"1806","PmetTSAr1.1-001698",57.2801192841284,68.2118980611255,89.4628833911643,74.8236612096808,60.2958372076347,57.9270115084577,71.1589382198512,76.8805591195798,-0.122015776439302,6.12029928101814,0.748151035322484,1
"1807","PmetTSAr1.1-001699",46.8941635897535,54.7658544834418,46.8592586895581,57.3489207997766,48.353183461195,54.0539023934462,57.7485376130477,49.8195081187262,0.0283535704736596,5.70172683600988,0.929113988533029,1
"1808","PmetTSAr1.1-001700",34.1702438429651,38.6425013438299,34.3760656582328,35.7967409608947,35.0997506450241,36.4128798549993,41.8236868924685,34.7887360669969,0.0509390407288016,5.18797670708836,0.86193685894966,1
"1809","PmetTSAr1.1-001701",87.808534506988,94.3602881159572,53.6682730702809,70.32259171016,92.8104402429112,88.7988009507397,95.5700580744232,96.4120708252168,0.287081593556613,6.4100007858979,0.464417264546563,1
"1810","PmetTSAr1.1-001702",35.519069257819,36.827880418523,39.62468091004,25.6296192678595,36.3741191850405,35.2820450768937,38.4291792388713,32.3543737384682,0.0503909355012759,5.13191112518918,0.867771353892536,1
"1811","PmetTSAr1.1-001703",74.6799671357435,79.6350855253523,44.9205809839356,52.4771749885306,63.2450901145299,46.5903928579494,53.6416024272141,57.5754997235734,-0.187530059060759,5.88643740310924,0.597993986523561,1
"1812","PmetTSAr1.1-001704",87.0891609523993,76.6900450072313,93.0092450477908,75.4591063154955,86.0744922456815,74.1827614437253,85.4703501174243,79.2866149094046,-0.0316572247511114,6.36134213971435,0.933301350999552,1
"1813","PmetTSAr1.1-001705",144.189436847881,45.1275400605004,183.18140077028,269.24338670957,163.70174159754,215.537108706921,27.8475350100654,74.2480510201244,-0.415022765874957,7.13376747006927,0.498102698329817,1
"1814","PmetTSAr1.1-001706",442.369775224913,382.05207448715,417.903257616866,345.973383236695,460.957306188802,330.203755206826,329.434872406508,406.340363093361,-0.0568401913059901,8.6053301394152,0.894001600239213,1
"1815","PmetTSAr1.1-001707",51.4352091530949,48.1618242306856,50.6893292787147,51.3651460533549,50.7926889520836,44.5548902573594,46.0144370820946,46.9322411709364,-0.0989088717423495,5.60888176133326,0.747991119540833,1
"1816","PmetTSAr1.1-001708",140.772412463584,132.407831779359,137.55154745502,112.235491814521,149.246761300782,113.253103027273,110.384359994751,143.825523154118,-0.0173628038923609,7.02254835029878,0.965579435106615,1
"1817","PmetTSAr1.1-001709",99.2735505332461,83.472562564116,82.2755904337346,118.987096063802,91.7545348811833,121.536467776896,91.525984141434,97.9972369926308,0.0689033970465015,6.62084411778848,0.861257325979847,1
"1818","PmetTSAr1.1-001710",78.0070698257165,52.4752674137921,94.1913655999996,63.518033702061,77.6272493518582,64.0900610491331,58.7124101566617,64.4256820898982,-0.121654569281592,6.1123277303809,0.752653420585605,1
"1819","PmetTSAr1.1-001711",72.3869639304919,81.3307149145735,91.0705673421683,55.3366779646967,63.6091954116775,64.174873657491,113.65314514266,77.1070114292104,0.0861949227021339,6.27420320747165,0.830461800853842,1
"1820","PmetTSAr1.1-001713",37.0926989084819,48.2510678827499,16.2659787983935,280.919690528915,20.4263071699777,29.543058578008,24.9768711301716,80.9567006929301,-1.29506247834115,6.07451298527092,0.0690753063779538,1
"1821","PmetTSAr1.1-001714",40.6446058342638,44.2945993079005,27.0942030566264,42.6277758484027,34.4079505804437,38.5897368028525,59.0686239227799,41.2992399688759,0.164604845122918,5.36018721452928,0.611504520612763,1
"1822","PmetTSAr1.1-001715",50.6259139041826,51.1068647488066,42.698194345783,51.8152530033069,52.9409102052542,57.6443028139313,60.8916002552672,53.8956496920765,0.199553272825589,5.72161028150647,0.529455872160754,1
"1823","PmetTSAr1.1-001716",41.1841360002053,43.8483810475791,37.3077246277107,31.9311165671886,39.2141405027914,41.0210315757795,47.6278759051006,38.6667318694205,0.110564513166949,5.32780587115175,0.713818322078637,1
"1824","PmetTSAr1.1-001717",47.3887329085332,42.8072051068293,61.0919901381524,69.0252246191217,47.6977939263294,49.9263554533608,37.9053354651681,45.2621553874109,-0.285400147615071,5.64950110924192,0.383475376257121,1
"1825","PmetTSAr1.1-001718",51.2553657644477,44.0863641197505,59.3424517208833,69.4753315690738,48.061899223477,54.0821732628988,39.0996992692115,46.3944169355638,-0.256726196627799,5.6874279173308,0.433266164573895,1
"1826","PmetTSAr1.1-001719",48.6925974762253,43.7293895114934,56.5999320397588,66.430490437045,46.4598359160277,47.9191237222234,35.9775903779401,45.3187684648186,-0.294674511292655,5.6132062608993,0.360285418121326,1
"1827","PmetTSAr1.1-001720",50.1313445854028,44.681321800179,55.4650963096383,70.2166841925243,47.4793307480409,51.1420028398243,39.0577917673153,46.9322411709364,-0.256478586781152,5.66385138844112,0.429782189044034,1
"1828","PmetTSAr1.1-001721",62.4955775548968,92.4266756545647,42.6036247016063,77.7096410652559,58.3296686030379,84.1341074910543,76.4392834587801,71.8419952302995,0.0788561673579845,6.14607209513386,0.843794287796788,1
"1829","PmetTSAr1.1-001722",25.1331135634441,24.8394831578891,28.2290387867469,44.7194493217095,23.5576127254467,31.6351029175033,17.6849658002221,16.7008578352548,-0.457380893517885,4.73462187382789,0.168382853455052,1
"1830","PmetTSAr1.1-001723",5.35034081225375,7.94268503372023,4.25563398795179,12.3117489251598,6.44466375951168,10.4036799585712,5.86705026547654,4.44412657650001,-0.141843763554321,2.8479725958301,0.715013761663365,1
"1831","PmetTSAr1.1-001724",108.850210978709,96.5616315335426,209.850040428112,92.7220316901282,144.149287140716,88.0637583449711,78.7861035649707,90.0997126942645,-0.340756963806314,6.82881193071504,0.439902969611794,1
"1832","PmetTSAr1.1-001725",53.9979774413173,35.2214946813661,85.9165217345378,54.1716952707031,74.7508175043926,63.2136640961013,31.786840188314,38.7516514855319,-0.137163875689167,5.77538671056673,0.728743753856602,1
"1833","PmetTSAr1.1-001726",143.110376515997,168.611006633432,45.2042899164657,163.812452903148,119.135253226679,168.268214982109,323.295423378705,203.637239435293,0.644982513835875,7.38343841057118,0.199240806508097,1
"1834","PmetTSAr1.1-001727",72.2071205418447,69.1043345817682,38.8681237566264,44.5870649246647,49.1178045852049,47.4950606804339,43.0809119493563,70.171909446774,-0.0990211723432763,5.76524236985243,0.781390530372113,1
"1835","PmetTSAr1.1-001728",20.2773420699701,23.0843580006251,13.7125984056224,15.8861276453675,19.5888649865383,17.8954603635206,21.9385772426926,19.3616724734141,0.110447711571598,4.25046976692442,0.709893691864893,1
"1836","PmetTSAr1.1-001729",6.56428368562225,6.06856834037052,4.39748845421685,4.81879205242814,4.04156879833783,5.14529824038033,6.72615405434989,5.83114697298727,-0.00389788476118227,2.4630516403721,0.988758170612002,1
"1837","PmetTSAr1.1-001730",30.888102000154,34.1208229725734,23.1222780012047,28.0654921734825,29.164834301519,33.1617298679458,34.678457819156,31.1938056516115,0.141600960571357,4.93620733291062,0.628304751282932,1
"1838","PmetTSAr1.1-001731",63.0800685680001,82.3123950872805,30.2622861365461,24.4646365738659,48.644467698913,27.3944724996074,32.8973889885649,36.4871283892262,-0.460845470807079,5.43455707080082,0.249755815135444,1
"1839","PmetTSAr1.1-001732",143.065415668836,155.878912272262,87.145927108835,117.266098902221,127.291211882784,129.650207309803,180.642286923833,141.589306596516,0.202397077028628,7.08092654266395,0.626318985787582,1
"1840","PmetTSAr1.1-001733",134.028285389315,136.245308818122,137.646117099196,172.020285519921,144.913908264726,159.645599799054,132.637243501666,141.815758906147,-0.00236199988620811,7.17923520946081,0.99550459570545,1
"1841","PmetTSAr1.1-001734",28.460216253417,20.7937709309754,67.8064348746985,30.9514720290576,28.4002131775091,30.0519342281555,25.8988361718893,21.597889031016,-0.481481211471097,4.99041754121121,0.190452840177631,1
"1842","PmetTSAr1.1-001735",12.4541546638176,8.44839906208444,11.2065028349397,14.5622836749202,9.3575061366921,10.7146595225503,12.7608343274115,11.5490677911593,-0.0718070534784733,3.51662426952774,0.811185773329646,1
"1843","PmetTSAr1.1-001736",35.0694607862011,28.2307419363315,36.5511674742971,36.7499086196168,34.1530768724404,38.3635698472314,30.6553376371149,33.0054241286561,-0.00440183421034525,5.09409598634084,0.988719360209092,1
"1844","PmetTSAr1.1-001737",137.939879092391,131.069176998395,197.414132218875,99.9502197687704,137.522570732631,104.800113060934,119.122074140122,126.841599931825,-0.213925145798271,7.04311432470932,0.606256732554016,1
"1845","PmetTSAr1.1-001738",109.794388769106,28.3497334724172,122.278549920481,75.3002450390419,110.287494505994,79.4694140313688,4.52601020479619,94.0626281127996,-0.219461291452556,6.28623237775655,0.742588536517174,1
"1846","PmetTSAr1.1-001739",135.781758428625,82.6396218115161,104.877735391967,127.194928680576,140.362592050382,103.895445238449,82.1806112185678,82.0606557023792,-0.141237223615549,6.74723379451938,0.732383787022116,1
"1847","PmetTSAr1.1-001740",185.418533695248,171.407307731446,249.900284736947,177.103846366438,203.425629516338,195.606145742811,200.63216532835,192.371237031172,0.01507130419722,7.62234877575068,0.971000454253087,1
"1848","PmetTSAr1.1-001741",80.4799164196153,75.7083648345243,416.390143310039,139.586108243962,114.365473834046,147.517396803871,104.433494725482,103.941610120433,-0.598631321357099,7.2078873838202,0.267370607765065,1
"1849","PmetTSAr1.1-001742",140.502647380613,77.4337421077669,138.591813540963,92.5102166548566,132.497917631994,82.7205640184223,63.9718016446424,71.0211056078887,-0.358587146736078,6.64313105820373,0.403211908733725,1
"1850","PmetTSAr1.1-001744",45.0957297032816,45.0977921764789,33.5249388606424,37.7825069165657,38.4131088490668,37.2044641996732,46.6011421086422,48.1494223352007,0.0771485460849631,5.37671271638539,0.800548033639978,1
"1851","PmetTSAr1.1-001745",62.0459690832788,36.2329227380946,125.77762675502,119.04004982262,90.3345242223078,78.903996642316,29.1466675688495,38.6101187920128,-0.533886335122884,6.18106268861083,0.284289544860668,1
"1852","PmetTSAr1.1-001746",117.123006856479,105.575240392034,86.4366547775097,88.3003928288342,103.842830746482,96.0926852695206,88.2781527444738,123.727880674405,0.051710843759806,6.66152525765224,0.895625661122934,1
"1853","PmetTSAr1.1-001748",275.070462935869,127.142456307567,32.6265272409637,42.4424376925401,107.993631133964,35.7061081186833,34.2384290492452,65.5579436380511,-0.970978888150908,6.49395023389741,0.116223830962922,1
"1854","PmetTSAr1.1-001749",179.303858481243,147.281773790071,268.341365351405,131.828382577141,225.126305226332,144.209705077913,107.911817382872,120.925533342726,-0.280882967490416,7.37208097218676,0.530684490593711,1
"1855","PmetTSAr1.1-001751",221.971702437788,259.461044434861,94.0495111337346,220.843651150017,195.815828805954,314.513422660611,355.270847325553,274.375279656144,0.517520238632009,7.91955158205308,0.263597094770391,1
"1856","PmetTSAr1.1-001752",25.2679961049295,30.0751107456598,20.8998913630521,22.9289775681471,24.8319812654631,22.7015081704693,26.0874199304225,25.8155632978854,0.00350278413184577,4.63748542543984,0.991160478568873,1
"1857","PmetTSAr1.1-001755",19.6928510568667,13.6542787658337,20.1433342096385,26.37097189131,19.8073281648269,19.4220873139631,10.1625692098433,15.7950485967325,-0.294028699066719,4.18480661329814,0.370483112681425,1
"1858","PmetTSAr1.1-001756",126.295019677486,98.3762524588495,132.586641135742,81.1251585090099,93.2473665994882,73.3063644906935,94.1452030099504,92.5906881002008,-0.311178219899174,6.6295023062682,0.434545297473629,1
"1859","PmetTSAr1.1-001757",52.514269484978,55.063333323656,83.5522806301202,45.8314782568852,53.4506576212607,47.8625819833182,80.5671723955618,59.9815555133982,0.0299862806131401,5.90477538033892,0.935464478858384,1
"1860","PmetTSAr1.1-001758",111.323057572607,116.314226523768,104.499456815261,75.5914907125403,106.646441534518,83.2859814074751,100.724680807663,98.8181266150416,-0.0660224134269148,6.63963794662986,0.866996291679904,1
"1861","PmetTSAr1.1-001759",33.9004787599944,29.0339348049099,41.9889220144577,35.6114028050321,33.2792241592863,46.3642259023283,40.629323088425,35.0718014540351,0.145023560983735,5.21127932879221,0.632802495603353,1
"1862","PmetTSAr1.1-001760",30.0788067512417,29.5693967172956,41.5160737935741,35.7702640814858,33.0607609809978,41.6995324426428,41.2160281149727,35.1284145314428,0.142446907215957,5.17264624236389,0.636009071293551,1
"1863","PmetTSAr1.1-001761",28.1005294761226,27.0408265754745,41.3742193273091,34.7906195433548,30.1843291335321,41.5016363564744,41.2998431187652,34.2792183703281,0.165985787035549,5.12453573045971,0.58932049981741,1
"1864","PmetTSAr1.1-001762",21.8959325677948,19.6038555701185,26.5740700136545,22.9025006887381,22.6837600122925,28.1577859748286,26.5064949493851,22.5036982695383,0.134977567281686,4.57987148221977,0.638010195989269,1
"1865","PmetTSAr1.1-001763",10.2510731528895,13.4460435776837,22.7912842465863,12.0205032516614,12.6708643407348,19.2807329666999,13.326585603011,14.3231085841338,0.0281760162771426,3.88953364599352,0.935146569265601,1
"1866","PmetTSAr1.1-001764",119.191205825922,136.245308818122,106.296280054618,140.856998455592,109.886978679131,148.591689843072,184.3720545926,152.600550152303,0.24458432152186,7.10146535862898,0.550528846976504,1
"1867","PmetTSAr1.1-001765",89.2922424633273,108.490533026134,77.5943930469877,107.787376073818,77.663659881573,118.398401267653,148.436371716556,125.39796645793,0.294345409206573,6.73749774868661,0.471071611747267,1
"1868","PmetTSAr1.1-001766",43.7469042884277,26.4161210110246,29.0328807622489,43.0514059189459,19.9165597539711,15.7186034156674,16.4696482452306,34.3075249090319,-0.719198458847626,4.83974569348511,0.0362113687084838,1
"1869","PmetTSAr1.1-001767",51.3452874587713,67.4384530765684,38.5844148240962,49.9089176858628,48.9357519366311,75.3984088301887,68.7702106117643,53.7824235372613,0.25213043995189,5.82885972604404,0.470784573544198,1
"1870","PmetTSAr1.1-001768",51.839856777551,65.1776138909402,59.295166898795,58.3815190967255,58.5845423110412,67.3694819056392,77.8222310213567,69.6057786726976,0.220139266224409,5.99042959712326,0.526953336831406,1
"1871","PmetTSAr1.1-001769",48.1530673102838,58.0678696098198,52.1551587634536,53.0331894561184,49.7367835903557,56.5982806441837,70.4465106876147,62.6706766902613,0.17973764470427,5.81826432662409,0.585021054622019,1
"1872","PmetTSAr1.1-001770",81.5589767514983,59.0495497825268,60.1935785184737,49.0087037859587,64.4466375951168,52.9230676153406,57.3294625940851,64.9635063252708,-0.0596419464418805,5.93639254083609,0.865004483534944,1
"1873","PmetTSAr1.1-001771",70.0939607252403,27.2490617636245,53.2899944935741,246.39383977965,178.120311364583,54.6475906519516,12.9494180859447,72.4930456204874,-0.319544001237221,6.48328476779438,0.646973462216965,1
"1874","PmetTSAr1.1-001772",90.5511461838576,31.562504946731,62.6051044449797,113.294566990879,84.5452499976617,104.404320888597,23.6358310694912,30.3729160292007,-0.294846421793491,6.08053946614414,0.576771587725913,1
"1875","PmetTSAr1.1-001773",125.170998498441,104.504316567263,144.786125234538,115.306809825959,126.016843342768,110.623912168177,80.92338616168,108.300817080822,-0.201696636291295,6.83928904034827,0.614223740796255,1
"1876","PmetTSAr1.1-001775",57.6847669085846,55.3905600478917,41.1377952168673,33.1755298994091,48.4624150503393,38.5331950639472,45.3648708027025,44.3846526875924,-0.0842211442046725,5.51015205448967,0.792800337940091,1
"1877","PmetTSAr1.1-001776",64.428893982854,55.3608121638702,58.0657615244978,45.1695562716615,60.8055846236413,39.3530502780738,40.5245543336844,49.6213623477995,-0.228891557271899,5.69260788641302,0.488504699325613,1
"1878","PmetTSAr1.1-001777",39.6554671967043,29.8966234415312,32.5792424188754,40.4037179780513,37.4664350764832,38.1656737610629,31.7658864373658,30.0332375647548,-0.0527875077204935,5.1315741813704,0.860185232246209,1
"1879","PmetTSAr1.1-001778",59.8428875723508,62.4705564449906,79.5330707526101,146.68191192556,131.296370151408,122.271510382665,35.4327928532887,55.565735475602,-0.0168009431438549,6.4379283835023,0.973347220337301,1
"1880","PmetTSAr1.1-001779",20.2773420699701,21.8646947557467,28.4654628971886,17.8983704804474,20.6083598185515,21.5141316534584,26.5484024512813,22.8150701952803,0.0490190040380175,4.49561814220009,0.870223913769988,1
"1881","PmetTSAr1.1-001780",338.735022516973,349.091418991412,337.755484177107,272.235274082781,296.381711878108,381.798091957892,644.725962923027,358.728764993533,0.373813242613196,8.54110443697096,0.401504264372211,1
"1882","PmetTSAr1.1-001781",167.569077372015,90.344323773065,76.3177028506021,62.2206666110226,70.4907855277662,76.0203679581468,80.2319123803917,76.9937852743951,-0.38411515794917,6.45242129848834,0.366096753222643,1
"1883","PmetTSAr1.1-001782",182.361196088245,162.750673481211,159.538989726104,163.124054038515,153.433972217979,178.841520157396,203.083754189281,169.442940681077,0.077892836551285,7.42320670528863,0.847862403660453,1
"1884","PmetTSAr1.1-001783",47.9732239216366,43.1046839470435,58.1603311686745,34.4199432316295,47.8434360451884,33.614063779188,28.3923325347168,32.8072783577294,-0.36438237480677,5.35180159969049,0.258697928781385,1
"1885","PmetTSAr1.1-001784",149.854503590267,136.156065166058,142.70559306265,115.306809825959,140.690286817814,122.271510382665,124.025251861984,130.181771498876,-0.0729976563366701,7.05208800025602,0.854362405847753,1
"1886","PmetTSAr1.1-001785",16.8603176856736,17.2835206164474,11.7266358779116,12.682425236885,15.2924224801972,13.5700173372668,21.3937797180412,18.0029586156306,0.221680425952969,3.9926399655223,0.465784914025366,1
"1887","PmetTSAr1.1-001786",110.333918935048,21.8349468717253,67.4754411200801,106.648870259234,56.6547842361592,84.5016287939386,2.53540386472379,21.9375674954618,-0.887048322871077,5.88341886084008,0.20563465904366,1
"1888","PmetTSAr1.1-001787",29.1795898080058,31.7112443668381,25.5338039277107,30.7131801143771,27.2714867563517,37.5437146331049,41.4465193754021,32.6940522029141,0.246421951110192,5.00364857069946,0.40495400820012,1
"1889","PmetTSAr1.1-001788",96.6208605507001,105.456248855948,82.5120145441764,94.8401820428439,90.2617031628783,114.864542586073,133.202994777266,104.73419320414,0.22368842024849,6.6848207847945,0.569045876010378,1
"1890","PmetTSAr1.1-001789",183.305373878643,185.180578033365,356.574843368272,317.272445957398,241.72950677626,310.951293109579,184.749222109667,217.847121864612,-0.125828333589377,7.96438991054694,0.778548915149017,1
"1891","PmetTSAr1.1-001790",99.6781981577022,65.9213109914758,133.768761687951,99.6060203364541,174.078742566245,110.850079123798,46.4963733539016,53.8673431533727,-0.0504174012520086,6.61587359156247,0.916896838438884,1
"1892","PmetTSAr1.1-001791",302.901227329021,278.23195925238,297.46881575783,205.990121801598,286.769332033413,250.112382047499,313.677651693514,281.08392932895,0.0613047819152864,8.11420157238119,0.884246746527878,1
"1893","PmetTSAr1.1-001792",70.7683734326673,84.1270160125873,271.178454676706,91.1334189255914,70.2359118197629,101.407608726617,89.0953490314509,86.1651038144333,-0.575982819254074,6.75562812250102,0.232955040994971,1
"1894","PmetTSAr1.1-001793",108.805250131547,101.351040860992,106.958267563855,74.9825224861345,101.548967374452,74.1827614437253,84.6322000794991,96.8083623670703,-0.134524988405587,6.5501818238294,0.731470902602863,1
"1895","PmetTSAr1.1-001794",25.4478394935767,22.3406609000895,23.2168476453814,31.2956714613739,22.7201705420073,30.6456224866609,26.0455124285262,29.212347942344,0.0862514044152966,4.72416179354191,0.767768033300898,1
"1896","PmetTSAr1.1-001795",61.5963606116608,50.2144282281639,86.6257940658631,45.2225100304794,82.6883129822092,52.6403589208142,35.1184865890667,47.0171607870479,-0.164042291783725,5.85014388131762,0.669993973556858,1
"1897","PmetTSAr1.1-001796",11.5998985677434,3.30201512637807,40.0502443088352,49.4588107359108,25.5237813300434,33.1900007373984,1.55057757016166,6.62373005669428,-0.642839375033312,4.42366215141114,0.392077002868367,1
"1898","PmetTSAr1.1-001797",8.04799164196152,1.93361246139257,24.3043985534136,26.0002955795848,16.7488436687874,19.7896086168474,1.06864129835466,3.31186502834714,-0.559640365415372,3.66630536951639,0.451033698952849,1
"1899","PmetTSAr1.1-001798",8.09295248912332,2.14184764954254,22.223866381526,27.5889083441215,17.9139806196596,19.0545660110788,1.04768754740653,3.08541271871657,-0.547676296342033,3.66576440264801,0.460162849671365,1
"1900","PmetTSAr1.1-001800",7.05885300440201,4.96789663157782,278.744026210842,17.2099716158148,23.1206863688696,24.9066359877751,3.81358267255975,6.93510198243632,-2.38934462078173,5.51813790413234,0.0135736277076436,1
"1901","PmetTSAr1.1-001801",122.428386821571,125.893045178667,89.2737441028109,82.6872943941377,104.388988692203,102.62325611308,127.587389523167,111.584375570465,0.0863230927119242,6.75984327493124,0.828985912184295,1
"1902","PmetTSAr1.1-001802",32.9113401224348,38.9399801840441,25.4865191056224,29.4158130233388,31.7135713815518,31.889540742577,39.6864042957592,39.5159280305351,0.171862282424103,5.07733296977223,0.566677829668783,1
"1903","PmetTSAr1.1-001803",242.833535520861,60.2097172593624,62.510534800803,98.5734220395052,111.416220927151,46.307684163423,38.6596704993008,75.4935387230925,-0.771595337473562,6.5241457247914,0.140890591007507,1
"1904","PmetTSAr1.1-001804",178.359680690846,135.680099021715,319.88182142771,1.9063353174441,105.954641469938,25.783032940807,218.568576139949,63.9727774706371,-0.617895728301358,7.03670231480027,0.469181311871636,1
"1905","PmetTSAr1.1-001805",33.2710268997292,31.4435134106453,18.8193591911646,21.7904717535624,19.4432228676793,28.8645577111446,36.8995554196578,32.4392933545797,0.16010245383244,4.80422772119491,0.6241386781057,1
"1906","PmetTSAr1.1-001806",150.304112061885,135.799090557801,293.402321058232,130.981122436055,211.690819761587,154.754739383747,122.830888057941,127.520956860717,-0.203955896793053,7.37465522664767,0.650336466891621,1
"1907","PmetTSAr1.1-001807",82.6829979305433,73.9532396772603,118.637618619678,83.2697857411345,97.2525248681113,111.924372162999,97.2463581502737,76.0313629584651,0.0932630105140049,6.53423186978081,0.814285608397359,1
"1908","PmetTSAr1.1-001808",55.5266462448183,32.2467062792237,52.7225766285139,42.1776688984507,54.0332260966968,47.7777693749603,29.6076500897084,30.2879964130892,-0.175805710192175,5.429507805866,0.604726236702639,1
"1909","PmetTSAr1.1-001809",128.812827118546,103.849863118792,179.824178402007,181.631392745368,127.618906650217,203.889510492434,132.93059601494,128.596605331462,-0.0026126958600374,7.21388230149046,0.995230598678814,1
"1910","PmetTSAr1.1-001810",55.0770377732004,42.6882135707436,71.6365054638552,75.1149068831792,65.7938271945628,73.6456149241251,33.7355390264901,61.5667216808122,-0.0590058577827814,5.90601452967452,0.877070390663743,1
"1911","PmetTSAr1.1-001811",171.345788533605,128.332371668424,109.038799735743,130.822261159601,146.625203161319,109.295181303903,113.045486365164,148.241343191914,-0.0610048115626709,7.04604736354569,0.881321241563166,1
"1912","PmetTSAr1.1-001812",57.9095711443935,62.7382874011834,60.3354329847387,46.890553433243,57.4194053601691,53.7711936989198,61.6040277875037,68.8131955889906,0.0845648372763025,5.87642751643593,0.802763644140719,1
"1913","PmetTSAr1.1-001813",61.0568304457193,59.4660201588268,66.3878902120479,50.5178859122686,62.4440584608053,55.7784254300571,62.0440565574144,74.4745033297549,0.101688802217493,5.944413229775,0.769539011885729,1
"1914","PmetTSAr1.1-001814",37.5872682272616,38.4937619237228,42.5563398795179,31.745778411326,39.7967089782275,40.5404267950846,37.0043241743985,36.2889826182994,0.0310791180087758,5.25021576657431,0.917410619344133,1
"1915","PmetTSAr1.1-001815",120.584992087937,100.726335296542,113.152579257429,83.9052308469492,118.334221572955,116.306356928158,96.0939018481265,104.394514739694,0.0567327229788358,6.73800803827002,0.885511080236692,1
"1916","PmetTSAr1.1-001816",462.781999836369,119.794728954275,67.1917321875499,104.107089835975,165.740731261566,97.9020209144896,108.456614907523,129.955319189246,-0.586422239839552,7.29489436893808,0.295701774193701,1
"1917","PmetTSAr1.1-001817",84.1667058868825,46.6744300296144,498.854873032127,148.879492916502,356.022159550877,166.798129770571,45.4696395574432,53.5842777663345,-0.32420721687605,7.45187751280753,0.653453418863384,1
"1918","PmetTSAr1.1-001818",52.7840345679488,47.8940932744928,63.314376776305,53.8539727177958,52.5768049081066,53.7994645683724,47.7326446598413,47.4983719450128,-0.11164504807975,5.71393990688496,0.726199506771341,1
"1919","PmetTSAr1.1-001819",98.4642552843337,71.6626526076107,94.8060682871482,49.0881344241855,101.476146315023,72.4865092765669,63.3641428671466,65.6711697928664,-0.0514154679498258,6.27008663251133,0.899489521180604,1
"1920","PmetTSAr1.1-001820",44.4662778430165,43.1046839470435,55.2286721991966,41.8864232249523,42.0177512908276,51.9618580539508,55.4855325106496,45.5169142357453,0.0786926888040695,5.57046080727197,0.803057369493735,1
"1921","PmetTSAr1.1-001821",36.6430904368639,39.7134251686012,50.6420444566263,40.9067786868213,42.8187829445522,46.8165598135705,49.932788509395,42.1484361299905,0.114312995669886,5.45170424485343,0.707102444877364,1
"1922","PmetTSAr1.1-001822",49.7266969609466,45.1572879445218,50.1219114136544,48.373258680144,55.3075946367133,59.708076283974,48.1517196788039,58.2265501137613,0.195188285026584,5.69789340505647,0.53651872054714,1
"1923","PmetTSAr1.1-001823",89.9666551707543,77.5527336438526,84.0251288510037,95.5550577868854,90.152471573734,97.1952491781736,73.2543133146642,80.1924241479269,-0.0265018953169656,6.42704897497842,0.945025917875144,1
"1924","PmetTSAr1.1-001824",164.601661459336,174.382096133588,199.305525102409,153.168747380751,153.652435396267,129.791561657067,238.160333276451,154.610314400274,-0.0320834165973326,7.41803251494659,0.939231281456773,1
"1925","PmetTSAr1.1-001825",26.9315474499159,34.5670412328948,37.5914335602408,27.4035701882589,31.4951082032633,21.4010481756479,37.3186304386204,27.7121013910415,-0.100781327403949,4.9360560571121,0.74340660710389,1
"1926","PmetTSAr1.1-001826",6.51932283846045,8.18066810589163,7.23457777951804,3.36256368493612,5.57081104635756,3.44904607322198,3.08020138937518,6.45389082447135,-0.447435849529649,2.46738478496916,0.206497409175427,1
"1927","PmetTSAr1.1-001827",17.8494563232331,16.2125967916761,42.4617702353412,19.2486913303036,25.2689076220402,13.5134755983615,13.012279338789,12.9077816489427,-0.56551316552466,4.32904404477227,0.132193802006685,1
"1928","PmetTSAr1.1-001828",20.8168722359117,15.855622183419,47.4739613767066,20.4401509037062,24.9048023248926,13.8809969012458,11.398840515783,10.9829370170828,-0.773703991473611,4.37530742518015,0.0498037992336719,1
"1929","PmetTSAr1.1-001829",2.56276828822238,2.94504051812099,3.30993754618473,2.5417804232588,2.69437919889189,2.94017042307448,3.77167517066349,3.51001079927389,0.19251283242751,1.63165956641923,0.488144894791946,1
"1930","PmetTSAr1.1-001830",129.936848297591,151.44647755307,166.300719284738,152.798071069026,122.011685074145,161.737644138549,216.850368562203,150.420946672109,0.116636486145347,7.29006513213367,0.778971733041373,1
"1931","PmetTSAr1.1-001831",66.0025236335169,56.4614838726629,93.7658022012045,67.9926263221728,64.9563850111234,57.5594902055734,66.4024367546256,58.3680828072804,-0.200646360974498,6.05513597633471,0.595738723534945,1
"1932","PmetTSAr1.1-001832",49.8166186552702,34.4183018127877,101.804221956225,64.8948314313262,64.118942827684,47.8060402444129,26.1293274323187,36.8834199310797,-0.520500038436527,5.73541762857255,0.20310888978731,1
"1933","PmetTSAr1.1-001833",156.958317441831,132.467327547402,191.503529457831,138.579986826422,154.016540693415,156.450991550905,134.355451079413,140.570271203179,-0.0816637967796968,7.23522774240426,0.840664246562344,1
"1934","PmetTSAr1.1-001834",103.904517790911,79.9325643655665,115.516820361847,132.199058888866,131.442012270267,127.303725145234,71.0332157141624,92.8171404098314,-0.0303498562630404,6.73911486135222,0.941912187087238,1
"1935","PmetTSAr1.1-001835",225.253844280599,174.441591901631,257.371286626907,288.174355486966,293.068353674065,272.418098045631,152.689983159027,215.554292229602,-0.0177135517372509,7.87607637826024,0.96780692440844,1
"1936","PmetTSAr1.1-001836",204.661776280496,221.770475379717,180.486165911244,173.661852043276,199.566113366574,211.861895678078,238.642269548258,222.149715747593,0.160153861608323,7.69114827034161,0.696488386434086,1
"1937","PmetTSAr1.1-001837",112.761804681785,102.689695641956,99.9601138947787,99.3147746629557,113.054694764315,128.632456009508,40.2102480694624,114.443335979551,-0.0655093196236784,6.66445778383704,0.881827157168165,1
"1938","PmetTSAr1.1-001838",47.8383413801512,47.1206482899358,53.7155578923693,52.5036518679395,50.3557625955065,46.4207676412336,39.497820537226,45.2904619261147,-0.148114376105975,5.58197488672849,0.631809831468039,1
"1939","PmetTSAr1.1-001839",153.361449668887,112.090026992726,85.0181101148591,57.2430132821408,62.9173953470971,78.0275996892842,254.671889023578,192.597689340803,0.528959318889938,6.96074730241156,0.30484773704168,1
"1940","PmetTSAr1.1-001840",362.294506429754,328.148908640329,349.671259343372,348.832886212861,341.42153713526,394.717879297749,374.045408175078,366.11677159523,0.0880033999356567,8.48469583196471,0.833087607106272,1
"1941","PmetTSAr1.1-001841",35.1593824805246,21.7159553356396,13.1924653626506,54.701232858882,39.1777299730767,36.8652137662415,1.17341005309531,37.9590684018249,-0.11602245698939,4.9095097144665,0.861057437600007,1
"1942","PmetTSAr1.1-001842",30.438493528536,32.335949931288,22.223866381526,31.3486252201918,26.9073814592041,35.0841489907252,36.7319254120728,32.382680277172,0.172045561132714,4.95421427959076,0.562078509685891,1
"1943","PmetTSAr1.1-001843",39.7004280438661,40.1001476608797,15.934985043775,27.2447089118052,21.2637493534171,15.0683734182567,51.6719498380898,33.8546202897708,-0.0129199040616675,4.93905772166832,0.975198526344064,1
"1944","PmetTSAr1.1-001844",7.37357893453458,6.663526020799,7.70742600040158,5.05708396710865,6.84517958637399,6.44575823520174,6.26517153349102,6.51050390187899,-0.0372112646865244,2.73647951028586,0.899288509033531,1
"1945","PmetTSAr1.1-001845",83.3574106379702,81.2117233784878,71.4000813534134,51.1533310180833,72.5297751917925,66.6909810387759,67.6387080605653,71.8419952302995,-0.0428437942303132,6.14537769872448,0.910424032140294,1
"1946","PmetTSAr1.1-001846",42.2631963320885,42.3907347305293,35.2744772779115,49.829487047636,42.4910881771194,66.4365432137021,69.9017131629634,52.2255639085511,0.444651163242721,5.64888581187132,0.17791318553941,1
"1947","PmetTSAr1.1-001847",36.5981295897021,29.5693967172956,62.8888133775098,36.3792323078915,23.8488969631647,32.7659376956088,58.5238263981285,31.1371925742039,-0.176469662551716,5.28621659199576,0.628999973061877,1
"1948","PmetTSAr1.1-001848",166.310173651484,158.76445702234,148.899904756224,153.671808089521,170.728973832487,187.492406209903,178.903125595138,166.329221423656,0.164505973919595,7.37895359334818,0.682594608158493,1
"1949","PmetTSAr1.1-001849",59.3932791007328,56.1045092644058,50.4529051682729,56.3163225028277,60.0773740293462,65.5884171301229,64.1184779012793,62.1894655322963,0.180957842454221,5.89104243703584,0.586782359105087,1
"1950","PmetTSAr1.1-001850",22.8401103581925,27.1895659955816,20.0487645654618,23.9880527445049,24.2130022603123,24.1433225125539,30.0476788596191,28.8443629391943,0.188860962550758,4.65718842155969,0.510878487079811,1
"1951","PmetTSAr1.1-001851",68.0257617557977,64.7908913986617,79.5330707526101,60.5261463288501,74.0590174398122,68.6982127699133,76.9840809834315,69.1528740534364,0.0824328253587898,6.13506069230309,0.824605694984334,1
"1952","PmetTSAr1.1-001852",111.952509432873,112.268514296855,87.6660601518069,113.612289543786,115.676252903777,127.36026688414,111.976845066809,111.1031644125,0.131466041099919,6.80111752696921,0.737074823869326,1
"1953","PmetTSAr1.1-001853",71.9823163060358,20.764023046954,82.3701600779113,102.783245865528,58.2204370138937,33.4444385624722,3.72976766876723,17.2669886093312,-1.30297353373084,5.61049528218887,0.0345930715225822,1
"1954","PmetTSAr1.1-001854",345.703953827051,97.216084982014,425.043265752207,508.435515289986,294.451953803226,168.890174110067,16.9934920189338,81.4096053121913,-1.29297299390588,7.92067503742793,0.0599096005232666,1
"1955","PmetTSAr1.1-001855",145.897949040029,157.098575517141,165.11859873253,147.264403272557,140.58105522867,174.205097567163,167.0013950566,145.920207018201,0.0286452386075382,7.28029049893399,0.943486048549346,1
"1956","PmetTSAr1.1-001856",37.6771899215852,38.4937619237228,32.9102361734938,30.8190876320129,33.1335820404273,28.2708694526392,27.0931999759327,33.3167960543982,-0.199846230138777,5.03437782130805,0.492877420528004,1
"1957","PmetTSAr1.1-001858",100.712297642424,81.7769331748948,139.868503737349,99.658974095272,115.275737076915,124.222200374897,46.1820670896796,99.6673227761563,-0.131149526441331,6.65779105736616,0.763615036124397,1
"1958","PmetTSAr1.1-001859",110.288958087886,90.0468449328507,224.224626342971,133.734717894585,181.834185395488,124.90070124176,66.9891417811732,87.8351895979588,-0.274526344685219,6.99464639091389,0.556941785682079,1
"1959","PmetTSAr1.1-001860",53.1437213452431,48.608042491007,47.8995247755018,31.7193015319171,51.1932047789459,38.080861152705,45.7420383197689,42.3182753622135,-0.032170138749829,5.48844790013235,0.919125927516544,1
"1960","PmetTSAr1.1-001861",56.6506674238632,52.5942589498778,52.4861525180721,59.9701318612622,64.5194586545463,64.7120201770911,61.1011377647485,64.9918128639747,0.203627010428556,5.89946993949552,0.54033675264171,1
"1961","PmetTSAr1.1-001862",35.968677729437,37.3335944468872,28.3236084309236,41.8864232249523,38.9228562650734,34.7166276878409,38.1358267255975,38.4402795597899,0.0653325345330666,5.20091636756727,0.826044930813527,1
"1962","PmetTSAr1.1-001863",22.4804235808981,21.8646947557467,18.2992261481927,22.6906856534666,20.4263071699777,20.3550260059002,23.1119872957879,20.2674817119363,-0.0201890610121187,4.40944210971448,0.944182547455864,1
"1963","PmetTSAr1.1-001864",20.7269505415881,23.5900720289893,19.2449225899598,20.3607202654793,19.333991278535,19.8178794863001,20.6394446839085,21.1732909504586,-0.0519914538283941,4.3697183973872,0.85384012139642,1
"1964","PmetTSAr1.1-001865",16.0510224367613,17.045537544276,14.3745859148594,16.3097577159106,13.9452328807513,15.5772490684042,17.3077982831558,15.2572243613599,-0.0388038269944053,3.98163216606321,0.891873315962439,1
"1965","PmetTSAr1.1-001866",14.792118716231,14.9334377787549,13.8544528718875,15.9390814041854,14.6006224156169,15.6620616767621,15.9038969696311,14.0400431970956,0.0162799258951366,3.90970283153834,0.955163373210298,1
"1966","PmetTSAr1.1-001869",150.124268673238,163.34563116164,136.133002792369,102.889153383163,133.444591404578,118.624568223274,120.81932796692,142.240356986704,-0.100999087466755,7.06080778958899,0.803086561824944,1
"1967","PmetTSAr1.1-001870",58.9886314762767,53.0404772101992,67.0498777212849,87.3472251701122,69.9082170523301,70.3379231981663,42.4522994209124,52.0557246763281,-0.182853929287979,5.9705406553849,0.620797738730705,1
"1968","PmetTSAr1.1-001871",153.361449668887,83.7997892883517,160.957534388754,111.653000467524,139.81643410466,112.518060421504,83.8778650453664,104.168062430064,-0.211034472413197,6.89259230432355,0.615848529437678,1
"1969","PmetTSAr1.1-001872",211.315981660442,174.798566509888,171.312910426104,142.630949375991,169.126910525038,162.38787413596,152.87856691756,174.481504570357,-0.0874350688177056,7.40873841413763,0.830443752965128,1
"1970","PmetTSAr1.1-001873",32.9113401224348,29.1529263409956,26.4795003694778,40.9332555662302,29.7838133066698,36.4976924633572,38.5968092464564,35.1850276088504,0.113113468701827,5.0772611679832,0.706177115735961,1
"1971","PmetTSAr1.1-001874",120.450109546452,127.707666103974,108.424097048594,141.942550511358,115.967537141496,142.796161605281,143.365563987109,125.114901070892,0.0807716381738355,7.00324035060269,0.838978575905138,1
"1972","PmetTSAr1.1-001875",115.594338052978,29.8371276734884,130.837102718473,46.4934002421088,142.692865952126,49.2195837170448,23.9920448356094,25.3343521399204,-0.420009909415589,6.14005303789123,0.484932474755736,1
"1973","PmetTSAr1.1-001876",111.233135878284,109.829187807098,119.677884705622,113.347520749697,129.439433135955,115.656126930747,108.351846152783,103.998223197841,0.0106113777952983,6.8329051882235,0.978463841475675,1
"1974","PmetTSAr1.1-001877",8.00303079479973,7.94268503372023,6.28888133775098,6.72512736987223,16.0570436042071,18.6022320998366,6.28612528443915,6.0009862052102,0.695092398027128,3.25552199412118,0.0706419603926279,1
"1975","PmetTSAr1.1-001878",9.39681705681541,7.49646677339887,6.14702687148592,7.14875744041537,18.6421912139547,17.0473342799414,6.60043154866111,6.6520365953981,0.695334595523475,3.31485823231371,0.0677135500641845,1
"1976","PmetTSAr1.1-001879",56.2460197994071,20.1393174825041,40.6649469959838,156.028250356918,66.7769114968612,90.6364074651613,2.87066387989388,56.4715447141243,-0.333504980388542,5.93767726071449,0.641003197272116,1
"1977","PmetTSAr1.1-001880",50.7158355985061,42.7774572228079,32.6265272409637,98.3086532454158,39.3597826216504,92.9546187602777,47.3554771427749,73.0591763945638,0.170951048981881,5.90011741071308,0.690197545143081,1
"1978","PmetTSAr1.1-001881",9.44177790397721,7.22873581720606,6.28888133775098,18.08370863631,6.80876905665924,16.8777090632256,7.54335034132698,12.3416508748663,0.0839277187275658,3.41264909922954,0.832064728115817,1
"1979","PmetTSAr1.1-001882",36.2834036595696,35.6379650576661,41.5633586156625,66.5628748340897,37.1023297793356,68.330691467029,73.4428970731974,43.6203761425893,0.305268605765092,5.65514463920726,0.403136408710125,1
"1980","PmetTSAr1.1-001883",34.5748914674213,34.9240158411519,35.0853379895581,61.6646521434348,35.6459085907454,65.7863132162914,70.1950656762372,41.9502903590638,0.361178139835108,5.57150836397146,0.316014441207121,1
"1981","PmetTSAr1.1-001884",72.0722380003593,53.5164433545419,180.769874843774,111.891292382205,78.5011020650124,108.927660001019,50.2051872717207,94.9684373513219,-0.330473446659169,6.55311688701277,0.478753790596181,1
"1982","PmetTSAr1.1-001885",15.7362965066287,13.6542787658337,13.4288894730923,15.9126045247764,13.981643410466,16.3405625436255,15.1286081845502,14.6344805098758,0.0328297801219372,3.89870076123887,0.908982269565984,1
"1983","PmetTSAr1.1-001886",210.371803870045,207.729474121604,73.9061769240961,193.996095429346,200.003039723151,253.3352611651,225.483313952832,223.508429605376,0.395363983740068,7.63382343352187,0.38389469595346,1
"1984","PmetTSAr1.1-001888",62.7653426378675,52.118292805535,85.2072494032125,77.7361179446649,69.1435959283203,71.4404871068193,53.955908691436,63.5198728513759,-0.10646741849776,6.0670024076546,0.780108210556542,1
"1985","PmetTSAr1.1-001889",10.1611514585659,11.8694057245482,35.9837496092368,13.0266246692013,44.2023830737129,9.18803257210774,3.72976766876723,23.18305519843,0.176668496111672,4.24453408212178,0.760922582349558,1
"1986","PmetTSAr1.1-001890",55.6165679391419,48.3403115348142,44.0694541863452,31.5869171348723,44.63930943029,38.4483824555893,39.1416067711078,41.92198382036,-0.129586272614819,5.42711836505565,0.678141468961314,1
"1987","PmetTSAr1.1-001891",175.617069013976,187.292677798886,138.166250142168,186.820861109522,178.375185072586,233.913173851137,230.826520444606,192.229704337653,0.28015028176208,7.57345410737684,0.497482014579589,1
"1988","PmetTSAr1.1-001892",26.3470564368126,14.2789843302836,18.5829350807228,148.164617172461,43.7290461874211,78.0275996892842,17.8525958078072,26.1835483010351,-0.323381744427168,5.54613235661856,0.612804689169112,1
"1989","PmetTSAr1.1-001893",41.2740576945289,32.6036808874808,57.9711918803211,36.1144635138021,48.644467698913,41.5016363564744,32.5830827243429,31.4768710386497,-0.122992507780083,5.33348447427218,0.705227319396527,1
"1990","PmetTSAr1.1-001894",33.6307136770236,23.6198199130107,50.5474748124496,25.2324660767253,50.8290994817984,27.5640977163232,14.8771631731727,18.3992501574841,-0.252625478100514,4.93675653483777,0.53049659234284,1
"1991","PmetTSAr1.1-001895",39.4306629608953,29.8668755575098,60.7609963835339,31.7193015319171,57.6378685384576,36.5542342022625,21.0794734538193,25.0512867528822,-0.205259957465702,5.24053088658378,0.58872717588818,1
"1992","PmetTSAr1.1-001896",98.4642552843337,62.3218170248835,80.9989002373491,58.9375335643134,89.9340083954455,54.6193197824989,63.4479578709392,61.3968824485893,-0.158578560607127,6.15613997302259,0.687773544894893,1
"1993","PmetTSAr1.1-001898",380.593571224605,323.894961225266,307.020349819678,283.699762866854,358.898591398343,263.908566340387,278.663933859188,361.616031941322,-0.0362290395821313,8.32122485714173,0.932105436814571,1
"1994","PmetTSAr1.1-001899",342.826459608696,303.220181830376,286.877015610039,274.115132520816,330.31632557226,253.080823340026,259.616974247337,351.963502243319,-0.0144906311677752,8.23030937155389,0.97271223356746,1
"1995","PmetTSAr1.1-001900",94.3728181926103,72.5848370122748,67.8537196967869,68.7604558250322,86.6570607211175,60.0755975868583,67.6177543096171,80.8434745381148,-0.0403709021311527,6.22694683047534,0.916231608208855,1
"1996","PmetTSAr1.1-001901",14.9719621048781,9.25159193066289,19.2922074120481,9.34633843135787,17.0765384362202,10.5450343058344,8.06719411503024,8.69010738207327,-0.251486631255512,3.6085244336168,0.477409451015439,1
"1997","PmetTSAr1.1-001902",63.7095204282653,44.3540950759433,90.2667253666663,42.1776688984507,73.4764489643761,45.8270793827281,34.0288915397639,41.129400736653,-0.306455035161506,5.76588030923102,0.424013770512666,1
"1998","PmetTSAr1.1-001903",68.5203310745774,14.308732214305,149.751031553815,36.4057091873005,114.765989660909,55.2130080410044,1.15245630214718,14.3514151228376,-0.536243260129503,5.82843002545564,0.525445242224432,1
"1999","PmetTSAr1.1-001904",38.2616809346886,40.8438447614153,32.8156665293171,33.4932524523164,41.65364599368,47.5233315498865,50.9804760568015,40.9312549657262,0.316568431536881,5.35332002225837,0.290226925237851,1
"2000","PmetTSAr1.1-001905",22.0308151092802,14.3682279823478,13.6653135835341,223.253047176231,77.9913546490058,69.2353592895134,3.64595266497471,36.9400330084873,-0.54165029917978,5.85105918428689,0.518339449124043,1
"2001","PmetTSAr1.1-001906",5.66506674238632,4.1944516470208,10.6390849698795,11.1202893517572,12.8529169893086,10.1209712640448,2.15823634765744,4.07614157335033,-0.116821820637279,2.93609514896387,0.812890450006539,1
"2002","PmetTSAr1.1-001907",53.0088388037577,45.5440104368003,41.1377952168673,51.6563917268533,50.3557625955065,48.4562702418236,51.8395798456749,50.9517696668791,0.0752519111319368,5.62006383804885,0.80946062020087,1
"2003","PmetTSAr1.1-001908",53.4134864282139,39.4159463283869,55.3705266654616,61.2674989523006,63.7548375305365,45.5726415576544,44.0657382439184,43.3373107555511,-0.0906722883007558,5.66765264492841,0.784120502874786,1
"2004","PmetTSAr1.1-001909",75.5791840789795,72.5550891282534,84.9235404706824,64.8418776725083,84.1811447005142,64.3162280047542,62.2116865649995,61.9913197613696,-0.127491380609296,6.15744194433207,0.735087365489451,1
"2005","PmetTSAr1.1-001910",40.2399582098076,35.1025031452804,31.6808307991967,33.3079142964538,45.9864990297359,41.2471985314006,30.4248463766855,35.2699472249619,0.123749606103184,5.19835882087118,0.682032312325217,1
"2006","PmetTSAr1.1-001911",58.3591796160115,60.4477003315338,53.6209882481926,47.9496286096008,59.0942897270478,52.499004573551,56.8894338241743,57.8019520332039,0.0381948611801154,5.80460819661788,0.906762650805642,1
"2007","PmetTSAr1.1-001912",59.0785531706002,38.6722492278513,34.6124897686746,35.0553883374442,43.9110988359949,35.5364829019675,39.2044680239522,36.4871283892262,-0.109643839541809,5.33540494666856,0.72881188280809,1
"2008","PmetTSAr1.1-001913",11.5998985677434,13.7137745338765,27.708905743775,12.5500408398403,11.6149589790069,10.9408264781714,15.4848219506684,11.2943089428249,-0.408059629096059,3.84934957558968,0.229406563704704,1
"2009","PmetTSAr1.1-001914",72.9264940964335,70.6512245508822,67.7591500526102,54.5953253412462,71.6923330083531,65.899396694102,57.3504163450332,63.8595513158218,-0.0391812368163157,6.03669804949811,0.913896647091027,1
"2010","PmetTSAr1.1-001915",45.5003773277378,44.3243471919219,73.4333287032126,37.9413681930193,50.7198678926541,47.1840811164548,45.5534545612357,48.5740204157581,-0.0668349138831778,5.62078330126715,0.840841867457988,1
"2011","PmetTSAr1.1-001916",28.2803728647698,23.8280551011607,61.848547291566,23.8556683474602,41.1803091073882,27.6206394552285,21.3937797180412,24.2020905917676,-0.268177953100789,4.98038003835456,0.472556397020007,1
"2012","PmetTSAr1.1-001917",32.7314967337877,28.82569961676,76.7905510714857,29.4422899027477,46.0593200891654,35.3951285547043,25.9616974247337,29.2689610197517,-0.29535652536886,5.25176828152975,0.435624319427112,1
"2013","PmetTSAr1.1-001918",224.26470564304,144.247489619885,121.569277589156,120.205032516614,145.714939918451,126.003265150413,161.469604806294,159.252586747701,-0.0427444612525696,7.23264577008807,0.919374231097234,1
"2014","PmetTSAr1.1-001919",177.775189677742,164.952016898797,209.566331495582,150.706397595719,173.751047798812,149.609441143367,174.39806914129,175.726992273325,-0.0618240250524714,7.42725037180975,0.879480746410558,1
"2015","PmetTSAr1.1-001920",96.8456647865091,96.9781019098426,169.13780861004,117.716205852173,96.5243142738162,134.512796855657,136.723224936552,113.197848276583,0.000968327986141332,6.91006518495927,0.998446365030125,1
"2016","PmetTSAr1.1-001921",79.221012699085,68.182150177104,173.677151530521,109.5083732354,109.777747089987,104.941467408197,70.1741119252891,67.8224667343568,-0.287748109961129,6.61414320043537,0.511519118887254,1
"2017","PmetTSAr1.1-001922",97.3851949524506,130.533715086009,48.2305185301203,38.100229469473,74.2046595586712,40.823135489611,50.2470947736169,56.4432381754205,-0.503303057277636,6.06718138635769,0.269213632760818,1
"2018","PmetTSAr1.1-001923",93.1588753192418,58.3950963340555,57.2619195489958,44.3487730099842,66.2307535511398,47.3537063331707,60.1791727230308,56.4149316367167,-0.137068173852205,5.9181637893142,0.70828375077046,1
"2019","PmetTSAr1.1-001924",76.34351848073,72.5848370122748,93.5293780907627,72.4672189422847,80.1395759021763,69.6028805923977,80.3157273841842,68.6999694341753,-0.0759221222039692,6.26243199219498,0.839966363851477,1
"2020","PmetTSAr1.1-001925",101.926240515792,99.536419935685,92.630966471084,94.1782600576202,103.842830746482,85.8869013971179,73.4009895713012,87.4388980561053,-0.147437379733169,6.53001600517369,0.701683502417201,1
"2021","PmetTSAr1.1-001926",70.9482168213144,72.4360975921677,53.2899944935741,86.7117800642975,54.8706682801362,75.5963049163572,78.8699185687632,72.1533671560416,-0.00976900987022101,6.14318898023753,0.980093289234595,1
"2022","PmetTSAr1.1-001927",60.2924960439687,60.2394651433838,86.9567878204816,63.1208805109268,74.241070088386,48.1452906778446,45.7420383197689,44.2148134553695,-0.349872494955707,5.91694126533898,0.331721974409855,1
"2023","PmetTSAr1.1-001928",44.3313953015311,54.8253502514846,27.8507602100401,32.5665616730033,30.1843291335321,23.8606138180275,59.9277277116532,56.4715447141243,0.0951997100692793,5.36885526838708,0.800469099736898,1
"2024","PmetTSAr1.1-001929",39.3857021137335,45.1572879445218,24.3516833755019,27.2447089118052,24.249412790027,19.4220873139631,49.9956497622394,45.5169142357453,0.0321991431742856,5.10786414824398,0.93154526402995,1
"2025","PmetTSAr1.1-001930",24.3687791616936,30.5213290059811,28.7018870076304,38.5238595400161,20.2078439916892,38.6180076723051,53.8511399366954,37.789229169602,0.301225013057825,5.093755385983,0.379084529024765,1
"2026","PmetTSAr1.1-001931",140.637529922099,146.359589385407,141.428902866265,120.972862019473,143.63953972471,125.946723411508,161.239113545864,140.768416974105,0.0571717239979572,7.13119614981451,0.886326770585907,1
"2027","PmetTSAr1.1-001932",80.8396031969096,77.0470196154884,132.208362559036,55.680877397013,81.9236918581994,68.1893371197658,72.7933307938054,72.6062717753027,-0.226385919312056,6.3257032584791,0.577570140885544,1
"2028","PmetTSAr1.1-001933",88.6627906030622,82.0149162470662,89.2737441028109,74.2941236215019,83.8898604627961,100.163690470701,76.0830696926619,94.4872261933569,0.0854369554282105,6.42908327452698,0.823341276875419,1
"2029","PmetTSAr1.1-001934",7.86814825331434,8.65663425023441,5.20133042971886,6.38092793755594,8.48365342353798,5.11702737092769,6.09754152590598,7.10494121465925,-0.0715300510703547,2.79163560835183,0.824005979701044,1
"2030","PmetTSAr1.1-001935",34.1252829958033,33.2283864519307,35.4636165662649,30.5807957173324,33.0971715107125,45.8836211216334,41.6141493829872,31.3353383451306,0.188066122268781,5.15905269001349,0.53049537398677,1
"2031","PmetTSAr1.1-001936",126.339980524647,137.702955135172,129.323988411646,100.347372959905,118.22498998381,100.898733076469,118.346785355041,94.0909346515034,-0.194069932797512,6.85445493401907,0.623705743872541,1
"2032","PmetTSAr1.1-001937",31.2477887774484,31.7112443668381,199.400094746586,73.4733403598246,71.4738698300646,79.4694140313688,37.2767229367242,44.2148134553695,-0.530761192592968,6.15115168062965,0.341301786569548,1
"2033","PmetTSAr1.1-001938",252.949726132266,239.024248112143,233.397881828112,314.624758016503,235.648948313896,247.426649449498,204.739100514183,257.617808743481,-0.13756340770686,7.95559430804529,0.741755507730415,1
"2034","PmetTSAr1.1-001939",156.643591511698,128.659598392659,140.766915357028,188.11822820056,152.52370897511,185.230736653692,137.729004982062,155.119832096943,0.0380133532824604,7.28227158914344,0.926155032048426,1
"2035","PmetTSAr1.1-001940",249.397819206484,33.4961174081235,21.3254547618473,28.5685528822525,86.9119344291208,24.9066359877751,35.809960370355,40.7331091947995,-0.821003140617751,6.02607702266156,0.224271103922738,1
"2036","PmetTSAr1.1-001941",262.57134742489,246.07449662522,227.912842465863,213.403648036103,253.927034230703,259.130789402891,303.619851238411,275.167862739851,0.200846228834859,7.99599255583083,0.628030892818036,1
"2037","PmetTSAr1.1-001942",12.6339980524647,15.3796560390763,19.81234045502,19.0103994156231,16.0934541339218,18.3477942747628,19.7384333931389,14.6910935872835,0.0434166718000396,4.08980028610506,0.885685877500845,1
"2038","PmetTSAr1.1-001943",64.2940114413686,48.5485467229641,111.450325662249,123.355781166278,100.638704131584,165.045335864508,89.2839327899841,77.1919310453218,0.313902317111472,6.60792954070256,0.486459610891015,1
"2039","PmetTSAr1.1-001944",23.1098754411633,18.1462092530687,27.8034753879517,27.2447089118052,23.5576127254467,22.1926325203218,16.6582320037638,16.3045662934013,-0.291236112650956,4.45492756255393,0.332514309133447,1
"2040","PmetTSAr1.1-001945",126.65470645478,78.8318926567739,106.53270416506,57.8255046291376,103.078209622472,71.2708618901034,61.3525827761261,85.2876011146148,-0.204270902660943,6.43296642130051,0.624114234178937,1
"2041","PmetTSAr1.1-001946",64.4738548300158,65.7130758033258,76.1285635622487,65.5302765371408,70.8913013546285,73.1367392739776,79.3518548405702,64.9635063252708,0.0850874839132663,6.13104412706979,0.818374803182571,1
"2042","PmetTSAr1.1-001947",39.3857021137335,43.907876815622,23.83155033253,32.222362240687,29.5653501283813,55.1847371715517,48.0469509240632,36.4305153118186,0.280205215116748,5.27212003837571,0.401518583332204,1
"2043","PmetTSAr1.1-001948",46.1747900351647,39.5051899804512,83.4104261638551,45.6726169804315,66.5948588482874,43.4240554792538,44.3800445081404,44.3280396101848,-0.111716518048235,5.69308214335837,0.755014132981409,1
"2044","PmetTSAr1.1-001949",64.9234633016337,54.1708968030133,66.6715991445781,75.0354762449524,58.5481317813265,53.1492345709617,44.0238307420222,63.5198728513759,-0.250541850964207,5.90838993033779,0.467988290668007,1
"2045","PmetTSAr1.1-001950",39.6105063495425,31.0567909183668,71.4000813534134,49.9089176858628,46.7511201537458,43.876389390496,28.0780262704949,29.5803329454937,-0.372466773829656,5.41213468060859,0.288488251296097,1
"2046","PmetTSAr1.1-001951",58.5390230046587,45.0680442924575,92.1581182502005,60.7114844847127,68.3425642745956,57.8704697695524,40.775999345062,44.2714265327772,-0.279717249751606,5.87074474774094,0.448919340839109,1
"2047","PmetTSAr1.1-001952",82.6829979305433,62.7977831692263,82.0391663232929,67.2512736987223,73.8041437318089,67.934899294692,69.3150081364157,68.7848890502868,-0.0748626133983685,6.16756712429521,0.841112517962083,1
"2048","PmetTSAr1.1-001953",110.738566559504,89.570878788508,126.91246248514,64.0475712902399,112.726999996882,95.5555387499205,66.80055802264,87.0426065142518,-0.111573141170137,6.55800708739597,0.786615988576772,1
"2049","PmetTSAr1.1-001954",65.9126019391933,69.9372753343681,74.0480313903612,83.3227394999524,65.1384376596972,68.1893371197658,81.8663049543459,74.304664097532,-0.0184289130014674,6.18793418055948,0.960885171802392,1
"2050","PmetTSAr1.1-001955",70.0489998780785,62.5895479810763,115.091256963052,41.7540388279075,67.250248383153,55.6370710827939,53.8511399366954,48.9420054189077,-0.358884795387449,6.00987798828606,0.365263318893076,1
"2051","PmetTSAr1.1-001956",140.592569074937,123.810693297167,97.9741513670679,108.793497491358,106.245925707656,85.80208878876,109.462394953034,116.679552537153,-0.17207629494798,6.79739576922587,0.664551540333933,1
"2052","PmetTSAr1.1-001957",173.593830891695,30.4618332379383,809.327014864254,302.789592920704,474.938949599268,177.569331032027,7.1452290733125,19.5881247830446,-0.954366083432064,7.96255620746733,0.32377686496895,1
"2053","PmetTSAr1.1-001958",60.6971436684249,37.3335944468872,137.55154745502,111.679477346933,76.3528808118418,92.8415352824671,49.1574997243142,59.2738920458027,-0.322844390720796,6.28838524387664,0.485529595434098,1
"2054","PmetTSAr1.1-001959",119.14624497876,112.090026992726,66.7188839666664,73.3939097215978,95.7961036795211,71.5252997151772,99.6141320074124,93.4681908000193,-0.0431519960373461,6.51617538411279,0.915292678605728,1
"2055","PmetTSAr1.1-001960",13.5332149957007,24.9882225779962,24.9663860626505,26.5298331677637,17.7319279710858,18.5174194914787,13.4313543577517,12.5964097232007,-0.532708697147847,4.2551976671902,0.0933459520359774,1
"2056","PmetTSAr1.1-001961",171.795397005223,188.690828347893,212.545275287148,216.925072997493,197.199428935115,231.877671250547,211.905283338444,193.078900498768,0.0783736413987936,7.66580398166738,0.848462746502252,1
"2057","PmetTSAr1.1-001962",62.001008236117,61.8458508805407,55.9852293526102,52.0535449179874,60.9512267425003,75.3135962218308,80.1480973765992,73.8800660169747,0.324202998379595,6.02986715929189,0.362904535178237,1
"2058","PmetTSAr1.1-001963",57.0553150483194,57.6811471175413,73.1969045927708,40.7214405309586,59.8225003213429,51.6508784899718,60.4934789872528,49.6496688865033,-0.0447667594599276,5.81607069286945,0.89515470064819,1
"2059","PmetTSAr1.1-001964",204.841619669144,193.718220747514,213.91653512771,136.991374061886,212.564672474741,157.129492417769,184.3720545926,160.186702524927,-0.0693900993944129,7.51585695565719,0.867732326280687,1
"2060","PmetTSAr1.1-001965",137.984839939553,54.2006446870347,93.1983843361442,44.4282036482111,97.1432932789671,45.5443706882018,29.230482572642,53.3578254567039,-0.549914432559367,6.1172543198829,0.25371667657123,1
"2061","PmetTSAr1.1-001966",4.67592810482681,3.42100666246377,3.30993754618473,3.89210127311503,4.00515826862308,5.25838171819089,5.23843773703263,4.3025938829809,0.300739524955916,2.11390339173947,0.287668668196312,1
"2062","PmetTSAr1.1-001967",68.1156834501213,46.1389681172288,24.7772467742971,76.677042768307,82.6883129822092,55.1564663020991,13.8923368786105,45.6867534679683,-0.128350371523256,5.69205493378111,0.789943745068224,1
"2063","PmetTSAr1.1-001968",116.223789913243,91.0285251055577,60.4772874510038,160.105689785895,134.973833652598,112.178809988072,51.6509960871417,109.999209403051,-0.0658952759345328,6.70932199196921,0.885378614130807,1
"2064","PmetTSAr1.1-001969",55.5716070919801,41.0520799495653,316.761023169878,123.752934357413,115.858305552351,152.464798958083,39.4140055334335,55.9054139400479,-0.562707433634331,6.8154619557597,0.360490345830621,1
"2065","PmetTSAr1.1-001970",34.5299306202595,32.6036808874808,29.2220200506023,24.2528215385944,32.0776766786994,25.8678455491649,28.8533150555757,28.7028302456752,-0.0622069648774578,4.88613380829408,0.831038935654166,1
"2066","PmetTSAr1.1-001971",37.3175031442909,33.2878822199736,47.1902524441765,38.7886283341056,39.869530037657,42.0387828760745,38.9739767635227,39.685767262758,0.0365413638119675,5.3111764180079,0.903729676262905,1
"2067","PmetTSAr1.1-001972",295.932296018943,318.123871725109,185.687496340963,196.564352732014,245.734665044883,236.570635579685,330.398744950122,280.093200474316,0.133370075542947,8.02903365638906,0.758017061208578,1
"2068","PmetTSAr1.1-001973",61.5064389173372,67.2302178884185,53.5737034261042,52.3447905914858,62.4440584608053,58.9164919393001,53.8511399366954,60.4627666713632,0.00616438624085799,5.87901963970324,0.985724895845819,1
"2069","PmetTSAr1.1-001974",55.8413721749509,61.0426580119622,49.1762149718874,41.7805157073165,54.9434893395657,52.2445667484772,53.1596661554071,57.3490474139428,0.0668785372046295,5.73479933123384,0.836345193262311,1
"2070","PmetTSAr1.1-001975",47.2538503670478,30.2833459338097,32.531957596787,38.7091976958788,30.9125397278272,24.3412185987224,10.8749967420797,91.5716527068632,0.0839440094134391,5.26179873985145,0.863725624721598,1
"2071","PmetTSAr1.1-001976",57.1002758954812,52.8322420220492,56.4580775734938,89.2270836081474,62.9538058768119,75.2005127440203,66.3395755017812,58.5662285782071,0.0412034194702596,6.02017941465059,0.911040600836053,1
"2072","PmetTSAr1.1-001977",112.267235363005,105.396753087906,103.222766618875,167.731031055672,120.555263885555,143.531204211049,116.670485279191,108.102671309895,0.000612885483175538,6.93369830999818,0.998898087404947,1
"2073","PmetTSAr1.1-001978",134.343011319447,147.906479354521,115.374965895582,102.200754518531,123.468106262735,133.438503816457,132.909642263992,123.416508748663,0.0382066615600558,6.98520682204711,0.923666936781128,1
"2074","PmetTSAr1.1-001979",60.8769870570721,70.2050062905609,85.0181101148591,69.7930541219811,71.7287435380679,74.2958449215358,98.9645657280204,90.2412453877836,0.229784250453943,6.27995191680531,0.548045378917399,1
"2075","PmetTSAr1.1-001980",22.3455410394127,22.0431820598753,21.6091636943774,30.7131801143771,22.8658126608663,24.5108438154382,18.2088095739254,23.494427124172,-0.119588698358938,4.54140934164025,0.683936722139268,1
"2076","PmetTSAr1.1-001981",63.8444029697506,66.6947559760328,54.0938364690761,98.2292226071889,80.9041970261862,78.8474549034107,72.9609608013904,62.2177720710001,0.059998731657862,6.17575483515643,0.877330973204277,1
"2077","PmetTSAr1.1-001982",107.006816245075,14.9929335467977,10.308091215261,17.1834947364058,33.1335820404273,10.8277430003608,2.84971012894575,11.0395500944905,-1.36996098248065,4.69674581848053,0.0515555846467893,1
"2078","PmetTSAr1.1-001983",7.95806994763793,9.90604537913423,7.14000813534134,7.73124878741217,8.37442183439371,8.99013648593927,8.3815003792522,9.93559508504142,0.122926872023156,3.10718388866667,0.669118985068433,1
"2079","PmetTSAr1.1-001984",35.5640301049808,38.7317449958942,30.8297040016063,35.637879684441,37.794129843916,44.7810572129805,40.2731093223068,48.6306334931657,0.284534235129497,5.28898701429861,0.339168828098409,1
"2080","PmetTSAr1.1-001985",16.3657483668938,12.0478930286768,13.9963073381526,16.2038501982748,17.258591084794,17.3300429744678,11.6083780252643,12.7945554941274,0.00859634141798351,3.88351008770149,0.978237215621309,1
"2081","PmetTSAr1.1-001986",68.4304093802539,55.9260219602773,119.110466840562,93.0927080018534,85.0549974136683,110.171578256935,64.6213679240345,84.3251787986849,0.0323340407750906,6.41189970672416,0.9381647626091,1
"2082","PmetTSAr1.1-001987",51.7499350832275,58.008373841777,52.7698614506022,55.177816688243,57.4194053601691,66.210376258081,69.3150081364157,61.0572039841434,0.222439156945552,5.88337434744316,0.504439734735466,1
"2083","PmetTSAr1.1-001988",52.5592303321398,59.2280370866554,55.9379445305219,55.5484929999683,59.4948055539101,65.899396694102,71.8713657520876,59.0191331974683,0.198948340727006,5.90714444097557,0.554579262417213,1
"2084","PmetTSAr1.1-001989",150.843642227826,154.391518071191,120.339872214859,140.698137179138,134.60972835545,100.305044817964,152.794751913768,205.618697144561,0.0673198811978612,7.18005496605877,0.872871485896828,1
"2085","PmetTSAr1.1-001990",54.6274293015824,48.4295551868784,44.5423024072287,38.4444289017893,45.221877905726,44.1308272155698,39.0996992692115,51.6311265957708,-0.0468488090141332,5.51801626365529,0.879816551759757,1
"2086","PmetTSAr1.1-001991",30.7981803058304,26.5648604311317,11.0646483686747,22.5318243770129,27.1986656969222,22.1078199119639,13.4104006068035,25.4192717560319,-0.0465960210242661,4.48843992822698,0.89850594863298,1
"2087","PmetTSAr1.1-001992",631.52005923459,545.159722576618,231.553773766666,513.413168618868,531.120396949135,468.1090563968,286.689220472322,583.992199998546,-0.0394032944902329,8.88876220537423,0.934092710849699,1
"2088","PmetTSAr1.1-001993",84.5263926641769,90.344323773065,91.827124495582,61.558744625799,100.929988369302,85.2084005302546,95.8005493348527,84.1836461051658,0.157585830338432,6.44057165385193,0.684200788750001,1
"2089","PmetTSAr1.1-001994",117.39277193945,113.041959281412,106.107140766265,104.874919338834,105.554125643076,105.167634363818,105.271644763408,104.224675507472,-0.0709907417388642,6.75173795330573,0.85413925476724,1
"2090","PmetTSAr1.1-001995",84.5713535113387,85.6739059817014,63.0779526658632,96.8259479985148,87.3488607856979,92.8415352824671,89.1791640352434,92.4208488679779,0.131901154334976,6.43561659647238,0.731751283356166,1
"2091","PmetTSAr1.1-001996",68.5652919217392,49.4409832436069,230.466222858634,123.461688683914,155.50937241172,95.8382474444469,30.7810601428037,37.5061637825638,-0.562213773945105,6.62907842507277,0.33400871840329,1
"2092","PmetTSAr1.1-001997",64.9684241487955,47.6263623183,26.5740700136545,127.989235062844,13.0713801675971,15.0966442877093,8.94725165485172,94.5155327320607,-1.02132009571981,5.64143446874599,0.115597839997568,1
"2093","PmetTSAr1.1-001998",24.9083093276351,21.0912497711897,40.2393835971886,27.6683389823484,38.4859299084963,27.9316190192075,18.6488383438361,22.2489394212039,-0.0860755284955703,4.791968238886,0.797446946512834,1
"2094","PmetTSAr1.1-001999",29.0447072665204,21.3589807273825,41.7524979040159,25.6031423884506,32.2597293272732,25.698220332449,16.2391569848011,16.672551296551,-0.373865979439971,4.70728492526985,0.269040162326945,1
"2095","PmetTSAr1.1-002000",120.045461921996,71.0081991591393,145.968245786746,105.536841324058,119.171663756394,97.3931452643421,81.8243974524496,89.222209994446,-0.191177618948133,6.6979536473835,0.642136186260579,1
"2096","PmetTSAr1.1-002001",8.99216943235925,5.74134161613485,21.0417458293172,14.4298992778755,14.5278013561874,23.2386546900694,2.05346759291679,3.31186502834714,-0.219282428076064,3.54990408552106,0.713517584636343,1
"2097","PmetTSAr1.1-002002",50.2662271268882,34.9240158411519,120.670865969477,84.3288609174924,83.6713972845076,133.749483380436,13.3475393539591,22.5320048082421,-0.196181133414824,6.08707881716003,0.750416499717932,1
"2098","PmetTSAr1.1-002003",46.0848683408411,37.8690563592729,67.4281562979917,55.0454322911983,44.0567409548539,40.7383228812531,21.7709472351076,44.8092507681498,-0.447624460936975,5.48460736889008,0.19427618781333,1
"2099","PmetTSAr1.1-002004",46.6693593539445,39.772920936644,69.8396822244977,56.2368918646009,44.7121304897195,40.2294472311056,19.424127128917,46.3944169355638,-0.495500110795685,5.50646757917249,0.165191341411206,1
"2100","PmetTSAr1.1-002005",15.3766097293343,15.0226814308192,21.9401574489959,18.9574456568052,15.474475128771,12.3260990813507,5.97181902021719,16.4460989869204,-0.506646844499439,3.92970808977441,0.141784245563883,1
"2101","PmetTSAr1.1-002006",190.633991966016,209.782078119083,210.228319004818,194.181433585209,178.48441666173,219.466759560838,240.004263359887,204.486435596408,0.065924698566809,7.6863087203473,0.872417664533826,1
"2102","PmetTSAr1.1-002007",164.511739765012,155.878912272262,196.326581310843,194.075526067573,162.318141468379,260.120269833733,250.523046335848,206.35466715086,0.306983028385532,7.63540089274084,0.463603789849528,1
"2103","PmetTSAr1.1-002008",38.9810544892773,34.0613272045306,75.5138608751001,44.6400186834826,42.2362144691161,50.0111680617187,40.147386816618,40.4217372690574,-0.160349536788994,5.51739816207574,0.636693139646728,1
"2104","PmetTSAr1.1-002009",83.0426847078376,24.7799873898463,44.0221693642569,87.0824563760227,76.3892913415566,63.2702058350065,20.6813521858048,37.1381787794141,-0.275163493207843,5.77088210382353,0.557580111679887,1
"2105","PmetTSAr1.1-002010",111.727705197064,119.437754346018,118.921327552208,107.284315365048,110.396726095138,171.010489319015,204.005719230999,143.825523154118,0.460305069181306,7.08637142839496,0.263663065656989,1
"2106","PmetTSAr1.1-002011",43.3872175111334,42.2419953104222,30.8297040016063,53.4303426472526,46.6418885646015,65.3905210439545,60.3468027306158,53.0181469922581,0.407525129318377,5.62885952321296,0.215065148186045,1
"2107","PmetTSAr1.1-002012",24.2338966202082,19.9608301783756,24.635392308032,26.2915412530832,26.5068656323418,21.5989442618163,20.555629680116,22.5886178856497,-0.0602445088187125,4.54564766389498,0.833902790726362,1
"2108","PmetTSAr1.1-002013",25.807526270871,19.782342874247,22.9804235349397,24.3852059356391,24.3586443791713,22.5884246926587,20.8280284424417,22.7301505791688,-0.0385157779934838,4.52301134902433,0.892101968525353,1
"2109","PmetTSAr1.1-002014",35.5640301049808,32.1872105111809,44.4950175851404,25.2059891973164,39.3597826216504,27.7902646719443,24.8511486244828,28.1650060103026,-0.193622785510186,5.01130875593297,0.535224755128596,1
"2110","PmetTSAr1.1-002015",22.0757759564419,43.4319106712792,11.3483573012048,15.1182981425081,16.0570436042071,16.849438193773,66.0462229885073,38.5251991759014,0.579751471421232,4.84637359611979,0.230967435250468,1
"2111","PmetTSAr1.1-002016",55.6615287863037,111.465321428276,31.3025522224898,38.3120445047446,42.5274987068342,45.0072241686016,171.380729004759,98.7049004602263,0.595067981701218,6.21686753221124,0.262736431005825,1
"2112","PmetTSAr1.1-002017",27.4261167686957,30.6105726580454,24.0679744429718,29.0451367116135,26.9437919889189,27.2531181523442,28.3294712818724,24.7399148271402,-0.0516919557772373,4.77429614230138,0.856226901753604,1
"2113","PmetTSAr1.1-002018",32.7764575809494,32.2467062792237,23.0749931791164,28.0125384146647,27.3443078157812,27.111763805081,29.5238350859159,28.6462171682676,-0.0440944637438899,4.84071230997236,0.879524629201545,1
"2114","PmetTSAr1.1-002019",82.9078021663522,85.7036538657228,82.1337359674696,80.7809590766936,84.1811447005142,84.8126083579176,92.0288741641892,90.4393911587104,0.0842609559520301,6.4167814418034,0.823193176050058,1
"2115","PmetTSAr1.1-002020",129.037631354355,138.506148003751,118.732188263855,117.477913937493,132.752791339998,127.812600795382,138.776692529468,144.165201618564,0.109575322190521,7.03310275189541,0.781439018205095,1
"2116","PmetTSAr1.1-002021",4.36120217469423,6.06856834037052,4.63391256465862,8.31374013440898,4.8061899223477,5.51281954326464,7.22904407710502,5.46316196983759,-0.0263972860070314,2.55346091480556,0.939559925944314,1
"2117","PmetTSAr1.1-002022",124.541546638176,119.110527621782,69.8869670465861,75.3531987978597,102.641283265895,102.821152199249,100.913264566197,94.3740000385416,0.0433279055409528,6.62595547699656,0.91478927793043,1
"2118","PmetTSAr1.1-002023",52.1545827076836,16.3910840958047,124.831930313253,30.4484113202877,64.8835639516939,27.3096598912495,9.36632667381433,19.7579640152676,-0.883593910632778,5.43159229354404,0.13255659159795,1
"2119","PmetTSAr1.1-002024",27.0664299914013,27.1598181115602,26.9996334124497,34.1551744375401,27.7812341723583,40.0315511449371,42.2008544095348,36.204063002188,0.341639230913272,5.03431789395014,0.253542099616621,1
"2120","PmetTSAr1.1-002025",31.8772406377135,29.7776319054455,28.1817539646585,39.8212266310545,30.4392028415354,46.9296432913811,46.8944946219161,41.8653707429523,0.357450383236711,5.21118835603219,0.245949175102581,1
"2121","PmetTSAr1.1-002026",25.8524871180328,19.0683936577328,43.1237577445781,20.8373040948403,37.648487725057,26.404992068765,15.6734057092016,17.7198932285924,-0.159809086528193,4.69123484752556,0.663829172251072,1
"2122","PmetTSAr1.1-002027",107.950994035473,98.8522186031923,52.8171462726906,75.4591063154955,79.0836705404485,68.0762536419552,77.7593697685123,94.4023065772454,-0.0695426758218468,6.35512725893067,0.863027790401249,1
"2123","PmetTSAr1.1-002028",106.287442690486,57.3241725092842,246.212068614055,235.167642910257,139.088223510365,204.681094837108,76.3973759568838,93.8078692644652,-0.327591465657989,7.17914117692408,0.530092578916144,1
"2124","PmetTSAr1.1-002029",78.1869132143636,40.7248532253296,583.494704570279,204.136740242972,138.505655034929,105.19590523327,26.9884312211921,58.9342135813568,-1.45954929072298,7.27181437238344,0.038315996544315,1
"2125","PmetTSAr1.1-002030",152.68703696146,165.814705535418,139.632079626907,124.361902583818,160.497614982641,119.472694306853,144.81137280253,140.626884280586,-0.042959882693853,7.16538551909269,0.91528280125104,1
"2126","PmetTSAr1.1-002031",45.455416480576,52.7429983699849,30.782419179518,39.2122584046487,42.3454460582604,43.3109720014433,52.8872673930814,50.9800762055829,0.172090577150394,5.48485938486081,0.585466754068107,1
"2127","PmetTSAr1.1-002032",16.4556700612174,8.89461732240581,88.0916235506021,59.8642243436265,29.0191921826599,34.3491063849566,8.02528661313398,13.1625404972771,-1.0354133056624,5.0120959393201,0.0815244663798925,1
"2128","PmetTSAr1.1-002033",8.72240434938847,10.2927678714127,8.84226173052206,6.40740481696488,9.79443249326917,8.93359474703399,10.2254304626877,7.98244391447772,0.109252616625635,3.16373648228679,0.714356951139467,1
"2129","PmetTSAr1.1-002034",71.487746987256,82.8776048836875,74.9937278321282,59.4141173936744,79.8118811347436,69.8007766785662,91.840290405656,76.3993479616148,0.138490297210012,6.24586049670876,0.714557964429147,1
"2130","PmetTSAr1.1-002035",51.7499350832275,44.9788006403932,53.4318489598392,48.5585968360066,54.8706682801362,48.6258954585394,43.0809119493563,49.9327342735415,-0.016113524551914,5.62822751806205,0.959313722856693,1
"2131","PmetTSAr1.1-002036",58.5390230046587,45.6332540888646,118.353909687148,108.793497491358,72.3477225432187,56.4569262969205,21.8128547370039,69.2661002082517,-0.591626297371078,6.10743408980722,0.210654828188624,1
"2132","PmetTSAr1.1-002037",106.961855397913,75.5001296463744,566.283029330118,119.913786843116,184.929080421242,135.587089894858,58.4609651452841,154.129103242309,-0.704302707086402,7.45322034314981,0.251303972206504,1
"2133","PmetTSAr1.1-002038",86.1899440091634,66.6650080920114,174.953841726907,102.200754518531,95.359177322944,110.708724776535,83.2911600188187,87.014299975548,-0.192060295629953,6.65604175806276,0.653322083551338,1
"2134","PmetTSAr1.1-002039",103.63475270794,105.129022131713,103.317336263052,85.8115661643933,105.772588821364,90.184073553919,96.827283131311,93.4115777226117,-0.0430209059403103,6.61573357278294,0.911200755834371,1
"2135","PmetTSAr1.1-002040",93.2038361664036,113.190698701519,58.4440401012046,73.2085715657351,99.9469040670032,68.4437749448395,99.4255482488792,99.0445789246722,0.117907320584964,6.46236468239752,0.771339436558815,1
"2136","PmetTSAr1.1-002041",41.4089402360143,39.9216603567511,30.0731468481927,30.3425038026519,39.1777299730767,25.9243872880701,27.931350013858,34.6755099121816,-0.150741020193043,5.07633791647611,0.622401884260234,1
"2137","PmetTSAr1.1-002042",51.1654440701241,47.3883792461286,94.6169289987948,62.1677128522047,48.2803624017655,62.9874971404801,51.5043198305048,45.0640096164842,-0.296663326203944,5.85672989678999,0.410824517219019,1
"2138","PmetTSAr1.1-002043",123.102799528998,119.021283969718,103.270051440963,76.6240890094891,114.583937012335,69.0940049422502,79.959513618066,94.628758886876,-0.236275919892741,6.60864104534041,0.558735176431107,1
"2139","PmetTSAr1.1-002044",48.1980281574456,54.5576192952918,47.521246198795,73.9764010685946,49.7367835903557,67.9914410335973,61.3944902780224,66.3222201830543,0.130013823316283,5.87729668572487,0.708404235913484,1
"2140","PmetTSAr1.1-002046",100.532454253776,111.048851051976,62.7469589112447,105.536841324058,92.1914612377604,111.330683904493,138.902415035157,151.977806300819,0.380111269157355,6.77289504271191,0.357375587857398,1
"2141","PmetTSAr1.1-002047",219.363973302404,164.148824030218,198.69082241526,164.76562056187,209.906703805564,138.357635101216,124.004298111036,162.50783869864,-0.234804306302571,7.43270200398177,0.575422680626998,1
"2142","PmetTSAr1.1-002048",19.3331642795724,15.8853700674405,17.1643904180722,13.185485945655,18.2416753870924,11.6193273450347,14.3742731504175,14.5495608937644,-0.157036489207058,3.96328477606179,0.597147105782238,1
"2143","PmetTSAr1.1-002049",20.8168722359117,16.9562938922117,17.3062448843373,14.7211449513739,19.7709176351121,15.5207073294989,16.2810644866974,15.2006112839523,-0.0635536719195041,4.09827036744119,0.827502816217488,1
"2144","PmetTSAr1.1-002050",158.352103703846,130.831193926223,253.399361571485,157.458001845001,179.540322023458,170.840864102299,127.335944511789,148.94900665951,-0.159691491401886,7.37407515878988,0.707416410286381,1
"2145","PmetTSAr1.1-002051",159.611007424377,143.622784055436,230.56079250281,151.791949651486,176.299784878845,166.45887933714,131.92481596943,155.685962871019,-0.121099377153734,7.36235923768518,0.770584638754423,1
"2146","PmetTSAr1.1-002052",33.9904004543179,27.3680532997102,31.58626115502,32.222362240687,30.948950257542,38.9855289751895,26.2340961870594,31.0805794967962,0.0238438490067597,4.98237387619989,0.936242237895138,1
"2147","PmetTSAr1.1-002053",30.8431411529922,21.2102413072754,43.3128970329316,21.6580873565177,36.8110455416176,23.1255712122589,15.5267294525647,18.8521547767453,-0.311058694834877,4.72570595178177,0.38195008228723,1
"2148","PmetTSAr1.1-002054",58.4491013103351,55.3608121638702,83.6468502742969,52.3183137120769,58.620952840756,51.1985445787296,55.716023771079,55.25436354986,-0.177687335835125,5.87956440199787,0.605833463536228,1
"2149","PmetTSAr1.1-002056",85.9201789261926,96.026169621157,79.7222100409636,96.6141329632432,88.1134819097078,101.859942637859,105.229737261511,101.563860869312,0.147142362816283,6.56144847272989,0.701561995812589,1
"2150","PmetTSAr1.1-002057",90.5961070310194,89.5411309044865,103.222766618875,103.259829694889,100.602293601869,95.2728300553941,89.9544528203242,93.1568188742773,-0.0287918627670472,6.58136652169478,0.940296004577689,1
"2151","PmetTSAr1.1-002058",108.175798271282,100.012386080028,123.886233871485,78.8216700004317,108.5761996094,95.4424552721099,82.0339349619309,95.7893269737327,-0.105725752518512,6.63147595584926,0.788452476872064,1
"2152","PmetTSAr1.1-002059",19.7827727511903,21.3292328433611,17.7790931052208,21.4197954418372,20.82682299684,25.9809290269754,20.4927684272716,23.5793467402835,0.177750508970882,4.42386304038394,0.53015574422613,1
"2153","PmetTSAr1.1-002060",40.374840751293,30.0751107456598,39.7665353763051,38.0207988312462,40.3428669239488,39.6074881031475,36.4804804006952,36.7701937762644,0.0477210218398697,5.23797047275504,0.87321177055724,1
"2154","PmetTSAr1.1-002061",352.538002595644,374.882834437986,448.49653750803,388.04514461751,353.000085584552,370.885536349174,437.975302317824,422.9279947738,0.0190994490838899,8.62079167270121,0.96405407781334,1
"2155","PmetTSAr1.1-002062",34.7547348560685,40.962836297501,25.8175128602409,31.3751020996008,31.7863924409814,34.3491063849566,45.9306220783021,41.6106118946179,0.209357229706542,5.16560836984716,0.497498855857164,1
"2156","PmetTSAr1.1-002063",27.4710776158575,28.3794813564386,30.8769888236947,60.0495624994891,34.2987189912995,47.0992685080969,29.5238350859159,27.5705686975224,-0.084635414348819,5.15892224723533,0.809845189824228,1
"2157","PmetTSAr1.1-002064",33.765596218509,30.0156149776169,131.026242006827,55.9985999499204,60.9876372722151,48.8237915447079,33.9869840378677,34.618896834774,-0.491110510943258,5.74663037115262,0.281144664813169,1
"2158","PmetTSAr1.1-002065",35.3841867163336,30.9080514982596,128.000013393172,57.4813051968213,61.8250794556544,51.0006484925611,35.9147291250957,35.6096256894077,-0.449471786338386,5.76966338427032,0.3146449715315,1
"2159","PmetTSAr1.1-002066",73.5559459566986,63.5117323857404,52.7225766285139,55.4955392411504,62.2255952825168,52.3576502262878,43.4161719645264,64.623827860825,-0.139951858428791,5.87148195108839,0.684803878590868,1
"2160","PmetTSAr1.1-002067",18.0742605590421,17.2835206164474,35.1799076337348,15.8066970071406,24.4678759683155,21.0617977422162,20.8908896952861,18.7672351606338,-0.0181254879651499,4.42577841948201,0.955410847228467,1
"2161","PmetTSAr1.1-002068",43.6120217469423,41.1413236016295,66.8134536108431,47.3141835037861,38.6315720273553,45.2616619936754,36.9833704234503,32.7223587416179,-0.372406631690569,5.46311618760056,0.239283886735855,1
"2162","PmetTSAr1.1-002069",43.2972958168098,39.5051899804512,67.8064348746985,37.8089837959746,40.4885090428079,41.13411505359,35.0137178343261,29.6369460229013,-0.364803742349592,5.38837561966577,0.258850703154508,1
"2163","PmetTSAr1.1-002070",82.2783503060871,63.9282027620404,108.140388116064,77.6037335476201,87.0575765479798,87.9224039977079,71.6827819935544,72.3232063882645,-0.0573566269953762,6.34733544321691,0.882722660267334,1
"2164","PmetTSAr1.1-002071",45.4104556334142,45.2465315965861,10.8755090803212,25.6560961472685,32.2233187975584,29.0624537973131,37.5281679481017,48.1211157964969,0.207938843361337,5.10156647190348,0.60719351421748,1
"2165","PmetTSAr1.1-002072",60.1126526553216,53.5461912385634,63.0779526658632,80.3043752473326,63.5727848819627,70.2531105898084,73.5476658279381,66.1806874895352,0.0897772955116721,6.05288924999319,0.810062875903654,1
"2166","PmetTSAr1.1-002073",43.2972958168098,46.644682145593,51.2567471437749,54.2511259089299,53.5962997401198,48.0039363305814,48.968915965781,45.40368808093,0.00369548377988123,5.61440612483199,0.990967620740937,1
"2167","PmetTSAr1.1-002074",31.5175538604192,33.5853610601878,37.8751424927709,41.515746913227,35.1725717044536,34.1229394293355,35.809960370355,33.5715549027326,-0.0594496981594508,5.14806675909988,0.83972953943634,1
"2168","PmetTSAr1.1-002075",45.230612244767,48.9055213312212,53.2899944935741,55.9191693116935,54.5429735127034,51.8487745761403,52.4681923741188,48.8570858027963,0.0305737069756865,5.68496614268467,0.922835096208912,1
"2169","PmetTSAr1.1-002076",24.8183876333115,21.6267116835753,24.2098289092369,26.37097189131,21.5186230614204,16.5384586297939,18.0621333172885,22.8716832726879,-0.296944218143953,4.46330061493383,0.299730125251226,1
"2170","PmetTSAr1.1-002077",24.1889357730464,19.3361246139257,27.8034753879517,28.5685528822525,19.7345071053974,19.4503581834158,19.424127128917,25.079593291586,-0.255200429902752,4.52391950380576,0.380882149166418,1
"2171","PmetTSAr1.1-002078",15.4665314236579,16.2125967916761,24.8718164184738,16.3627114747285,21.5186230614204,23.8888846874801,22.315744759759,19.4182855508217,0.258218801978615,4.32680267299969,0.384990935336557,1
"2172","PmetTSAr1.1-002079",198.277335983521,132.169848707187,244.226106086344,216.554396685768,199.711755485433,198.263607471359,245.284608598816,171.622544161271,0.0425561920166962,7.6497853927118,0.920442787713179,1
"2173","PmetTSAr1.1-002080",30.7082586115068,29.7478840214241,30.7351343574296,34.208128196358,30.5848449603944,39.4378628864317,41.2788893678171,33.6281679801402,0.208946163175961,5.08142097415377,0.474086832182069,1
"2174","PmetTSAr1.1-002081",34.5299306202595,30.1941022817455,29.2220200506023,37.3588768460225,31.2766450249748,39.4661337558843,45.7001308178726,39.7706868788695,0.250678337126461,5.17025231057306,0.403169771198536,1
"2175","PmetTSAr1.1-002082",39.8802714325133,41.5577939779295,39.1518326891565,37.5706918812941,41.5808249342505,50.2090641478872,51.4205048267123,44.4412657650001,0.246806474699755,5.43603397279442,0.407612001221056,1
"2176","PmetTSAr1.1-002083",82.4132328475725,70.3834935946894,104.877735391967,63.7563256167415,101.039219958446,98.3826256951844,90.4992503449756,91.1187480876021,0.245599287215921,6.45724309800351,0.529463409070097,1
"2177","PmetTSAr1.1-002084",24.0990140787228,15.498647575162,68.941270604819,22.7171625328755,39.9787616268013,29.7126837947238,7.01950656762372,21.0883713343472,-0.424322094073201,4.84113318064108,0.398646092362928,1
"2178","PmetTSAr1.1-002085",4.04647624456166,5.44386277592061,3.73550094497991,4.20982382602238,3.34976873375749,3.56212955103254,4.23265769152236,4.21767426686944,-0.184051283010791,2.05792229737049,0.518059527027347,1
"2179","PmetTSAr1.1-002086",29.5392765853001,27.6060363718816,50.5474748124496,26.847555720671,34.371540050729,36.4411507244519,38.1358267255975,35.5530126120001,0.103969183918929,5.12667319470633,0.744837384281807,1
"2180","PmetTSAr1.1-002087",158.172260315199,150.464797380363,142.942017173092,146.046466819745,150.411898251654,156.648887637074,140.683483865748,139.041718113172,-0.0264115876576058,7.21054328230423,0.947332002391182,1
"2181","PmetTSAr1.1-002088",81.3791333628512,58.9305582464411,70.9745179546182,101.274063739218,82.1057445067731,84.1058366216016,43.0390044474601,66.4071397991657,-0.181441127302008,6.20133071825836,0.653471844144459,1
"2182","PmetTSAr1.1-002089",13.892901772995,14.6359589385407,4.58662774257026,14.0062692073323,12.3067590435873,19.4786290528684,16.8887232641932,15.7667420580287,0.449776006060905,3.80947072295991,0.214128599738031,1
"2183","PmetTSAr1.1-002090",123.822173083587,101.618771817185,124.642791024899,109.455419476582,116.00394767121,119.670590393022,108.037539888561,121.350131423284,0.0172857510049574,6.85341750228555,0.964963903519665,1
"2184","PmetTSAr1.1-002092",29.0447072665204,29.2719178770813,29.5530138052208,24.3852059356391,22.3924757745745,35.5930246408728,47.4392921465675,36.6286610827453,0.340468617192294,4.99357216031915,0.278092049754049,1
"2185","PmetTSAr1.1-002093",31.7873189433899,25.3154493022319,45.109720272289,34.7111889051279,37.6120771953422,38.8441746279263,32.1640077053803,34.0244595219937,0.0594366340936042,5.12940565077281,0.847670871262244,1
"2186","PmetTSAr1.1-002094",72.2071205418447,82.2231514352162,78.445519844578,53.9069264766136,78.8652073621599,63.4398310517224,71.4941982350213,78.0977402838441,0.0255650431777219,6.1777882440768,0.946699472536943,1
"2187","PmetTSAr1.1-002095",80.1202296423209,86.1796200100656,88.3753324831322,60.1819468965338,87.785787142275,71.5252997151772,78.1155835346305,82.7966257086785,0.02445408733216,6.3118455867514,0.949254942688308,1
"2188","PmetTSAr1.1-002096",82.7729196248669,81.1224797264235,67.3808714759034,61.53226774639,85.7832080079634,76.3313475221258,71.8923195030358,82.3720276281212,0.111685066072009,6.25188452424171,0.767156802879568,1
"2189","PmetTSAr1.1-002097",211.181099118957,130.14699259373,198.832676881525,182.505129765863,217.480093986233,176.240600167753,129.494180859447,153.61958554564,-0.0945238462586081,7.4511294654417,0.823390511516274,1
"2190","PmetTSAr1.1-002098",109.119976061679,118.991536085696,105.728862189558,80.1719908502879,107.81157848539,108.107804786892,112.333058832928,132.502907672589,0.154374314095875,6.77357004014593,0.695922597594313,1
"2191","PmetTSAr1.1-002099",29.3594331966529,32.9011597276951,41.6106434377508,23.0348850857828,40.6705616913816,34.3491063849566,29.3142975764346,40.9312549657262,0.19528931781938,5.09077263572014,0.531590596922697,1
"2192","PmetTSAr1.1-002100",18.7037124193072,34.864520073109,5.81603311686745,14.165130483786,13.9452328807513,16.6515421076045,26.6112637041257,19.2767528573026,0.0557732805640777,4.23502438576583,0.897185787464847,1
"2193","PmetTSAr1.1-002101",12.4991155109794,23.8280551011607,5.67417865060239,13.4502547397445,10.3041799092757,16.0861247185517,22.1062072502777,14.4929478163567,0.182678652226127,3.89570089561597,0.643683551719157,1
"2194","PmetTSAr1.1-002102",96.8007039393473,91.5639870179434,85.2072494032125,113.559335784969,91.6088927623243,88.9401552980029,84.3598013171734,127.152971857567,0.0181780867552225,6.60677825009451,0.963380480678324,1
"2195","PmetTSAr1.1-002103",136.591053677537,132.02110928708,348.252714680722,164.950958717732,155.327319763146,137.848759451069,156.587380835379,148.665941272472,-0.385547067941794,7.43110164454511,0.394594919210063,1
"2196","PmetTSAr1.1-002104",140.41272568629,130.533715086009,343.760656582328,165.401065667684,148.700603355061,133.438503816457,151.64229561162,147.703518956542,-0.423828559842963,7.41147440311577,0.347088938705431,1
"2197","PmetTSAr1.1-002105",74.9047713715525,76.2140788628885,51.0203230333331,61.9294209375242,64.3374060059726,75.4832214385467,87.0837889404304,81.0982333864492,0.22202750006578,6.16141430683941,0.560167602784853,1
"2198","PmetTSAr1.1-002106",54.4475859129352,51.4935872410851,77.4525385807226,71.4346206453358,51.4116679572344,50.5483145813189,43.4790332173708,57.5471931848695,-0.328136425312168,5.84002026786847,0.334093296973023,1
"2199","PmetTSAr1.1-002107",37.6322290744234,33.6746047122521,42.3199157690761,41.7010850690896,33.169992570142,32.7942085650615,30.0476788596191,36.3455956957071,-0.230847324124721,5.17064804422657,0.431056392134505,1
"2200","PmetTSAr1.1-002108",69.8241956422695,40.8438447614153,49.8382024811243,43.978096698259,54.5793840424181,43.1978885236327,37.5281679481017,50.4422519702103,-0.138470006207843,5.60972351410341,0.676859228201344,1
"2201","PmetTSAr1.1-002109",4.58600641050321,5.20587970374922,3.97192505542167,4.36868510247606,3.75028456061979,5.51281954326464,7.31285908089755,5.51977504724523,0.287137394858296,2.35026397391647,0.343945314165654,1
"2202","PmetTSAr1.1-002110",59.0785531706002,71.543661071525,45.5352836710842,74.2146929832751,50.5378152440803,92.5022848490355,102.715287147736,78.8054037514397,0.374305954289366,6.16877068460664,0.35325438524383,1
"2203","PmetTSAr1.1-002111",57.6847669085846,67.3789573085256,43.8330300759035,75.9621670242655,50.1008888875033,88.9966970369082,106.130748552281,83.7307414859046,0.425832991413162,6.16599653465136,0.294269209966168,1
"2204","PmetTSAr1.1-002112",29.3144723494911,31.8599837869452,22.3184360257027,34.6582351463101,24.5042864980303,42.236678962243,48.5707946977665,38.2987468662708,0.378452122920843,5.08936311587123,0.238137847258346,1
"2205","PmetTSAr1.1-002113",3.77671116159088,3.92672069082798,3.59364647871485,4.47459262011184,3.45900032290175,5.37146519600145,6.28612528443915,4.6988854248344,0.330137404728921,2.17616402933881,0.259738881464327,1
"2206","PmetTSAr1.1-002114",205.156345599276,255.207097019797,141.334333222088,194.102002946982,179.722374672032,273.266224129211,310.660311556983,321.760425446341,0.447737049683658,7.87789805326972,0.306366829397572,1
"2207","PmetTSAr1.1-002115",103.679713555102,93.4678515953145,65.1584848377508,71.7788200776521,86.6570607211175,65.3622501745018,86.4132689100902,75.3520060295734,-0.0904309635267914,6.34062795073109,0.816529186883047,1
"2208","PmetTSAr1.1-002116",74.0505152754784,67.9739149889541,65.7731875248994,68.2309182368533,74.386712207245,61.1498906260586,79.1423173310889,68.4452105858409,0.0366460414440107,6.12837565553199,0.921506170971447,1
"2209","PmetTSAr1.1-002117",51.7948959303893,56.3127444525558,38.7735541124497,66.1921985223645,47.1152254508933,61.7718497540167,74.2600933601745,67.9639994278759,0.236780003294629,5.86035515055218,0.499987608392933,1
"2210","PmetTSAr1.1-002118",75.3993406903323,72.0196272158677,94.3332200662647,66.3775366782271,90.2252926331636,76.8967649111786,75.5382721680105,81.7492837766371,0.0743680344208316,6.30605419248208,0.844957881816557,1
"2211","PmetTSAr1.1-002119",46.8941635897535,48.7270340270927,67.4281562979917,25.5237117502238,49.6275520012114,38.2222154999682,48.4241184411296,38.5535057146052,-0.108608617086346,5.50704470051088,0.754328210834627,1
"2212","PmetTSAr1.1-002120",152.552154419975,71.6329047235892,343.807941404416,185.391109621438,265.687635328569,168.098589765393,59.7391439531201,78.43741874829,-0.39747527292055,7.37246482869511,0.480242986467185,1
"2213","PmetTSAr1.1-002121",155.159883555359,164.357059218368,131.735514338152,139.586108243962,142.401581714408,188.96249142144,207.421180635544,194.805599359701,0.312224096876233,7.37175176343073,0.445966575225278,1
"2214","PmetTSAr1.1-002122",56.0661764107599,61.9648424166264,35.7000406767067,54.8865710147446,54.9434893395657,63.6377271378908,73.0447758051829,65.7843959476817,0.303022083903476,5.86602352768338,0.384230873233832,1
"2215","PmetTSAr1.1-002123",43.1174524281626,47.6263623183,60.3827178068271,42.3100532954954,58.620952840756,50.6613980591294,49.2203609771585,45.2055423100033,0.0747696094677308,5.63520586049295,0.815692888803565,1
"2216","PmetTSAr1.1-002124",24.0990140787228,22.0431820598753,21.3727395839357,26.7681250824442,25.742244508332,26.8290551105546,23.0700797938917,24.5134625175096,0.0866431373976576,4.60690749993313,0.758603167824798,1
"2217","PmetTSAr1.1-002125",138.434448411171,116.671201132025,115.185826607228,152.321487239665,131.442012270267,142.089389868965,122.348951786134,140.372125432252,0.0371286397656157,7.0489889410223,0.925977749264484,1
"2218","PmetTSAr1.1-002126",19.0184383494398,3.92672069082798,77.4052537586342,41.3568856367733,38.0125930222045,53.3471306571302,1.94869883817614,8.09567006929301,-0.482770383856892,4.92706931731159,0.537484465231439,1
"2219","PmetTSAr1.1-002127",17.9843388647185,3.68873761865659,73.4333287032126,41.8069925867254,37.2115613684799,53.205776309867,1.94869883817614,8.01075045318155,-0.447823654971926,4.89222248750741,0.56774552700119,1
"2220","PmetTSAr1.1-002128",13.5781758428625,2.61781379388532,55.0395329108432,30.8985182702397,29.3468869500927,38.6462785417578,0.984826294562134,6.82187582762103,-0.430189579258578,4.47744332736821,0.593086072268332,1
"2221","PmetTSAr1.1-002129",15.6463748123051,2.67730956192817,51.9660194751002,32.0105472054155,28.6914974152272,37.0348389829574,0.754335034132698,5.97267966650638,-0.497716606980836,4.45147505480628,0.541756377786142,1
"2222","PmetTSAr1.1-002130",142.615807197218,76.4818098190813,152.635405701204,134.423116759218,121.647579776997,158.712661107116,74.3648621149152,89.9864865394492,-0.186679219884396,6.89372271764482,0.668377530760228,1
"2223","PmetTSAr1.1-002131",30.3935326813742,24.5420043176749,39.9083898425701,26.87403260008,35.9371928284635,34.0946685598829,31.2839501655588,29.0991217875287,0.100215718720669,4.98061186914216,0.739381085529917,1
"2224","PmetTSAr1.1-002132",207.314466263042,179.85570679353,352.981196889557,177.395092039937,216.278546505646,192.354995755757,191.244884903587,189.229211235048,-0.217488523096154,7.7372886692805,0.615735509722923,1
"2225","PmetTSAr1.1-002133",65.8676410920315,71.543661071525,59.8152999417668,52.9802356973006,65.6481850757038,54.7324032603095,67.6596618115134,69.6906982888091,0.0427789937806035,5.98990593372849,0.90290446186441,1
"2226","PmetTSAr1.1-002136",147.606461232177,126.041784598774,412.701927187147,242.36935410949,173.022837204517,276.969708027506,263.996308195496,170.093991071265,-0.0709809303615144,7.82436174648442,0.883328332914897,1
"2227","PmetTSAr1.1-002137",28.7749421835496,26.0888942867889,20.1906190317268,24.914743523818,22.9386337202958,16.3122916741728,15.8619894677348,17.6632801511848,-0.458859797870891,4.43618285743868,0.118182139869431,1
"2228","PmetTSAr1.1-002138",14.9719621048781,15.6176391112477,11.111933190763,9.21395403431314,11.6877800384364,10.7146595225503,22.6719585258772,16.1064205224746,0.266486910008937,3.8156380230363,0.426413057991596,1
"2229","PmetTSAr1.1-002139",96.8007039393473,79.0996236129667,109.464363134538,70.2431610719332,108.758252257974,77.8579744725684,75.2239659037885,73.7102267847518,-0.0836791248698398,6.43373658405663,0.832468853807803,1
"2230","PmetTSAr1.1-002140",88.6178297559004,76.1248352108243,108.944230091566,65.6097071753677,97.3253459275408,80.4588944622112,75.4963646661142,72.2665933108568,-0.0595548556589233,6.37778648881266,0.879055559309375,1
"2231","PmetTSAr1.1-002141",58.6289446989823,66.3972771358186,73.3387590590359,49.352903218275,75.3697965095434,55.5239876049834,62.1278715612069,59.6701835876562,0.0287495246547374,5.96828655661387,0.935452387520233,1
"2232","PmetTSAr1.1-002142",76.4334401750536,80.4085305099093,68.9885554269074,70.0048691572527,74.8964596232516,59.1143880254686,61.3944902780224,67.312949037688,-0.171355084487612,6.12676138968355,0.644079507292787,1
"2233","PmetTSAr1.1-002143",25.3129569520913,28.6769601966528,15.934985043775,27.5094777058947,24.0673601414532,35.4799411630622,45.28105579891,33.4017156705096,0.504126866938194,4.88433157744763,0.118429453419573,1
"2234","PmetTSAr1.1-002144",128.093453563957,130.474219317966,99.8182594285137,81.9194648912783,123.286053614161,101.351066987712,117.864849083234,118.547784091605,0.0664438117373417,6.81672233367265,0.868331550184523,1
"2235","PmetTSAr1.1-002145",30.438493528536,24.1552818253964,55.2759570212849,39.7417959928276,41.8356986422538,47.2123519859075,35.0346715852742,36.7135806988568,0.104378126950168,5.280122648267,0.755832164830026,1
"2236","PmetTSAr1.1-002146",167.434194830529,75.7083648345243,205.0269885751,220.684789873563,139.306686688654,84.6147122717491,37.3814916914648,86.5047822788792,-0.943509067722074,6.9900997355699,0.0565020079435042,1
"2237","PmetTSAr1.1-002147",112.042431127196,109.650700502969,131.971938448594,118.642896631486,112.362894699735,145.905957245071,134.376404830361,146.741096640612,0.191635121761323,6.98328433732397,0.628701188174337,1
"2238","PmetTSAr1.1-002148",31.7423580962281,23.9767945212678,40.7595166401605,28.1449228117094,34.2987189912995,34.0946685598829,28.1408875233393,25.7306436817739,-0.0269849732348721,4.9502407519686,0.929330254192512,1
"2239","PmetTSAr1.1-002149",163.342757738806,131.872369866973,229.662380883132,131.484183144825,165.048931196986,171.915157141499,161.197206043968,155.31797786787,-0.00625108660803218,7.35565218669612,0.988077361942319,1
"2240","PmetTSAr1.1-002150",25.8524871180328,15.1714208509263,44.8732961618472,24.4911134532749,33.8982031644372,13.004599948214,21.3309184651969,20.9468386408281,-0.307281635779377,4.64326895299027,0.417143940562094,1
"2241","PmetTSAr1.1-002151",25.0431918691205,18.3841923252401,48.5615122847388,29.309905505703,37.5392561359127,13.8527260317932,23.76155357518,25.3626586786243,-0.270861406590295,4.79563906516383,0.470343408781658,1
"2242","PmetTSAr1.1-002152",39.1608978779245,45.4845146687574,85.538243157831,41.6216544308628,47.5157412777556,45.4030163409386,54.9826424878944,50.7536238959523,-0.0919651024048693,5.68262183016139,0.794278534276926,1
"2243","PmetTSAr1.1-002153",169.052785328354,166.052688607589,203.513874268272,148.561770363595,148.227266468769,162.698853699939,162.202986089478,155.176445174351,-0.129164455088782,7.36188274852682,0.749668502671314,1
"2244","PmetTSAr1.1-002154",151.832780865386,111.97103545664,107.809394361445,164.977435597141,142.947739660129,156.450991550905,117.445774064271,110.735179409351,-0.0244940574319628,7.05618328321343,0.952656106200299,1
"2245","PmetTSAr1.1-002155",11.5998985677434,15.6771348792905,16.0295546879517,13.8474079308787,12.6708643407348,20.6660055698793,13.5570768634404,12.5964097232007,0.0577597531746477,3.87220131228344,0.850614582263181,1
"2246","PmetTSAr1.1-002156",213.159376394076,31.9492274390095,15.8877002216867,12.5235639604314,59.6040371430544,6.4174873657491,2.17919009860557,6.51050390187899,-1.87252897193867,5.44397910517142,0.0401043025468062,1
"2247","PmetTSAr1.1-002157",83.9868624982354,76.1248352108243,80.4314823722889,51.8152530033069,83.8170394033666,72.005904495872,74.9096596395665,67.1714163441689,0.0272505935019097,6.20631096898028,0.943686082249655,1
"2248","PmetTSAr1.1-002158",77.6024222012603,84.454242736823,77.1215448261041,66.5628748340897,74.7144069746778,84.388545316128,94.4804630251204,80.5321026123728,0.128116798378263,6.32275581221265,0.734353703359087,1
"2249","PmetTSAr1.1-002159",32.3718099564933,37.2740986788444,38.9626934008031,30.5543188379235,33.6797399861486,39.6074881031475,42.3684844171199,38.100601095344,0.144233488023905,5.19685522022144,0.626249795759129,1
"2250","PmetTSAr1.1-002160",170.71633667334,158.199247225933,134.336179553012,142.763333773036,152.268835267107,141.891493782796,138.169033751973,137.258406174831,-0.0894441348062728,7.19976949838984,0.82342286834664,1
"2251","PmetTSAr1.1-002161",55.3468028561712,59.5255159268696,87.807914618072,102.333138915576,54.6157945721329,103.895445238449,78.5346585535931,78.3241925934747,0.0481637783611021,6.27825566204566,0.906638966768111,1
"2252","PmetTSAr1.1-002162",27.0214691442395,25.2559535341891,48.3723729963854,29.2039979880672,42.1633934096866,29.0341829278605,23.8244148280244,23.5510402015797,-0.130987752857017,4.95897557658877,0.6951770972165,1
"2253","PmetTSAr1.1-002163",25.9424088123564,24.2147775934392,45.3934292048191,27.7212927411663,39.8331195079423,29.6278711863659,24.9349636282753,24.2303971304714,-0.0551693297402578,4.92070504787797,0.865928376212444,1
"2254","PmetTSAr1.1-002164",66.3622104108112,63.3927408496547,137.83525638755,63.1473573903357,87.0939870776946,78.7626422950528,75.3915959113735,68.5301302019524,-0.094227535265927,6.32399453298682,0.820179506856338,1
"2255","PmetTSAr1.1-002165",24.1889357730464,22.3704087841109,28.2763236088352,19.6458445214378,26.8709709294894,22.3905286064902,22.4205135144996,24.1171709756561,0.0205502489015101,4.57539383795922,0.944899375211511,1
"2256","PmetTSAr1.1-002166",179.843388647185,184.704611889022,143.320295749799,98.9705752306394,171.457184426783,134.936859897447,162.475384851804,146.910935872835,0.0211369830742336,7.25631022338652,0.960034891121834,1
"2257","PmetTSAr1.1-002167",62.6754209435439,45.4250189007146,26.5740700136545,62.6707735609747,47.0424043914638,33.8402307348091,19.4660346308132,47.0171607870479,-0.421950082659693,5.43116339661676,0.267235194233424,1
"2258","PmetTSAr1.1-002168",200.030809022831,197.317714714106,172.211322045782,161.297149359298,187.259354322986,187.464135340451,220.91539624614,202.080379806583,0.126314320666359,7.57845055674211,0.756917792293556,1
"2259","PmetTSAr1.1-002169",14.3874710917748,12.8510858972552,11.4429269453815,11.9145957340256,12.8529169893086,13.004599948214,13.5151693615442,14.0966562745032,0.0800352407813345,3.70821492035117,0.778536810766561,1
"2260","PmetTSAr1.1-002170",122.248543432924,101.94599854142,89.3210289248993,89.1741298493295,108.794662787689,98.6653343897108,107.136528597791,117.019231001599,0.100113343147919,6.70527379640037,0.797933073736352,1
"2261","PmetTSAr1.1-002171",253.714060534016,153.142106942291,125.683057110843,122.349659748739,143.675950254424,129.084789920751,133.412532286747,144.335040850787,-0.250423202606657,7.2357995655137,0.557894491168665,1
"2262","PmetTSAr1.1-002172",104.713813039823,93.6463388994431,112.206882815662,88.9623148140579,112.690589467168,103.810632630091,87.8381239745631,92.9586731033505,-0.00804666470646309,6.63894083343512,0.98363030261053,1
"2263","PmetTSAr1.1-002173",91.5402848214171,80.6762614661021,105.445153257028,86.1292887173007,103.988472865341,98.5239800424476,86.1408701477645,86.6746215111021,0.0450860458250009,6.53056305183474,0.906967350668327,1
"2264","PmetTSAr1.1-002174",111.772666044225,129.135564537002,83.5995654522085,79.0599619151122,114.219831715187,88.4878213867607,117.948664087027,105.356937055624,0.0780735594375584,6.69711552481246,0.845807682925381,1
"2265","PmetTSAr1.1-002175",64.6986590658248,54.2601404550776,66.1987509236945,68.7075020662143,61.897900515084,55.9763215162256,50.3518635283576,81.8625099314524,-0.0216493640317659,5.97850146431607,0.951884046686152,1
"2266","PmetTSAr1.1-002176",51.1204832229623,44.1756077718148,44.5423024072287,68.0191032015818,52.2126996109591,39.3247794086211,33.40027901132,105.385243594328,0.147788792436157,5.77706697413522,0.713739594493759,1
"2267","PmetTSAr1.1-002177",135.107345721198,116.909184204197,142.232744841767,120.205032516614,127.18198029364,140.873742482501,125.575829432146,120.444322184761,-0.00100950479455581,7.0070263085246,0.998070569554417,1
"2268","PmetTSAr1.1-002178",106.017677607515,110.483641255569,117.455498067469,113.294566990879,110.323905035708,113.450999113441,96.7434681275185,106.800570529519,-0.0657918547965494,6.77321846680907,0.865144895484709,1
"2269","PmetTSAr1.1-002179",66.9916622710764,68.7176120894897,79.3439314642567,60.4467156906233,73.5128594940909,65.2774375661439,68.4978118494386,64.14261670286,-0.0213848675926211,6.09643969818493,0.954087975825169,1
"2270","PmetTSAr1.1-002180",243.957556699906,242.950968802971,310.613996298392,223.358954693867,301.151491270741,235.807322104464,217.269443581165,299.115194483284,0.0451696026870812,8.01866981152965,0.914785561684805,1
"2271","PmetTSAr1.1-002181",37.4523856857763,42.0635080062937,54.5193998678713,54.9924785323804,41.0346669885292,47.0427267691916,51.9443486004155,48.5740204157581,-0.00323692062697563,5.56275743086068,0.992352044567057,1
"2272","PmetTSAr1.1-002182",95.8565261489496,91.117768757622,140.246782314056,75.4591063154955,95.1043036149408,81.1373953290745,97.6025719163919,91.4867330907518,-0.140255980044274,6.58578220703997,0.725935727455186,1
"2273","PmetTSAr1.1-002183",107.861072341149,113.160950817497,83.4577109859435,102.995060900799,98.9274092349901,120.914508648938,186.656013445947,123.699574135701,0.379841343469848,6.87383505851912,0.355356765254674,1
"2274","PmetTSAr1.1-002184",24.2338966202082,20.3475526706541,33.8086477931726,21.9228561506071,31.0581818466862,24.0867807736486,16.4696482452306,18.6540090058185,-0.15212741365941,4.57726031175017,0.633250722777052,1
"2275","PmetTSAr1.1-002185",17.1750436158062,16.4803277478689,14.8001493136546,13.6355928956071,15.765759366489,15.9730412407411,14.4371344032619,16.5876316804395,0.0157142182266639,3.96963085799376,0.957969949439602,1
"2276","PmetTSAr1.1-002186",26.9315474499159,22.5786439722609,24.635392308032,16.6804340276359,28.2545710586501,21.7685694785322,24.2225360960389,24.3153167465829,0.118658979441615,4.56865360076891,0.688079489394901,1
"2277","PmetTSAr1.1-002187",59.348318253571,5.0571402836421,91.4015610967868,120.443324431294,98.9274092349901,103.782361760639,2.32586635524249,9.53930354318792,-0.364596072070049,5.94012321568111,0.676992152844793,1
"2278","PmetTSAr1.1-002188",26.3470564368126,25.0774662300605,147.528644915662,49.1675650624124,49.4454993526377,57.0506145554259,10.7283204854428,35.1567210701466,-0.703231900608237,5.64652579377047,0.214578398324119,1
"2279","PmetTSAr1.1-002189",48.6476366290635,39.4456942124084,260.492084884738,87.9561933965179,87.2396291965536,105.704780883418,18.5650233400436,56.6696904850511,-0.702853610434037,6.46138687817808,0.253954418160246,1
"2280","PmetTSAr1.1-002190",105.253343205765,108.193054185919,90.9759976979916,156.081204115735,98.2720197001245,111.302413035041,111.012972523195,115.745436759927,-0.077886264265114,6.80956575300985,0.846321539595713,1
"2281","PmetTSAr1.1-002191",22.4804235808981,22.1026778279181,16.9752511297188,25.1265585590896,28.1817499992206,19.7330668779422,23.3843860581136,17.1254559158121,0.0275961620829067,4.45628832747679,0.926688809160038,1
"2282","PmetTSAr1.1-002192",13.1735282184063,15.1416729669049,15.8877002216867,13.7150235338339,18.1324437979481,14.8704773320882,14.0390131352474,11.1810827880096,0.00704485808705057,3.86557838598282,0.982302830119236,1
"2283","PmetTSAr1.1-002193",22.1207368036037,18.6519232814329,20.0960493875501,26.1062030972206,19.2247596893908,21.3445064367426,13.0960943425816,19.0219940089682,-0.259781353783776,4.32307743231747,0.383219298466678,1
"2284","PmetTSAr1.1-002194",26.3920172839744,27.1598181115602,33.7140781489959,16.097942680639,27.9996973506468,20.4398386142581,24.8301948735346,22.2772459599077,-0.112578862681798,4.63902487709555,0.718721379302594,1
"2285","PmetTSAr1.1-002195",59.0785531706002,41.736281282058,64.5910669726905,58.5668572525881,66.6676799077169,50.0394389311714,38.5758554955083,37.7326160921943,-0.21470041520735,5.70529430525393,0.531632775074869,1
"2286","PmetTSAr1.1-002196",55.7514504806273,38.0475436634014,60.0517240522086,68.7869327044412,54.3609208641296,84.0210240132437,55.7998387748715,59.0191331974683,0.185619620924446,5.89585947271451,0.605632180824345,1
"2287","PmetTSAr1.1-002197",66.9916622710764,43.6401458594291,41.4215041493974,53.4832964060705,58.5845423110412,61.9414749707325,46.8316333690717,54.2070216178186,0.108298241855138,5.74005669084906,0.745518128255924,1
"2288","PmetTSAr1.1-002198",69.0149003933572,48.2510678827499,43.64389078755,53.0067125767095,58.1112054247494,60.3865771508373,47.3764308937231,56.1601727883823,0.0537195261439384,5.76959600714515,0.87168530663661,1
"2289","PmetTSAr1.1-002199",69.1497829348426,75.2918944582244,74.3790251449796,52.5301287473485,74.095427969527,54.9020284770253,62.4212240744808,57.7736454945001,-0.122847072916098,6.02511570827136,0.73450161124114,1
"2290","PmetTSAr1.1-002200",192.971956018429,209.157372554633,152.209842302409,125.129732086678,172.367447669651,136.322132500626,157.614114631838,153.194987465083,-0.133300006667754,7.34366587477127,0.747979996435914,1
"2291","PmetTSAr1.1-002201",75.4443015374941,75.8868521386529,67.5227259421684,48.9027962683229,62.2620058122315,57.7573862917419,50.8337998001646,52.0557246763281,-0.264403285150313,5.93986846130725,0.451781957389055,1
"2292","PmetTSAr1.1-002202",36.5082078953785,30.164354397724,31.1134129341364,26.7416482030353,32.6966556838502,33.4444385624722,26.5693562022295,27.7970210071529,-0.0471272527441517,4.9395062435819,0.871941222592238,1
"2293","PmetTSAr1.1-002203",114.110630096639,100.280117036221,156.181767357831,90.7097888550483,125.142990629614,85.2084005302546,75.1191971490478,88.0050288301817,-0.304593926852767,6.70587177816789,0.457910350608297,1
"2294","PmetTSAr1.1-002204",36.4632470482167,26.2376337068961,48.1832337080319,52.5036518679395,39.7602984485128,37.8546941970839,30.7601063918556,47.3851457901976,-0.0690712172989197,5.32019642330937,0.834415900648094,1
"2295","PmetTSAr1.1-002205",40.824449222911,27.9630109801387,51.7768801867468,53.74806520016,49.1542151149196,43.1978885236327,36.1452203855251,57.5188866461657,0.0937135258023165,5.49505787901088,0.779478867457687,1
"2296","PmetTSAr1.1-002206",53.0088388037577,48.3403115348142,41.5160737935741,57.4018745585945,58.6937739001855,61.743578884564,54.1235386990211,52.395403140774,0.180249078763476,5.74060183556745,0.575937765970317,1
"2297","PmetTSAr1.1-002207",58.0894145330407,51.2556041689137,40.5703773518071,62.9620192344731,61.897900515084,65.3057084355966,52.4681923741188,53.7258104598536,0.132470713633644,5.80345976311926,0.691273769555462,1
"2298","PmetTSAr1.1-002208",203.987363573069,99.8636466599207,120.529011503212,95.1049508369333,161.771983522658,90.2123444233717,83.2282987659744,87.0426065142518,-0.298940947488106,6.87973254237813,0.49989250187629,1
"2299","PmetTSAr1.1-002209",48.6476366290635,22.3704087841109,23.6424110441766,78.7687162416138,60.113784559061,82.0703340210116,15.4010069468759,37.1381787794141,0.166526819101001,5.52616789633704,0.735908227693799,1
"2300","PmetTSAr1.1-002210",83.2674889436466,61.935094532605,57.1200650827307,63.3591724256073,64.2645849465431,69.9421310258294,54.0606774461767,68.9547282825097,-0.0466667804749702,6.03168903445978,0.897702132301802,1
"2301","PmetTSAr1.1-002211",42.0383920962795,42.3014910784651,77.4998234028109,93.4898611929876,53.559889210405,55.8915089078677,42.4732531718605,49.3666034994651,-0.343268112043582,5.83635087709249,0.359448031944631,1
"2302","PmetTSAr1.1-002212",65.3281109260899,70.6512245508822,143.745859148594,58.143227182045,84.1811447005142,75.2287836134729,73.1704983108717,74.616036023274,-0.137071834557163,6.33418152259396,0.743337158220869,1
"2303","PmetTSAr1.1-002214",53.2336430395667,46.9124131017858,63.7872249971885,44.1104810953037,35.0633401153093,42.9999924374642,49.1994072262104,44.0166676844428,-0.279941503335683,5.56897245795827,0.378443142109212,1
"2304","PmetTSAr1.1-002215",57.0103542011576,57.4431640453699,54.8503936224898,43.5279897483069,57.3101737710248,55.6936128216992,61.0382765119042,53.0464535309619,0.0937150634968093,5.78269495058067,0.772701663366079,1
"2305","PmetTSAr1.1-002216",104.803734734147,103.968854654877,151.406000326907,74.8766149684987,119.717821702115,91.0604705069509,99.8865307697381,96.5252969800321,-0.0953735094985692,6.71880719618408,0.815017138264893,1
"2306","PmetTSAr1.1-002217",294.943157381383,34.864520073109,94.6169289987948,37.5442150018851,122.266558782148,19.3372747056052,18.5231158381474,34.449057602551,-1.24751383306758,6.35891565703816,0.0790622982482456,1
"2307","PmetTSAr1.1-002218",306.453134254803,309.824212083132,280.82455838273,285.81791321957,291.065774539754,280.051232797844,320.194268238382,318.080575414845,0.0319327454262969,8.22449159781812,0.938823574033415,1
"2308","PmetTSAr1.1-002219",93.2487970135654,61.6078678083693,200.298506366264,83.057970705863,140.6538762881,80.5719779400217,60.9544615081116,63.0669682321148,-0.343930271677234,6.61427728902828,0.47037790214449,1
"2309","PmetTSAr1.1-002220",30.9780236944776,26.0591464027675,39.9083898425701,23.1143157240097,32.2597293272732,24.0867807736486,26.0664661794743,23.0132159662071,-0.186841098087976,4.81949257774755,0.541374221614778,1
"2310","PmetTSAr1.1-002221",10.6557207773457,8.80537367034153,12.4831930313253,26.7681250824442,10.3041799092757,19.8461503557527,15.7991282148904,12.9927012650542,0.00444188239346921,3.88553552537724,0.991119214114533,1
"2311","PmetTSAr1.1-002223",55.7964113277891,49.1137565193712,336.715218091163,248.300175097094,101.9130726716,203.465447450644,96.4710693651928,128.624911870166,-0.37911671845353,7.25362886008362,0.520100158244032,1
"2312","PmetTSAr1.1-002224",53.9979774413173,41.6172897459723,85.9638065566262,47.6583829361024,61.0968688613593,44.8093280824331,32.9392964904612,44.2148134553695,-0.324373436061511,5.68880715264664,0.366816435175012,1
"2313","PmetTSAr1.1-002225",52.8289954151106,40.754601109351,89.1791744586342,50.4384552740418,59.3127529053363,44.6962446046226,33.1069264980462,42.6296472879555,-0.375469654360284,5.69106686720549,0.298341438452119,1
"2314","PmetTSAr1.1-002226",50.7607964456679,42.4799783825936,88.8481807040157,47.5259985390577,59.0214686676183,42.8020963512958,36.4176191478508,41.92198382036,-0.349708287803663,5.67998311513749,0.325895944553668,1
"2315","PmetTSAr1.1-002227",53.6382906640229,42.6584656867222,85.1126797590358,50.5973165504954,62.48046899052,41.9256993982639,34.8879953286373,42.2899688235096,-0.353429923764414,5.69333976888541,0.320289415395607,1
"2316","PmetTSAr1.1-002228",275.115423783031,310.151438807368,212.261566354618,196.987982802557,272.642046504087,230.831649080799,279.816390161335,246.606565187695,0.0504307589591845,7.98364312891275,0.905136639841359,1
"2317","PmetTSAr1.1-002229",176.426364262888,164.000084610111,149.089044044578,126.400622298307,157.73041472432,146.386562025766,144.224667775982,134.569284997968,-0.0794343322822414,7.22796285737258,0.844200044715919,1
"2318","PmetTSAr1.1-002230",44.1515519128839,35.3404862174518,68.1847134514054,32.1429316024602,48.6808782286278,38.8724454973789,30.8439213956481,38.6667318694205,-0.194762471080231,5.39770216372159,0.564941271392468,1
"2319","PmetTSAr1.1-002231",64.653698218663,63.1845056615048,82.0391663232929,32.7783767082749,58.7301844299002,37.9395068054418,57.476138850722,51.121608899102,-0.241007519475743,5.80838881604938,0.513798021802922,1
"2320","PmetTSAr1.1-002232",15.6463748123051,14.6359589385407,39.7192505542167,23.3790845180991,15.8385804259185,21.2031520894794,15.6105444563572,14.6344805098758,-0.471764293065477,4.33141170070236,0.180453378726142,1
"2321","PmetTSAr1.1-002233",70.813334279829,62.4408085609692,187.484319580321,103.048014659617,76.3528808118418,99.7678982983637,70.6770019480442,71.4173971497422,-0.413174414360268,6.53601531002828,0.353573113313452,1
"2322","PmetTSAr1.1-002234",73.915632733993,60.2692130274052,207.249375213252,107.098977209186,75.6974912769762,103.443111327207,72.5418857824278,72.238286772153,-0.469400925640472,6.59398370096202,0.306478724977346,1
"2323","PmetTSAr1.1-002235",111.457940114093,93.9140698556359,125.872196399196,122.270229110512,98.0171459921212,116.447711275421,107.534649865806,109.17831978064,-0.0728155441458926,6.78981263362936,0.852576276667971,1
"2324","PmetTSAr1.1-002236",87.0891609523993,101.975746425442,84.5925467160639,94.0988294193934,86.3657764833995,89.562114425961,91.4631228885896,91.3452003972327,-0.0358769896326078,6.50581291064599,0.925121964675838,1
"2325","PmetTSAr1.1-002237",25.6726437293856,24.5717522016963,19.3394922341365,25.0206510414538,21.8827283585679,28.1860568442813,30.0895863615154,27.9951667780797,0.193071480416529,4.66745957692972,0.505188095487567,1
"2326","PmetTSAr1.1-002238",27.2462733800485,27.5167927198173,21.9874422710843,23.1407926034186,25.4873708003287,25.6134077240911,30.4667538785818,28.3914583199332,0.138663482295911,4.71676795698797,0.626603588956139,1
"2327","PmetTSAr1.1-002239",95.766604454626,81.5389501027234,105.066874680321,69.6871466043453,97.5802196355441,80.8546866345481,77.4450635042903,86.1367972757295,-0.0416495744174481,6.43985030314701,0.914493331272594,1
"2328","PmetTSAr1.1-002240",131.510477948254,124.405650977596,137.125984056224,105.695702600512,125.543506456476,114.270854327568,116.90097653962,115.717130221223,-0.0781227126293027,6.92425805930557,0.842761805340227,1
"2329","PmetTSAr1.1-002241",32.7314967337877,19.8120907582685,20.0014797433734,40.059518545735,23.9945390820237,42.4911167873167,24.4739811074164,28.6179106295638,0.0862402413738476,4.86239774049526,0.800845939525484,1
"2330","PmetTSAr1.1-002242",409.098748325184,397.401982642205,385.371300020079,291.616349810129,416.463638877371,272.276743698368,298.674766014652,367.418872375606,-0.130876332324654,8.47104467632076,0.760661899724378,1
"2331","PmetTSAr1.1-002243",93.0239927777564,47.6561102023214,82.6065841883531,62.6972504403837,73.8405542615237,65.6166879995756,53.4530186686809,54.1221020017071,-0.211059496218694,6.05909994027055,0.591453940911319,1
"2332","PmetTSAr1.1-002244",39.1159370307627,35.9354438978803,62.4632499787146,34.5523276286743,26.2519919243386,32.5680416094404,70.5512794423554,33.8546202897708,-0.0750875604655299,5.39138173995518,0.839892232493215,1
"2333","PmetTSAr1.1-002245",116.493554996214,133.924973864451,97.7850120787145,118.695850390304,106.864904712807,140.817200743596,176.451536734207,156.365319799911,0.314173789106891,7.03337784881439,0.440757322612064,1
"2334","PmetTSAr1.1-002246",148.595599869737,146.924799181814,194.766182181927,149.620845539953,151.68626679167,136.633112064605,143.742731504175,133.380410372408,-0.178443184130579,7.23577312424837,0.658507986758938,1
"2335","PmetTSAr1.1-002247",125.980293747353,146.865303413771,108.991514913654,136.302975197253,128.966096249663,110.934891732156,129.326550851861,149.628363588402,0.00193031895641511,7.01891266321515,0.996274348886077,1
"2336","PmetTSAr1.1-002248",279.206860874755,314.226898918303,219.732568244577,302.313009091343,255.492687008438,240.839536867033,283.986186600013,331.328035528233,-0.00498986093800851,8.12130801073683,0.990659729769699,1
"2337","PmetTSAr1.1-002249",100.352610865129,98.1680172706995,118.826757908032,61.0027301582111,97.1068827492523,74.9178040494939,85.5332113702687,80.9850072316339,-0.160242507457081,6.48645360321764,0.688514281627065,1
"2338","PmetTSAr1.1-002250",59.797926725189,51.910057617385,52.5807221622488,54.727709738291,46.6418885646015,60.1604101952162,58.1047513791659,66.9732705732422,0.0824774573916882,5.8182695093867,0.802556347384458,1
"2339","PmetTSAr1.1-002251",61.9110865417934,52.3562758777064,54.0938364690761,65.6361840547766,62.334826871661,80.5154362011164,85.4493963664762,71.4740102271498,0.357409053229201,6.06155742514586,0.337950431962689,1
"2340","PmetTSAr1.1-002252",35.743873493628,22.3109130160681,25.7702280381525,35.5584490462142,31.24023449526,48.343186764013,53.4111111667847,37.7326160921943,0.516375857659532,5.18329724718268,0.110035126146985,1
"2341","PmetTSAr1.1-002253",65.2831500789281,31.3245218745596,59.5788758313251,78.5304243269332,63.9368901791103,72.7692179710933,25.856928669993,41.8936772816561,-0.199331102243243,5.78005127256922,0.625637788495909,1
"2342","PmetTSAr1.1-002254",70.7234125855055,58.9603061304626,74.3790251449796,122.111367834058,81.1954812639043,123.656782985844,88.3619677482663,98.8464331537454,0.265296172014911,6.48942590209686,0.519319226867521,1
"2343","PmetTSAr1.1-002255",95.1371525943608,66.1592940636472,78.9656528875499,70.6932680218853,77.9913546490058,71.8645501486089,65.0823504448933,67.6809340408377,-0.137758254664558,6.21434914623412,0.71505406882952,1
"2344","PmetTSAr1.1-002256",31.7423580962281,36.5898973463516,31.4444066887549,29.2304748674762,39.8331195079423,30.4759972699451,37.4024454424129,29.9766244873472,0.0938118628698695,5.06173519809749,0.750077227968791,1
"2345","PmetTSAr1.1-002257",128.273296952605,140.410012581122,122.514974030923,114.168304011374,141.746192179542,120.773154301675,139.719611322134,117.047537540303,0.0391961091619551,7.00161363880319,0.921253989302439,1
"2346","PmetTSAr1.1-002258",31.6973972490663,34.3885539287663,28.2290387867469,27.0593707559426,31.8956240301256,35.9605459437571,37.737705457583,37.7609226308982,0.240232010195613,5.05122437091218,0.408072552768978,1
"2347","PmetTSAr1.1-002259",67.8009575199887,59.5255159268696,48.5142274626504,63.7033718579236,64.1917638871135,53.3471306571302,50.9804760568015,58.4813089620957,-0.0777800044202446,5.8673633940444,0.818337986388345,1
"2348","PmetTSAr1.1-002260",74.9946930658761,70.6809724349037,75.9867090959837,71.8847275952878,77.7000704112878,72.5430510154722,85.8684713854388,87.2690588238823,0.139698303931161,6.27013152564534,0.707998204903068,1
"2349","PmetTSAr1.1-002261",90.3713027952104,106.348685376591,134.09975544257,93.9399681429397,90.1160610440193,98.7501469980687,108.100401141405,111.329616722131,-0.0569330189404991,6.70309256510218,0.88518877453402,1
"2350","PmetTSAr1.1-002262",12.5890372053029,10.7687340157555,13.9017376939759,10.7760899194409,14.2365171184693,12.0151195173717,12.0903142970713,11.6339874072707,0.0580826942901168,3.62161487240914,0.842308713945577,1
"2351","PmetTSAr1.1-002263",25.9873696595182,25.0774662300605,33.7613629710842,28.1184459323004,28.3273921180796,27.9881607581128,30.5715226333224,28.1650060103026,0.0271251499432269,4.83591272083383,0.926256111002398,1
"2352","PmetTSAr1.1-002264",22.1207368036037,21.9241905237896,29.0801655843372,25.2324660767253,26.7253288106304,26.6877007632914,28.7275925498869,24.9946736754746,0.123703575842358,4.6864152054825,0.665408480589108,1
"2353","PmetTSAr1.1-002265",47.2538503670478,76.809036543317,28.6073173634537,39.6888422340098,38.4859299084963,45.8836211216334,93.3489604739214,60.7458320584014,0.309895543129983,5.75303048050935,0.442252300359996,1
"2354","PmetTSAr1.1-002266",21.7610500263094,26.1483900548318,12.4831930313253,24.8353128855912,16.2026857230661,20.0440464419212,31.6820714335733,25.5324979108472,0.132574510871557,4.48609863295534,0.691421918898258,1
"2355","PmetTSAr1.1-002267",100.847180183909,71.7518962596749,84.5452618939756,78.5304243269332,87.9678397908487,90.0144483372032,89.5772853032579,86.6463149723983,0.0776302556403306,6.4311945061118,0.839291605784271,1
"2356","PmetTSAr1.1-002268",217.925226193226,235.246266841422,169.752511297188,135.985252644346,213.001598831318,150.71200505202,187.976099755679,197.438107459156,-0.0187124945548441,7.55890677811029,0.964753636151664,1
"2357","PmetTSAr1.1-002269",167.164429747558,183.306461340015,155.945343247389,141.757212355496,163.70174159754,137.311612931469,175.047635420682,167.036884891252,-0.0113308685266426,7.33512590498962,0.977817318473859,1
"2358","PmetTSAr1.1-002270",19.8726944455139,20.972258235104,25.4865191056224,20.2018589890256,22.174012596286,20.2702133975423,23.4053398090618,21.1449844117548,0.00821734667706653,4.44300322228636,0.97907970272885,1
"2359","PmetTSAr1.1-002271",45.5902990220614,46.9719088698287,69.603258114056,60.552623208259,41.3987722856767,61.6304954067535,62.0021490555182,57.5188866461657,-0.000838873493602667,5.80015898186635,0.998194265732387,1
"2360","PmetTSAr1.1-002272",25.7625654237092,25.3154493022319,48.6087971068271,26.4239256501279,31.8592135004109,32.0026242203876,36.0404516307845,31.8731625805033,0.0643563937546834,5.01311515087238,0.841081296878444,1
"2361","PmetTSAr1.1-002273",121.349326489688,87.5777705590725,73.0077653044174,40.6949636515497,89.861187336016,55.5805293438887,81.9501199581384,81.9474295475639,-0.0605148755117441,6.30467175565723,0.887773907587784,1
"2362","PmetTSAr1.1-002274",59.9328092666744,53.2784602823706,69.2722643594375,44.5870649246647,63.9004796493955,39.7205715809581,37.2976766876723,47.5266784837167,-0.268969597665687,5.70012653496692,0.428027546626631,1
"2363","PmetTSAr1.1-002275",52.8739562622724,50.0954366920782,25.1082405289156,48.0290592478277,37.1023297793356,56.0611341245835,64.2651541579163,41.8370642042485,0.178156467269611,5.55437907144301,0.61331820283175,1
"2364","PmetTSAr1.1-002276",38.7562502534683,48.2510678827499,83.5522806301202,64.7624470342814,44.4208462520014,54.7041323908569,64.5165991692938,68.1338386600989,-0.021689562272585,5.86910889783882,0.953283849477834,1
"2365","PmetTSAr1.1-002277",91.4503631270935,95.2229767525785,115.800529294377,115.28033294655,110.688010332856,131.883605996562,146.990562901135,114.245190208624,0.270243883345066,6.84877413178548,0.494819208687242,1
"2366","PmetTSAr1.1-002278",87.3589260353701,75.1729029221387,79.7694948630519,59.4141173936744,74.6779964449631,57.8987406390051,64.6842291768789,68.1904517375065,-0.184633738728944,6.14873249793047,0.624282013259335,1
"2367","PmetTSAr1.1-002279",34.2601655372887,30.1941022817455,43.4074666771083,29.2834286262941,37.3207929576241,41.1906567924953,42.3684844171199,35.9493041538536,0.194200329336045,5.20190313095203,0.519659110919157,1
"2368","PmetTSAr1.1-002280",10.5657990830221,10.0547847992413,8.700407264257,13.2384397044729,9.61237984469539,12.9763290787614,15.8200819658385,14.917545896914,0.324816014881828,3.59186811544625,0.283636341577845,1
"2369","PmetTSAr1.1-002281",6.15963606116608,3.71848550267801,6.52530544819275,5.32185276119811,5.78927422464609,4.89086041530658,2.93352513273827,4.01952849594268,-0.301236054823036,2.31286518566682,0.342373154923405,1
"2370","PmetTSAr1.1-002282",98.4642552843337,115.51103365519,114.618408742168,111.917769261614,116.368052968358,113.196561288367,131.296203440986,129.275962260354,0.153997218288569,6.86289585842371,0.693476088831844,1
"2371","PmetTSAr1.1-002283",55.8413721749509,57.1754330891771,93.7185173791161,48.2408742830992,60.5143003859233,39.1268833224527,23.2377098014767,70.7946532982581,-0.396728331244613,5.81059752740186,0.328163950855597,1
"2372","PmetTSAr1.1-002284",145.043692943955,52.3860237617278,143.934998436947,76.8094271653518,112.071610462017,51.5943367510665,13.3475393539591,33.2601829769905,-0.991966939529797,6.29611122983426,0.0796703495391643,1
"2373","PmetTSAr1.1-002285",18.2990647948511,13.535287229748,505.049184725701,108.211006144361,96.997651160108,82.5226679322538,9.1358354133849,42.1484361299905,-1.48280183640778,6.77470416929534,0.0948241231586679,1
"2374","PmetTSAr1.1-002286",2.92245506551675,1.69562938922117,72.6767715497989,14.6946680719649,14.127285529325,11.9585777784664,1.15245630214718,6.11421236002549,-1.46341968756397,3.97030268575621,0.0890570191789456,1
"2375","PmetTSAr1.1-002287",98.0146468127158,102.183981613592,78.9183680654616,67.6219500104476,92.7740297131964,78.3668501227159,92.7203479454775,86.1651038144333,0.0136445431721548,6.44552944577896,0.972232680072415,1
"2376","PmetTSAr1.1-002288",46.3096725766501,45.3357752486503,76.3649876726905,49.8030101682271,63.3543217036742,46.6469345968547,46.6220958595904,53.2162927631848,-0.0536537717112045,5.74174659310404,0.874637023764543,1
"2377","PmetTSAr1.1-002289",118.876479895789,147.638748398328,123.791664227309,119.225387978483,124.742474802752,128.632456009508,141.2282813904,147.165694721169,0.0884938264082691,7.03866752124195,0.823695245280814,1
"2378","PmetTSAr1.1-002290",50.8956789871533,51.9398055014065,40.6176621738954,46.6522615185625,49.2998572337786,55.6088002133413,61.4783052818149,58.9908266587645,0.245528654059518,5.70050550280865,0.440753654849536,1
"2379","PmetTSAr1.1-002291",34.7097740089067,27.6060363718816,45.7244229594376,37.5177381224762,38.8500352056439,39.0137998446421,35.9147291250957,35.722851844223,0.0389128263332818,5.20712365304548,0.89887801155702,1
"2380","PmetTSAr1.1-002292",113.39125654205,101.351040860992,155.756203959036,102.677338347892,119.317305875253,109.493077390072,101.227570830418,107.111942455261,-0.114164475512525,6.83092078981318,0.774486151107152,1
"2381","PmetTSAr1.1-002293",7.05885300440201,6.5445344847133,15.8404153995983,9.63758410485627,12.1247063950135,10.3471382196659,13.1170480935297,7.86921775966244,0.155455924831188,3.37508585593444,0.655253657611828,1
"2382","PmetTSAr1.1-002294",7.73326571182895,5.8008373841777,15.2729975345381,10.246552331262,11.4693168601479,11.4497021283189,12.2998518065526,8.40704199503505,0.162042956194986,3.37753888308325,0.636250676420152,1
"2383","PmetTSAr1.1-002295",4.04647624456166,3.3317630103995,7.89656528875499,4.42163886129395,5.13388468978049,5.59763215162256,6.43280154107606,3.48170426057007,0.0746129072553796,2.35040444330437,0.839328762624457,1
"2384","PmetTSAr1.1-002296",3.82167200875268,3.18302359029238,8.27484386546182,6.14263602287543,6.62671640808546,7.209071710423,5.28034523892889,4.01952849594268,0.112640349426767,2.49228047847693,0.754991714275059,1
"2385","PmetTSAr1.1-002297",12.5890372053029,11.6611705363982,36.1728888975902,15.144775021917,16.8216647282169,17.4996681911837,17.1401682755708,12.0868920265319,-0.248188677374326,4.12406144755582,0.508152460406955,1
"2386","PmetTSAr1.1-002298",16.4556700612174,15.7663785313548,83.8359895626503,24.8353128855912,30.4392028415354,32.1157076981981,22.5043285182922,17.4368278415542,-0.458314965466656,4.9288431366758,0.334809906699359,1
"2387","PmetTSAr1.1-002299",110.064153852077,77.2850026876598,9.83524299437747,18.4279080686263,74.3138911478155,16.849438193773,4.48410270289993,90.6092303909333,-0.211253999755734,5.65188784183139,0.779217242002796,1
"2388","PmetTSAr1.1-002300",136.186406053081,140.291021045036,152.446266412851,137.282619735384,135.483581068604,170.812593232846,224.079412639308,175.01932880573,0.317158733909305,7.31304895888609,0.440672643288833,1
"2389","PmetTSAr1.1-002301",174.493047834931,230.784084238208,97.5013031461844,118.934142304985,145.933403096739,138.866510751364,281.304106478652,168.791890290889,0.241296105230311,7.40640935238806,0.598337508116549,1
"2390","PmetTSAr1.1-002302",238.202568263196,171.258568311339,209.991894894377,317.484260992669,259.789129514779,228.541708655135,189.86193734101,235.142417012647,-0.036852935912752,7.85390462186835,0.931466544541615,1
"2391","PmetTSAr1.1-002303",23.379640524134,24.482508549632,26.905063768273,23.935098985687,29.2012448312337,29.4865168391027,24.7463798697421,27.4856490814109,0.168295611355696,4.71501673749164,0.549714847426109,1
"2392","PmetTSAr1.1-002304",89.8317726292689,64.4339167904046,132.681210779919,96.3758410485627,99.1458724132786,69.6876932007556,54.3330762085024,70.8512663756658,-0.38264771058802,6.40454288620078,0.354012272664854,1
"2393","PmetTSAr1.1-002305",91.4054022799317,82.2528993192376,243.942397153814,112.579691246838,117.678832038089,123.487157769128,86.0780088949201,98.0821566087423,-0.317796780234221,6.90066720325592,0.485110382940105,1
"2394","PmetTSAr1.1-002306",96.4410171620529,91.5342391339219,131.073526828915,72.3613114246489,110.651599803141,81.5897292403167,85.3865351136318,82.4852537829365,-0.120125493319633,6.55446728659268,0.764212988187178,1
"2395","PmetTSAr1.1-002307",52.7840345679488,38.3450225036157,123.791664227309,81.0192509913742,62.8809848173824,80.4588944622112,33.8612615321789,65.0201194026785,-0.28889245660325,6.07292269885722,0.524645897581732,1
"2396","PmetTSAr1.1-002308",26.3470564368126,12.2858761008482,70.1233911570279,210.888344492253,39.723887918798,32.7659376956088,4.63077895953684,39.9122195723886,-1.44985062576098,5.77216846887627,0.0435084449775099,1
"2397","PmetTSAr1.1-002309",81.8737026816309,82.6098739274947,91.0705673421683,110.673355929393,75.0421017421106,92.5870974573934,103.469622181868,93.7795627257614,-0.00532285751581247,6.51497456389204,0.989289156485912,1
"2398","PmetTSAr1.1-002310",105.298304052927,112.893219861304,109.558932778714,93.1456617606713,105.226430875643,99.824440037269,109.16904243976,108.640495545268,0.00675044801179048,6.72151265002804,0.986327471015418,1
"2399","PmetTSAr1.1-002311",65.4180326204135,64.8503871667045,71.2582268871483,78.8216700004317,73.8769647912384,85.0670461829914,77.3612485004978,69.2377936695479,0.124117716056745,6.19575160353015,0.73870626620057,1
"2400","PmetTSAr1.1-002312",7.01389215724021,11.4826832322697,18.0155172156626,10.8555205576678,9.17545348811833,10.9408264781714,10.9797654968204,12.1718116426433,-0.129169714616074,3.50938512519782,0.69330591543193,1
"2401","PmetTSAr1.1-002313",6.69916622710764,8.18066810589163,7.2818626016064,7.44000311391377,5.42516892749854,5.7672573683384,8.92629790390359,7.89752429836626,-0.0780245617219795,2.86150408398742,0.793557656105637,1
"2402","PmetTSAr1.1-002314",5.17049742360657,6.69327390482042,8.51126797590358,6.61921985223645,4.51490568462965,5.45627780435937,6.49566279392046,6.19913197613696,-0.249230726885885,2.64787943231496,0.399650281453054,1
"2403","PmetTSAr1.1-002315",23.9641315372374,25.1667098821248,26.243076259036,18.2160930333547,17.7319279710858,18.9414825332683,23.6358310694912,30.5427552614236,-0.0418967857191698,4.53075954053012,0.890440848859166,1
"2404","PmetTSAr1.1-002316",31.7423580962281,23.8578029851821,37.6387183823292,31.6133940142813,34.9905190558798,28.7797451027867,21.0166122009749,20.8902255634204,-0.240659656324462,4.85137931303219,0.439804853742816,1
"2405","PmetTSAr1.1-002317",86.7744350222667,81.8364289429377,109.275223846184,163.388822832605,99.6556198292852,147.319500717703,84.1921713095884,95.902553128548,-0.0473190624575985,6.76298294925742,0.911481343894297,1
"2406","PmetTSAr1.1-002318",46.3995942709737,38.1070394314443,51.6823105425701,40.1654260633708,48.207541342336,38.9007163668315,38.3453642350788,41.92198382036,-0.0751802454410366,5.42697683703506,0.80439881225387,1
"2407","PmetTSAr1.1-002319",42.1732746377649,30.8188078461954,58.9168883220881,66.0068603665019,50.7562784223688,82.9467309740434,59.9277277116532,58.7077612717262,0.350504708367341,5.81630017891429,0.336855928852509,1
"2408","PmetTSAr1.1-002320",119.865618533349,125.595566338453,94.7587834650599,100.585664874585,107.520294247672,120.377362129338,113.716006395504,126.473614928675,0.0866227563930962,6.82877283839941,0.825413856864802,1
"2409","PmetTSAr1.1-002321",38.6663285591448,28.7364559646957,39.7192505542167,54.4629409442015,47.5521518074704,38.1374028916103,23.76155357518,34.0244595219937,-0.172125283773174,5.2551093103369,0.608825039955486,1
"2410","PmetTSAr1.1-002322",46.1298291880029,47.1206482899358,32.2955334863453,42.8925446424922,50.1008888875033,47.9191237222234,52.4891461250669,45.7716730840797,0.220450801772961,5.51274442528784,0.473310210892282,1
"2411","PmetTSAr1.1-002323",91.9898932930351,96.9483540258211,196.042872378313,82.1842336853678,112.945463175171,114.016416502494,82.1596574676197,98.6199808441149,-0.196148765104792,6.77361404189484,0.648959877938758,1
"2412","PmetTSAr1.1-002324",103.454909319293,78.3856743964525,87.1932119309234,142.180842426039,103.697188627623,117.465462575716,60.535386489149,87.5521242109206,-0.155451330155987,6.60908100257944,0.709585430647499,1
"2413","PmetTSAr1.1-002325",73.915632733993,72.7038285483605,83.930559206827,55.2837242058788,80.6857338478977,69.7725058091136,63.9927553955906,63.7463251610065,-0.0389771186416995,6.14075894704848,0.918091334788192,1
"2414","PmetTSAr1.1-002326",111.817626891387,64.0174464141047,88.4226173052206,73.1820946863262,80.0303443130321,55.2130080410044,53.306342412044,57.8868716493154,-0.453344165879262,6.19044845877293,0.248733408621963,1
"2415","PmetTSAr1.1-002327",77.9621089785547,47.0611525218929,66.7661687887548,110.567448411758,76.7533966387041,81.3070205457903,26.6322174550739,40.9312549657262,-0.422609449150998,6.04553489299324,0.349329727454052,1
"2416","PmetTSAr1.1-002328",9.03713027952104,6.81226544090612,9.36239477349394,10.6701824018052,8.33801130467896,13.9375386401511,8.69580664347416,8.97317276911148,0.154936015640709,3.25421827831316,0.61813695949879,1
"2417","PmetTSAr1.1-002329",7.77822655899075,5.86033315222055,8.13298939919676,9.31986155194892,8.01031653724616,13.9940803790564,9.80635544372507,8.54857468855416,0.376872781057979,3.1696219732337,0.22658350111433,1
"2418","PmetTSAr1.1-002330",5.79994928387171,4.96789663157782,8.03841975502005,8.15487885795531,6.44466375951168,8.79224039977079,6.55852404676485,6.39727774706371,0.0648285170453902,2.79825596049899,0.835410292241456,1
"2419","PmetTSAr1.1-002331",5.44026250657734,4.55142625527789,6.5725902702811,7.65181814918534,5.8620952840756,8.56607344414968,6.78901530719428,6.11421236002549,0.174525938822097,2.70231929564812,0.567936377497129,1
"2420","PmetTSAr1.1-002332",27.1113908385631,31.2650261065167,35.2744772779115,45.937385774521,37.3207929576241,32.4832290010824,35.8309141213032,33.656474518844,-0.00361111199620792,5.12618315549597,0.99201681169237,1
"2421","PmetTSAr1.1-002333",31.7873189433899,38.9399801840441,43.502036321285,52.9802356973006,42.9280145336965,38.5614659333999,42.6199294284974,37.7043095534905,-0.0476921825178829,5.36430087250976,0.877914534504744,1
"2422","PmetTSAr1.1-002334",52.06466101336,24.8394831578891,54.9922480887548,46.917030312652,46.1321411485949,58.3510745502473,24.2853973488833,29.0991217875287,-0.179622486800489,5.39693519841313,0.630298608039598,1
"2423","PmetTSAr1.1-002335",64.3839331356922,62.1135818367335,46.0554167140561,61.9029440581153,64.4102270654021,63.8921649629646,59.8020052059645,64.7370540156403,0.10874654500493,5.9301789030066,0.750405267488344,1
"2424","PmetTSAr1.1-002336",91.135637196961,88.0537367034153,109.795356889156,98.8117139541857,108.539789079685,92.1064926766985,82.3272874752047,92.2793161744588,-0.0474580157528563,6.57650328810072,0.902477648233413,1
"2425","PmetTSAr1.1-002337",72.4768856248155,65.3858490790902,82.9848627650599,73.3144790833709,83.7806288736519,77.886245342021,67.4082168001358,74.2480510201244,0.0442577237655152,6.22388747016256,0.905991933573168,1
"2426","PmetTSAr1.1-002338",60.6072219741013,53.7544264267133,95.9881888393571,68.3103488750802,81.2683023233338,84.5016287939386,62.6517153349102,66.1523809508314,0.0802220914479189,6.16411150587337,0.837413479599969,1
"2427","PmetTSAr1.1-002339",56.4708240352161,59.6742553469767,317.517580323292,164.341990491327,122.339379841578,116.786961708853,41.6560568848834,55.5374289368982,-0.830319092248739,6.86822028111312,0.150023733639337,1
"2428","PmetTSAr1.1-002340",40.9143709172346,30.6105726580454,42.6509095236946,85.5997511291218,55.344005166428,66.5778975609653,41.425565624454,55.9337204787517,0.133899909067226,5.71286797261096,0.724186892245891,1
"2429","PmetTSAr1.1-002341",172.694613948459,203.713509778712,116.462516803614,145.596359869793,145.751350448165,168.183402373751,203.712366717725,173.802147641465,0.114997532178627,7.37770969564315,0.783469451011134,1
"2430","PmetTSAr1.1-002342",24.9982310219587,25.7319196785318,33.3830843943774,22.6377318946487,24.9048023248926,21.5706733923637,22.001438495537,21.4563563374969,-0.246822044174965,4.62289581381585,0.392120909814986,1
"2431","PmetTSAr1.1-002343",29.7640808211091,32.3656978153094,27.9453298542168,27.2447089118052,32.4053714461322,34.1229394293355,32.5411752224467,31.9580821966147,0.159350812332563,4.95916345074682,0.574285771732487,1
"2432","PmetTSAr1.1-002344",198.457179372169,209.871321771147,182.755837371485,176.336016863579,192.866575899059,187.520677079356,193.193583741763,190.219940089682,-0.00682097597978422,7.58092910846652,0.986684767871725,1
"2433","PmetTSAr1.1-002345",65.3281109260899,54.1411489189919,46.4809801128512,67.1188893016776,53.9604050372673,75.9355553497889,55.1502724954795,55.4808158594906,0.0453312896461247,5.88907490473446,0.896137569522391,1
"2434","PmetTSAr1.1-002346",10.3409948472131,11.2447001600983,13.1924653626506,12.708902116294,9.72161143383966,16.0295829796464,17.0982607736745,13.5588320391306,0.249423667089362,3.70655694927509,0.409791471618908,1
"2435","PmetTSAr1.1-002347",8.54256096074128,8.53764271414872,9.59881888393571,10.6701824018052,7.93749547781665,13.004599948214,11.9436380404344,11.4075350976402,0.246456003217365,3.36081556563988,0.406378846738938,1
"2436","PmetTSAr1.1-002348",33.9454396071562,30.7890599621739,26.7632093020079,54.701232858882,21.0452861751285,33.4444385624722,32.8135739847724,37.9590684018249,-0.223315793458648,5.0875266195743,0.504200646264708,1
"2437","PmetTSAr1.1-002349",84.5263926641769,76.5115577031028,103.506475551405,74.3206005009109,91.354019054321,83.9362114048858,69.3359618873638,79.3715345255161,-0.0646612542417044,6.37351878199663,0.866270888772286,1
"2438","PmetTSAr1.1-002350",77.2427354239659,80.735757234145,82.322875255823,66.7217361105434,75.87954392555,77.3208279529682,79.6661611047922,80.7302483832995,0.0306387696123704,6.27868928162232,0.934970248921212,1
"2439","PmetTSAr1.1-002351",127.059354079236,120.121955678511,138.544528718875,87.9561933965179,117.53318991923,112.207080857525,130.960943425816,112.43357173158,-0.0015517806918838,6.88764282328303,0.99695692150347,1
"2440","PmetTSAr1.1-002352",33.8555179128326,26.6243561991746,43.9275997200802,31.242717702556,26.6525077512009,33.4727094319248,40.4197855789437,30.3446094904969,-0.0505055348204581,5.06074566692765,0.869160223357838,1
"2441","PmetTSAr1.1-002353",79.221012699085,43.9673725836648,255.669033031726,83.9846614851761,90.5165768708816,75.5114923079993,32.918342739513,44.2148134553695,-0.928524874898988,6.46395048356493,0.0859988862883001,1
"2442","PmetTSAr1.1-002354",97.3402341052888,133.508503488151,87.5242056855418,60.4467156906233,67.9056379180186,64.9381871327122,295.070720851574,126.671760699602,0.550013829818878,6.86736088455406,0.289627418672046,1
"2443","PmetTSAr1.1-002355",38.2167200875268,38.1962830835085,55.0868177329315,26.2915412530832,43.0372461228407,29.9388507503449,32.1430539544322,33.9678464445861,-0.181577106016479,5.21566259037465,0.574780960744573,1
"2444","PmetTSAr1.1-002356",31.4725930132574,34.507545464852,26.3849307253011,30.1306887673803,33.169992570142,36.8369428967889,37.2138616838798,32.1562279675415,0.186068736844466,5.03562765142133,0.521070360758065,1
"2445","PmetTSAr1.1-002357",30.438493528536,33.109394915845,31.3971218666665,41.039163083866,30.0750975443879,52.1314832706667,39.330190529641,28.7877498617867,0.144425642693989,5.16416828650949,0.649628406412433,1
"2446","PmetTSAr1.1-002358",34.3051263844505,30.8485557302168,29.9312923819276,37.5706918812941,35.3546243530274,39.2399668002632,27.4075062401547,34.0810725994013,0.0363628431916658,5.07270522615967,0.902163510199181,1
"2447","PmetTSAr1.1-002359",54.3127033714498,42.3609868465079,51.3513167879516,59.6524093083549,57.5650474790281,58.2097202029841,51.0223835586978,48.0078896416816,0.048617119367274,5.72441316755,0.880455303228198,1
"2448","PmetTSAr1.1-002360",122.518308515895,94.3305402319358,165.449592487148,125.685746554266,118.115758394666,104.54567523586,95.0252605497718,114.783014443997,-0.232124136680363,6.87785840659916,0.565449565646351,1
"2449","PmetTSAr1.1-002361",34.1702438429651,25.0774662300605,32.531957596787,22.3729631005592,20.1714334619744,17.4996681911837,6.05563402400972,31.4768710386497,-0.602179420046252,4.56763488075326,0.136347754617158,1
"2450","PmetTSAr1.1-002362",38.9360936421155,26.9813308074317,34.7543442349396,22.3729631005592,21.4822125317056,18.5456903609313,5.63655900504711,30.8541271871657,-0.6853874810355,4.643096563822,0.100090106854709,1
"2451","PmetTSAr1.1-002363",8.81232604371206,5.71159373211343,9.74067335020077,6.69865049046329,4.33285303605588,4.91913128475922,1.17341005309531,10.1054343172644,-0.592315105870033,2.69626797979945,0.201482922319345,1
"2452","PmetTSAr1.1-002364",124.766350873985,128.748842044723,129.5131277,86.4205343907991,106.755673123662,92.8415352824671,112.102567572498,109.687837477309,-0.155732035662167,6.79974726599313,0.695094304739234,1
"2453","PmetTSAr1.1-002365",32.1470057206843,33.3473779880164,30.8297040016063,21.5521798388819,27.7812341723583,22.2774451286797,25.9407436737856,29.0708152488249,-0.165540459067633,4.80345377746519,0.577050655180146,1
"2454","PmetTSAr1.1-002366",87.4038868825319,67.8549234528684,77.2633992923692,61.5852215052079,73.2943963158024,56.9375310776154,61.331629025178,66.7751248023154,-0.186972971107004,6.1108133069461,0.618121589414352,1
"2455","PmetTSAr1.1-002367",46.7592810482681,65.0288744708331,39.1045478670681,56.4222300204635,42.3818565879751,53.3188597876775,66.1928992451443,59.1323593522836,0.0921982223148013,5.74452853711175,0.785531496733995,1
"2456","PmetTSAr1.1-002368",150.304112061885,163.34563116164,142.752877884738,104.133566715384,125.543506456476,122.101885165949,103.239130921439,228.094088875395,0.0467195104091261,7.15479961700248,0.914363645304687,1
"2457","PmetTSAr1.1-002369",24.27885746737,21.4779722634682,24.2571137313252,27.1917551529873,27.5627709940697,33.1334589984931,26.4645874474888,24.6549952110287,0.201853342592354,4.71102068633197,0.481118964098948,1
"2458","PmetTSAr1.1-002370",76.9280094938333,88.7676859199295,133.579622399598,75.6444444713582,78.0641757084353,83.3425231463804,97.3930344069106,103.460398962468,-0.0493759548380719,6.52676955512716,0.902160948324507,1
"2459","PmetTSAr1.1-002371",39.1159370307627,59.4362722748053,68.0901438072287,29.7335355762461,26.6889182809156,55.4391749966255,112.228290078187,71.1909448401116,0.435807458437562,5.85332739737979,0.326527771414228,1
"2460","PmetTSAr1.1-002372",73.8257110396694,80.9737403063164,8.13298939919676,24.0939602621407,31.4222871438338,20.5246512226161,48.1936271807002,101.309102020978,0.107132674703786,5.6037243782025,0.857487837466338,1
"2461","PmetTSAr1.1-002373",97.0255081751563,70.353745710668,154.337659296385,75.5120600743134,95.0314825555113,71.6101123235351,68.3720893437498,70.5682009886275,-0.378249630579323,6.45772042842075,0.363394558679083,1
"2462","PmetTSAr1.1-002374",109.075015214518,99.2984368635136,103.553760373494,114.724318478962,118.188579454096,126.144619497676,103.092454664802,109.093400164529,0.0975818454699537,6.78735659148644,0.801998883080839,1
"2463","PmetTSAr1.1-002375",26.706743214107,11.2744480441197,98.9671326309233,78.7157624827959,49.9188362389295,56.965801947068,13.4104006068035,18.2294109252612,-0.6387381239393,5.46975588361721,0.272042056891159,1
"2464","PmetTSAr1.1-002376",100.217728323644,38.2855267355728,32.7210968851404,25.3648504737701,70.527196057481,36.0736294215676,29.5657425878121,32.8355848964332,-0.218020195473351,5.5153806496596,0.624058320156613,1
"2465","PmetTSAr1.1-002377",87.6286911183408,21.5672159155325,19.7177708108433,14.2180842426039,55.0163103989952,13.3721212510983,7.66907284701576,11.747213562086,-0.705208667114314,4.85251992602872,0.250645260820109,1
"2466","PmetTSAr1.1-002378",62.7203817907057,69.6695443781752,59.1533124325299,57.5607358350482,71.8743856569269,71.9776336264194,76.8793122286908,74.4745033297549,0.24495549606061,6.08966282365807,0.505227466493499,1
"2467","PmetTSAr1.1-002379",131.195752018121,103.016922366192,83.4104261638551,122.402613507556,118.98961110782,132.731732080141,86.9999739366378,93.043592719462,-0.027424249411188,6.76863950432651,0.946287731958253,1
"2468","PmetTSAr1.1-002380",64.6087373715012,61.0129101279408,71.5892206417668,42.971975280719,68.5246169231694,50.8310232758453,45.3229633008063,48.0928092577931,-0.174732899195034,5.82452300697033,0.61327622261648,1
"2469","PmetTSAr1.1-002381",57.4150018256138,50.8093859085924,56.7417865060239,51.7093454856712,59.4583950241954,59.0861171560159,44.631489519518,51.4895939022517,-0.0134603190441835,5.75422370040255,0.967144817004089,1
"2470","PmetTSAr1.1-002382",44.2864344543693,43.6103979754077,46.4336952907629,41.6216544308628,46.4598359160277,42.1235954844324,39.979756809033,43.4788434490702,-0.0324139162859597,5.44486757000057,0.913305521113033,1
"2471","PmetTSAr1.1-002383",47.2988112142096,45.871237161036,40.5703773518071,47.0229378302877,43.6198145982768,52.2445667484772,60.367756481564,67.2563359602804,0.306131803646262,5.66105575695439,0.340330425099227,1
"2472","PmetTSAr1.1-002384",14.2076277031276,12.8213380132338,10.6390849698795,13.3443472221087,12.9985591081676,16.3688334130781,20.0946471592572,16.5593251417357,0.372428496977925,3.87765604602855,0.203282132598488,1
"2473","PmetTSAr1.1-002385",32.866379275273,30.0156149776169,31.5389763329316,34.3140357139938,41.2895406965325,38.4483824555893,27.4913212439472,32.4392933545797,0.117179374962664,5.07083621800974,0.692170799591549,1
"2474","PmetTSAr1.1-002386",144.773927860984,168.045796837025,159.680844192369,115.703963017093,107.775167955676,103.697549152281,128.593169568677,149.600057049698,-0.264456914690563,7.07458436797765,0.516281133702905,1
"2475","PmetTSAr1.1-002387",26.7966649084306,17.4917558045974,17.6845234610441,71.5670050423805,56.2906789390116,42.547658526222,10.0368467041545,12.3699574135701,-0.140399787590022,4.99602869531493,0.798721043698705,1
"2476","PmetTSAr1.1-002388",29.7191199739473,16.6885629360189,17.3062448843373,77.2595341153039,59.1671107864773,44.4135359100962,8.52817663588911,13.0493143424618,-0.17261305811241,5.05874391597659,0.765468561716611,1
"2477","PmetTSAr1.1-002389",24.054053231561,28.1117504002458,15.7458457554216,19.2222144508947,19.2975807488203,14.8139355931829,21.1423347066637,19.8994967087867,-0.213741774865771,4.34684156846184,0.48392354282464,1
"2478","PmetTSAr1.1-002390",378.435450560839,129.343799725152,185.734781163052,122.429090386965,155.290909233431,110.510828690367,124.611956888532,121.718116426433,-0.671854868266897,7.37545170195794,0.152862446206848,1
"2479","PmetTSAr1.1-002391",68.4753702274157,59.1090455505697,54.755823978313,69.0781783779396,63.5363743522479,70.7619862399559,66.6957892678994,62.6989832289651,0.0687233314612588,6.01016550111326,0.844500191763879,1
"2480","PmetTSAr1.1-002392",122.563269363057,98.7927228351494,104.263032704819,107.469653520911,113.673673769466,112.320164335336,95.4233818177863,110.706872870647,-0.00321438162167711,6.75769609631901,0.99360234798338,1
"2481","PmetTSAr1.1-002393",37.9919158517178,34.4777975808305,30.9715584678714,35.2407264933069,33.2428136295716,42.2084080927903,49.8489735056025,38.9497972564587,0.244349090342216,5.24542292007668,0.417721827073563,1
"2482","PmetTSAr1.1-002394",147.336696149206,132.764806387616,114.807548030522,138.871232499921,128.128654066224,208.045328301972,189.673353582477,156.789917880468,0.354884644096008,7.24907803916828,0.389770343958888,1
"2483","PmetTSAr1.1-002395",5.08057572928297,3.15327570627095,36.2201737196786,15.9920351630033,9.57596931498064,10.7146595225503,2.7449413742051,3.82138272501593,-1.170117315847,3.45155880868183,0.0575767898351959,1
"2484","PmetTSAr1.1-002396",13.4882541485389,14.2492364462621,13.6653135835341,16.2038501982748,13.1442012270267,15.8034160240253,14.3533193994694,14.2664955067261,-0.00150940577076834,3.85407749396566,0.998510219801219,1
"2485","PmetTSAr1.1-002397",14.8370795633928,14.0707491421336,14.7528644915662,15.4095438160065,14.9283171830497,14.8422064626356,15.5057757016166,14.5212543550605,0.0177154041566297,3.89921337300751,0.951403027746662,1
"2486","PmetTSAr1.1-002398",16.6804742970264,13.7435224178979,15.5567064670682,16.5480496305911,15.9478120150628,16.2557499352675,15.8200819658385,14.5778674324682,0.00188267628153146,3.97287094451222,0.997197974755623,1
"2487","PmetTSAr1.1-002399",16.545591755541,16.272092559719,15.131143068273,16.9981565805432,14.7826750641906,15.9730412407411,16.3439257395418,15.087385129137,-0.0627061406649999,3.99585791911083,0.823558524657035,1
"2488","PmetTSAr1.1-002400",71.3978252929324,61.6078678083693,82.4174448999997,78.4245168092975,90.0796505143045,58.8034084614895,42.6618369303937,56.5847708689396,-0.244145466594851,6.08319801709049,0.536059483161095,1
"2489","PmetTSAr1.1-002401",21.3564024018532,17.9082261808973,41.8470675481926,36.7234317402078,39.3597826216504,40.2294472311056,23.0700797938917,26.1552417623313,0.128388065608623,4.94898251152996,0.716809112104907,1
"2490","PmetTSAr1.1-002402",46.4895159652973,45.0085485244147,105.539722901204,31.6133940142813,50.9019205412279,38.8441746279263,38.2405954803382,37.4212441664523,-0.466642784164494,5.62343684232708,0.232877111386366,1
"2491","PmetTSAr1.1-002403",35.9237168822752,29.6586403693598,31.728115621285,47.1817991067414,32.1140872084141,38.6745494112104,14.4790419051582,42.1484361299905,-0.18206989381877,5.08947904336216,0.611070033676162,1
"2492","PmetTSAr1.1-002404",63.5296770396181,56.1640050324487,67.0498777212849,50.4649321534507,60.2958372076347,58.9730336782054,54.9407349859982,63.1235813095224,0.000937644812422014,5.89178103353432,0.998486389849344,1
"2493","PmetTSAr1.1-002405",26.03233050668,21.0020061191254,41.1377952168673,42.8660677630833,41.5808249342505,46.7317472052126,28.0361187685986,21.8526478793504,0.0765426551871381,5.07527537364493,0.829304801049049,1
"2494","PmetTSAr1.1-002406",82.7729196248669,20.8235188149969,54.2356909353412,48.4262124389619,44.63930943029,38.1374028916103,6.8728303109868,30.7125944936466,-0.777179521972442,5.35268686424345,0.117287043195672,1
"2495","PmetTSAr1.1-002407",56.2909806465689,36.4411579262445,114.240130165461,55.1248629294252,67.9420484477333,59.0578462865633,37.9262892161162,39.5442345692389,-0.357995659604523,5.86697703697338,0.385572953688294,1
"2496","PmetTSAr1.1-002408",25.8974479651946,15.9746137195047,48.7033667510038,24.9676972826359,28.9827816529452,28.6383907555235,18.6907458457324,18.7955416993376,-0.280065448253868,4.72114584831547,0.436140856035667,1
"2497","PmetTSAr1.1-002409",51.3452874587713,52.7429983699849,45.0151506281123,35.0289114580353,44.3844357222867,44.583161126812,48.9479622148329,45.7716730840797,-0.00324177637979119,5.52473737248254,0.991886693445359,1
"2498","PmetTSAr1.1-002410",47.7034588386658,33.8233441323592,83.0321475871483,29.3363823851119,48.2439518720507,31.4372068313348,29.1257138179014,32.2694541223568,-0.458324790436139,5.3892221259125,0.218943429677241,1
"2499","PmetTSAr1.1-002411",62.4955775548968,50.8391337926138,61.2338446044174,62.3795278874763,61.6430268070807,66.2669179969863,59.3619764360537,59.8400228198791,0.0606457200469024,5.92048767010826,0.857893008230162,1
"2500","PmetTSAr1.1-002412",76.2535967864064,75.2323986901815,53.7155578923693,57.1900595233229,62.334826871661,67.2846692972813,84.3807550681215,66.7468182636116,0.0976226510502745,6.08655747903157,0.796730324359953,1
"2501","PmetTSAr1.1-002413",82.3233111532489,98.7927228351494,86.7203637100398,64.1005250490578,86.9483449588356,69.0091923338923,109.525256205878,80.1641176092231,0.0584831153323867,6.40532061172204,0.8821892059813,1
"2502","PmetTSAr1.1-002414",28.5051771005788,33.1391427998664,31.58626115502,22.2935324623324,30.4027923118207,24.9349068572278,36.9205091706059,27.7404079297453,0.0553581191318153,4.88273285288354,0.855208163881967,1
"2503","PmetTSAr1.1-002415",35.8337951879516,33.0498991478022,32.1536790200802,31.6133940142813,34.9176979964503,30.7021642255662,33.4631402641644,32.1845345062453,-0.0150561256711967,5.04657275176567,0.958739429338267,1
"2504","PmetTSAr1.1-002416",38.4864851704976,33.9423356684449,32.8156665293171,32.5665616730033,35.6823191204602,30.1932885754187,32.1640077053803,34.8453491444045,-0.0524734992608085,5.08304236860513,0.855952617754244,1
"2505","PmetTSAr1.1-002417",207.584231346013,215.58291550326,245.78650521526,200.827130316854,219.664725769119,208.24322438814,216.682738554618,201.68408826473,-0.0395071484329497,7.74527767033437,0.923129512794107,1
"2506","PmetTSAr1.1-002418",8.09295248912332,9.45982711881286,8.84226173052206,7.99601758150163,9.3575061366921,8.70742779141287,9.11488166243677,8.18058968540448,0.0398636252348083,3.1343301823752,0.890333914985873,1
"2507","PmetTSAr1.1-002419",96.6208605507001,94.7767584922572,185.403787408433,79.3776844680195,117.860884686663,91.8803257210774,90.7297416054051,95.1948896609524,-0.20517793470359,6.73509232140068,0.628450264825891,1
"2508","PmetTSAr1.1-002420",51.3003266116095,50.0656888080568,60.9974204939757,38.1531832282909,51.9942364326705,48.9368750225185,48.0679046750114,43.7336022974046,-0.056802357845008,5.6209278179067,0.858950335911754,1
"2509","PmetTSAr1.1-002421",67.3063882012089,76.7495407752742,180.959014132128,89.2800373669652,78.3918704758681,116.33462779761,165.136511222216,122.482392971437,0.219631408279133,6.80918730890106,0.629473585086888,1
"2510","PmetTSAr1.1-002422",82.8628413191905,59.198289202634,140.057643025702,71.9641582335147,92.6647981240522,80.5719779400217,78.4717973007487,67.1431098054651,-0.150989131495741,6.39515967730699,0.715890885436955,1
"2511","PmetTSAr1.1-002423",11.2851726376109,10.9769692039055,6.28888133775098,8.18135573736425,7.9739060075314,12.1847447340875,9.38728042476247,9.11470546263059,0.0735681107996615,3.24623832101949,0.815540108156033,1
"2512","PmetTSAr1.1-002424",78.771404227467,94.9849936804071,88.2334780168671,71.4875744041537,89.6791346874422,70.1117562425452,86.3923151591421,74.5028098684588,-0.0564175717129524,6.35456156258858,0.882446974816527,1
"2513","PmetTSAr1.1-002425",79.7605428650265,46.2877075373359,52.6752918064255,65.9803834870929,58.9486476081888,71.4970288457245,47.6488296560488,64.935199786567,-0.00987626726638603,5.93132702861326,0.978395523143154,1
"2514","PmetTSAr1.1-002426",18.6137907249836,16.1828489076547,21.7983029827308,15.7007894895049,18.2416753870924,16.2557499352675,12.9284643349965,18.3992501574841,-0.134811022947842,4.11424745914427,0.647618806846772,1
"2515","PmetTSAr1.1-002427",12.8138414411119,9.48957500283429,13.2397501847389,9.39929219017576,12.1611169247283,10.1492421334975,7.92051785839333,9.87898200763378,-0.163261107737411,3.41722050847765,0.585395345672318,1
"2516","PmetTSAr1.1-002428",328.483949364083,317.707401348809,232.310330920079,352.486695571295,250.395212848372,247.115669885519,346.910300697249,301.323104502182,-0.103537406900206,8.21508491759518,0.808491356339357,1
"2517","PmetTSAr1.1-002429",30.3036109870507,29.6288924853384,28.0398994983935,27.2447089118052,27.4171288752107,30.7021642255662,34.3431978039859,28.3065387038217,0.0682407417899971,4.88565252243222,0.811836003446787,1
"2518","PmetTSAr1.1-002430",139.828234673186,155.759920736177,124.595506202811,127.115498042349,122.485021960437,121.90398907978,115.266583965666,138.192521952058,-0.136645637056054,7.03015797634658,0.730518803213336,1
"2519","PmetTSAr1.1-002431",19.5130076682196,19.0386457737114,17.9209475714859,11.0938124723483,11.5421379195774,8.14201040236009,8.33959287735594,25.5891109882548,-0.333274573705934,3.92592125282889,0.388799586989197,1
"2520","PmetTSAr1.1-002432",19.1533208909252,17.045537544276,21.8928726269075,17.7130323245847,17.9868016790891,19.6765251390369,15.5057757016166,16.8423905287739,-0.114196205339536,4.19245315366963,0.689095433589744,1
"2521","PmetTSAr1.1-002433",50.7607964456679,47.9535890425356,86.2475154891563,63.6768949785147,59.6404476727691,55.948050646773,60.9963690100079,57.9434847267231,-0.0840856075143216,5.9177357303607,0.81258344493214,1
"2522","PmetTSAr1.1-002434",139.91815636751,46.7934215657001,198.217974194377,146.814296322604,94.6309667286489,106.496365228092,41.1741206130764,49.2533773446498,-0.866943141969684,6.68579712282515,0.083489200827324,1
"2523","PmetTSAr1.1-002435",97.3402341052888,122.858761008482,120.670865969477,87.7708552406553,107.847989015105,88.4312796478554,108.645198666057,107.932832077672,-0.0540910005239575,6.71763124524963,0.890643040718378,1
"2524","PmetTSAr1.1-002436",112.581961293138,107.36011343332,82.3701600779113,98.1233150895531,115.494200255204,102.566714374175,140.369177601526,122.963604129402,0.265641296143215,6.78523013758828,0.501128711687627,1
"2525","PmetTSAr1.1-002437",195.759528542461,193.034019415021,144.549701124096,168.684198714394,191.737849477901,183.619297094892,251.361196373774,200.240454790835,0.236291271709031,7.57886687549072,0.56760717240795,1
"2526","PmetTSAr1.1-002438",107.186659633722,87.1613001827726,90.1248709004013,75.697398230176,96.4879037441015,83.681773579812,89.2001177861916,86.1084907370257,-0.0188379694401218,6.48403178616209,0.960997786744769,1
"2527","PmetTSAr1.1-002439",79.6706211707029,86.1201242420228,92.4418271827306,89.1741298493295,85.2734605919568,92.4740139795828,94.5223705270167,80.9000876155225,0.023753130478551,6.4534296814993,0.95035035067527,1
"2528","PmetTSAr1.1-002440",9.12705197384463,7.58571042546314,65.3003393040158,17.0511103393611,16.4939699607841,11.3366186505083,9.57586418329564,10.0771277785605,-1.06011799722363,4.1970118052697,0.0495919210566185,1
"2529","PmetTSAr1.1-002441",29.7640808211091,27.219313879603,185.592926696786,43.7398047835785,49.8824257092147,40.5404267950846,32.2478227091728,39.7423803401657,-0.817607583409588,5.81037716343455,0.124396763753272,1
"2530","PmetTSAr1.1-002442",27.2912342272103,25.9996506347247,177.365367653413,40.033041666326,46.6054780348867,36.7804011578836,29.9010026029822,35.3265603023695,-0.864717567497413,5.71253811661195,0.104861211374969,1
"2531","PmetTSAr1.1-002443",31.9671623320371,27.5167927198173,190.179554439357,45.1430793922526,52.3947522595328,37.8829650665365,31.9754239468471,37.4212441664523,-0.884332509187576,5.82870577055198,0.0976968839956954,1
"2532","PmetTSAr1.1-002444",92.5743843061384,87.5480226750511,58.7277490337347,65.5832302959587,77.0810914061369,74.4654701382517,72.9819145523385,81.8625099314524,0.00922453138833167,6.25577242799391,0.981087211696967,1
"2533","PmetTSAr1.1-002445",121.978778349953,79.0401278449238,69.4614036477909,76.1739820595371,76.8626282278484,80.3458109844006,68.4139968456461,78.0694337451403,-0.190818233240025,6.34604793491084,0.625903223026477,1
"2534","PmetTSAr1.1-002446",62.1808516247642,47.0611525218929,90.6450039433732,56.8458600910066,54.3609208641296,61.0650780177007,48.0259971731151,62.4442243806307,-0.184311667058876,5.91600496980968,0.607947975575541,1
"2535","PmetTSAr1.1-002447",142.391002961409,76.6008013551671,355.250868349798,151.738995892668,280.106205095612,129.819832526519,63.3850966180948,68.5584367406562,-0.421995138442334,7.30845888303962,0.460941536717905,1
"2536","PmetTSAr1.1-002448",14.4773927860984,14.3979758663693,7.2818626016064,8.10192509913741,11.3236747412889,8.05719779400217,7.06141406951998,8.80333353688855,-0.330010118170402,3.32096403407327,0.321251546085052,1
"2537","PmetTSAr1.1-002449",115.369533817169,106.467676912677,99.8182594285137,104.4777661477,96.2694405658129,87.0742779141287,85.1141363513061,98.5633677667072,-0.215453550032306,6.63230119303219,0.574978099715211,1
"2538","PmetTSAr1.1-002450",83.5822148737792,70.561980898818,73.4806135253009,78.662808723978,72.8210594295105,67.1433149500181,67.7853843172022,68.4735171245447,-0.149045940282155,6.18730245848934,0.686856635470045,1
"2539","PmetTSAr1.1-002451",68.83505700471,64.8503871667045,48.0886640638552,64.0210944108309,56.3270894687264,69.6311514618504,69.7550369063264,68.1904517375065,0.102517835246256,5.99499407285058,0.770620194064209,1
"2540","PmetTSAr1.1-002452",96.7557430921855,100.071881848071,114.618408742168,79.5365457444732,96.560724803531,102.170922201838,104.098234710312,90.4676976974142,0.00862109197045412,6.6160900726509,0.982639503766275,1
"2541","PmetTSAr1.1-002453",39.1608978779245,37.1848550267801,56.7417865060239,52.9008050590737,54.0332260966968,54.9020284770253,37.0252779253466,41.9785968977676,0.014920489104486,5.54840484782049,0.964106254545993,1
"2542","PmetTSAr1.1-002454",14.7021970219074,13.4757914617051,13.5707439393574,13.5561622573802,13.5811275836037,18.0085438413312,18.2926245777179,16.1347270611784,0.256246069183553,3.92894231377297,0.36726079207963,1
"2543","PmetTSAr1.1-002455",13.6680975371861,15.0226814308192,11.3956421232931,14.0592229661502,14.4549802967578,15.3793529822357,18.6488383438361,15.7667420580287,0.246429945214836,3.89411650037425,0.388420725323481,1
"2544","PmetTSAr1.1-002456",12.9936848297591,14.4872195184335,12.9560412522088,13.5561622573802,14.9283171830497,18.0933564496891,17.9364108115997,14.7477066646911,0.283135619458599,3.90970560508331,0.314328370674288,1
"2545","PmetTSAr1.1-002457",13.6680975371861,14.0112533740907,13.1924653626506,14.3769455190576,13.3262538756004,17.471397321731,18.460254585303,13.8418974261688,0.192024212506082,3.89340146312415,0.50373685028021,1
"2546","PmetTSAr1.1-002458",82.2333894589253,86.8935692265798,101.851506778313,78.3715630504796,82.0329234473436,81.7310835875799,82.1387037166716,68.3885975084333,-0.152493553222395,6.37525709696569,0.688193358605131,1
"2547","PmetTSAr1.1-002459",46.3995942709737,38.1367873154657,73.0077653044174,46.4934002421088,48.7901098177721,48.8237915447079,38.9739767635227,42.9127126749937,-0.184522033582332,5.58477559410154,0.577500509612729,1
"2548","PmetTSAr1.1-002460",74.140436969802,71.7518962596749,95.2789165080318,68.6015945485786,77.2995545844254,82.0986048904642,74.1343708544857,81.2680726186722,0.0233460286371766,6.28779709035933,0.951144399229579,1
"2549","PmetTSAr1.1-002461",24.9083093276351,24.4230127815892,23.9734047987951,20.3077665066614,26.9073814592041,24.7087399016067,25.207362390601,24.1171709756561,0.108991050028808,4.60760081413349,0.698644719749757,1
"2550","PmetTSAr1.1-002462",28.7749421835496,27.1598181115602,26.0066521485943,21.1815035271566,30.6212554901092,29.543058578008,30.341031372893,28.8726694778981,0.2115789150335,4.80085290358975,0.45989863706691,1
"2551","PmetTSAr1.1-002463",149.899464437429,107.865827461684,211.174015446586,119.701971807844,140.544644698955,110.736995645988,110.677712508025,126.275469157749,-0.26971434606672,7.07315204315125,0.519539304214733,1
"2552","PmetTSAr1.1-002465",53.2786038867285,40.9330884134796,43.0764729224898,49.4058569770929,49.2634467040639,40.8796772285163,30.5505688823743,44.2431199940733,-0.179023662009065,5.45974736685011,0.567273221909653,1
"2553","PmetTSAr1.1-002466",59.348318253571,46.9719088698287,62.1322562240962,33.8904056434506,57.4194053601691,45.2616619936754,41.9284556472091,39.5725411079428,-0.135337357963572,5.59591163611411,0.685402527311163,1
"2554","PmetTSAr1.1-002467",85.2907270659274,88.7081901518867,82.4174448999997,81.7076498560067,84.0355025816552,107.825096092366,60.367756481564,71.2475579175193,-0.0639636819556645,6.37084194574464,0.870105546395871,1
"2555","PmetTSAr1.1-002468",73.1962591794043,50.8986295606566,66.7661687887548,51.9741142797606,68.2697432151661,64.5706658298279,60.6611089948378,60.009862052102,0.0622969279508457,5.95651308242981,0.858949437333512,1
"2556","PmetTSAr1.1-002469",46.8492027425917,46.5256906095073,36.1256040755019,50.4384552740418,37.5028456061979,48.6824371974447,62.8402990934434,57.5471931848695,0.199135351532341,5.59646068499979,0.540980319787014,1
"2557","PmetTSAr1.1-002471",108.13083742412,113.577421193797,91.5907003851402,96.0845953750643,103.842830746482,122.214968643759,122.181321778549,110.225661712682,0.163360125753487,6.76216454862576,0.675197704420453,1
"2558","PmetTSAr1.1-002472",94.2828964982867,76.3033225149528,74.2371706787146,93.1986155194892,76.2072386929828,67.9631701641446,98.6083519619021,83.3344499440511,-0.0516985425980104,6.3764336443606,0.893348262737183,1
"2559","PmetTSAr1.1-002473",161.004793686392,183.871671136422,178.736627493975,155.392805251103,169.60024741133,143.248495516523,159.080877198207,171.113026464602,-0.0785097075309828,7.36907974671227,0.845842187072943,1
"2560","PmetTSAr1.1-002474",77.0628920353187,72.525341244232,61.8012624694777,80.8868665943294,85.7832080079634,75.2287836134729,71.6199207407101,69.4642459791785,0.0475370269345579,6.21643731412778,0.899111680512327,1
"2561","PmetTSAr1.1-002475",26.5268998254598,26.9515829234102,21.3727395839357,17.8189398422205,27.2350762266369,23.4365507762379,24.9349636282753,24.6833017497325,0.114160294038268,4.59577287068563,0.694942846190735,1
"2562","PmetTSAr1.1-002476",7.37357893453458,6.51478660069188,6.99815366907628,10.3259829694889,8.70211660182651,10.7146595225503,5.07080772944758,6.76526275021339,-0.00147673101728127,2.97630993956539,1,1
"2563","PmetTSAr1.1-002477",61.6413214588226,27.0705744594959,16.9279663076305,31.8781628083707,29.0920132420895,25.3306990295647,14.8352556712764,28.6179106295638,-0.490735147393893,4.88133173480999,0.208766511253001,1
"2564","PmetTSAr1.1-002478",2.87749421835496,2.91529263409956,2.60066521485943,4.47459262011184,3.67746350119028,3.27942085650615,1.11054880025092,2.74573425427071,-0.265307660888899,1.59405369093843,0.460413488391582,1
"2565","PmetTSAr1.1-002479",53.3235647338903,58.008373841777,46.8592586895581,40.2978104604155,58.2568475436084,48.5976245890868,52.1119786080006,51.1782219765097,0.0823088544998591,5.67637746481581,0.797231274884003,1
"2566","PmetTSAr1.1-002480",36.5981295897021,39.7431730526226,37.4968639160641,47.0758915891056,32.2961398569879,58.1249075946262,51.5671810833492,41.2143203527644,0.187114393564062,5.42907994638377,0.556479479795578,1
"2567","PmetTSAr1.1-002481",35.1593824805246,35.9651917819017,34.0923567257027,42.2306226572686,29.9658659552436,56.4286554274678,48.5079334449221,38.3553599436784,0.232736263900655,5.3276018580165,0.464008487729876,1
"2568","PmetTSAr1.1-002482",12.3192721223322,12.4346155209553,11.7739207,18.2425699127637,13.2170222864562,20.7790890476898,19.1726821175394,15.7384355193249,0.330322907457681,3.9571287019029,0.278320906457517,1
"2569","PmetTSAr1.1-002483",10.8355641659929,12.6131028250838,9.31510995140559,14.9594368660544,9.97648514184294,16.9625216715835,14.3952269013657,12.2567312587548,0.166005390847529,3.67074614699164,0.58841644327078,1
"2570","PmetTSAr1.1-002485",86.9992392580757,89.6898703245937,67.0971625433732,87.7708552406553,87.8221976719897,120.82969604058,130.416145901164,108.498962851749,0.432811709544445,6.60676812439192,0.271515141310131,1
"2571","PmetTSAr1.1-002486",16.1859049782466,21.4184764954253,17.5899538168674,18.1631392745368,17.9139806196596,22.3905286064902,18.9840983590062,18.5973959284109,0.0858857678281977,4.24567745365349,0.762817776331879,1
"2572","PmetTSAr1.1-002487",63.2149511094855,76.5413055871242,43.7384604317267,76.7564734065339,51.2660258383754,83.9644822743384,116.356179014969,85.9386515048027,0.374997489948919,6.22495264510815,0.363416928064074,1
"2573","PmetTSAr1.1-002488",65.3730717732517,83.7402935203088,40.5703773518071,78.3186092916617,51.1203837195164,88.5726339951186,117.613404071857,88.6277726816658,0.368130880698176,6.26341157937591,0.382804577719998,1
"2574","PmetTSAr1.1-002489",161.319519616525,191.3383900258,98.4469995879514,174.667973460815,111.306989338007,197.52856486559,256.536772857962,196.419072065819,0.283731627661149,7.43897026929749,0.523960202687854,1
"2575","PmetTSAr1.1-002490",84.5263926641769,67.4682009605899,127.905443748995,62.9620192344731,94.1940403720719,68.6982127699133,53.0129898987702,69.6906982888091,-0.263537827216809,6.29650374901669,0.522498350433969,1
"2576","PmetTSAr1.1-002491",46.7592810482681,47.8940932744928,107.478400606827,44.1104810953037,53.9968155669821,46.2511424245177,41.7608256396241,49.3099904220574,-0.363733018292505,5.77452641183415,0.332889311614215,1
"2577","PmetTSAr1.1-002493",48.6925974762253,53.2784602823706,50.8311837449797,50.4119783946328,42.7459618851227,65.4187919134071,110.216729987166,63.2085009256339,0.470812640092916,5.92304075703737,0.211441435450454,1
"2578","PmetTSAr1.1-002494",79.8954254065119,84.4244948528016,80.1004886176704,78.4774705681154,76.025186044409,82.5792096711591,76.2926072021432,86.844460743325,-0.00518035408323583,6.33345021014794,0.989219204447172,1
"2579","PmetTSAr1.1-002495",112.312196210167,102.98717448217,209.188052918875,118.404604716806,125.215811689043,123.515428638581,115.119907709029,113.792285589363,-0.184621242793494,6.99569343010677,0.659058723009106,1
"2580","PmetTSAr1.1-002496",85.155844524442,47.6858580863428,48.1832337080319,28.3832147263899,42.5639092365489,32.907292042872,20.1575084121015,33.9395399058822,-0.692486560137512,5.40637138472911,0.0668845225982445,1
"2581","PmetTSAr1.1-002497",63.1250294151619,50.6011507204424,34.7070594128513,28.330260967572,54.9434893395657,43.8481185210434,47.2926158899305,43.1674715233281,0.0986783026142658,5.51757800858612,0.772136803361363,1
"2582","PmetTSAr1.1-002498",95.4968393716552,91.2070124096863,96.5556067044173,71.302236248291,94.3396824909309,76.9533066500839,73.4009895713012,80.9567006929301,-0.122671403046033,6.41077351133466,0.749660756167247,1
"2583","PmetTSAr1.1-002499",98.1045685070394,96.8293624897354,170.225359518072,76.7564734065339,104.243346573344,72.6844053627354,88.9696265257621,92.4491554066817,-0.302264437218731,6.64501943561313,0.468621290513249,1
"2584","PmetTSAr1.1-002500",9.80146468127158,11.155456508034,8.93683137469876,8.26078637559109,12.9621485784529,11.1669934337925,12.7398805764633,10.8697108622675,0.323000098002742,3.4331606286144,0.258888189735403,1
"2585","PmetTSAr1.1-002501",103.814596096587,106.646164216805,106.296280054618,104.23947423302,96.5971353332457,155.602865467326,159.730443477599,111.527762493058,0.314322480345582,6.88417724661949,0.436595360509858,1
"2586","PmetTSAr1.1-002502",47.8383413801512,48.608042491007,59.2005972546183,46.0168164127478,50.9383310709426,46.2794132939704,47.8164596636338,43.5920696038854,-0.0962617320571914,5.61009851944826,0.757952212698062,1
"2587","PmetTSAr1.1-002503",18.748673266469,18.0569656010044,12.9560412522088,19.9635670743451,15.5472961882005,15.1814568960673,14.7304869165357,17.2669886093312,-0.153663576909425,4.05480422636438,0.599587732051779,1
"2588","PmetTSAr1.1-002504",8.04799164196152,7.94268503372023,7.32914742369475,7.96954070209269,8.92057978011504,7.88757257728634,7.77384160175642,8.52026814985034,0.0801372064160332,3.01984934222515,0.776488604484932,1
"2589","PmetTSAr1.1-002505",66.3172495636494,97.8407905464639,36.6457371184738,66.3245829194092,45.8772674405916,87.130819653034,116.775254033931,96.0157792833633,0.372292612457968,6.26105229831874,0.398596599662968,1
"2590","PmetTSAr1.1-002506",32.3268491093315,32.7226724235665,51.3040319658633,45.6461401010226,51.630131135523,55.8066962995098,62.9031603462878,44.7526376907421,0.409141461296222,5.56081058566904,0.210607997506916,1
"2591","PmetTSAr1.1-002507",101.521592891336,72.8228200844462,163.747338891967,71.302236248291,124.560422154178,71.4404871068193,65.5223792148041,67.9356928891721,-0.313294069926816,6.52979169272471,0.476036758563487,1
"2592","PmetTSAr1.1-002508",29.9439242097563,33.7935962483378,39.4355416216866,28.806844796933,38.7408036164996,35.4233994241569,35.3908853513924,29.8917048712357,0.0796094445026367,5.0869392927101,0.787989112581171,1
"2593","PmetTSAr1.1-002509",31.2477887774484,30.3130938178312,40.0975291309235,33.9433594022685,27.672002583214,29.5147877085553,43.2066344550451,28.3348452425255,-0.0743323868626264,5.04889866385194,0.806717816414517,1
"2594","PmetTSAr1.1-002510",125.845411205868,110.92985951589,232.073906809638,91.2128495638183,198.874313301993,106.524636097545,104.223957216001,97.3178800637391,-0.143706035266558,7.05982068539716,0.754116298182453,1
"2595","PmetTSAr1.1-002511",71.937355458874,89.1841562962294,70.6435241999997,51.4180998121727,72.2749014837892,53.2905889182249,75.6011334208549,74.616036023274,-0.0381503439940473,6.12785862753028,0.921478132380433,1
"2596","PmetTSAr1.1-002512",114.605199415419,125.893045178667,110.457344398393,89.862528713962,105.481304583646,83.9079405354332,114.470341429637,115.150999447147,-0.073152280793854,6.7487096127329,0.853225674666435,1
"2597","PmetTSAr1.1-002513",36.7330121311875,39.9216603567511,35.0853379895581,21.2874110447924,38.5951614976406,28.6101198860709,34.9508565814817,31.278725267723,0.00473885554397029,5.06026017246965,0.989290082156873,1
"2598","PmetTSAr1.1-002514",63.5746378867799,50.363167648271,86.2948003112447,83.5875082940419,64.8835639516939,80.1196440287795,71.9761345068283,61.3119628324778,-0.0282920052299438,6.13594946102454,0.941836232363203,1
"2599","PmetTSAr1.1-002515",20.2323812228083,15.1714208509263,25.2500949951806,27.9860615352557,21.4093914722761,24.2281351209118,14.7304869165357,19.9844163248981,-0.142027923074182,4.40472948478483,0.650629582512359,1
"2600","PmetTSAr1.1-002516",47.208889519886,48.0725805786213,73.1969045927708,56.0250768293293,64.6286902436906,57.3333232499523,57.2456475902925,54.4900870048568,0.0580171006400244,5.84130802541767,0.864387782602087,1
"2601","PmetTSAr1.1-002517",104.6238913455,40.6951053413082,37.6387183823292,66.3245829194092,71.3282277112056,62.3089962736168,10.6235517307022,62.5008374580383,-0.26997379938442,5.83423523015421,0.595416696383771,1
"2602","PmetTSAr1.1-002518",67.3513490483707,87.6967620951582,53.9992668248994,97.9644538130995,57.4922264195986,103.330027849396,103.406760929024,72.7478044688218,0.134228310874569,6.33221770280087,0.743163945125406,1
"2603","PmetTSAr1.1-002519",5.53018420090094,4.22419953104222,8.51126797590358,10.2995060900799,9.13904295840357,16.5950003686992,3.26878514790836,4.64227234742676,0.234486180638757,2.97018510815719,0.606410816550924,1
"2604","PmetTSAr1.1-002520",63.9343246640742,61.8458508805407,74.5681644333331,57.2165364027319,65.6845956054185,67.1715858194707,55.3388562540127,61.3402693711817,-0.0456047494186625,5.98742079904918,0.895656329446808,1
"2605","PmetTSAr1.1-002521",78.8613259217906,142.313877158493,63.1252374879516,75.6709213507671,56.7640158253035,88.6574466034765,145.1466328177,152.119338994338,0.29836397301254,6.64974324238838,0.514295634928535,1
"2606","PmetTSAr1.1-002522",25.6276828822238,42.0040122382508,21.5145940502007,24.2263446591854,19.8073281648269,30.5042681393977,46.9154483728642,45.9415123163026,0.336547411938098,5.0064341658182,0.342963678576374,1
"2607","PmetTSAr1.1-002524",109.075015214518,109.293725894712,116.557086447791,97.6732081396011,103.660778097908,113.507540852346,103.44866843092,104.337901662287,-0.0256772545099744,6.74488271478253,0.947179143667635,1
"2608","PmetTSAr1.1-002525",34.9795390918775,26.8028435033031,27.6143360995983,33.9698362816775,29.9658659552436,33.1051881290405,26.7579399607627,28.900976016602,-0.0553995481252326,4.92230391956326,0.849637929130586,1
"2609","PmetTSAr1.1-002526",24.8633484804733,19.8715865263113,18.7720743690762,22.6112550152397,22.1011915368565,20.9487142644056,17.4125670378964,19.1352201637835,-0.114009355610863,4.37664300808653,0.690301149623213,1
"2610","PmetTSAr1.1-002527",159.880772507347,29.1231784569742,39.3882567995982,45.937385774521,73.949785850668,13.2307669038351,3.14306264221958,13.6437516552421,-1.40012900386106,5.56390786722391,0.0517301088025132,1
"2611","PmetTSAr1.1-002528",70.9032559741526,77.7014730639597,74.6154492554214,69.2370396543933,58.9486476081888,77.3208279529682,77.1098034891203,75.1255537199428,-0.0195510480080333,6.18354959497346,0.958362743634796,1
"2612","PmetTSAr1.1-002529",4.94569318779758,2.11209976552111,2.83708932530119,9.87587601953678,8.37442183439371,6.10650780177007,1.73916132869483,1.9531511705637,-0.127986658112229,2.26399834862802,0.813510410065985,1
"2613","PmetTSAr1.1-002530",4.54104556334142,1.93361246139257,3.02622861365461,10.246552331262,9.72161143383966,5.7672573683384,1.65534632490231,1.83992501574841,-0.0632688425680148,2.29306233030746,0.918052740776384,1
"2614","PmetTSAr1.1-002531",78.8163650746288,82.0446641310877,70.3598152674696,56.660521935144,81.7416392096256,78.1124122976421,85.5960726231131,71.5589298432613,0.139118188281901,6.24170666589781,0.713292791296433,1
"2615","PmetTSAr1.1-002532",34.9795390918775,34.0018314364877,35.4163317441766,26.2385874942653,32.8422978027093,41.3320111397585,45.3648708027025,34.2226052929205,0.235797334179075,5.1543531147196,0.434559297866193,1
"2616","PmetTSAr1.1-002533",45.5453381748996,23.1141058846465,77.1215448261041,41.5687006720449,51.0111521303721,37.4871728941996,19.2145896194357,33.5715549027326,-0.40698711903829,5.3617247900743,0.309257959773562,1
"2617","PmetTSAr1.1-002534",43.9267476770749,45.8117413929931,50.8311837449797,46.2286314480194,53.3050155024017,54.5062363046884,53.9140011895398,55.1694439337485,0.215561245449953,5.65892248925121,0.48683088845378,1
"2618","PmetTSAr1.1-002535",111.952509432873,94.5982711881286,79.1547921759033,78.3450861710706,81.3047128530485,78.3668501227159,79.4985310972071,84.2119526438696,-0.170850200431596,6.42604287223571,0.65655742691746,1
"2619","PmetTSAr1.1-002536",46.9391244369153,47.5966144342786,50.5001899903613,46.1756776892015,52.2855206703886,52.7817132680774,60.9544615081116,53.8390366146689,0.201555598560491,5.68504641593418,0.519796023735616,1
"2620","PmetTSAr1.1-002537",33.2260660525674,29.5396488332741,30.4041406028111,40.3507642192334,37.7577193142012,40.7948646201584,35.3699316004443,35.5530126120001,0.162472986740202,5.14727589830142,0.582053390802306,1
"2621","PmetTSAr1.1-002538",86.1899440091634,59.7932468830624,187.673458868674,63.4121261844252,122.776306198155,63.0157680099328,53.3692036648884,57.4339670300543,-0.420792145977668,6.43867809067635,0.379901597752689,1
"2622","PmetTSAr1.1-002539",50.0414228910792,28.7364559646957,160.531970989959,60.0495624994891,76.316470282127,50.5765854507715,27.1141537268809,34.1093791381052,-0.670153118561168,5.92990683040867,0.184275039452525,1
"2623","PmetTSAr1.1-002540",17.7595346289095,17.1050333123189,31.0661281120481,17.2364484952237,16.2755067824956,16.849438193773,21.833808487952,19.2201397798949,-0.163176019586343,4.30181079874102,0.599172507741567,1
"2624","PmetTSAr1.1-002541",114.695121109742,70.2645020586037,302.339152432931,128.386388253978,148.554961236202,105.987489577944,63.9298941427462,81.2397660799683,-0.623177947727205,6.98821988360836,0.212997807641234,1
"2625","PmetTSAr1.1-002542",56.1560981050835,63.2142535455262,52.1551587634536,52.3183137120769,60.696353034497,44.4700776490015,54.7311974765169,64.3690690124906,0.00261296552586694,5.80929316819047,0.994091650943785,1
"2626","PmetTSAr1.1-002543",31.2477887774484,27.6060363718816,35.0853379895581,39.5299809575561,38.3038772599225,53.7711936989198,37.4653066952573,31.0239664193886,0.26652896577009,5.2023765721025,0.393927195210002,1
"2627","PmetTSAr1.1-002544",35.0244999390393,29.4504051812099,36.3147433638553,36.644001101981,35.5366770016011,45.1485785158648,32.2897302110691,28.0800863941911,0.0375687903974198,5.12396713902429,0.902178257496847,1
"2628","PmetTSAr1.1-002545",24.3238183145318,23.8578029851821,25.5338039277107,28.0654921734825,25.4145497408992,30.6738933561135,28.098980021443,24.2020905917676,0.0907052648674646,4.71892408025714,0.749466213677468,1
"2629","PmetTSAr1.1-002546",3.10229845416394,2.5880659098639,2.55338039277107,2.03871971448883,2.73078972860665,2.71400346745336,2.55635761567192,2.12299040278663,-0.0156966326730795,1.38319782374921,0.959021796221427,1
"2630","PmetTSAr1.1-002547",43.9717085242367,33.5853610601878,46.4336952907629,41.9129001043612,42.8187829445522,47.1275393775495,43.1647269531488,42.0918230525829,0.0789807437094237,5.41609536729288,0.793701841717068,1
"2631","PmetTSAr1.1-002548",41.6787053189851,41.8850207021651,47.0011131558231,35.9820791167573,43.292119830844,44.6679737351699,41.5303343791947,37.9590684018249,0.00804113675714233,5.38571410930167,0.97955490325,1
"2632","PmetTSAr1.1-002549",39.1608978779245,32.9606554957379,40.6649469959838,32.8048535876838,39.1777299730767,42.0387828760745,41.3417506206615,36.7418872375606,0.130273985103976,5.25442531718739,0.66062347961178,1
"2633","PmetTSAr1.1-002550",23.0199537468397,21.1507455392325,22.7912842465863,17.9248473598563,21.0816967048433,19.6199834001316,19.3612658760726,21.8809544180542,-0.0503437327450736,4.38620387424173,0.857754107170339,1
"2634","PmetTSAr1.1-002551",167.793881607824,123.66195387706,124.548221380722,102.915630262572,119.390126934683,136.293861631174,121.825108012431,140.06075350651,-0.00367444413052095,7.01812862645074,0.992815171596141,1
"2635","PmetTSAr1.1-002552",160.240459284642,146.716563993664,179.16219089277,118.060405284489,169.745889530189,157.186034156674,122.851841808889,118.944075633459,-0.0872045426633963,7.19639869396856,0.832330976403927,1
"2636","PmetTSAr1.1-002553",57.145236742643,62.2623212568406,59.1533124325299,68.4692101515338,50.5378152440803,72.5147801460195,71.8713657520876,69.4076329017709,0.0976640340749211,5.99970940887834,0.782013552823055,1
"2637","PmetTSAr1.1-002554",74.7698888300671,64.2851773702975,70.2652456232929,72.7584646157831,75.7703123364057,74.6633662244201,58.5028726471804,72.4364325430798,-0.00365755820696612,6.13935452881758,0.992511533684709,1
"2638","PmetTSAr1.1-002555",125.485724428573,109.531708966884,80.857045771084,75.2737681596329,97.2525248681113,75.2005127440203,80.0433286218585,92.081170403532,-0.182873180907707,6.52390219579933,0.645306317575179,1
"2639","PmetTSAr1.1-002557",28.5501379477406,25.7319196785318,30.9715584678714,18.7456306215336,30.4756133712502,18.2064399274996,21.0585197028712,20.4656274828631,-0.204949550917658,4.6044442018699,0.506833540355941,1
"2640","PmetTSAr1.1-002558",16.8153568385118,14.9929335467977,16.2659787983935,14.2445611220128,15.5472961882005,13.8809969012458,16.9725382679857,13.8702039648726,-0.0472847307513061,3.943274806083,0.86697399742733,1
"2641","PmetTSAr1.1-002559",105.208382358603,89.3328957163366,96.1300433056221,56.8723369704156,92.2278717674751,73.2215518823355,81.5310449391758,83.674128408497,-0.0717235255520399,6.40647739187752,0.856160468504523,1
"2642","PmetTSAr1.1-002560",88.9325556860329,104.712551755413,129.465842877911,88.8828841758311,80.9041970261862,107.909908700724,124.821494398013,104.564353971917,0.021709829796316,6.69816614996889,0.957015842093134,1
"2643","PmetTSAr1.1-002561",92.3046192231676,107.717088041577,136.463996546987,88.432777225879,77.4451967032845,113.564082591252,135.298369872079,105.073871668586,0.0219420941059795,6.7428111467364,0.957388827302877,1
"2644","PmetTSAr1.1-002562",44.8709254674726,48.608042491007,174.197284573493,56.4487068998724,40.6705616913816,61.5739536678482,56.6589425637449,47.5549850224205,-0.65028107726559,6.05230088629724,0.172800858196497,1
"2645","PmetTSAr1.1-002563",118.067184646877,118.307334753204,170.036220229718,116.127593087636,120.555263885555,130.47006252393,132.825827260199,135.475094236491,-0.00880658121400548,7.02559507396995,0.982576508888999,1
"2646","PmetTSAr1.1-002564",41.2740576945289,37.6905690551443,40.7122318180721,30.7131801143771,39.7967089782275,24.1998642514592,28.6228237951463,31.1654991129077,-0.280836792935733,5.10115308899391,0.357077173419881,1
"2647","PmetTSAr1.1-002565",72.2520813890065,77.4039942237455,67.7118652305218,48.6645043536424,78.0277651787205,56.1742176023941,71.5151519859694,67.5677078860224,0.0388687254515393,6.07624709155616,0.918997571025436,1
"2648","PmetTSAr1.1-002566",323.89794295358,250.447435576369,259.782812553413,207.366919530863,287.570363687137,228.004562135535,304.499908778232,225.82956577909,0.00613325717347747,8.02781037086578,0.988574569351466,1
"2649","PmetTSAr1.1-002567",46.4445551181355,39.6539294005583,50.4056203461845,46.7052152773804,42.0905723502571,53.516755873846,49.450852237588,45.9981253937103,0.0607655859427115,5.54981330687864,0.845283715485216,1
"2650","PmetTSAr1.1-002568",88.4379863672532,93.7355825515073,107.525685428915,92.9603236048087,88.368355617711,98.1564587395633,93.4956367305583,96.8083623670703,-0.0221088414368628,6.56980308846774,0.954104933082787,1
"2651","PmetTSAr1.1-002569",10.9704467074783,16.1828489076547,15.2257127124497,12.9736709103834,12.8893275190234,14.418143420846,11.1683492553536,11.5773743298631,-0.145894187662066,3.72637089966195,0.620041045058518,1
"2652","PmetTSAr1.1-002570",197.917649206227,101.142805672842,90.1721557224896,67.3307043369492,77.4087861735697,59.7363471534266,41.593195632039,89.6468080750034,-0.766444558280583,6.50237057138053,0.0926342815585634,1
"2653","PmetTSAr1.1-002571",110.37887978221,163.910840958047,24.9663860626505,53.0596663355274,42.3818565879751,58.0683658557209,28.7275925498869,196.928589762488,-0.111613490142098,6.40717002484405,0.859375017759015,1
"2654","PmetTSAr1.1-002572",108.400602507091,161.798741192526,22.3657208477911,54.6482791000641,41.1438985776735,58.2662619418894,28.0151650176505,202.703123658067,-0.072887327299736,6.40488909240365,0.909644456790735,1
"2655","PmetTSAr1.1-002573",162.083854018275,126.16077613486,196.373866132931,152.506825395528,173.496174090809,140.11042900728,106.675546076932,126.643454160898,-0.220225880902845,7.21001411511579,0.595947551397842,1
"2656","PmetTSAr1.1-002574",54.1328599828027,55.0930812076774,63.5980857088351,49.2469957006392,58.1840264841789,57.0788854248785,54.2911687066061,54.1221020017071,0.0105200159144775,5.80159954856979,0.974762174321117,1
"2657","PmetTSAr1.1-002575",62.8552643321911,42.0040122382508,70.4543849116463,43.978096698259,45.8044463811621,62.4786214903326,65.1033041958415,49.2533773446498,0.022467716284277,5.78916412107882,0.949284905661588,1
"2658","PmetTSAr1.1-002576",75.2194973016851,57.2944246252628,98.5888540542165,77.5772566682112,76.6441650495598,53.4884850043934,45.4696395574432,52.7633881439237,-0.434783337873788,6.06994217001591,0.26645654060517,1
"2659","PmetTSAr1.1-002577",18.6137907249836,17.6107473406831,4.58662774257026,8.15487885795531,7.20928488352154,4.9756730236645,5.46892899746206,12.0868920265319,-0.719843212577721,3.3064237060197,0.0968902697477498,1
"2660","PmetTSAr1.1-002578",152.642076114298,141.629675826,43.4074666771083,67.5954731310386,63.827658589966,41.4450946175691,46.6640033614866,111.273003644723,-0.622722437878971,6.38569163340073,0.206984919704828,1
"2661","PmetTSAr1.1-002579",63.3947944981327,63.2142535455262,18.8666440132529,29.1775211086583,27.4171288752107,18.6305029692892,20.7651671895973,49.225070805946,-0.590045184124852,5.18556202270675,0.171170060714293,1
"2662","PmetTSAr1.1-002580",82.6829979305433,57.5026598134128,94.0022263116462,76.3063664565818,79.593417956455,70.0269436341873,55.9674687824566,58.7926808878377,-0.23188961443336,6.16814109911782,0.547771972087399,1
"2663","PmetTSAr1.1-002581",65.1482675374427,45.1572879445218,46.5755497570279,79.5894995032911,59.6404476727691,61.4608701900376,42.3056231642755,55.3109766272676,-0.1128857727566,5.83187050296837,0.749275220736834,1
"2664","PmetTSAr1.1-002582",35.6989126464662,25.672423910489,29.978577204016,44.45468052762,35.9371928284635,34.2360229071461,24.5787498621571,33.656474518844,-0.0813745489559901,5.04818651593901,0.794794803646721,1
"2665","PmetTSAr1.1-002583",145.313458026925,126.963969003438,100.338392471486,172.126193037557,130.386106908539,125.86191080315,148.478279218453,148.382875885433,0.0219326497493072,7.1011673980835,0.957313698247809,1
"2666","PmetTSAr1.1-002584",502.167701950102,353.761836782775,482.730748699998,481.111375739954,383.694162134091,354.544973805548,350.074317090416,424.371628247695,-0.266635695351697,8.70256196011939,0.532364214828438,1
"2667","PmetTSAr1.1-002585",90.4162636423722,53.3974518184563,44.6841568734938,70.1902073131153,62.2255952825168,67.3694819056392,57.0151563298631,83.1363041731244,0.0603822774202845,6.04691797072592,0.878001463653327,1
"2668","PmetTSAr1.1-002586",201.154830201876,150.316057960256,153.675671787148,237.682946454106,161.298646636366,181.527252755396,45.0715182894287,190.842683941166,-0.360196631291725,7.36851953690704,0.460081337539851,1
"2669","PmetTSAr1.1-002587",60.5173002797777,54.2303925710561,45.8189926036143,48.7704118712782,57.0553000630215,54.7324032603095,52.8034523892889,53.4144385341116,0.0585212756955577,5.74089799747174,0.855232515426674,1
"2670","PmetTSAr1.1-002588",48.0631456159602,33.0796470318236,35.5581862104416,37.3853537254315,30.4756133712502,19.1676494888894,9.30346542096994,26.6364529202962,-0.849067613382038,4.9070339625078,0.0194350926173025,1
"2671","PmetTSAr1.1-002589",137.939879092391,137.702955135172,126.014050865461,104.424812388882,145.132371443015,99.3721061260268,103.00863966101,116.028502146965,-0.126690790490632,6.92194218614036,0.752341225813351,1
"2672","PmetTSAr1.1-002590",44.2864344543693,26.3566252429817,56.8363561502006,59.8907012230354,67.1410167940087,55.3260915188149,16.0715269772161,24.0322513595446,-0.205191864014938,5.45257577432792,0.640789939644796,1
"2673","PmetTSAr1.1-002591",24.27885746737,15.7961264153762,33.8559326152609,34.6052813874922,37.3207929576241,32.0308950898402,8.13005536787463,13.021007803758,-0.262835968963178,4.63970555043256,0.551097000039983,1
"2674","PmetTSAr1.1-002592",78.9512476161142,100.994066252735,92.2999727164655,78.7951931210227,60.6599425047823,108.164346525798,101.835229607914,92.562381561497,0.0492988799602654,6.48136942851267,0.901549142823114,1
"2675","PmetTSAr1.1-002593",79.4008560877321,66.0997982956043,62.4159651566263,59.4670711524923,71.0005329437728,61.5739536678482,54.1654462009174,55.9620270174555,-0.139732589224604,5.99586034263817,0.690229623408182,1
"2676","PmetTSAr1.1-002595",21.401363249015,28.7067080806743,34.4233504803212,32.9372379847286,23.5940232551614,46.1380589467072,48.9898697167291,34.7887360669969,0.386309973783223,5.08511176350328,0.241687854911927,1
"2677","PmetTSAr1.1-002596",37.7671116159088,26.654104083196,17.8263779273092,26.9534632383068,27.7084131129288,24.1433225125539,26.485541198437,27.315809849188,-0.0477314053939693,4.75047100194224,0.878596762390932,1
"2678","PmetTSAr1.1-002597",22.0308151092802,14.4872195184335,11.6320662337349,13.1060553074282,16.5303804904989,13.2024960343825,15.3381456940315,15.7384355193249,-0.00995294042865823,3.93698634747662,0.975157912174532,1
"2679","PmetTSAr1.1-002598",20.6370288472645,17.6107473406831,40.0029594867468,21.5521798388819,23.3027390174434,20.1005881808265,13.8294756257661,19.3616724734141,-0.381306413351615,4.46565735534037,0.254360125715208,1
"2680","PmetTSAr1.1-002599",24.1889357730464,32.6631766555237,27.1414878787148,38.4444289017893,23.8488969631647,34.320835515504,29.230482572642,38.1855207114555,0.036016954688267,4.95752303590059,0.906998422078659,1
"2681","PmetTSAr1.1-002600",24.8183876333115,29.8073797894669,25.7702280381525,37.7825069165657,24.1765917305975,29.3168916223869,32.2897302110691,33.6847810575478,0.0151633065712692,4.89600342330651,0.960104164676031,1
"2682","PmetTSAr1.1-002601",23.4246013712958,28.61746442861,24.0679744429718,35.2936802521248,23.9945390820237,28.7797451027867,29.3352513273827,32.8921979738408,0.0452047149345248,4.82624818252681,0.879321636522001,1
"2683","PmetTSAr1.1-002602",206.954779485748,221.294509235374,189.186573175501,185.179294586167,203.680503224341,243.214289901055,292.283871975472,244.79494671065,0.293928082902677,7.80342908060307,0.478605792968251,1
"2684","PmetTSAr1.1-002603",48.7825191705489,54.0519052669276,44.4004479409637,37.9413681930193,50.8290994817984,35.1124198601779,39.9168955561886,39.4876214918313,-0.163538803963483,5.45523943122615,0.59829757544454,1
"2685","PmetTSAr1.1-002604",99.723159004864,103.671375814663,142.232744841767,88.8828841758311,111.56186304601,94.650870927436,88.4876902539551,87.3822849786976,-0.185440109078732,6.6742212721454,0.640311538628348,1
"2686","PmetTSAr1.1-002605",38.8461719477919,31.2947739905382,62.8888133775098,37.2000155695688,47.7342044560442,47.6081441582444,35.4747003551849,36.6852741601529,-0.0228774854266802,5.40151498443561,0.944756032265801,1
"2687","PmetTSAr1.1-002606",36.7779729783493,35.3999819854947,39.0099782228914,29.9453506115177,34.9541085261651,24.7652816405119,28.7066387989388,32.1279214288376,-0.227221783159705,5.03410131031307,0.441234546817745,1
"2688","PmetTSAr1.1-002607",12.0045461921996,9.54907077087713,9.88252781646583,11.4644887840735,12.2339379841578,10.7994721309082,10.3092454664802,10.8980174009714,0.0438678794151219,3.45326463658478,0.879083988297815,1
"2689","PmetTSAr1.1-002608",36.2834036595696,42.509726266615,52.4388676959837,35.637879684441,41.362361755962,35.2255033379884,38.1567804765456,36.6286610827453,-0.140379096306913,5.31602647139696,0.643694581392475,1
"2690","PmetTSAr1.1-002609",92.9340710834328,100.399108572306,62.9360981995982,84.0905690028119,77.2995545844254,110.906620862704,114.8894164486,104.168062430064,0.258871782802759,6.54724538877018,0.514710695578508,1
"2691","PmetTSAr1.1-002610",45.9499857993557,47.4478750141714,40.2393835971886,40.7479174103676,48.1711308126212,43.8481185210434,53.7254174310066,46.7340954000097,0.142453102986461,5.52111479002617,0.638319490803572,1
"2692","PmetTSAr1.1-002611",84.9760011357949,86.4770988502798,154.19580483012,69.4488546896648,90.3709347520226,65.0229997410702,78.1784447874749,82.3437210894174,-0.322493956244828,6.47450987887517,0.435602898213206,1
"2693","PmetTSAr1.1-002612",40.5097232927784,32.8416639596522,47.7103854871484,41.2245012397286,29.8566343660993,25.6134077240911,9.17774291528116,22.7584571178727,-0.893375865234517,4.96602061585175,0.0131327031653851,1
"2694","PmetTSAr1.1-002613",76.2086359392446,78.5939095846025,71.0690875987949,46.5993077597446,75.5882596878319,64.8533745243543,72.6466545371684,65.3597978671243,0.0314279405360116,6.10691244197643,0.934781105771537,1
"2695","PmetTSAr1.1-002614",12.2293504280086,29.3314136451242,12.4359082092369,3.04484113202877,9.79443249326917,2.26166955621114,13.158955595426,26.7779856138153,-0.133625049980955,3.77534076560171,0.827990567860316,1
"2696","PmetTSAr1.1-002617",72.3420030833301,67.5871924966755,58.7750338558231,77.5243029093933,63.5727848819627,70.8467988483138,90.3735278392869,64.3690690124906,0.0660284690975135,6.14446838306818,0.861665657149094,1
"2697","PmetTSAr1.1-002618",82.5481153890579,83.5618062161803,55.3705266654616,63.491556822652,73.5128594940909,59.0295754171106,75.6849484246474,83.1646107118282,0.0321055998205297,6.17209668785731,0.933596485854539,1
"2698","PmetTSAr1.1-002619",83.5372540266174,86.4770988502798,61.0919901381524,69.1576090161664,77.4087861735697,65.9842093024599,80.9443399126281,84.8346964953537,0.0421425405942562,6.25252970576643,0.911889690477298,1
"2699","PmetTSAr1.1-002620",44.6011603845019,44.2351035398576,36.7875915847388,47.6054291772845,40.8162038102407,56.2307593412994,50.9804760568015,45.573527313153,0.160296577875106,5.52107427727773,0.602805255700277,1
"2700","PmetTSAr1.1-002621",22.5703452752217,7.94268503372023,25.3446646393573,13.0001477897924,19.0062965111023,8.56607344414968,2.13728259670931,4.33090042168472,-1.01742146472598,3.68783206512724,0.0571683435723374,1
"2701","PmetTSAr1.1-002622",35.0244999390393,35.1917467973447,31.0661281120481,29.0451367116135,29.5289395986665,35.1689615990832,38.5968092464564,33.2035698995829,0.0670958153670655,5.06249604143621,0.81899833988425,1
"2702","PmetTSAr1.1-002623",83.4922931794556,88.8271816879724,70.5016697337347,62.3795278874763,80.4308601398944,66.606168430418,87.670493966978,74.5311164071626,0.0190076901086248,6.26428240312208,0.96050499370198,1
"2703","PmetTSAr1.1-002624",84.7511968999859,85.2574356054015,68.6575616722889,63.7033718579236,76.0980071038385,66.2669179969863,87.4190489556005,75.578458339204,0.0142728944023192,6.24846565469098,0.970316200428173,1
"2704","PmetTSAr1.1-002625",57.4599626727756,82.699117579559,60.7609963835339,57.6931202320929,56.3634999984412,62.5068923597853,69.2940543854676,76.7390264260607,0.0346300475621859,6.03353277083545,0.924846207359269,1
"2705","PmetTSAr1.1-002626",28.3702945590934,27.6952800239458,41.2796496831324,26.6357406853995,33.1335820404273,33.0486463901352,32.6878514790836,29.9483179486434,0.0558872718595524,4.98446571667693,0.852348004715491,1
"2706","PmetTSAr1.1-002627",93.2937578607272,93.3488600592288,105.823431833735,97.7526387778279,95.8689247389506,121.055862996201,150.720330569903,112.744943657322,0.30000394633079,6.76677672823658,0.448436046074579,1
"2707","PmetTSAr1.1-002628",38.3066417818504,33.4663695241021,43.7857452538151,40.2183798221887,44.4572567817162,42.5193876567694,31.4096726712476,39.063023411274,0.0153292664174771,5.29318018160349,0.960210282193918,1
"2708","PmetTSAr1.1-002629",35.7888343407898,30.5510768900025,48.7506515730922,45.5667094627957,32.1869082678437,42.1235954844324,41.0064906054914,34.2509118316243,-0.102820924939669,5.27941389800041,0.740392334477475,1
"2709","PmetTSAr1.1-002630",49.7266969609466,46.1984638852716,68.3738527397588,45.1430793922526,59.4219844944806,43.9894728683066,48.9479622148329,50.4139454315065,-0.0464552582795547,5.68878294515831,0.88743788867191,1
"2710","PmetTSAr1.1-002631",55.9762547164363,60.536943983598,54.5666846899596,46.5728308803357,56.8732474144477,58.8316793309422,61.2268602704373,58.3397762685766,0.112388193430628,5.82471308953397,0.731119936488424,1
"2711","PmetTSAr1.1-002632",65.6877977033843,64.7611435146403,27.4724816333332,41.1715474809107,48.6080571691983,72.005904495872,85.7217951288019,59.9249424359906,0.419409889272219,5.86398016628991,0.279437370970466,1
"2712","PmetTSAr1.1-002633",3.82167200875268,3.00453628616383,99.0144174530117,13.185485945655,12.6344538110201,9.951346047329,2.07442134386492,7.67107198873568,-1.87992785505757,4.24158472485318,0.0225969073340787,1
"2713","PmetTSAr1.1-002634",54.0878991356409,39.772920936644,64.8274910831323,50.5178859122686,62.043542633943,46.0815172078019,29.9219563539304,39.4310084144237,-0.237376980012327,5.59647811791483,0.489314674899324,1
"2714","PmetTSAr1.1-002635",32.5966141923023,21.5077201474896,43.4074666771083,75.6444444713582,62.8445742876676,69.263630158966,22.7557735296697,21.8243413406465,0.0285896980907768,5.45257503358496,0.950392686969328,1
"2715","PmetTSAr1.1-002636",9.39681705681541,10.4415072915199,25.297379817269,30.4219344408787,9.32109560697735,10.7146595225503,7.69002659796389,18.9370743928567,-0.695719434537855,3.93876196594675,0.0965445412492609,1
"2716","PmetTSAr1.1-002637",12.4541546638176,12.3751197529124,19.2449225899598,13.0001477897924,11.7970116275807,13.71137168453,13.808521874818,13.5871385778344,-0.107680942874105,3.78704991806899,0.714425188733188,1
"2717","PmetTSAr1.1-002638",44.9608471617962,57.8893823056913,34.4233504803212,39.6888422340098,40.5977406319521,32.0026242203876,41.0064906054914,44.9790900003727,-0.158444579875059,5.39253858226369,0.614531855865402,1
"2718","PmetTSAr1.1-002639",32.9113401224348,36.5304015783088,22.1292967373493,20.8108272154314,32.1140872084141,23.2951964289747,31.0953664070257,26.0986286849236,0.00275214322759145,4.81682737790014,0.993962501139887,1
"2719","PmetTSAr1.1-002640",72.7916115549481,72.7038285483605,66.2460357457829,55.8132617940577,75.4426175689729,56.7113641219942,57.3713700959813,70.341748678997,-0.0420795849554388,6.04406705278915,0.908815823428584,1
"2720","PmetTSAr1.1-002641",6.51932283846045,3.65898973463516,3.73550094497991,7.30761871686904,6.00773740293462,5.93688258505423,2.03251384196866,7.13324775336307,-0.0117255901589995,2.41962459956918,0.982101081968524,1
"2721","PmetTSAr1.1-002642",56.1560981050835,35.6082171736446,50.594759634538,106.542962741598,48.9721624663458,86.0565266138337,47.0830783804492,52.5369358342931,-0.0853278659935837,5.91912425665977,0.836650144628612,1
"2722","PmetTSAr1.1-002643",27.5160384630193,29.8668755575098,28.3236084309236,29.5481974203835,32.6602451541355,31.4654777007874,29.6286038406565,28.3631517812294,0.0831371637182046,4.89404323873797,0.769115350136702,1
"2723","PmetTSAr1.1-002644",65.1482675374427,56.1342571484273,69.0358402489957,70.4284992277958,76.1344176335533,59.708076283974,52.4681923741188,58.6511481943186,-0.0784700996855971,5.98915411076856,0.823578322298445,1
"2724","PmetTSAr1.1-002645",36.3283645067313,33.5556131761664,41.5633586156625,49.829487047636,41.1074880479587,50.2373350173399,48.5917484487146,49.3949100381689,0.231289419503159,5.45590934291876,0.452276694255228,1
"2725","PmetTSAr1.1-002646",40.7794883757492,39.772920936644,427.407506856625,99.6324972158631,61.5702057476512,75.6245757858099,20.9118434462342,68.5018236632486,-1.42279839365144,6.70445223701335,0.037116805963936,1
"2726","PmetTSAr1.1-002647",34.6648131617449,38.6425013438299,33.4303692164657,36.5116167049363,33.2792241592863,39.8901967976739,37.737705457583,37.1381787794141,0.0474082290897508,5.18888315617157,0.871172292547015,1
"2727","PmetTSAr1.1-002648",46.8941635897535,43.699641627472,48.0886640638552,56.3692762616456,46.2413727377392,57.1071562943312,47.1459396332936,49.1967642672421,0.0338209704519513,5.6266150939569,0.914589748729759,1
"2728","PmetTSAr1.1-002649",43.7469042884277,44.1458598877934,43.0764729224898,50.8356084651759,43.9839198954244,58.6055123753211,52.9291748949776,46.2245777033409,0.15006547767228,5.5852495529504,0.630488986294012,1
"2729","PmetTSAr1.1-002650",40.9143709172346,39.6539294005583,41.7997827261043,46.1227239303836,44.6028989005752,48.5128119807289,47.5021533994118,46.1396580872294,0.148439215781763,5.47477054107893,0.61796160951549,1
"2730","PmetTSAr1.1-002651",81.6488984458219,47.4776228981929,43.7384604317267,45.0636487540257,51.4480784869492,42.0387828760745,46.4125583501091,49.8195081187262,-0.199752912899347,5.67270072425831,0.556500580448243,1
"2731","PmetTSAr1.1-002652",89.7418509349453,59.4362722748053,54.9449632666665,50.4649321534507,62.8081637579528,51.8487745761403,50.3937710302539,62.5008374580383,-0.16183776716137,5.914591611209,0.650164715207536,1
"2732","PmetTSAr1.1-002653",84.7961577471477,84.246007548673,72.1093536847387,100.903387427492,87.7493766125602,90.3819696400875,90.8345103601457,82.2304949346021,0.0379506692234942,6.4383197502573,0.920981255576373,1
"2733","PmetTSAr1.1-002654",26.7966649084306,30.4618332379383,24.1625440871485,33.7580212464059,32.6238346244207,27.0834929356284,27.7427662553248,28.1933125490064,0.0048955501061007,4.853850346754,0.986371309997934,1
"2734","PmetTSAr1.1-002655",48.0181847687984,44.5920781481147,65.725902702811,41.5951775514539,55.489647285287,52.6403589208142,50.8128460492165,53.2729058405925,0.0863669870743878,5.68860426787518,0.791120113172427,1
"2735","PmetTSAr1.1-002657",47.3887329085332,16.1531010236333,58.7277490337347,46.5728308803357,63.2450901145299,42.3780333095062,6.97759906572746,16.7574709126625,-0.384555518576589,5.22159204733008,0.475170995865843,1
"2736","PmetTSAr1.1-002658",64.4738548300158,57.1754330891771,60.1462936963853,61.4793139875721,53.5234786806902,68.641671031008,80.2528661313398,53.2162927631848,0.0716775516476403,5.96412691953899,0.838989432965167,1
"2737","PmetTSAr1.1-002659",45.5003773277378,24.1850297094178,28.7491718297188,76.0945514213102,33.6069189267191,58.8599502003948,23.3215248052692,30.9390468032771,-0.250830793258789,5.32990586743068,0.540708661055473,1
"2738","PmetTSAr1.1-002660",47.7933805329894,24.6609958537606,31.3498370445782,80.9662972325563,33.3884557484306,56.7113641219942,23.3634323071655,33.3167960543982,-0.332544421122128,5.37530908949151,0.414243535612325,1
"2739","PmetTSAr1.1-002661",90.011616017916,86.5068467343013,90.6450039433732,53.7745420795689,93.7935245452096,76.6423270861049,84.1712175586402,73.6253071686403,0.0325530566626221,6.34344944164896,0.934040951267579,1
"2740","PmetTSAr1.1-002662",6.38444029697506,6.36604718058476,6.99815366907628,4.34220822306711,8.19236918581994,5.14529824038033,4.9450852237588,5.15179004409555,-0.0397261256620094,2.58342767641913,0.900213345844021,1
"2741","PmetTSAr1.1-002663",68.9249786990336,63.3927408496547,42.4617702353412,54.5158947030194,67.6871747397301,64.6554784381859,66.0462229885073,71.445703688446,0.23477564153043,5.96477160294699,0.505071357206403,1
"2742","PmetTSAr1.1-002665",73.0613766379189,63.3332450816119,177.980070340562,86.2087193555275,81.377533912478,71.5252997151772,77.4869710061866,70.5115879112199,-0.412603577712165,6.45502312445549,0.341011955736923,1
"2743","PmetTSAr1.1-002666",31.9222014848753,31.9492274390095,29.4111593389557,39.8741803898724,45.2946989651556,41.840886789906,36.773832913969,35.4680929958886,0.258692651060585,5.19503705958852,0.385040415400155,1
"2744","PmetTSAr1.1-002667",76.6132835637008,78.2369349763454,71.7783599301202,50.0677789623165,72.456954132363,60.2452228035741,65.6061942185966,67.1148032667613,-0.0599160089172855,6.08367860427523,0.873908489567469,1
"2745","PmetTSAr1.1-002668",25.9873696595182,26.8920871553674,17.9209475714859,16.4950958717732,25.4873708003287,21.9664655647007,24.8301948735346,27.0610510008536,0.186584667309375,4.54799222870539,0.533478066052661,1
"2746","PmetTSAr1.1-002669",30.7532194586686,29.4801530652313,11.8684903441767,23.1937463622365,26.03352874605,34.5187316016725,42.1589469076386,30.4295291066083,0.482189590704589,4.83937903931049,0.160166057840968,1
"2747","PmetTSAr1.1-002670",37.5423073800998,39.5349378644726,29.4111593389557,47.9231517301919,41.65364599368,42.1801372233377,35.1394403400149,35.3831733797771,-0.00121413379541194,5.27281197847198,0.998470767839679,1
"2748","PmetTSAr1.1-002671",36.6430904368639,39.4754420964298,60.240863340562,28.6744603998883,41.7992881125391,33.1334589984931,29.5028813349677,36.2323695408918,-0.230086254261884,5.25783735951389,0.481753264287155,1
"2749","PmetTSAr1.1-002672",24.5486225503407,25.880659098639,21.0890306514055,39.2916890428756,25.6694234489025,32.907292042872,27.4913212439472,27.315809849188,0.0321528051463055,4.81214431459151,0.916596151153005,1
"2750","PmetTSAr1.1-002673",34.0803221486415,34.7455285370233,30.8297040016063,28.4626453646167,32.9879399215683,27.6206394552285,34.4060590568303,31.6750168095765,-0.0160339072271675,4.99601900383546,0.956119228411539,1
"2751","PmetTSAr1.1-002674",92.1247758345205,112.090026992726,100.338392471486,96.6406098426522,103.187441211616,114.864542586073,94.3756942703798,114.726401366589,0.0904121619833001,6.69496798882101,0.81561217129628,1
"2752","PmetTSAr1.1-002675",167.928764149309,170.03890506646,258.364267890762,182.478652886454,170.765384362202,199.309629641106,191.182023650743,186.341944287258,-0.0589529038178489,7.57636372924795,0.887038262763688,1
"2753","PmetTSAr1.1-002676",81.6488984458219,92.3671798865218,104.972305036144,83.6139851734508,89.3150293902947,82.4943970628012,90.3525740883387,76.5691871938377,-0.0981983535959349,6.45492547032242,0.797196951901556,1
"2754","PmetTSAr1.1-002677",98.4192944371719,90.5228110771935,129.5131277,90.7892194932752,108.794662787689,119.500965176306,119.499241657188,107.819605922857,0.154967316842075,6.75712000022226,0.694022497212268,1
"2755","PmetTSAr1.1-002678",75.4443015374941,86.8340734585369,51.2094623216866,56.9252907292335,76.1344176335533,71.3274036290087,80.3995423879767,71.6155429206689,0.147210579855057,6.15585821888119,0.701324475205004,1
"2756","PmetTSAr1.1-002679",21.6711283319858,22.7571312763894,34.1869263698794,22.981931326965,27.9996973506468,30.3063720532292,26.9255699683477,23.7774925112102,0.102225671653964,4.72160850593444,0.73207232531438,1
"2757","PmetTSAr1.1-002680",27.7858035459901,23.0248622325823,25.0609557068272,125.023824569042,48.8265203474868,126.823120364539,22.6510047749291,32.5808260480988,0.20018964518129,5.75622704187599,0.735642822597058,1
"2758","PmetTSAr1.1-002681",117.212928550803,31.0865388023882,31.3971218666665,26.0532493384027,47.9162571046179,29.0059120584078,23.6986923223356,27.3724229265956,-0.684593536475386,5.38375231213235,0.138683311509892,1
"2759","PmetTSAr1.1-002682",114.245512638124,31.1162866864096,28.6546021855421,26.2650643736742,47.5521518074704,28.4122237999024,24.0968135903501,27.1742771556688,-0.654304562667762,5.35665053947742,0.156194275656319,1
"2760","PmetTSAr1.1-002683",41.4539010831761,48.9352692152426,42.1780613028111,37.5177381224762,41.6172354639653,36.2715255077361,41.6141493829872,38.8648776403472,-0.102985189320827,5.36166059873899,0.729194146297905,1
"2761","PmetTSAr1.1-002684",61.4614780701754,74.280466401496,59.0114579662648,54.1452183912942,59.1671107864773,53.912548046183,59.8229589569126,59.2738920458027,-0.100361264901321,5.91158018980245,0.767455718087161,1
"2762","PmetTSAr1.1-002685",20.1424595284847,14.7252025906049,14.1381618044176,16.2832808365017,20.681180877981,26.3201794604071,14.940024426017,12.4548770296816,0.188156804749357,4.13099443843513,0.558703722075999,1
"2763","PmetTSAr1.1-002686",69.6893131007841,70.8594597390322,94.1913655999996,59.4935480319012,76.7533966387041,74.8895331800412,76.5021447116245,68.8415021276944,0.0136030121436989,6.20866614832068,0.971875323140749,1
"2764","PmetTSAr1.1-002687",33.2710268997292,30.8485557302168,38.3007058915661,28.8597985557509,36.6654034227586,27.818535541397,24.4739811074164,28.5329910134523,-0.160091352543372,4.9611477483236,0.589140969374518,1
"2765","PmetTSAr1.1-002688",35.8337951879516,30.6700684260882,36.2201737196786,27.4035701882589,36.3377086553258,26.7725133716493,23.3215248052692,26.1835483010351,-0.208515478181617,4.92575496007691,0.485649620564392,1
"2766","PmetTSAr1.1-002689",46.7143202011063,38.1070394314443,45.8189926036143,42.8660677630833,47.0059938617491,48.3997285029183,37.5072141971536,38.0722945566402,-0.0210713207235538,5.43025147135551,0.944946497992711,1
"2767","PmetTSAr1.1-002690",7.1937355458874,7.25848370122748,14.5637252032128,9.98178353717257,5.97132687321986,6.36094562684382,6.9356915638312,6.6520365953981,-0.586597944872839,3.0295965084798,0.0646169159635557,1
"2768","PmetTSAr1.1-002691",147.381656996368,137.970686091365,140.057643025702,122.693859181055,143.348255486991,128.688997748414,114.428433927741,134.937270001118,-0.0720469283845928,7.06334738347969,0.856294404738146,1
"2769","PmetTSAr1.1-002692",62.9002251793529,47.2693877100429,53.9992668248994,55.8397386734667,62.5532900499496,58.7185958531316,45.3648708027025,57.632112800981,0.0276367034576614,5.79681871457209,0.933552613982807,1
"2770","PmetTSAr1.1-002693",51.5700916945803,52.2670322256421,66.1514661016062,53.4038657678437,56.2178578795821,56.654822383089,51.4414585776604,48.8570858027963,-0.0674667859865834,5.77157822131032,0.834609687130617,1
"2771","PmetTSAr1.1-002694",75.4892623846559,81.2712191465306,71.6365054638552,80.3308521267416,76.025186044409,98.3543548257318,121.573663001053,99.8088554696754,0.358316369080514,6.46158883488646,0.355654870276986,1
"2772","PmetTSAr1.1-002695",30.5284152228596,32.9904033797593,33.2412299281123,25.1795123179075,30.1843291335321,34.9710655129147,38.6596704993008,35.411479918481,0.191802474437605,5.0316261962409,0.512538626932147,1
"2773","PmetTSAr1.1-002696",42.3081571792503,46.852917333743,40.0502443088352,27.6948158617573,42.6731408256932,42.7738254818431,58.5447801490766,52.1406442924396,0.322327627554457,5.46581801918978,0.31150741027185,1
"2774","PmetTSAr1.1-002697",43.8368259827513,48.5485467229641,41.232364861044,27.827200258802,41.4715933451062,43.0848050458221,57.3504163450332,51.6311265957708,0.261992298350821,5.47370212416093,0.413239368144834,1
"2775","PmetTSAr1.1-002698",26.9765082970777,21.537468031511,17.7790931052208,22.7436394122844,24.7955707357483,23.1538420817115,24.4320736055202,25.0512867528822,0.129884796527294,4.54669068613326,0.650724647130314,1
"2776","PmetTSAr1.1-002699",83.4473323322938,91.0285251055577,40.9959407506023,124.441333222045,86.4021870131143,88.5160922562133,102.484795887306,120.670774494392,0.227625548534415,6.52861570337846,0.597435525739858,1
"2777","PmetTSAr1.1-002700",296.291982796237,190.981415417543,238.457357791565,367.419655557941,303.627407291344,259.837561139207,218.589529890897,247.172695961771,-0.0869648928547303,8.05179222311797,0.840682095360175,1
"2778","PmetTSAr1.1-002701",55.0320769260386,43.8483810475791,34.943483523293,67.436611854585,50.0644783577885,65.3057084355966,68.4978118494386,67.4261751925033,0.320095774654831,5.82376921138915,0.361314514669055,1
"2779","PmetTSAr1.1-002702",17.8494563232331,16.8670502401475,13.381604651004,15.5419282130512,18.0960332682334,21.2031520894794,25.0187786320678,21.0600647956434,0.4241394929292,4.22469922093723,0.139434744511897,1
"2780","PmetTSAr1.1-002703",83.2674889436466,72.5550891282534,85.5855279799194,64.0210944108309,80.5036811993239,82.8619183656855,66.1928992451443,59.6701835876562,-0.0785406060041067,6.21698865374672,0.836256400605543,1
"2781","PmetTSAr1.1-002704",73.7807501925076,97.9597820825496,55.0868177329315,48.7704118712782,62.7353426985233,69.6028805923977,138.671923774728,82.7117060925671,0.36014230146883,6.29899383882791,0.400021661627004,1
"2782","PmetTSAr1.1-002705",52.514269484978,68.1524022930826,43.9275997200802,32.0370240848244,42.4546776474046,51.085461100919,103.616298438505,60.2080078230288,0.388587169888351,5.82838976316383,0.322143602449796,1
"2783","PmetTSAr1.1-002706",117.977262952553,139.75555913265,98.6834236983932,112.367876211566,109.814157619702,105.61996827506,130.814267169179,134.427752304449,0.0361153862369382,6.89175808090313,0.927814528748962,1
"2784","PmetTSAr1.1-002707",31.6973972490663,22.8166270444323,222.995220968674,32.9637148641375,34.1894874021552,49.5588341504765,26.0455124285262,38.2421337888631,-1.06812907300654,5.8412302086335,0.0763653589670624,1
"2785","PmetTSAr1.1-002708",35.1593824805246,26.8028435033031,248.245315963854,34.6317582669011,40.2700458645193,52.6686297902668,26.5064949493851,43.4222303716625,-1.08190416657405,5.98821122475088,0.0777276256411515,1
"2786","PmetTSAr1.1-002710",77.8272264370693,71.7816441436963,90.6450039433732,77.3389647535307,83.8898604627961,73.7586984019357,71.9761345068283,73.9083725556785,-0.0652883391173546,6.27980771697476,0.861860797261678,1
"2787","PmetTSAr1.1-002711",94.4177790397721,88.9759211080795,100.716671048192,71.3816668865179,95.1043036149408,88.855342689645,88.0686152349925,94.8552111965066,0.0455996177552039,6.49752721972141,0.905879642743119,1
"2788","PmetTSAr1.1-002712",46.3546334238119,48.7270340270927,29.8840075598392,29.5217205409746,40.4520985130931,30.0519342281555,32.9812039923574,31.590097193465,-0.193918188430731,5.18003616463298,0.53965459231375,1
"2789","PmetTSAr1.1-002713",68.4304093802539,62.8870268212905,57.9239070582327,43.0514059189459,63.6456059413922,55.4957167355307,51.0223835586978,51.5462069796593,-0.0671720604650975,5.82797181513674,0.842271740325534,1
"2790","PmetTSAr1.1-002714",78.4566782973344,87.9942409353725,67.6172955863451,71.4081437659268,78.6103336541566,86.3109644389075,110.17482248527,87.6936569044397,0.248090563660753,6.38545234475037,0.518405376223809,1
"2791","PmetTSAr1.1-002715",68.8800178518718,83.9187808244374,63.1725223100399,69.7930541219811,75.0421017421106,86.6502148723391,103.511529683765,81.2114595412645,0.277647692045611,6.30545183540872,0.465838377558178,1
"2792","PmetTSAr1.1-002716",34.8446565503921,37.0658634906944,57.4037740152608,42.0982382602238,43.8018672468506,48.9934167614237,42.075131903846,44.5827984585192,0.0663916724836702,5.45671480070262,0.832848689507764,1
"2793","PmetTSAr1.1-002717",37.6771899215852,31.5030091786881,46.7646890453814,52.265359953259,43.5105830091325,46.5903928579494,34.364151554934,41.3841595849874,-0.0205835552769433,5.38603342946423,0.948402662564336,1
"2794","PmetTSAr1.1-002718",54.6723901487442,37.1848550267801,130.175115209236,62.6707735609747,50.2465310063623,59.0861171560159,24.1596748431945,59.6701835876562,-0.559455816243396,5.90141915909059,0.206959863964478,1
"2795","PmetTSAr1.1-002719",56.7405891181868,70.5024851307751,23.689695866265,37.0411542931152,38.7408036164996,43.254430262538,127.252129507997,94.8552111965066,0.694005470510937,5.94467396210134,0.139955490181987,1
"2796","PmetTSAr1.1-002720",143.020454821674,141.540432173936,122.987822251807,97.69968501901,137.340518084057,90.3819696400875,118.116294094612,119.198834481793,-0.119626666920932,6.92293948118431,0.767528004923326,1
"2797","PmetTSAr1.1-002721",64.204089747045,60.8344228238123,54.755823978313,54.8865710147446,60.9148162127856,52.7817132680774,58.9009939151948,66.4071397991657,0.026348894475591,5.8892709521016,0.937824822926042,1
"2798","PmetTSAr1.1-002722",65.8226802448697,64.9693787027902,62.9833830216865,66.8011667487703,54.7250261612772,68.330691467029,68.078736830476,63.1235813095224,-0.0353551261901165,6.00937628981438,0.919299068954768,1
"2799","PmetTSAr1.1-002723",68.8800178518718,51.8208139653208,33.6195085048192,47.2612297449683,54.7250261612772,41.1058441841374,48.6755634525072,61.6516412969237,0.0323243576485072,5.67322788009724,0.925371382225157,1
"2800","PmetTSAr1.1-002724",232.897188298104,181.93805867503,44.5895872293171,8.47260141086266,14.0908749996103,3.30769172595879,5.07080772944758,245.587529794357,-0.803597558231099,6.52415922316099,0.446330038399305,1
"2801","PmetTSAr1.1-002725",42.1283137906031,46.6149342615716,20.8053217188754,32.6459923112302,45.7680358514474,52.103212401214,40.9226756016989,41.9502903590638,0.345585605688193,5.33753657469193,0.297572476298286,1
"2802","PmetTSAr1.1-002727",110.288958087886,131.783126214909,106.769128275502,95.5021040280675,121.392706068994,96.0361435306154,109.294764945449,110.848405564166,-0.0221810790099975,6.78528923618087,0.955149176613516,1
"2803","PmetTSAr1.1-002728",219.633738385375,144.247489619885,194.198764316867,157.961062553771,188.752186041291,182.290566230618,182.968153279076,181.218460781867,0.0382149806954447,7.50355120507122,0.926100285356245,1
"2804","PmetTSAr1.1-002729",82.1434677646017,68.3308895972112,124.548221380722,113.082751955608,82.8339551010682,61.121619756606,29.9429101048785,104.960645513771,-0.477001824514856,6.38232092693559,0.292722815294145,1
"2805","PmetTSAr1.1-002730",26.6617823669452,35.7867044777732,21.6091636943774,23.6438533121886,25.9607076866205,37.6850689803681,58.8800401642467,34.1093791381052,0.540460289938656,5.04957884948685,0.108413152042419,1
"2806","PmetTSAr1.1-002731",34.7996957032303,51.8208139653208,31.3971218666665,34.4464201110385,36.8474560713323,51.2833571870875,79.8337911123772,51.5745135183632,0.525971958519264,5.54155175949833,0.130013280428794,1
"2807","PmetTSAr1.1-002732",13.7130583843478,14.3682279823478,30.4041406028111,41.1980243603197,15.2196014207677,14.8139355931829,10.2254304626877,26.353387533258,-0.582235987470235,4.38170639616978,0.150443718131095,1
"2808","PmetTSAr1.1-002733",68.9699395461954,64.9991265868117,58.9641731441765,75.8297826272208,75.87954392555,70.9316114566718,70.0902969214965,71.9552213851148,0.103899912456782,6.1244587872211,0.778659034665398,1
"2809","PmetTSAr1.1-002734",69.5993914064606,41.3198109057581,153.155538744176,166.936724673403,126.599411818204,87.0177361752235,31.5563489278845,44.6960246133345,-0.572482286824846,6.4943736810538,0.286900696748359,1
"2810","PmetTSAr1.1-002735",67.7110358256651,64.8206392826831,79.8640645072286,57.163582643914,70.0538591711891,65.1078123494281,61.9183340517256,59.8117162811753,-0.0693202232074795,6.04138452559898,0.848569504282829,1
"2811","PmetTSAr1.1-002736",171.885318699547,164.119076146197,165.96972553012,151.368319580943,163.410457359822,164.112397172571,157.718883386578,153.98757054879,-0.0314901193195532,7.33655998873181,0.937509838751596,1
"2812","PmetTSAr1.1-002737",118.741597354304,104.950534827584,137.693401921285,120.919908260655,116.950621443794,133.495045555362,137.435652468788,128.172007250905,0.0976388791961518,6.96412677312145,0.804714233496475,1
"2813","PmetTSAr1.1-002738",43.7019434412659,47.2693877100429,40.5230925297187,50.0677789623165,46.1685516783097,49.0782293697817,52.7196373854963,46.7907084774173,0.101043401388233,5.55783524722582,0.742427054088556,1
"2814","PmetTSAr1.1-002739",30.3935326813742,28.40922924046,30.120431670281,29.5746742997925,28.9463711232304,34.4621898627672,35.4956541061331,29.7218656390128,0.118644945941157,4.95205755951492,0.678091381648556,1
"2815","PmetTSAr1.1-002740",41.9035095547941,46.4661948414644,33.0993754618473,37.6765993989299,38.9956773245029,41.1623859230427,47.3554771427749,45.4886076970415,0.120369824801791,5.37796917842801,0.689746726418154,1
"2816","PmetTSAr1.1-002741",75.3543798431705,77.2552548036384,127.810874104819,85.467366732077,67.250248383153,95.6120804888258,99.86557701879,96.2705381316977,-0.0272328266410329,6.50255776772393,0.94604883659825,1
"2817","PmetTSAr1.1-002742",110.423840629372,83.1155879558589,81.7554573907627,74.241169862684,95.067893085226,87.9224039977079,81.7615361996052,94.1192411902072,0.0380885038336273,6.4693736300525,0.921823986344555,1
"2818","PmetTSAr1.1-002743",37.1376597556437,36.2924185061374,64.3073580401604,41.2509781191376,48.498825580054,46.5055802495915,44.6733970214142,43.5920696038854,0.0344835854379325,5.50266652467344,0.915640654002968,1
"2819","PmetTSAr1.1-002744",44.3763561486929,50.3036718802282,39.62468091004,46.7846459156072,43.2192987714145,44.8941406907911,49.3879909847436,46.1679646259332,0.0202633020950965,5.51285232795346,0.946925810869424,1
"2820","PmetTSAr1.1-002745",27.6059601573429,29.8668755575098,23.9261199767067,29.9983043703356,23.0114547797253,26.1222833742386,31.0115514032331,27.5422621588185,-0.048933683495514,4.77879683122564,0.865350854573363,1
"2821","PmetTSAr1.1-002746",17.2649653101297,18.4436880932829,15.5094216449799,17.4482635304953,16.3119173122104,17.5279390606363,18.3345320796142,20.2674817119363,0.0769824408262848,4.1459270583109,0.786401004746483,1
"2822","PmetTSAr1.1-002747",23.604444759943,18.5626796293686,32.390103130522,23.6438533121886,27.6355920534993,22.2491742592271,20.4927684272716,26.6081463815924,-0.0174847337461485,4.61192210831821,0.954132421782919,1
"2823","PmetTSAr1.1-002748",44.1515519128839,36.3221663901588,69.745112580321,84.2229533998566,64.3738165356873,70.6206318926927,47.0621246295011,60.5476862874747,0.049195503381632,5.89947403844985,0.896935234833762,1
"2824","PmetTSAr1.1-002749",96.5309388563765,39.5051899804512,225.264892428915,191.348407488451,203.316397927193,209.374059166246,24.725426118794,73.3139352428983,-0.113845021596949,7.05493434761225,0.857840225729039,1
"2825","PmetTSAr1.1-002750",119.550892603216,130.682454506116,263.707452786746,162.938715882652,115.457789725489,127.077558189613,123.585223092074,165.253572952911,-0.349089022895377,7.23920691157359,0.422141206289466,1
"2826","PmetTSAr1.1-002751",52.739073720787,51.1663605168494,45.3461443827308,31.269194581965,46.0957306188802,34.1512102987882,38.3453642350788,48.0361961803855,-0.115347214600078,5.44124954046272,0.717036822205897,1
"2827","PmetTSAr1.1-002752",54.7623118430678,53.2784602823706,48.987075683534,33.7844981258148,49.5547309417819,35.4233994241569,38.1567804765456,50.2724127379874,-0.137868280728128,5.51039045646366,0.667685162982335,1
"2828","PmetTSAr1.1-002753",87.2240434938847,71.8113920277178,85.8692369124495,78.2921324122527,81.0134286153305,80.0065605509689,78.0527222817861,69.3227132856594,-0.067559059972021,6.30390992103625,0.857176760215826,1
"2829","PmetTSAr1.1-002754",58.0444536858789,58.6628272902483,61.3756990706825,34.9494808198085,60.0773740293462,45.3182037325806,54.3540299594505,50.017653889653,-0.0220156703507587,5.72534407093515,0.947870307788104,1
"2830","PmetTSAr1.1-002755",21.850971720633,18.5329317453472,16.7861118413654,23.5644226739618,21.2273388237023,15.5489781989516,12.4674818141376,15.3138374387675,-0.324082387714517,4.1873084935881,0.283971868900407,1
"2831","PmetTSAr1.1-002756",38.7112894063065,33.6448568282307,90.2667253666663,34.0227900404954,42.3090355285456,42.4628459178641,47.7326446598413,49.0835381124269,-0.114185787284615,5.56462800761775,0.760864440835835,1
"2832","PmetTSAr1.1-002757",65.0133849959573,55.1823248597417,77.9726716236945,48.6380274742334,67.0317852048644,56.6265515136363,59.7810514550163,54.8580720080065,-0.0503541377418108,5.92343723790494,0.884923551988348,1
"2833","PmetTSAr1.1-002758",128.947709660032,50.8986295606566,82.1810207895579,123.964749392684,145.132371443015,172.763283225078,31.6820714335733,79.6262933738505,0.153003664304645,6.67176534457174,0.768049332468229,1
"2834","PmetTSAr1.1-002759",72.1621596946829,69.7587880302395,82.0864511453812,70.0842997954795,53.6327102698345,88.5726339951186,55.234087499272,56.3300120206052,-0.212655769769689,6.09887487805865,0.579043089907807,1
"2835","PmetTSAr1.1-002760",6.38444029697506,6.87176120894897,1.89139288353413,4.95117644947286,4.18721091719686,7.40696779659147,12.1741293008638,6.59542351799046,0.594306467138701,2.67553946290667,0.146067425550764,1
"2836","PmetTSAr1.1-002761",207.269505415881,202.226115577641,194.435188427309,198.15296549655,203.498450575767,235.581155148842,259.302667983115,220.64946919629,0.196376892028326,7.749566588882,0.631744338324001,1
"2837","PmetTSAr1.1-002762",30.5284152228596,34.3588060447448,42.4617702353412,30.5807957173324,30.0022764849583,32.3418746538192,34.846087826741,30.7409010323504,-0.108053691587331,5.05707180828514,0.712707648540648,1
"2838","PmetTSAr1.1-002763",31.9222014848753,18.2949486731758,18.7720743690762,11.1997199899841,18.8242438625285,9.1597617026551,10.5606904778578,11.9170527943089,-0.667885418986125,4.03310547082045,0.066547609259085,1
"2839","PmetTSAr1.1-002764",94.6425832755811,105.010030595627,63.3616615983933,86.473488149617,85.3098711216716,102.877693938154,110.593897504233,91.7981050164938,0.160319529668149,6.53257582550185,0.683880042092343,1
"2840","PmetTSAr1.1-002765",158.666829633979,128.510858972552,40.6176621738954,44.6400186834826,56.2178578795821,40.7100520118004,85.5122576193206,227.924249643172,0.139966595077019,6.61342870430406,0.811483168890137,1
"2841","PmetTSAr1.1-002766",155.42964863833,120.359938750682,140.577776068674,153.804192486566,143.712360784139,153.001945477683,129.054152089536,139.013411574468,-0.0137003687690447,7.14902414434521,0.972801246324765,1
"2842","PmetTSAr1.1-002767",79.221012699085,98.5844876469995,84.4034074277105,74.3470773803198,89.3878504497242,87.3852574781078,100.850403313352,92.2793161744588,0.136306164224652,6.46550998371641,0.721567437712544,1
"2843","PmetTSAr1.1-002768",61.776204000308,40.3381307330511,38.3952755357428,49.5647182535465,51.0111521303721,56.1459467329415,47.9840896712189,51.914191982809,0.123494682351833,5.63524989158187,0.702989081852862,1
"2844","PmetTSAr1.1-002769",36.8229338255111,28.40922924046,40.286668419277,31.5074864966455,44.3116146628572,42.0953246149798,33.6517240226976,32.9771175899523,0.159704962614261,5.18248873878409,0.598733105055133,1
"2845","PmetTSAr1.1-002770",44.2864344543693,24.8692310419105,139.159231406024,28.0919690528915,37.4300245467684,23.4365507762379,18.5231158381474,26.3250809945542,-1.16072397745803,5.41898371988877,0.0175996501706859,1
"2846","PmetTSAr1.1-002771",27.2462733800485,26.8325913873245,29.0328807622489,24.438159694457,29.0556027123747,27.6206394552285,26.3179111908519,29.6652525616052,0.0671634289701919,4.78585779711451,0.812568122570856,1
"2847","PmetTSAr1.1-002772",20.8618330830734,30.0751107456598,20.0014797433734,22.452393738786,18.8242438625285,19.0262951416262,35.1813478419111,27.7687144684491,0.11023170101627,4.60554117418886,0.729836590254929,1
"2848","PmetTSAr1.1-002773",31.112906235963,31.9492274390095,33.2885147502007,36.2733247902557,37.1751508387651,34.4339189933145,36.6481104082802,35.3548668410733,0.114642511052325,5.11241059955576,0.689806648893433,1
"2849","PmetTSAr1.1-002774",29.8090416682709,28.4984728925243,33.0993754618473,33.3608680552717,34.7720558775913,27.8750772803023,30.2572163691004,29.4954133293822,-0.0277957833562448,4.95213638315033,0.923629822904887,1
"2850","PmetTSAr1.1-002775",108.89517182587,123.87018906521,198.312543838553,116.445315640544,121.065011301561,120.264278651527,121.846061763379,125.709338383672,-0.16333407471162,7.01798243484085,0.691262844437943,1
"2851","PmetTSAr1.1-002776",27.1563516857249,26.445868895046,32.9575209955822,24.411682815048,30.2935607226764,24.1150516431012,18.2088095739254,24.9097540593631,-0.186438298230495,4.70681011966229,0.531186863445361,1
"2852","PmetTSAr1.1-002777",125.620606970059,126.606994395181,120.529011503212,129.260125274473,125.579916986191,171.547635838615,155.225387023751,129.955319189246,0.214053008318147,7.08328400197478,0.592497504194055,1
"2853","PmetTSAr1.1-002778",42.7577656508682,25.9104069826604,102.22978535502,56.2368918646009,56.1450368201526,41.3885528786638,23.3424785562174,43.5354565264778,-0.466132911437785,5.61423037169489,0.273544700761232,1
"2854","PmetTSAr1.1-002779",128.632983729899,149.126142599399,109.653502422891,105.907517635783,125.434274867332,132.222856429994,136.953716196981,142.183743909296,0.121838370208471,7.00930748970224,0.759993562858815,1
"2855","PmetTSAr1.1-002780",29.6741591267855,29.1529263409956,24.2098289092369,21.8434255123803,26.179170864909,32.5114998705351,36.4595266497471,30.6842879549427,0.263307109728959,4.85325487978804,0.369259311610594,1
"2856","PmetTSAr1.1-002781",47.7484196858276,49.8574536199068,39.2936871554215,36.7499086196168,43.437761949703,52.2445667484772,58.0209363753734,48.8570858027963,0.222355542340279,5.55740916349456,0.480101009674252,1
"2857","PmetTSAr1.1-002782",25.4028786464149,25.3154493022319,17.400814528514,20.2548127478435,22.6473494825778,25.5568659851858,30.3829388747892,25.2777390625128,0.233136472146068,4.59078476303386,0.424930696906872,1
"2858","PmetTSAr1.1-002783",33.0462226639202,25.0179704620177,99.9601138947787,48.2938280419171,64.8107428922644,38.8724454973789,18.1669020720291,25.0512867528822,-0.490071933598007,5.46560665580959,0.294255177551234,1
"2859","PmetTSAr1.1-002784",31.337710471772,25.672423910489,34.2342111919677,28.3037840881631,35.9371928284635,33.614063779188,29.0838063160051,28.7594433230829,0.0919826917819662,4.95072665229608,0.752274251219126,1
"2860","PmetTSAr1.1-002785",84.2116667340443,71.9601314478249,92.8673905815258,60.1819468965338,89.8975978657308,68.8961088560817,61.7926115460369,73.3988548590097,-0.0728099987101532,6.23751246422254,0.850215218336619,1
"2861","PmetTSAr1.1-002786",24.9532701747969,19.3361246139257,106.627273809237,60.552623208259,30.3663817821059,47.5798732887918,27.8894425119617,25.2777390625128,-0.689285701824767,5.42175394788335,0.141078764093034,1
"2862","PmetTSAr1.1-002787",55.3018420090094,30.1941022817455,72.5822019056222,51.9741142797606,71.6559224786384,42.0670537455271,15.2124231883427,24.287010207879,-0.455385379883533,5.50616644183957,0.304424137282001,1
"2863","PmetTSAr1.1-002788",24.8633484804733,26.7433477352603,27.9453298542168,21.9228561506071,26.9437919889189,23.0690294733536,23.5310623147506,22.701844040465,-0.0761811791000256,4.63068431245845,0.788427389875668,1
"2864","PmetTSAr1.1-002789",96.8906256336709,99.7744030078564,112.065028349397,107.99919110909,100.602293601869,103.443111327207,109.127134937864,90.4676976974142,-0.0460194033946049,6.68099211089306,0.905197352705696,1
"2865","PmetTSAr1.1-002790",85.0209619829567,85.0194525332301,48.3723729963854,44.0045735776679,66.9225536157202,47.4385189415286,72.2275795182058,68.9264217438059,-0.0383931661129951,6.01796876434061,0.921735829036852,1
"2866","PmetTSAr1.1-002791",53.5034081225375,60.7749270557694,46.3391256465862,53.9598802354315,43.9839198954244,78.5082044699791,69.5035918949489,68.7848890502868,0.281328172538754,5.89456197728339,0.422758590459408,1
"2867","PmetTSAr1.1-002792",108.670367590061,118.634561477439,147.00851187269,95.3432427516138,111.234168278577,113.140019549462,131.987677222274,118.038266394937,0.0146035517553033,6.88345305151182,0.971072229018512,1
"2868","PmetTSAr1.1-002793",23.829248995752,22.1026778279181,34.0450719036143,32.3017928789139,28.4002131775091,26.2636377215018,26.4645874474888,22.1640198050924,-0.120294497306924,4.75515534856564,0.686925524985933,1
"2869","PmetTSAr1.1-002794",89.6519292406217,101.618771817185,103.790184483935,88.3268697082432,91.5360717028947,115.938835625273,122.558489295615,102.299830875612,0.173403474524875,6.67284925326543,0.656198300199654,1
"2870","PmetTSAr1.1-002795",66.0924453278405,52.2372843416207,39.2936871554215,43.0249290395369,46.9331728023195,32.7659376956088,58.0418901263215,42.2616622848058,-0.156405971475485,5.57413530937644,0.641783853522832,1
"2871","PmetTSAr1.1-002797",35.2493041748482,35.5189735215804,42.7927639899597,61.0027301582111,35.1361611747388,51.6508784899718,60.2210802249271,45.6584469292644,0.142269615908095,5.52276753412158,0.670105067582303,1
"2872","PmetTSAr1.1-002798",125.980293747353,128.124136480274,104.215747882731,135.243900020895,111.015705100289,131.374730346414,128.216002051611,114.698094827886,-0.0243776516333647,6.93573366708931,0.950960399119713,1
"2873","PmetTSAr1.1-002799",60.4273785854541,60.2692130274052,53.006285561044,43.8457123012142,54.1424576858411,41.0493024452321,63.9927553955906,56.839529717274,-0.00994201559821467,5.76174609509763,0.976330594627452,1
"2874","PmetTSAr1.1-002800",27.4261167686957,14.1302449101764,54.755823978313,19.539937003802,32.8058872729945,19.5634416612263,16.9725382679857,20.2391751732325,-0.370255055461862,4.68456900154443,0.356937631092677,1
"2875","PmetTSAr1.1-002801",15.7812573537905,15.2309166189691,26.905063768273,15.7802201277317,21.5914441208499,18.6870447081945,22.3786060126034,19.7296574765637,0.162215132161375,4.29045511255377,0.597231451981114,1
"2876","PmetTSAr1.1-002802",87.9434170484734,88.0537367034153,108.991514913654,64.3652938431472,89.2422083308652,68.245878858671,74.7420296319815,77.7014487419906,-0.172627590533649,6.36568591693262,0.657206557880513,1
"2877","PmetTSAr1.1-002803",51.7049742360657,31.562504946731,41.9889220144577,33.4932524523164,42.5639092365489,36.9500263745994,30.7601063918556,34.9585752992198,-0.128043939963537,5.24980954256694,0.681419990743314,1
"2878","PmetTSAr1.1-002804",171.435710227929,91.117768757622,157.694881664658,75.1413837625882,148.336498057913,89.7034687732242,84.2759863133809,87.2690588238823,-0.274297859280288,6.82226991044312,0.53420671920865,1
"2879","PmetTSAr1.1-002805",122.922956140351,139.309340872329,103.742899661847,112.288445573339,114.911631779768,108.305700873061,131.191434686245,132.333068440367,0.0253359222172888,6.91516054663114,0.949175971676364,1
"2880","PmetTSAr1.1-002806",35.743873493628,33.1986385679093,29.5057289831324,22.955454447556,33.1335820404273,23.9454264263854,25.9197899228374,29.0708152488249,-0.115289459538599,4.86985082172793,0.700697879240958,1
"2881","PmetTSAr1.1-002807",10.4309165415367,12.9105816652981,7.61285635622487,10.5642748841694,9.97648514184294,10.8560138698135,17.4125670378964,14.8043197420988,0.353013236779296,3.57219519971156,0.26124860826539,1
"2882","PmetTSAr1.1-002808",68.2056051444449,62.1433297207549,62.9833830216865,54.8865710147446,67.1410167940087,64.4575823520174,67.596800558669,68.6433563567677,0.109855746398918,6.01274579098403,0.752544689783634,1
"2883","PmetTSAr1.1-002809",43.7918651355895,42.1527516583579,40.8540862843372,30.3160269232429,40.7069722210964,39.7488424504107,46.5801883576941,43.0825519072167,0.11515074981975,5.35631904099733,0.704035461386819,1
"2884","PmetTSAr1.1-002810",57.2801192841284,50.7201422565281,64.2127883959837,49.1940419418213,54.0332260966968,44.3852650406435,50.4566322830983,54.4334739274492,-0.122816775837746,5.73187293961224,0.701854105860264,1
"2885","PmetTSAr1.1-002811",9.08209112668284,8.89461732240581,7.66014117831322,23.935098985687,14.7098540047611,17.6127516689942,19.5079421327095,16.6442447578472,0.463230929621121,3.89094126460378,0.211424164828899,1
"2886","PmetTSAr1.1-002812",9.486738751139,8.62688636621299,8.74769208634535,20.0694745919809,13.3626644053152,18.2629816664049,16.7839545094525,14.0683497357994,0.41037689733968,3.78149311968314,0.227641418832323,1
"2887","PmetTSAr1.1-002813",26.3020955896508,24.4527606656106,29.6002986273091,26.0267724589937,19.7345071053974,24.3412185987224,33.1907415018387,24.0888644369523,-0.0688178306408088,4.70208474535595,0.815294130709577,1
"2888","PmetTSAr1.1-002814",61.2816346815283,60.2097172593624,77.4998234028109,70.5608836248406,50.5014047143656,72.8540305794512,94.2918792665873,65.8693155637931,0.0730769140875115,6.11268564002646,0.850618792990398,1
"2889","PmetTSAr1.1-002815",122.698151904542,134.014217516516,106.579988987148,99.182390265911,128.310706714798,120.914508648938,142.590275202028,133.635169220742,0.184190497040551,6.94900805541434,0.642070493910541,1
"2890","PmetTSAr1.1-002816",134.972463179712,136.126317282037,106.81641309759,137.812157323563,124.087085267886,116.786961708853,132.197214731755,126.105629925526,-0.0470941227851552,6.98785167372184,0.905268123167034,1
"2891","PmetTSAr1.1-002817",136.366249441728,142.165137738386,126.392329442168,121.528876487061,139.707202515516,110.821808254346,124.821494398013,140.258899277437,-0.0300393941367437,7.02589078791715,0.939773710309087,1
"2892","PmetTSAr1.1-002818",42.4430397207356,31.146034570431,34.4706353024095,37.2264924489778,42.5274987068342,27.2531181523442,27.4913212439472,33.2318764382867,-0.15506273624253,5.10972457184057,0.611601836701803,1
"2893","PmetTSAr1.1-002819",37.946955004556,29.3314136451242,74.8045885437748,43.6603741453516,46.0593200891654,44.6962446046226,31.9754239468471,34.3075249090319,-0.241848829050445,5.42276981281966,0.490960568559246,1
"2894","PmetTSAr1.1-002820",67.3063882012089,70.7702160869679,46.5755497570279,50.1472096005433,62.48046899052,56.4569262969205,58.0628438772696,61.9347066839619,0.0251068301481083,5.88944280925342,0.942103877730996,1
"2895","PmetTSAr1.1-002821",106.422325231972,99.1794453274279,66.9080232550198,72.7319877363741,89.9704189251603,63.2984767044592,66.2976679998849,87.2973653625862,-0.170072968259997,6.349975285702,0.666738073446462,1
"2896","PmetTSAr1.1-002822",48.1530673102838,35.8164523617946,63.45623124257,42.1511920190417,46.7511201537458,55.552258474436,48.7174709544034,45.2904619261147,0.0508749453395394,5.59372228747297,0.876720436918763,1
"2897","PmetTSAr1.1-002823",16.5006309083792,13.4757914617051,13.3343198289156,20.3607202654793,16.6760226093579,23.2669255595221,23.4262935600099,18.9087678541529,0.369464359322668,4.19489755159916,0.218109530568369,1
"2898","PmetTSAr1.1-002824",96.9355864808327,32.0384710910738,27.5670512775099,24.8882666444091,31.385876614119,25.1610738128489,16.6791857547119,23.1264421210223,-0.912764551888093,5.11923141053861,0.0335886239706595,1
"2899","PmetTSAr1.1-002825",87.9883778956352,32.0682189750952,32.390103130522,30.1836425261982,31.5679292626928,29.2320790140289,22.5462360201884,26.4949202267771,-0.733085785525959,5.19373093365609,0.0548125760365693,1
"2900","PmetTSAr1.1-002826",129.891887450429,176.196717058895,93.0092450477908,133.946532929857,109.850568149417,162.133436310886,230.700797938917,151.8362736073,0.296160074067037,7.21452212618115,0.495328234578833,1
"2901","PmetTSAr1.1-002827",53.8630948998319,44.9193048723504,69.745112580321,53.271481370799,55.7809315230051,63.0723097488381,55.7369775220271,61.8214805291466,0.0922992832693521,5.84134401666006,0.784107759024258,1
"2902","PmetTSAr1.1-002828",20.0525378341611,19.5443598020756,23.9734047987951,22.5583012564218,14.3457487076136,20.0723173113738,22.8395885334622,20.4939340215669,-0.146656515394747,4.36085659568556,0.615590422578381,1
"2903","PmetTSAr1.1-002829",73.1512983322425,47.9238411585142,74.0480313903612,77.6037335476201,72.0200277757859,94.0854535383833,62.6936228368065,65.5296370993473,0.110014158582249,6.14856291265518,0.777338565416603,1
"2904","PmetTSAr1.1-002830",49.0972451006815,54.5278714112704,24.7772467742971,34.0227900404954,34.5535926993028,56.8809893387101,69.6712219025339,56.8961427946817,0.424575733968212,5.57371415212973,0.241824031044438,1
"2905","PmetTSAr1.1-002831",61.4165172230136,72.1386187519534,29.7421530935742,42.7601602454475,45.5859832028736,69.0657340727976,100.117022030168,69.0396478986212,0.461858407024485,5.93802925769127,0.25118885642742,1
"2906","PmetTSAr1.1-002832",22.7052278167071,25.6129281424461,11.7739207,17.5012172893132,19.5160439271088,24.4825729459855,38.8692080087821,31.3919514225383,0.558154412167993,4.58842893591981,0.098251658182836,1
"2907","PmetTSAr1.1-002833",22.1656976507655,26.7730956192817,11.7739207,17.7395092039937,19.042707040817,25.8678455491649,38.3872717369751,29.1840414036402,0.519555575723879,4.58153708340105,0.124181336173488,1
"2908","PmetTSAr1.1-002834",45.9050249521939,48.9650170992641,23.689695866265,37.623645640112,38.1218246113488,52.6120880513616,74.7210758810334,58.1982435750574,0.517936506378588,5.5715326308174,0.144117746823568,1
"2909","PmetTSAr1.1-002835",84.4364709698533,96.7401188376712,46.7646890453814,68.6280714279875,68.3425642745956,94.9335796219624,132.951549765888,115.434064834185,0.473051369400547,6.46929854232169,0.260370276516652,1
"2910","PmetTSAr1.1-002836",3.68678946726729,5.97932468830624,2.64795003694778,3.33608680552717,4.76977939263294,5.65417389052784,6.8728303109868,6.02929274391403,0.571538456955957,2.30638868620712,0.0708269215246428,1
"2911","PmetTSAr1.1-002837",9.44177790397721,10.2630199873913,8.65312244216864,8.57850892849844,9.32109560697735,8.56607344414968,9.28251167002181,8.49196161114651,-0.0509523584483554,3.19156522341065,0.858753162132413,1
"2912","PmetTSAr1.1-002838",10.8805250131547,9.45982711881286,9.03140101887547,7.91658694327479,11.1780326224299,8.48126083579176,8.90534415295546,8.29381584021976,-0.0164846017153268,3.22118479571394,0.957455886111036,1
"2913","PmetTSAr1.1-002839",10.6557207773457,9.43007923479144,10.2608063931727,7.78420254623007,10.7775167955676,8.93359474703399,8.73771414537042,8.74672045948091,-0.0348764695714257,3.24364580667123,0.904995873496835,1
"2914","PmetTSAr1.1-002840",66.631975493782,69.6992922621967,62.3686803345379,63.9681406520131,66.3399851402841,71.7514666707983,65.187119199634,69.4925525178823,0.0544179110398045,6.06592342096458,0.881947578430451,1
"2915","PmetTSAr1.1-002841",7.1038138515638,7.73444984557027,6.66715991445781,11.7822113369809,7.31851647266581,10.0361586556869,11.6712392781087,10.2752735494873,0.237582632801629,3.19325657263303,0.445885732036567,1
"2916","PmetTSAr1.1-002842",31.112906235963,29.7478840214241,29.3638745168674,28.9657060733867,30.8397186683977,23.3800090373326,22.5462360201884,26.1269352236274,-0.212468163554785,4.7978844058063,0.459175433612194,1
"2917","PmetTSAr1.1-002843",50.4910313626972,41.7660291660794,50.7838989228914,42.5483452101759,53.559889210405,47.4385189415286,42.221808160483,39.8839130336848,-0.019335703457502,5.52804006750609,0.950178003284798,1
"2918","PmetTSAr1.1-002844",41.3190185416907,39.1184674881727,31.3025522224898,26.4504025295369,42.3818565879751,33.7836889959038,36.5014341516433,31.0522729580924,0.0566850592386526,5.14149614085551,0.853716958429985,1
"2919","PmetTSAr1.1-002845",30.663297764345,30.6105726580454,34.4233504803212,36.8822930166615,30.2571501929616,44.9224115602437,38.052011721805,34.9585752992198,0.160661345228827,5.13593417805262,0.590973049615945,1
"2920","PmetTSAr1.1-002846",37.4523856857763,34.4777975808305,34.8961987012047,37.3059230872046,34.8448769370208,42.3780333095062,36.8157404158653,37.8175357083058,0.075347983022973,5.21183988478494,0.796326253560691,1
"2921","PmetTSAr1.1-002847",65.2381892317663,71.7221483756535,64.5910669726905,60.4202388112143,67.7599957991596,69.9986727647347,66.632928015055,78.6638710579205,0.111662435978362,6.09150855892103,0.761840704563251,1
"2922","PmetTSAr1.1-002848",11.9595853450378,10.7984818997769,7.3764322457831,8.55203204908949,9.86725355269868,11.0256390865293,17.3497057850521,12.1151985652357,0.381595209226798,3.48553123619675,0.222959402469222,1
"2923","PmetTSAr1.1-002849",62.8103034850293,51.0473689807637,46.4809801128512,59.0699179613581,50.2101204766475,65.3057084355966,82.7254087432192,63.4632597739683,0.254442995578383,5.91187826172081,0.467634703318073,1
"2924","PmetTSAr1.1-002850",28.7299813363878,26.4756167790674,19.9541949212851,23.9615758650959,24.2130022603123,30.9283311811873,45.5115470593394,32.2694541223568,0.423701824298538,4.86182430291783,0.173326467791258,1
"2925","PmetTSAr1.1-002851",93.9681705681541,68.3606374812326,190.93611159277,97.3025318278758,91.208376935462,112.574602160409,105.397367269096,84.4100984147964,-0.194837113940041,6.72205467006698,0.653743445032648,1
"2926","PmetTSAr1.1-002852",88.4379863672532,65.5345884991973,175.379405125702,95.6344884251122,86.2201343645405,108.19261739525,103.67915969135,78.1260468225479,-0.175632651678604,6.64677007128662,0.683000666434386,1
"2927","PmetTSAr1.1-002853",101.521592891336,114.083135222161,128.189152681526,83.9846614851761,108.903894376833,99.3721061260268,105.418321020045,99.1861116181913,-0.0510665163949209,6.71616346817414,0.896526416430497,1
"2928","PmetTSAr1.1-002854",36.193481965246,25.9104069826604,63.9290794634536,34.6582351463101,58.475310721897,40.9362189674216,20.9118434462342,22.1074067276848,-0.174011390532761,5.24539815181441,0.664053490816065,1
"2929","PmetTSAr1.1-002855",40.7345275285874,40.9925841815224,57.2146347269074,49.4323338565018,52.9044996755394,53.4036723960355,45.3020095498581,47.0737738644555,0.0769040470418215,5.59818566565563,0.807657986142531,1
"2930","PmetTSAr1.1-002856",49.2770884893287,55.0930812076774,48.325088174297,43.8192354218053,65.0656166002677,62.4220797514274,43.0599581984082,51.9991115989205,0.179273671699465,5.71267648821958,0.582473219085813,1
"2931","PmetTSAr1.1-002857",34.3500872316123,42.8667008748721,36.8821612289155,33.4932524523164,48.3895939909098,44.2439106933804,31.1582276598701,40.5066568851689,0.154286319129591,5.28713726064902,0.613652945646801,1
"2932","PmetTSAr1.1-002858",99.0487462974371,55.4798036999559,142.70559306265,130.716353641965,90.7714505788849,118.454943006558,72.0180420087245,58.7077612717262,-0.332063607236111,6.58556401469713,0.450850527050178,1
"2933","PmetTSAr1.1-002859",51.3452874587713,41.6172897459723,63.7399401751002,51.312192294537,54.1060471561263,52.0466706623088,44.2962295043479,53.1596796857772,-0.0307228568911097,5.68675401221412,0.924276443864837,1
"2934","PmetTSAr1.1-002861",135.781758428625,134.10346116858,97.2648790357426,107.469653520911,126.745053937063,79.1584344673898,116.733346532035,103.149027036726,-0.156670141056832,6.81519411792852,0.697681318936491,1
"2935","PmetTSAr1.1-002862",25.3579177992531,19.6633513381613,14.8001493136546,14.7211449513739,19.0791175705318,15.6620616767621,16.8258620113488,17.0122297609969,-0.119948393215158,4.16566448558471,0.692300330742529,1
"2936","PmetTSAr1.1-002863",44.7360429259872,21.0020061191254,92.7255361152607,62.6972504403837,52.7588575566804,51.5377950121613,13.9551981314549,24.0322513595446,-0.636402110510477,5.5068241080239,0.182762412870287,1
"2937","PmetTSAr1.1-002864",144.234397695042,52.3860237617278,132.302932203212,100.003173527588,144.112876611001,26.9138677189125,24.8511486244828,84.6931638018346,-0.612461397687249,6.47120943513352,0.272613349135625,1
"2938","PmetTSAr1.1-002865",59.0335923234384,47.2693877100429,111.639464950602,84.4347684351282,55.489647285287,85.9717140054758,77.2983872476534,66.2373005669428,-0.0851851188602333,6.19927895155302,0.836404959211808,1
"2939","PmetTSAr1.1-002866",129.307396437326,135.114889225308,119.205036484738,130.901691797828,128.601990952516,151.022984615999,158.075097152697,140.06075350651,0.167218023273985,7.09383601323961,0.674038175549732,1
"2940","PmetTSAr1.1-002867",44.5112386901783,34.5967891169162,38.3952755357428,44.9047874775721,44.4572567817162,47.325435463718,37.1929079329316,41.92198382036,0.0733929465039088,5.38280686337845,0.807315512519928,1
"2941","PmetTSAr1.1-002868",19.2882034324106,20.7342751629326,26.7159244799196,19.7517520390736,23.1570968985844,18.884940794363,20.9327971971824,19.9561097861943,-0.0602197640937898,4.4083703188553,0.833990836018736,1
"2942","PmetTSAr1.1-002870",33.4958311355382,32.3062020472666,35.7946103208834,19.8311826773004,36.6289928930438,16.8777090632256,11.7341005309531,26.2967744558504,-0.408098058345064,4.73686184460733,0.268994293991973,1
"2943","PmetTSAr1.1-002871",46.9391244369153,49.4112353595854,39.3882567995982,27.1123245147605,46.0957306188802,34.0946685598829,37.6538904537905,39.1196364886816,-0.0530153505714568,5.32313252431079,0.867819100793332,1
"2944","PmetTSAr1.1-002872",71.3079035986088,83.2345794919446,62.4632499787146,64.1270019284667,49.7731941200705,55.1564663020991,84.9045988418248,84.7497768792422,-0.033909335665038,6.11957567456542,0.930997237841479,1
"2945","PmetTSAr1.1-002873",73.2412200265661,82.0149162470662,58.7750338558231,65.6361840547766,56.7640158253035,58.4358871586052,80.5252648936655,84.4384049535002,0.00258539664678917,6.130198669668,0.995007818789515,1
"2946","PmetTSAr1.1-002874",55.5266462448183,65.2073617749616,40.9959407506023,45.1166025128436,38.4131088490668,39.6074881031475,57.5180463526182,59.0474397361721,-0.0880719463115348,5.65088525021368,0.793867330060208,1
"2947","PmetTSAr1.1-002875",50.4011096683736,61.6673635764121,40.428522885542,43.8721891806232,41.362361755962,41.7843450510007,58.3771501414916,60.1513947456211,0.0384771540815559,5.63870931188207,0.907762653137751,1
"2948","PmetTSAr1.1-002876",85.4705704545746,80.7060093501236,45.2042899164657,81.8400342530515,67.9056379180186,84.3037327077701,80.5252648936655,88.910838068704,0.133363291961818,6.26540747210261,0.73543688116391,1
"2949","PmetTSAr1.1-002877",73.1962591794043,30.9377993822811,25.2500949951806,82.581386876502,59.9317319104872,78.4799336005264,35.0556253362223,44.7243311520383,0.0414368202936694,5.75041945160936,0.923752244175163,1
"2950","PmetTSAr1.1-002878",150.978524769312,117.652881304732,238.457357791565,258.996834378308,162.500194116953,188.481886640746,133.223948528214,151.949499762115,-0.268138002446677,7.45399039646325,0.539929063814051,1
"2951","PmetTSAr1.1-002879",22.1207368036037,20.2285611345684,22.4602904919678,23.432038276917,22.3560652448597,27.4510142385127,33.6098165208013,26.0703221462198,0.311741287258426,4.63133667880139,0.280413353445568,1
"2952","PmetTSAr1.1-002880",3.05733760700214,2.37983072171393,3.45179201244979,2.96541049380193,2.47591602060336,1.9506899922321,2.51445011377566,3.02879964130892,-0.243350283298911,1.47718217830458,0.362420868309577,1
"2953","PmetTSAr1.1-002881",94.9573092057136,76.7197928912528,120.907290079919,110.567448411758,108.612610139115,117.493733445169,73.0238220542348,103.77177088821,-0.00090272574399259,6.65554477206544,0.998427322228589,1
"2954","PmetTSAr1.1-002882",116.718359232023,59.1387934345911,64.0236491076303,74.7971843302719,75.7703123364057,67.8500866863341,48.7174709544034,40.7614157335033,-0.432925606398429,6.09848205423066,0.292346565606488,1
"2955","PmetTSAr1.1-002883",64.204089747045,66.8137475121185,139.348370694377,132.225535768275,75.9159544552647,151.588402005051,89.1791640352434,63.1235813095224,-0.0840204108326339,6.61266471930541,0.853493449342355,1
"2956","PmetTSAr1.1-002884",142.795650585865,146.538076689535,71.4946509975901,82.8991094294093,112.909052645456,80.3740818538533,106.717453578829,114.754707905293,-0.0974404264281835,6.746462835077,0.817800631222359,1
"2957","PmetTSAr1.1-002885",50.6708747513443,47.5668665502571,60.4300026289154,45.1960331510705,52.4311627892476,38.5331950639472,34.4479665587265,41.4690792010988,-0.288800741402776,5.53589546367959,0.361153860900371,1
"2958","PmetTSAr1.1-002886",78.2768349086872,77.9394561361311,63.8345098192769,71.9112044746968,69.9810381117596,83.4273357547383,85.0512750984617,82.3154145507136,0.135785592126718,6.26035269131724,0.71693528684468,1
"2959","PmetTSAr1.1-002887",33.0012618167584,32.6036808874808,26.6213548357429,31.1368101849203,30.3299712523911,35.1124198601779,35.160394090963,32.5242129706912,0.109833497416309,5.00567614190149,0.702393190792459,1
"2960","PmetTSAr1.1-002888",19.2432425852488,13.2675562735551,12.9087564301204,27.37709330885,13.981643410466,17.471397321731,11.6921930290568,20.7203863311975,-0.190065093192135,4.09988305122273,0.575326615487943,1
"2961","PmetTSAr1.1-002889",6.20459690832788,4.55142625527789,129.654982166265,23.7762377092333,24.0309496117385,16.9342508021309,2.28395885334622,10.1054343172644,-1.62156121885802,4.76530323411059,0.0473740698975035,1
"2962","PmetTSAr1.1-002890",22.5253844280599,21.7754511036824,16.596972553012,15.9390814041854,22.1376020665712,20.213671658637,19.2774508722801,20.6920797924937,0.0993900561300312,4.31871041708951,0.730863381919424,1
"2963","PmetTSAr1.1-002891",88.033338742797,89.2733999482937,145.731821676305,123.938272513275,102.095125320174,176.014433212132,183.135783286661,147.307227414688,0.445259969962964,7.04450935666451,0.293539995756743,1
"2964","PmetTSAr1.1-002892",84.7062360528241,73.7747523731318,72.3930626172688,83.2433088617256,82.1421550364879,93.1242439769935,92.7203479454775,93.7229496483537,0.2035340924412,6.40161770066937,0.590736975700982,1
"2965","PmetTSAr1.1-002893",98.5092161314955,89.5113830204651,106.343564876706,102.889153383163,87.4945029045569,73.6738857935778,84.6531538304472,87.4105915174015,-0.253503959809824,6.51361687645745,0.506692070474381,1
"2966","PmetTSAr1.1-002894",19.647890209705,16.6588150519975,10.8282242582329,14.668191192556,15.6929383070595,10.4319508280239,8.82152914916294,15.5402897483981,-0.293131554631405,3.81679751856497,0.365020255161176,1
"2967","PmetTSAr1.1-002895",178.134876455037,187.262929914865,202.71003229277,162.647470209154,149.46522447907,203.550260059002,228.291116579882,185.294602355217,0.0691466945841956,7.54869096941895,0.867118593700684,1
"2968","PmetTSAr1.1-002896",29.3594331966529,15.3499081550548,8.46398315381523,16.124419560048,14.7098540047611,10.7994721309082,12.9284643349965,15.2572243613599,-0.367846115780328,3.94755002902381,0.306532132185365,1
"2969","PmetTSAr1.1-002897",49.3670101836523,30.6403205420668,21.7037333385541,37.4383074842494,27.2350762266369,28.8645577111446,31.3468114184032,35.5530126120001,-0.177885088633559,5.03691656900157,0.583814921027467,1
"2970","PmetTSAr1.1-002898",103.050261694837,104.950534827584,108.849660447389,83.5875082940419,89.8975978657308,82.4661261933485,99.3626869960348,104.649273588029,-0.0893178402972103,6.60229603280997,0.817925922388332,1
"2971","PmetTSAr1.1-002899",58.4940621574969,29.8668755575098,77.4052537586342,56.3692762616456,50.5742257737951,43.6784933043276,26.7369862098145,28.8726694778981,-0.567735631855897,5.54048474279873,0.126055852297268,1
"2972","PmetTSAr1.1-002900",140.41272568629,151.476225437092,145.069834167068,145.17272979925,153.361151158549,145.368810725471,148.876400486467,144.448267005602,0.024370879413665,7.19805409998205,0.951266921694854,1
"2973","PmetTSAr1.1-002901",14.6572361747456,18.4436880932829,14.185446626506,23.6173764327797,12.7436854001643,17.4431264522784,18.7745608495249,17.7481997672962,-0.0889012307192113,4.11031266127486,0.773856854295617,1
"2974","PmetTSAr1.1-002902",223.860058018583,138.446652235708,217.037333385541,173.79423644032,167.342794569015,125.946723411508,115.22467646377,178.048128447039,-0.360595970718081,7.38811773296405,0.39383109170517,1
"2975","PmetTSAr1.1-002903",24.4137400088553,21.2994849593397,27.0469182345381,19.5928907626199,21.8099072991384,24.5108438154382,22.797681031566,23.0132159662071,-0.00249989843784128,4.53095955061792,0.992880993652476,1
"2976","PmetTSAr1.1-002904",30.4834543756978,24.3337691295249,39.8611050204818,32.1429316024602,33.9710242238667,33.8119598653565,20.4299071744272,19.8145770926752,-0.231445778939397,4.87812612035858,0.472378291026957,1
"2977","PmetTSAr1.1-002905",45.8600641050322,36.5304015783088,47.8049551313251,36.5910473431631,44.8577726085785,36.2997963771887,37.0252779253466,36.3455956957071,-0.109846221610977,5.32979767695738,0.716060401617145,1
"2978","PmetTSAr1.1-002906",90.1015377122396,94.3602881159572,98.9671326309233,115.756916775911,79.7026495455993,154.698197644842,148.562094222245,107.98944515508,0.298544185277941,6.79880550876775,0.46857611890493,1
"2979","PmetTSAr1.1-002907",27.6059601573429,15.8258742993976,32.6265272409637,38.7621514546966,33.6433294564339,17.8954603635206,7.33381283184568,14.7760132033949,-0.641809763336631,4.56098008702062,0.125964552260663,1
"2980","PmetTSAr1.1-002908",62.3157341662496,66.9327390482042,52.2497284076303,30.0777350085624,51.8121837840968,43.3957846098012,43.8142932325409,48.7721661866848,-0.171862384043319,5.64315707149275,0.617446819250686,1
"2981","PmetTSAr1.1-002909",59.3033574064092,54.9145939035489,47.3793917325299,40.5890561339139,55.7445209932903,44.2156398239277,50.1213722679282,47.7814373320511,-0.0310917606297711,5.64571046339937,0.92275356645984,1
"2982","PmetTSAr1.1-002910",61.8211648474698,46.7041779136358,57.829337414056,45.0901256334347,53.2321944429722,53.516755873846,45.9096683273539,40.0254457272039,-0.133798786898093,5.66022106176798,0.677544614952032,1
"2983","PmetTSAr1.1-002911",64.5188156771776,54.7361065994203,44.0694541863452,60.102516258307,52.4311627892476,56.7113641219942,43.3114032097858,75.6350714166116,0.0296393819581725,5.8202198112113,0.931842873267917,1
"2984","PmetTSAr1.1-002912",60.1576135024834,51.4043435890208,46.1027015361444,55.5749698793772,50.137299417218,59.5949928061634,43.667616975904,71.3607840723346,0.0758271597250042,5.77642058373416,0.820595979957143,1
"2985","PmetTSAr1.1-002913",14.4773927860984,11.1852043920555,25.6756583939758,47.6583829361024,22.5381178934335,15.8034160240253,9.70158668898442,16.6159382191433,-0.615953217570206,4.35873939830642,0.1481441728059,1
"2986","PmetTSAr1.1-002914",13.3533716070535,11.4529353482483,27.4724816333332,40.3772410986423,19.6252755162531,17.0190634104888,11.8598230366419,14.29480204543,-0.562241621310458,4.2846978200951,0.151262838232439,1
"2987","PmetTSAr1.1-002915",40.599644987102,37.9583000113372,184.978224009638,61.9558978169332,43.5105830091325,65.8145840857441,30.2572163691004,38.4685860984937,-0.870058745171742,5.97670570140388,0.0836123596041402,1
"2988","PmetTSAr1.1-002916",140.277843144804,144.33673327195,116.415231981526,91.7688640314061,136.648718019477,87.8941331282553,98.2521381957839,119.283754097905,-0.156709763002951,6.86931574081684,0.700891350632952,1
"2989","PmetTSAr1.1-002922",46.1298291880029,26.6838519672174,23.1222780012047,28.3037840881631,25.7786550380467,21.231422958932,30.026725108671,27.0893575395574,-0.254196359387035,4.83805097947801,0.421730815779212,1
"2990","PmetTSAr1.1-002923",259.918657442344,237.92357640335,309.053597169477,247.055761764873,250.468033907801,290.313558409152,272.985467352244,250.711013299749,0.0143682729401069,8.04910272161754,0.972503760746419,1
"2991","PmetTSAr1.1-002924",117.707497869583,122.888508892503,91.3542762746984,81.6811729765978,109.923389208846,96.7429152669313,121.804154261483,115.037773292331,0.100645978085154,6.74422887938637,0.799881750920355,1
"2992","PmetTSAr1.1-002925",12.8138414411119,12.0776409126982,18.6302199028112,16.2038501982748,11.5421379195774,18.3477942747628,15.9458044715273,14.8609328195064,0.0244247308539702,3.91789353055228,0.939029933925157,1
"2993","PmetTSAr1.1-002926",34.3051263844505,33.5853610601878,35.6527558546183,45.3813713069331,34.4807716398732,39.2965085391685,43.0809119493563,38.7799580242358,0.0634922039288161,5.25309826194601,0.832560112890834,1
"2994","PmetTSAr1.1-002927",19.423085973896,20.9425103510826,20.616182430522,23.7762377092333,16.8216647282169,24.5956564237961,28.7066387989388,24.1737840530637,0.154133900006838,4.48868847330762,0.602057500401784,1
"2995","PmetTSAr1.1-002928",52.9189171094342,49.0542607513283,33.1466602839356,54.7806634971089,54.0332260966968,51.0571902314664,45.8258533235614,63.4915663126721,0.174728776506892,5.66118683034204,0.595249472374124,1
"2996","PmetTSAr1.1-002929",8.04799164196152,7.88318926567739,6.33616615983933,16.1508964394569,11.906243216725,17.8389186246153,6.41184779012793,9.34115777226117,0.240247087974408,3.40037555511638,0.528029175769953,1
"2997","PmetTSAr1.1-002930",38.0368766988796,51.5233351251065,12.9087564301204,28.7803679175241,33.9346136941519,38.3070281083261,53.2644349101477,60.0381685908059,0.499000874985591,5.31017773351441,0.208921516503812,1
"2998","PmetTSAr1.1-002931",65.9126019391933,56.0152656123416,56.3162231072287,53.8274958383868,55.9629841715789,49.3326671948554,23.1538947976842,58.3680828072804,-0.313158724370706,5.71184846284732,0.384894234387189,1
"2999","PmetTSAr1.1-002932",28.4152554062552,21.2399891912968,33.6195085048192,45.4078481863421,37.1387403090504,35.8757333353991,24.0339523375057,24.456849440102,-0.0834240200092524,4.96961895023254,0.801450615262788,1
"3000","PmetTSAr1.1-002933",27.2013125328867,18.1462092530687,32.6738120630521,47.896674850783,33.169992570142,42.3214915706009,25.374992398186,26.4100006106657,0.0149862051118961,4.98695776080921,0.965797441556184,1
"3001","PmetTSAr1.1-002934",63.3048728038091,56.4019881046201,194.198764316867,72.4407420628757,81.1590707341895,60.3017645424794,44.7153045233105,69.1245675147326,-0.597548401265751,6.32629665535056,0.202981467004287,1
"3002","PmetTSAr1.1-002935",62.5405384020586,56.3127444525558,85.7746672682728,39.1857815252398,40.3428669239488,41.529907225927,52.4262848722225,68.6716628954715,-0.263979380613787,5.80475872043865,0.470475858190643,1
"3003","PmetTSAr1.1-002936",24.1889357730464,32.7226724235665,36.4565978301203,32.2753159995049,27.817644702073,36.045358552115,44.317183255296,35.8926910764459,0.197740247565453,5.07819396001688,0.517422013590839,1
"3004","PmetTSAr1.1-002937",30.0338459040799,35.1619989133233,34.2342111919677,33.4667755729075,41.65364599368,35.7061081186833,55.9255612805603,39.9688326497963,0.382659398543197,5.26069472011168,0.208564366455152,1
"3005","PmetTSAr1.1-002938",168.872941939707,179.201253345059,131.404520583534,130.663399883148,142.729276481841,131.827064257657,194.408901296755,172.216981474051,0.0716164683001633,7.28983752647662,0.862529538117246,1
"3006","PmetTSAr1.1-002939",54.5375076072588,62.5895479810763,52.1551587634536,53.8539727177958,53.851173448123,63.8073523546067,74.5953533753446,68.1338386600989,0.222766713172235,5.91905310593273,0.514037586769805,1
"3007","PmetTSAr1.1-002940",42.7577656508682,20.764023046954,88.2334780168671,64.0740481696488,52.2491101406738,61.1498906260586,28.8533150555757,27.3441163878918,-0.347683226994594,5.59170035289744,0.426593589137769,1
"3008","PmetTSAr1.1-002941",24.9982310219587,26.2078858228746,24.3043985534136,19.5134601243931,25.596602389473,19.6199834001316,24.1596748431945,24.0322513595446,-0.0244902114567789,4.56151143888861,0.932531415126884,1
"3009","PmetTSAr1.1-002942",118.202067188362,128.034892828209,111.308471195984,92.0336328254956,116.695747735791,96.2623104862365,117.026699045309,113.565833279733,-0.0194496632857438,6.80350097782315,0.960731479534466,1
"3010","PmetTSAr1.1-002943",44.6011603845019,43.699641627472,45.6298533152609,39.0004433693772,42.4546776474046,33.6423346486406,33.5050477660607,43.6203761425893,-0.17457886700523,5.35139283854309,0.561225133019162,1
"3011","PmetTSAr1.1-002944",83.4473323322938,84.1865117806302,84.2615529614455,80.0131295738342,81.08624967476,86.2261518305496,91.1069091224714,86.4198626627677,0.0551786712415605,6.40353812278687,0.883750663782309,1
"3012","PmetTSAr1.1-002945",107.726189799664,91.0880208736006,80.3369127281122,73.9764010685946,93.0289034211997,71.7514666707983,65.4595179619597,84.0421134116467,-0.168143394646544,6.38337697573898,0.665079044223892,1
"3013","PmetTSAr1.1-002946",38.396563476174,34.9835116091947,47.5685310208834,33.8109750052238,36.5561718336143,34.8862529045568,23.5939235675949,29.5520264067899,-0.312787144493665,5.12802068596207,0.307670286405928,1
"3014","PmetTSAr1.1-002947",48.8274800177107,42.0040122382508,57.2619195489958,28.2243534499362,42.2362144691161,28.6383907555235,31.1791814108182,32.8072783577294,-0.386288300302506,5.28332777294609,0.236138770483498,1
"3015","PmetTSAr1.1-002948",77.7373047427457,64.255429486276,94.0022263116462,90.2067281462783,85.5647448296749,99.9940652539849,82.2225187204641,86.051877659618,0.117343300560326,6.41049976423355,0.76105073289279,1
"3016","PmetTSAr1.1-002949",16.6804742970264,15.3201602710334,14.6582948473895,20.6519659389777,19.042707040817,19.4220873139631,21.0794734538193,17.8048128447039,0.19983639934191,4.18185832050697,0.486151660668407,1
"3017","PmetTSAr1.1-002950",20.9067939302352,18.7114190494758,17.9209475714859,20.8902578536582,17.404233203653,14.8704773320882,16.9096770151413,16.4744055256242,-0.256603194831262,4.17553221154621,0.36231577519347,1
"3018","PmetTSAr1.1-002951",206.729975249939,184.317889396744,128.425576791967,122.137844713467,143.493897605851,145.651519419997,274.536044922406,187.644045067634,0.227809852144677,7.44447547921924,0.603849693937328,1
"3019","PmetTSAr1.1-002952",181.866626769466,98.2572609227638,118.779473085943,59.3346867554475,208.96003003298,26.6877007632914,17.2658907812595,393.206129134787,0.495720356693573,7.10949820244258,0.500505337109726,1
"3020","PmetTSAr1.1-002953",7.50846147601997,7.02050062905609,5.62689382851404,9.39929219017576,6.1897900515084,7.68967649111786,8.13005536787463,7.50123275651275,-0.00375092872844045,2.89738117568886,0.995888231754809,1
"3021","PmetTSAr1.1-002954",42.8476873451918,41.8850207021651,48.5615122847388,51.8152530033069,37.9033614330602,66.3517306053442,48.6336559506109,40.4500438077612,0.0628298111651158,5.56591409005993,0.847956358017918,1
"3022","PmetTSAr1.1-002955",74.7249279829053,61.2508932001122,33.193945106024,41.8599463455433,36.9566876604766,38.8159037584736,23.3634323071655,69.6906982888091,-0.321984304049558,5.57099345451081,0.416282807311912,1
"3023","PmetTSAr1.1-002956",107.501385563855,109.948179343183,96.7447459927707,72.2554039070131,106.42797835623,81.4483748930535,95.863410587697,90.3827780813027,-0.0467273083021492,6.57181494602063,0.905377709722373,1
"3024","PmetTSAr1.1-002957",104.309165415367,97.3053286340782,94.5696441767065,110.461540894122,88.3319450879963,105.563426536155,98.8178894713835,96.8649754444779,-0.0618620564369755,6.63793637448759,0.87233680289984,1
"3025","PmetTSAr1.1-002958",52.3793869434926,52.7429983699849,41.8470675481926,40.059518545735,37.5756666656274,42.0670537455271,51.9653023513636,51.9708050602167,-0.0266204582328651,5.53570662623478,0.932930236982388,1
"3026","PmetTSAr1.1-002959",79.3558952405703,51.553083009128,113.199864079518,56.5016606586903,93.5022403074915,64.1183319185857,25.7312061643043,75.1821667973505,-0.217501268898484,6.12793471173976,0.63569150532935,1
"3027","PmetTSAr1.1-002960",30.2136892927271,32.1872105111809,34.0450719036143,29.6805818174282,34.0802558130109,41.0210315757795,37.8215204613756,34.9868818379236,0.230054732706955,5.10091180293784,0.426007994289079,1
"3028","PmetTSAr1.1-002961",68.1156834501213,70.8297118550108,63.7872249971885,62.4854354051121,71.0005329437728,64.2314153963963,79.1004098291926,69.4359394404747,0.0975592937926047,6.10195689110392,0.791506228611842,1
"3029","PmetTSAr1.1-002962",78.8163650746288,69.2828218858967,113.389003367871,66.4040135576361,89.569903098298,72.6278636238301,64.5165991692938,65.8410090250893,-0.16439142923642,6.27810602511782,0.675555520743799,1
"3030","PmetTSAr1.1-002963",61.2366738343665,29.2124221090385,326.123417943372,121.184677054745,90.5165768708816,100.672566120848,15.4010069468759,37.4212441664523,-1.13998013057278,6.6109242714073,0.0931164558501384,1
"3031","PmetTSAr1.1-002964",77.1977745768041,74.5481973576888,74.1426010345379,59.9436549818533,71.6195119489236,76.7271396944628,82.4320562299454,74.9557144877199,0.097236039100204,6.20959309815541,0.794587358311328,1
"3032","PmetTSAr1.1-002965",34.2601655372887,30.2238501657669,53.810127536546,27.827200258802,39.0320878542177,39.1551541919053,45.4067783045988,36.3172891570033,0.131015840530671,5.25968250412641,0.685012163587337,1
"3033","PmetTSAr1.1-002966",42.3980788735738,32.9904033797593,46.8592586895581,51.312192294537,40.9982564588144,37.5719855025575,26.0455124285262,31.2221121903154,-0.353856837635411,5.2753419868092,0.259727688488817,1
"3034","PmetTSAr1.1-002967",46.6693593539445,34.8942679571305,31.6808307991967,57.5342589556392,58.5845423110412,49.6436467588344,33.40027901132,55.3675897046753,0.205429294497264,5.52466762312387,0.543016918719651,1
"3035","PmetTSAr1.1-002968",53.7731732055083,38.0475436634014,36.8348764068272,60.3672850523964,59.2035213161921,58.6055123753211,36.9833704234503,61.0855105228473,0.191270042449899,5.66321200505527,0.575377194611805,1
"3036","PmetTSAr1.1-002970",43.7469042884277,58.7223230582912,50.0746265915661,80.3573290061505,38.7043930867849,98.2978130868265,100.075114528271,91.1753611650097,0.49494362701488,6.13387585113625,0.247108240219783,1
"3037","PmetTSAr1.1-002972",20.8168722359117,17.4917558045974,32.9575209955822,14.8270524690096,26.03352874605,17.8389186246153,12.048406795175,20.6071601763822,-0.169363590370935,4.34856843327993,0.623083443106991,1
"3038","PmetTSAr1.1-002973",74.1853978169638,104.147341959006,41.4215041493974,55.2572473264699,61.897900515084,60.2169519341215,139.677703820238,87.9201092140703,0.346666233622907,6.28848623446894,0.436845738282362,1
"3039","PmetTSAr1.1-002974",10.2960340000513,12.2858761008482,11.0646483686747,4.76583829361024,15.0739593019087,7.52005127440203,25.207362390601,8.03905699188537,0.541637747432524,3.56687373798384,0.194088903781232,1
"3040","PmetTSAr1.1-002975",5.71002758954812,6.72302178884185,5.10676078554215,2.38291914680512,8.08313759667567,4.01446346227477,14.1018743880918,3.87799580242358,0.597283778638777,2.66011253398642,0.16831979434513,1
"3041","PmetTSAr1.1-002976",4.09143709172346,5.14638393570637,3.12079825783131,3.20370240848244,4.55131621434441,3.50558781212726,7.50144283943072,3.56662387668154,0.298757842074772,2.13960489982501,0.365639732214305,1
"3042","PmetTSAr1.1-002977",50.2662271268882,42.4799783825936,89.6993075016061,47.7642904537382,59.8953213807724,46.307684163423,40.5874155865288,42.7428734427708,-0.280241118769866,5.71465610838005,0.431145358956273,1
"3043","PmetTSAr1.1-002978",46.5794376596209,40.6653574572867,89.2264592807226,46.387492724473,56.7276052955887,45.9118919910861,38.9111155106783,39.4027018757198,-0.300231771652637,5.65887488799978,0.399501589447488,1
"3044","PmetTSAr1.1-002979",23.2897188298104,19.21713307784,22.5548601361445,25.0736048002717,24.2130022603123,28.0447024970181,26.7160324588664,24.5700755949172,0.200217431696213,4.60134485312364,0.479004769580952,1
"3045","PmetTSAr1.1-002980",15.6014139651433,16.5398235159118,17.7790931052208,18.7456306215336,18.7150122733842,20.5529220920687,19.6546183893464,17.0688428384045,0.146010060873976,4.18161416246153,0.60475068192464,1
"3046","PmetTSAr1.1-002982",35.6539517993044,28.7662038487171,156.276337002007,49.326426338866,67.8328168585891,71.8362792791562,29.6495575916047,30.5710618001275,-0.433664359037308,5.8770868497227,0.405474634313097,1
"3047","PmetTSAr1.1-002983",36.193481965246,38.2855267355728,40.0975291309235,38.4444289017893,36.155656006752,47.2971645942654,76.8164509758464,47.9229700255702,0.444551320571379,5.49902528396005,0.177310817775965,1
"3048","PmetTSAr1.1-002984",76.7481661051862,76.3330703989742,79.3912162863451,61.6646521434348,69.7261644037563,92.1347635461512,82.0339349619309,92.6189946389047,0.194298063994405,6.30184093084953,0.608976004704872,1
"3049","PmetTSAr1.1-002985",73.1063374850807,77.5229857598312,81.9918815012045,60.552623208259,72.0928488352154,90.8343035513298,81.7615361996052,93.9494019579843,0.208100995626849,6.30449037121494,0.584009945818862,1
"3050","PmetTSAr1.1-002986",52.7840345679488,31.7112443668381,34.801629057028,50.0413020829076,47.5157412777556,36.2432546382835,14.8771631731727,40.2802045755383,-0.286222890777277,5.26993145929484,0.444308247761839,1
"3051","PmetTSAr1.1-002987",136.680975371861,147.281773790071,94.2859352441764,95.740395942748,104.243346573344,77.2077444751577,101.814275856966,115.037773292331,-0.250995273147721,6.76944845324686,0.536521995757903,1
"3052","PmetTSAr1.1-002988",91.0007546554756,48.9650170992641,87.9024842622487,87.6119939642017,72.6754173106515,51.3398989259928,48.7593784562997,31.2221121903154,-0.629019865422692,6.02196633154895,0.117243965326769,1
"3053","PmetTSAr1.1-002989",43.3872175111334,29.0636826889313,50.9730382112448,44.2958192511663,51.9578259029558,44.3287233017383,31.8706551921065,34.7321229895893,-0.042141886593375,5.37085086789169,0.897183369357609,1
"3054","PmetTSAr1.1-002990",27.6509210045047,26.5648604311317,38.2061362473894,21.1815035271566,28.3273921180796,21.7120277396269,22.2947910088109,23.5793467402835,-0.243561102130713,4.71370575894012,0.420161114407195,1
"3055","PmetTSAr1.1-002991",21.3114415546914,22.9653664645394,14.9420037799196,14.641714313147,17.1857700253645,14.4746851597513,14.45808815421,18.4275566961879,-0.194837459343912,4.11763542747,0.518282154356248,1
"3056","PmetTSAr1.1-002992",30.1237675984035,26.0591464027675,36.2674585417669,24.9941741620448,32.1869082678437,24.8218233794172,22.8605422844104,22.0507936502771,-0.204269474163141,4.77990592038604,0.493027922327307,1
"3057","PmetTSAr1.1-002993",95.4968393716552,89.570878788508,122.751398141365,80.5161902826042,97.1432932789671,98.1847296090159,84.0874025548477,79.4564541416276,-0.11373397689927,6.5462034783948,0.770922971736763,1
"3058","PmetTSAr1.1-002994",16.6355134498646,16.2125967916761,15.5567064670682,13.0795784280192,18.6786017436695,12.2412864729928,14.3742731504175,12.7379424167198,-0.0835162004641157,3.90651299485348,0.777051532494187,1
"3059","PmetTSAr1.1-002995",17.7145737817477,17.1942769643831,20.8053217188754,15.2771594189617,19.4068123379646,13.1459542954772,17.9992720644441,14.4646412776529,-0.126164939993492,4.09229445070082,0.668266557889649,1
"3060","PmetTSAr1.1-002996",38.621367711983,23.7388114490964,28.7491718297188,44.1369579747127,32.878708332424,51.9618580539508,23.3424785562174,41.3275465075797,0.144351621757259,5.1561190619944,0.674649059130258,1
"3061","PmetTSAr1.1-002997",76.7032052580244,76.9875238474456,77.2161144702808,72.1494963893773,71.6923330083531,88.0354874755185,82.9978075055449,74.8707948716084,0.0676681595234864,6.27880567566327,0.856526950328669,1
"3062","PmetTSAr1.1-002998",109.299819450327,127.677918219952,117.266358779116,138.12987987647,116.295231908928,130.441791654477,151.411804351191,133.861621530373,0.111676187717671,7.00129834800382,0.778492279036342,1
"3063","PmetTSAr1.1-002999",50.7607964456679,52.891737790092,57.4510588373492,52.74194378262,38.3766983193521,62.9874971404801,37.5910292009461,40.9029484270224,-0.249651754383264,5.62266657665339,0.444950344613638,1
"3064","PmetTSAr1.1-003000",22.5253844280599,25.8211633305961,36.1728888975902,21.9493330300161,19.6980965756826,23.4365507762379,27.2817837344659,25.3060456012166,-0.152345365130137,4.66285320199389,0.613231680012212,1
"3065","PmetTSAr1.1-003001",20.2773420699701,23.8875508692036,34.139641547791,21.4462723212461,21.9919599477122,24.058509904196,28.6647312970425,22.4753917308344,-0.0364637994469137,4.62508048342173,0.903291563105479,1
"3066","PmetTSAr1.1-003002",16.320787519732,25.4344408383176,14.327301092771,41.7275619484986,16.6396120796432,28.525307277713,22.6929122768253,49.225070805946,0.258214128123256,4.75167385738104,0.525144397048967,1
"3067","PmetTSAr1.1-003003",84.7961577471477,84.8707131131229,82.8430082987949,102.253708277349,83.5621656953633,101.775130029501,117.068606547205,105.243710900809,0.200460730386784,6.57546036620229,0.605631061535661,1
"3068","PmetTSAr1.1-003004",243.103300603832,64.5529083264903,60.2881481626504,31.7193015319171,100.45665148301,27.0269511967231,13.7875681238699,52.395403140774,-1.04526314378155,6.21308895024139,0.105986655594169,1
"3069","PmetTSAr1.1-003005",30.2586501398889,28.1414982842672,28.9383111180722,24.5440672120928,29.4925290689518,27.2248472828916,30.8439213956481,30.5427552614236,0.0784974264469755,4.84844079431474,0.782815309718877,1
"3070","PmetTSAr1.1-003006",26.257134742489,21.5077201474896,24.493537841767,35.0818652168532,27.963286820932,32.7376668261562,23.8034610770762,26.5232267654809,0.0480988692901883,4.77396764573953,0.872183126765877,1
"3071","PmetTSAr1.1-003007",11.7347811092288,11.6016747683554,16.6915421971887,13.5561622573802,9.97648514184294,10.4319508280239,13.640891867233,12.1151985652357,-0.213252281847359,3.64701318938256,0.467168499938462,1
"3072","PmetTSAr1.1-003008",33.0462226639202,34.2100666246377,41.2796496831324,40.059518545735,36.4105297147553,45.9684337299913,47.4183383956193,48.1777288739046,0.260445003237299,5.35358861988922,0.38753843195433,1
"3073","PmetTSAr1.1-003009",21.4912849433386,15.9746137195047,27.5197664554216,20.9696884918851,27.1622551672074,19.5634416612263,17.7268733021184,16.9273101448854,-0.0786911450324255,4.39021640992515,0.798351324168238,1
"3074","PmetTSAr1.1-003010",22.9749928996779,22.1324257119395,27.0469182345381,21.3668416830193,27.0166130483484,26.9138677189125,25.4168999000823,23.6076532789873,0.139097087047173,4.62173160312158,0.623499678674006,1
"3075","PmetTSAr1.1-003011",62.1808516247642,65.3561011950687,94.7114986429715,67.0129817840418,65.5025429568447,80.6002488094744,56.7846650694337,49.8761211961339,-0.194491532766147,6.08338260120788,0.614671038017489,1
"3076","PmetTSAr1.1-003012",50.31118797405,59.8824905351267,90.0775860783129,64.3652938431472,63.7912480602512,77.4339114307788,52.8663136421333,45.3187684648186,-0.144466788563502,5.97869215654999,0.698006826465492,1
"3077","PmetTSAr1.1-003013",85.3356879130892,77.7312209479812,83.2212868755017,74.3206005009109,84.3267868193732,101.351066987712,91.1069091224714,81.9474295475639,0.162165798868313,6.40904682988234,0.669347179859772,1
"3078","PmetTSAr1.1-003014",204.796658821982,177.654363375945,257.702280381525,204.984000384058,207.175914076957,183.647567964344,169.893012687442,186.511783519481,-0.177614978614792,7.63735152044571,0.666614383435631,1
"3079","PmetTSAr1.1-003015",61.6862823059844,52.5050152978135,62.7469589112447,58.4874266143613,62.7353426985233,65.6732297384809,59.2572076813131,53.499358150223,0.034831634758234,5.89804968825145,0.917681798534155,1
"3080","PmetTSAr1.1-003016",72.3420030833301,69.8182837982824,82.6538690104415,76.226935818355,74.532354326104,71.2143201511982,64.6842291768789,67.8507732730607,-0.113411914310429,6.17938039830033,0.759673938648536,1
"3081","PmetTSAr1.1-003017",94.2379356511249,112.863471977283,82.6065841883531,78.9275775180674,96.0145668578097,85.406296616423,84.3178938152771,96.1006988994747,-0.0269000548119524,6.51365609418916,0.944787809773979,1
"3082","PmetTSAr1.1-003018",66.0474844806787,30.9377993822811,33.8559326152609,50.5708396710865,76.6077545198451,36.0170876826623,22.1900222540702,32.8355848964332,-0.114252946345356,5.44896191650673,0.779835936326874,1
"3083","PmetTSAr1.1-003019",80.3450338781299,72.2278624040177,82.9848627650599,74.5588924155914,81.4503549719075,71.3556744984613,64.3280154107606,75.0406341038314,-0.0859758593473535,6.2354088419522,0.817866663398587,1
"3084","PmetTSAr1.1-003020",78.6814825331434,71.543661071525,76.033993918072,69.9783922778438,83.5621656953633,72.8823014489039,63.0288828519766,71.445703688446,-0.026158608746948,6.19873281080453,0.944252170575768,1
"3085","PmetTSAr1.1-003021",11.1053292489637,13.7137745338765,12.3886233871485,9.84939914012784,11.5421379195774,8.19855214126537,10.7073667344947,9.9072885463376,-0.221654986476431,3.45737769328807,0.447372262688829,1
"3086","PmetTSAr1.1-003022",43.8817868299131,49.8277057358854,63.0306678437749,37.623645640112,46.569067505172,39.8336550587686,45.762992070717,45.6584469292644,-0.127967734074539,5.54160719932044,0.68732667952918,1
"3087","PmetTSAr1.1-003023",38.3066417818504,19.00889788969,103.36462108514,57.8519815085466,51.921415373241,44.2439106933804,11.1473955044054,20.1825620958249,-0.777489747226565,5.43586035177526,0.130318290089289,1
"3088","PmetTSAr1.1-003024",30.4834543756978,32.4251935833523,30.3095709586344,28.7803679175241,32.1869082678437,29.9953924892502,33.5679090189051,33.656474518844,0.085094018273643,4.97674000811524,0.764625934834547,1
"3089","PmetTSAr1.1-003025",69.1947437820044,73.5962650690032,65.3476241261042,66.0862910047287,65.6481850757038,64.4575823520174,73.4848045750937,72.5779652365989,0.0102010747035564,6.10563609956009,0.97826612520859,1
"3090","PmetTSAr1.1-003026",119.910579380511,121.16313161926,96.3664674160639,80.7809590766936,110.760831392286,83.9362114048858,93.8937579985728,104.932338975067,-0.0878104967485605,6.66570071487838,0.824622197917461,1
"3091","PmetTSAr1.1-003027",37.6771899215852,41.9742643542294,19.1503529457831,35.8232178403037,30.6212554901092,51.4247115343507,57.2875550921888,45.8282861614874,0.459543832964495,5.32370158585771,0.183393165425846,1
"3092","PmetTSAr1.1-003028",36.0136385765988,38.2557788515514,19.3867770562248,33.3873449346807,29.9294554255288,49.5871050199292,57.1618325865,42.7994865201784,0.498265453292773,5.26269262013033,0.141191094913594,1
"3093","PmetTSAr1.1-003030",43.8817868299131,42.5394741506365,74.7100188995981,42.6807296072206,51.7029521949525,44.4418067795488,40.7340918431657,35.6945453055192,-0.23973012941061,5.55761188849616,0.474059166376659,1
"3094","PmetTSAr1.1-003031",48.6925974762253,47.209891942,47.9468095975902,31.2956714613739,47.6613833966146,38.080861152705,36.8995554196578,42.0635165138791,-0.0884640296256387,5.41060401211286,0.776221057290236,1
"3095","PmetTSAr1.1-003032",69.8241956422695,55.5095515839774,121.852986521686,42.3630070543133,79.7026495455993,43.8198476515908,41.5093806282465,46.5925627064905,-0.452126954885284,5.97004861261487,0.281494746874675,1
"3096","PmetTSAr1.1-003033",238.921941817785,71.5734089555464,82.1337359674696,92.324878498994,116.07676873064,83.059814451854,38.1148729746494,87.014299975548,-0.580663395185462,6.66093655723301,0.2433713603496,1
"3097","PmetTSAr1.1-003034",16.9502393799972,15.4688996911405,17.400814528514,18.0042779980831,20.0622018728302,21.5424025229111,20.9118434462342,18.0029586156306,0.247631551225425,4.21778451151543,0.376302843252511,1
"3098","PmetTSAr1.1-003035",72.1621596946829,65.8023194553901,106.012571122088,63.9151868931952,92.1914612377604,61.6870371456587,69.1683318797788,67.9923059665798,-0.0810946874111535,6.22725362671117,0.83620402091786,1
"3099","PmetTSAr1.1-003036",22.0308151092802,22.162173595961,29.0801655843372,21.6580873565177,24.5406970277451,22.8994042566378,21.1632884576118,21.3148236439778,-0.0778828198524226,4.5337308488597,0.784792822800098,1
"3100","PmetTSAr1.1-003037",23.8742098429138,21.2697370753182,45.251574738554,29.6276280586104,31.2766450249748,32.8224794345141,24.3063510998314,26.7213725364077,-0.0596077704067013,4.88006432483898,0.853793980859871,1
"3101","PmetTSAr1.1-003038",78.6365216859816,81.925672595002,70.6435241999997,99.7648816129078,73.3672173752319,90.0144483372032,103.44866843092,92.7888338711276,0.119712658773779,6.43283387735981,0.75724298780682,1
"3102","PmetTSAr1.1-003039",116.088907371758,117.385150348539,134.856312595983,116.418838761135,143.239023897847,120.066382565359,108.519476160368,120.784000649207,0.0231894016602799,6.93343074227506,0.953316923082384,1
"3103","PmetTSAr1.1-003040",243.238183145318,228.790976008773,181.337292708835,192.937020252988,198.837902772279,204.200490056413,208.950804454757,192.824141650434,-0.072514662784732,7.68965167547768,0.859946151697657,1
"3104","PmetTSAr1.1-003041",27.2462733800485,21.3589807273825,27.3306271670682,23.6173764327797,29.6381711878108,25.5003242462806,19.7803408950352,22.8433767339841,-0.0261633385389986,4.62758274072146,0.92956710926001,1
"3105","PmetTSAr1.1-003042",11.0154075546401,10.7092382477127,9.74067335020077,9.55815346662943,9.43032719612162,12.4109116897086,12.2160368027601,8.97317276911148,0.0699441582341725,3.40194644778638,0.812509981724183,1
"3106","PmetTSAr1.1-003043",11.3750943319344,8.86486943838438,8.51126797590358,8.92270836081473,11.1416220927151,9.55555387499205,10.0787542060508,8.15228314670065,0.0475994090278937,3.26826508161841,0.872899965285545,1
"3107","PmetTSAr1.1-003044",35.4291475634954,35.9949396659232,39.1991175112448,31.7193015319171,30.1115080741026,27.9598898886602,28.748546300835,29.7784787164204,-0.287572197383132,5.01896469146091,0.312977232397693,1
"3108","PmetTSAr1.1-003045",15.9161398952759,14.516967402455,12.6250474975903,21.5257029594729,14.8190855939054,18.5456903609313,20.869935944338,15.879968212844,0.117837807826457,4.07954991115437,0.697617034496918,1
"3109","PmetTSAr1.1-003046",11.4200551790962,9.22184404664147,10.0243822827309,10.0082604165815,9.57596931498064,11.6475982144874,8.98915915674799,9.73744931411467,-0.0253346798470621,3.34160304603417,0.930787318062665,1
"3110","PmetTSAr1.1-003047",109.839349616268,108.758263982326,103.884754128112,98.0174075719174,106.173104648226,107.259678703313,130.793313418231,116.481406766226,0.131793550326413,6.78417292261583,0.734802450388885,1
"3111","PmetTSAr1.1-003048",100.6223759481,97.4838159382068,134.430749197188,88.5651616229237,100.45665148301,83.7948570576226,87.1047426913785,86.051877659618,-0.236510795294231,6.60535783715421,0.545873117273688,1
"3112","PmetTSAr1.1-003049",135.107345721198,94.271044463893,44.9205809839356,55.680877397013,72.8938804889401,51.5095241427086,152.166139385324,114.613175211774,0.2456133396857,6.49526715794581,0.609506208782706,1
"3113","PmetTSAr1.1-003050",74.7698888300671,81.3307149145735,64.8274910831323,73.9499241891856,78.5011020650124,72.1472588431352,81.9291662071903,76.1728956519842,0.0662598732254756,6.23874268254536,0.859033207723875,1
"3114","PmetTSAr1.1-003051",71.2179819042852,73.3880298808533,74.8518733658632,62.4324816462942,69.1071853986055,73.108468404525,81.6358136939164,70.653120604739,0.0632645094590795,6.17215147053663,0.864996803891683,1
"3115","PmetTSAr1.1-003052",33.0012618167584,35.7867044777732,34.801629057028,36.4057091873005,34.1894874021552,38.6462785417578,36.5433416535396,36.5437414666338,0.0597438286071987,5.16202036427055,0.83668883963227,1
"3116","PmetTSAr1.1-003053",17.1750436158062,18.8304105855615,17.9209475714859,14.4034223984665,16.6032015499284,16.0295829796464,15.6943594601497,17.2386820706274,-0.0592747533368496,4.07004165625169,0.83481005966343,1
"3117","PmetTSAr1.1-003054",18.2990647948511,19.3063767299042,18.4410806144578,15.3301131777796,18.751422803099,17.3300429744678,15.4638681997203,17.9746520769268,-0.038031227775559,4.1432625558479,0.894726116190462,1
"3118","PmetTSAr1.1-003055",72.5218464719773,65.7130758033258,9.64610370602406,85.4144129732591,19.042707040817,275.019018035274,27.3236912363622,148.297956269322,1.00933544822954,6.45867117968556,0.17152454831379,1
"3119","PmetTSAr1.1-003056",39.1608978779245,32.5144372354165,52.0133042971886,40.6684867721408,50.5742257737951,43.4240554792538,34.4479665587265,37.1381787794141,0.0108226845709142,5.36799002598122,0.973263779647782,1
"3120","PmetTSAr1.1-003058",65.7777193977079,59.2280370866554,73.2441894148592,102.756768986119,68.888722220317,80.1479148982321,73.5267120769899,69.0113413599174,-0.0460311634221554,6.21212918843189,0.90528926457142,1
"3121","PmetTSAr1.1-003059",49.5918144194612,47.0611525218929,31.9172549096384,43.6338972659427,44.1295620142834,45.0072241686016,39.330190529641,64.4822951673059,0.163847433279028,5.5143962383424,0.612393100164874,1
"3122","PmetTSAr1.1-003060",16.4556700612174,14.2492364462621,10.1662367489959,16.8128184246806,15.6929383070595,15.2945403738778,14.1856893918844,15.398757054879,0.06916490751627,3.89205897937279,0.814152878844462,1
"3123","PmetTSAr1.1-003061",120.045461921996,138.803626843965,103.222766618875,127.036067404122,116.477284557502,146.019040722881,167.797637592629,142.58003545115,0.228043753865276,7.05329712732502,0.571265682004191,1
"3124","PmetTSAr1.1-003062",47.7933805329894,37.6608211711229,59.9098695859435,63.0944036315178,60.405068796779,62.5068923597853,38.8063467559377,45.092316155188,-0.0116069222398227,5.69950492225969,0.973598488658161,1
"3125","PmetTSAr1.1-003063",49.8166186552702,52.118292805535,43.8803148979918,36.3262785490736,48.498825580054,41.6147198342849,43.4790332173708,47.8946634868663,-0.00513972070994677,5.50819922164875,0.987164537365099,1
"3126","PmetTSAr1.1-003064",38.0818375460414,30.2238501657669,31.2079825783131,29.9188737321088,33.9346136941519,33.4727094319248,33.8403077812308,32.6657456642103,0.0494141552050462,5.04343350584377,0.865356318337822,1
"3127","PmetTSAr1.1-003065",33.2260660525674,31.2650261065167,44.9678658060239,43.5279897483069,41.65364599368,56.5982806441837,59.0686239227799,46.0264319324141,0.410762089527418,5.47929318427745,0.192324670697045,1
"3128","PmetTSAr1.1-003066",38.7562502534683,38.3747703876371,48.7033667510038,45.910908895112,41.2531301668177,57.1071562943312,59.8020052059645,49.9044277348377,0.277011433622106,5.5711674891508,0.382393401134372,1
"3129","PmetTSAr1.1-003067",48.4228323932545,67.200470004397,17.2116752401606,54.9130478941536,34.0074347535814,76.2182640443153,86.5599451667271,68.6716628954715,0.499360602430635,5.82611144110122,0.254258690830411,1
"3130","PmetTSAr1.1-003068",47.1639286727242,69.1935782338325,17.4953841726907,55.4690623617415,32.8058872729945,75.5680340469046,92.7203479454775,69.379326363067,0.514335812298762,5.84694147433916,0.249712391637488,1
"3131","PmetTSAr1.1-003069",126.834549843427,122.918256776524,110.220920287951,74.5853692950003,122.084506133574,94.4529748412676,102.400980883514,101.846926256351,-0.046416694185625,6.74111544333322,0.908025953970559,1
"3132","PmetTSAr1.1-003070",21.4912849433386,20.6747793948897,16.738827019277,20.7843503360225,15.5472961882005,24.7087399016067,26.4017261946444,21.0883713343472,0.139307459953639,4.39215010097352,0.640339014381205,1
"3133","PmetTSAr1.1-003071",247.914111250144,237.834332751286,215.382364612449,166.883770914585,221.74012596286,217.007193918459,224.603256413011,216.318568774606,0.0192706963015537,7.77161847888394,0.963047521355362,1
"3134","PmetTSAr1.1-003072",62.8552643321911,55.271568511806,26.7632093020079,57.9578890261824,62.3712374013758,111.132787818325,162.85255236887,87.8351895979588,1.06419903276877,6.29397431457307,0.0170120746268507,1
"3135","PmetTSAr1.1-003073",58.8537489347913,53.6354348906276,55.2759570212849,47.6054291772845,49.3362677634934,48.5976245890868,60.5982477419934,53.0464535309619,-0.0253583498037206,5.73955404992242,0.937008961408003,1
"3136","PmetTSAr1.1-003074",71.8923946117122,70.5917287828394,137.220553700401,52.4242212297127,84.0355025816552,59.6515345450687,64.705182927827,63.7180186223027,-0.287332662898089,6.23984433576889,0.492591563355036,1
"3137","PmetTSAr1.1-003075",47.5236154500186,38.3747703876371,79.3912162863451,66.7746898693613,57.4922264195986,64.0335193102278,42.7875594360825,48.3758746448313,-0.125721705032367,5.79828936817973,0.72556072215428,1
"3138","PmetTSAr1.1-003076",63.3498336509709,57.9488780737341,65.5367634144576,74.1352623450482,70.7456592357695,71.9210918875141,64.0346628974868,66.6335921087963,0.0667130850427307,6.06286331221939,0.856374112272741,1
"3139","PmetTSAr1.1-003077",56.6506674238632,49.9169493879496,61.0919901381524,78.6098549651601,49.3362677634934,82.8619183656855,69.4197768911564,64.3973755511944,0.11126443255588,6.0023098385432,0.761222220590102,1
"3140","PmetTSAr1.1-003078",6.60924453278405,6.81226544090612,5.34318489598392,7.33409559627799,5.82568475436084,10.7712012614555,15.3800531959278,7.50123275651275,0.597607708872296,3.04880415143912,0.0790786878666828,1
"3141","PmetTSAr1.1-003079",67.5311924370179,75.2026508061601,67.0025928991965,63.2003111491536,68.5610274528842,72.3451549293037,72.5837932843241,75.6633779553155,0.0832714670267207,6.13594922182349,0.821523178491561,1
"3142","PmetTSAr1.1-003080",32.1470057206843,20.0798217144613,43.1710425666665,48.4262124389619,35.3182138233126,39.8336550587686,19.0260058609025,20.2391751732325,-0.330338104357477,5.01495977305928,0.364891488872985,1
"3143","PmetTSAr1.1-003081",63.2599119566473,55.0038375556132,57.829337414056,52.1859293150322,54.9434893395657,56.7679058608995,58.5657339000248,54.2919412339301,-0.023470420142821,5.82440017968172,0.942639971077827,1
"3144","PmetTSAr1.1-003082",67.8009575199887,78.8021447727524,66.2460357457829,73.3939097215978,65.2476692488414,89.5903852954136,81.8243974524496,76.9088656582836,0.131521985372165,6.22964934811428,0.72626592760742,1
"3145","PmetTSAr1.1-003084",27.3361950743721,26.8028435033031,36.5984522963854,37.3323999666136,24.0673601414532,44.583161126812,30.026725108671,27.4573425427071,-0.0218052395521305,4.99269530699611,0.94538330106032,1
"3146","PmetTSAr1.1-003085",36.8229338255111,37.5120817510158,29.4111593389557,36.2998016696647,31.4951082032633,34.8297111656515,39.6235430429148,42.2616622848058,0.0816722219657118,5.17384030138721,0.783860629193673,1
"3147","PmetTSAr1.1-003086",37.0477380613201,35.6974608257089,26.101221792771,26.3444950119011,30.948950257542,30.7869768339241,38.4920404917157,32.07130835143,0.0799452903393777,5.01121854827835,0.7888853004876,1
"3148","PmetTSAr1.1-003087",126.384941371809,127.767161872017,103.08091215261,111.176416638163,118.953200578105,100.644295251396,122.7261193032,135.276948465564,0.0280230812035185,6.88647470726208,0.943628569028602,1
"3149","PmetTSAr1.1-003088",130.1616525334,127.231699959631,104.121178238554,111.361754794026,131.369191210837,101.351066987712,120.630744208387,132.191535746847,0.038111921101279,6.90525222617815,0.923466261785067,1
"3150","PmetTSAr1.1-003089",27.5160384630193,24.482508549632,25.2028101730923,21.6316104771087,23.6304337848762,30.1084759670607,31.6192101807289,28.5896040908599,0.206093589313672,4.7366731457438,0.474046823706293,1
"3151","PmetTSAr1.1-003090",160.19549843748,135.76934267378,143.887713614859,136.038206403164,157.584772605461,191.591682280536,172.994167827765,160.7245267603,0.245903362674913,7.29839675937506,0.542011215653294,1
"3152","PmetTSAr1.1-003091",34.7996957032303,34.1505708565949,37.5914335602408,29.9453506115177,34.9905190558798,40.7383228812531,42.5989756775493,37.8741487857135,0.19511787411393,5.19570213267617,0.506953967565368,1
"3153","PmetTSAr1.1-003092",45.1856513976052,52.2075364575993,43.7384604317267,28.4626453646167,31.2766450249748,35.7061081186833,93.8728042476247,56.528157791532,0.358677514277545,5.59826319178335,0.361990843937384,1
"3154","PmetTSAr1.1-003093",60.5622611269395,61.6971114604336,59.0114579662648,71.1963287306553,62.3712374013758,56.259030210752,49.7232509999137,61.0855105228473,-0.138186604353695,5.91405593822961,0.683904752565045,1
"3155","PmetTSAr1.1-003094",38.5764068648212,41.6767855140152,31.6808307991967,37.2000155695688,35.7551401798897,33.925043343167,40.0635718128255,40.2518980368345,0.00816749029015566,5.22710275012498,0.978550424514381,1
"3156","PmetTSAr1.1-003095",91.4054022799317,108.728516098305,74.2371706787146,74.2146929832751,92.2278717674751,82.6922931489697,106.214563556074,97.2612669863314,0.118368037082195,6.50680642852624,0.761681315747915,1
"3157","PmetTSAr1.1-003096",98.2844118956865,102.659947757935,78.0672412678712,69.2370396543933,97.9443249326917,84.5016287939386,105.58595102763,97.799091221704,0.147883343313578,6.52078047658709,0.704439028545621,1
"3158","PmetTSAr1.1-003097",75.2644581488469,87.5777705590725,39.3409719775099,65.3714152606872,61.6794373367954,90.8625744207824,136.199381162848,93.2983515677964,0.513832041422474,6.34477285205362,0.227160252730847,1
"3159","PmetTSAr1.1-003098",25.1331135634441,23.7685593331179,383.33805267028,119.701971807844,75.2605649203991,82.042063151559,14.604764410847,26.2967744558504,-1.47749140162027,6.55126540277179,0.0538579492203134,1
"3160","PmetTSAr1.1-003099",29.134628960844,31.4137655266238,50.4529051682729,26.4239256501279,37.3572034873389,28.7514742333341,30.2991238709967,31.1088860355001,-0.107423789810193,5.05180700686555,0.733926619476306,1
"3161","PmetTSAr1.1-003100",24.9532701747969,25.9401548666818,43.0764729224898,25.1530354384985,32.4781925055617,26.9421385883652,26.9255699683477,28.419764858637,-0.0531802343001531,4.8723353286965,0.863076437842648,1
"3162","PmetTSAr1.1-003101",73.5559459566986,65.2966054270259,54.755823978313,61.0292070376201,63.7548375305365,56.570009774731,57.9790288734771,58.8776005039492,-0.102487061374778,5.94337946206172,0.765702330409244,1
"3163","PmetTSAr1.1-003102",22.6602669695453,22.4894003201966,20.616182430522,18.9309687773962,22.3560652448597,16.7363547159624,20.0527396573609,19.7013509378599,-0.103258801019121,4.35765094481074,0.716526378683364,1
"3164","PmetTSAr1.1-003103",22.7052278167071,21.9836862918324,21.3254547618473,18.5338155862621,21.8099072991384,16.5950003686992,18.5859770909918,18.8804613154491,-0.156150785283225,4.32979052905355,0.581958419361995,1
"3165","PmetTSAr1.1-003105",62.1358907776024,39.0887196041513,172.258606867871,110.646879049985,102.459230617321,106.722532183713,56.1770062919379,41.5256922785065,-0.323850499690215,6.43333429812045,0.520970704456756,1
"3166","PmetTSAr1.1-003106",54.1778208299645,33.2878822199736,149.420037799196,97.4084393455116,94.3760930206457,94.9053087525098,45.8677608254577,32.9771175899523,-0.318173129059733,6.23549016422979,0.534424544324064,1
"3167","PmetTSAr1.1-003107",9.44177790397721,5.08688816766352,29.6475834493975,20.042997712572,20.6083598185515,16.9059799326782,7.60621159417137,5.91606658909874,-0.33159904949633,3.85304548338158,0.506301433295291,1
"3168","PmetTSAr1.1-003109",35.6089909521426,36.1139312020089,48.0413792417669,22.9289775681471,33.7161505158634,29.0059120584078,29.9010026029822,29.4388002519746,-0.224626121468968,5.05073093523176,0.473781623705278,1
"3169","PmetTSAr1.1-003110",72.6117681663009,72.5550891282534,85.5855279799194,69.5282853278917,75.3333859798286,65.7580423468388,63.0288828519766,64.3973755511944,-0.16126421836277,6.15291283802832,0.664136185090222,1
"3170","PmetTSAr1.1-003111",21.4912849433386,22.3109130160681,22.3184360257027,19.6193676420288,20.3534861105482,22.3622577370376,25.1235473868085,23.7491859725064,0.0957563284351397,4.47437743833074,0.734094106589701,1
"3171","PmetTSAr1.1-003112",117.707497869583,118.307334753204,118.921327552208,99.5530665776362,127.218390823355,110.595641298725,126.707331983345,119.255447559201,0.0901296456897924,6.87459978995177,0.81801174737304,1
"3172","PmetTSAr1.1-003113",84.9310402886331,79.188867265031,94.5223593546181,105.563318203467,76.1344176335533,136.633112064605,104.999246001082,84.5516311083155,0.143610175947921,6.58318030267159,0.721048451255454,1
"3173","PmetTSAr1.1-003114",183.620099808776,42.5692220346579,60.3354329847387,110.064387702988,87.7493766125602,22.0512781730586,0.880057539821481,24.6549952110287,-1.55133453149338,6.05569122445907,0.0527989592703433,1
"3174","PmetTSAr1.1-003115",26.7966649084306,24.8097352738677,31.4916915108433,19.2751682097125,26.7253288106304,21.5989442618163,21.5823634765744,23.1547486597262,-0.136938071658177,4.61366839834758,0.641128818017238,1
"3175","PmetTSAr1.1-003116",96.8906256336709,85.7631496337657,96.9338852811241,87.0030257377959,95.3955878526588,115.599585191842,110.447221247596,88.1465615237008,0.160085117808909,6.60117532337419,0.67910721255638,1
"3176","PmetTSAr1.1-003117",31.2927496246102,10.9472213198841,38.1588514253011,36.4851398255273,22.7929916014368,31.3523942229769,38.5549017445601,9.31285123355734,-0.195561208339704,4.77714790028347,0.656990227929919,1
"3177","PmetTSAr1.1-003118",55.4367245504947,51.6423266611922,66.1514661016062,53.74806520016,54.4337419235591,56.1742176023941,51.9443486004155,63.7180186223027,-0.00435864554487817,5.82564916809688,0.98968226700436,1
"3178","PmetTSAr1.1-003120",43.5221000526187,30.6700684260882,102.466209465461,53.6156808031152,63.2086795848152,53.7994645683724,42.221808160483,47.3002261740861,-0.156709742599905,5.77208261948061,0.693222032558914,1
"3179","PmetTSAr1.1-003121",57.9994928387171,61.2508932001122,42.5090550574296,55.5749698793772,56.5091421173002,51.2833571870875,50.3518635283576,57.9151781880192,-0.00873390099503306,5.76121540489968,0.979320777805562,1
"3180","PmetTSAr1.1-003122",72.5218464719773,59.8824905351267,218.928726269075,63.7828024961504,115.130094958056,66.6909810387759,51.7557648418823,61.0572039841434,-0.494469326874703,6.47170695466114,0.32024437400631,1
"3181","PmetTSAr1.1-003123",45.3654947862524,59.971734187191,111.308471195984,51.9741142797606,56.691194765874,53.6298393516566,50.8337998001646,65.3597978671243,-0.245704573981898,5.95285643742,0.52617846245273,1
"3182","PmetTSAr1.1-003124",59.5281616422182,54.1708968030133,46.2445560024095,71.4875744041537,61.2061004505036,74.0414070964621,74.6163071262927,68.7848890502868,0.267712638648957,5.99614208510481,0.449898298587657,1
"3183","PmetTSAr1.1-003125",60.3374568911305,57.8596344216699,74.1898858566262,74.3206005009109,64.4466375951168,70.5075484148822,47.8374134145819,62.6989832289651,-0.119675959365999,6.00186689516926,0.736622223347222,1
"3184","PmetTSAr1.1-003126",6.02475351968069,6.15781199243479,24.5408226638553,13.185485945655,9.53955878526588,10.658117783645,11.0216729987166,4.18936772816561,-0.493394618427701,3.42120055139031,0.270344908143298,1
"3185","PmetTSAr1.1-003127",64.9684241487955,63.5414802697619,148.852619934136,43.5279897483069,73.6949121426647,55.8066962995098,59.6553289493275,65.0767324800861,-0.33562895980372,6.16857546442121,0.445936778884302,1
"3186","PmetTSAr1.1-003128",138.434448411171,148.73942010712,127.76358928273,151.235935183898,132.679970280568,127.36026688414,151.64229561162,143.089553147819,-0.0293683810543879,7.131160405908,0.941328344633467,1
"3187","PmetTSAr1.1-003129",47.5685762971804,51.6423266611922,43.8803148979918,50.6767471887223,48.7172887583426,57.7008445528366,48.6127021996628,51.602820057067,0.0925744270657276,5.64715595089358,0.767108756862967,1
"3188","PmetTSAr1.1-003130",32.0570840263607,30.164354397724,43.7857452538151,38.3649982635625,30.4392028415354,26.4615338076703,21.037565951923,27.7970210071529,-0.449502264750678,4.96882003449521,0.133245060382697,1
"3189","PmetTSAr1.1-003131",89.4271250048127,91.2962560617506,114.760263208433,65.1066464665977,94.7401983177932,91.3431792014773,90.4154353411831,94.0909346515034,0.0396036208554006,6.51497235925713,0.919935592892908,1
"3190","PmetTSAr1.1-003132",17.8494563232331,23.1438537686679,20.6634672526104,22.4259168593771,19.2975807488203,26.2353668520492,30.0895863615154,21.3997432600892,0.20650938800128,4.50509940313311,0.482373365032782,1
"3191","PmetTSAr1.1-003133",25.5827220350621,28.1712461682886,32.6738120630521,20.4931046625241,25.4145497408992,20.920443394953,27.931350013858,24.6266886723249,-0.111807016053307,4.68838722589605,0.704460663508351,1
"3192","PmetTSAr1.1-003134",179.483701869891,206.093340500426,86.9567878204816,122.429090386965,159.150425383195,150.033504185156,185.168297128629,175.189168037953,0.17033537073335,7.30497244653929,0.695217760806499,1
"3193","PmetTSAr1.1-003135",38.8911327949537,53.7246785426919,31.2079825783131,28.5155991234346,31.9320345598404,30.3346429226819,37.6119829518943,35.9493041538536,-0.165549183350253,5.17326929498114,0.601006176857459,1
"3194","PmetTSAr1.1-003136",24.9083093276351,23.5603241449679,15.8877002216867,18.8250612597605,18.897064921958,19.0545660110788,38.4501329898195,21.8243413406465,0.240534859835857,4.50758136986425,0.463990227251736,1
"3195","PmetTSAr1.1-003137",33.8105570656708,36.2924185061374,34.7070594128513,31.6663477730992,34.3351295210142,30.5325390088503,38.1986879784419,35.9209976151498,0.0264600674059201,5.10831692615441,0.92815460597256,1
"3196","PmetTSAr1.1-003138",39.9252322796751,34.9537637251733,62.2268258682729,49.5382413741376,48.6808782286278,52.7251715291721,45.28105579891,42.3182753622135,0.01835873815771,5.55502094715752,0.955855440989054,1
"3197","PmetTSAr1.1-003139",84.3465492755297,104.712551755413,59.43702136506,57.9578890261824,78.0641757084353,69.263630158966,57.7904451149439,78.1826598999556,-0.113455252467521,6.20513976064076,0.774047626818182,1
"3198","PmetTSAr1.1-003140",87.8534953541498,87.6670142111368,271.982296652208,78.0538404975722,106.573620475089,67.3694819056392,66.9262805283288,72.5779652365989,-0.745489810805211,6.7129875578749,0.122897822792472,1
"3199","PmetTSAr1.1-003141",69.1048220876808,67.0517305842899,105.587007723293,69.1311321367575,76.8626282278484,72.2886131903984,75.5801796699067,68.0489190439874,-0.0863513578004871,6.23864175398622,0.82185984369362,1
"3200","PmetTSAr1.1-003142",36.6880512840257,25.9401548666818,34.7070594128513,28.6744603998883,40.6705616913816,32.7376668261562,22.1481147521739,26.4666136880733,-0.0464132650699179,4.9568178451938,0.882447966075444,1
"3201","PmetTSAr1.1-003143",21.0866373188824,14.6359589385407,20.7580368967871,16.2832808365017,25.1232655031811,20.6377347004266,14.2695043956769,13.8418974261688,0.0219551493442128,4.20023453224985,0.946151395743022,1
"3202","PmetTSAr1.1-003144",32.6865358866259,18.5329317453472,24.1625440871485,46.6522615185625,49.2270361743491,26.8573259800072,15.9038969696311,14.9741589743217,-0.191290262851027,4.84195506233734,0.644068739075965,1
"3203","PmetTSAr1.1-003145",127.778727633825,111.286834124148,158.025875419277,130.451584847876,146.625203161319,125.720556455887,123.438546835437,121.944568736064,-0.0270624968549113,7.03029081704065,0.946102901839638,1
"3204","PmetTSAr1.1-003146",35.2493041748482,38.6425013438299,30.8769888236947,37.3323999666136,33.5705083970044,43.9894728683066,43.7095244778002,38.1289076340479,0.165606738622825,5.23858993263768,0.578984929198008,1
"3205","PmetTSAr1.1-003147",33.315987746891,24.6609958537606,12.0576296325301,17.8454167216295,21.4093914722761,18.178169058047,20.8070746914936,22.6169244243536,-0.0821600558592547,4.42096577351869,0.807423196950827,1
"3206","PmetTSAr1.1-003148",75.1745364545233,72.8525679684676,41.1850800389557,81.2045891472368,78.5011020650124,121.677822124159,125.345338171717,81.3246856960798,0.589168130162256,6.40487440418598,0.154633467383272,1
"3207","PmetTSAr1.1-003149",105.208382358603,96.2641526933284,90.5031494771081,111.679477346933,116.877800384364,109.917140431861,89.430609046621,94.940130812618,0.0265078005545558,6.6712045327942,0.945833120761762,1
"3208","PmetTSAr1.1-003150",26.6617823669452,26.8920871553674,30.4041406028111,24.0145296239138,27.4535394049255,37.7133398498207,31.6401639316771,29.9200114099396,0.231579638315021,4.87776475797465,0.425668208416954,1
"3209","PmetTSAr1.1-003151",50.3561488212118,45.2465315965861,46.1499863582328,81.072204750192,67.0317852048644,53.0078802236985,37.4233991933611,42.3182753622135,-0.158076142629916,5.72484617108521,0.656905399483726,1
"3210","PmetTSAr1.1-003152",14.792118716231,14.7846983586478,17.7790931052208,13.5032084985624,16.5667910202136,16.1143955880043,15.4010069468759,16.3045662934013,0.0820105976954745,3.97406235376164,0.773776102418644,1
"3211","PmetTSAr1.1-003153",40.5546841399402,25.9699027507032,39.4355416216866,33.1490530200001,33.024350451283,25.7547620713543,27.8684887610136,30.486142184016,-0.247620961913957,5.00372854783533,0.407651736024767,1
"3212","PmetTSAr1.1-003155",11.3750943319344,11.3041959281412,11.8212055220883,15.9390814041854,11.8698326870102,15.6337908073095,14.5419031580026,15.2289178226561,0.182541224825271,3.75830436134479,0.532753232238373,1
"3213","PmetTSAr1.1-003156",48.0181847687984,51.4935872410851,50.3110507020078,61.6911290228437,51.3752574275197,65.8428549551967,63.7203566332649,63.4632597739683,0.208396344574194,5.83433548135138,0.529607122404911,1
"3214","PmetTSAr1.1-003157",10.9254858603165,16.063857371569,6.99815366907628,13.9003616896965,7.68262176981336,17.5844807995416,20.5765834310642,20.1542555571211,0.461556923971605,3.83951264167227,0.209060058625587,1
"3215","PmetTSAr1.1-003158",346.063640604346,265.470117007189,388.49209827791,275.01534642072,356.058570080592,227.382603007577,469.573558747605,253.230295244389,0.0349290836672139,8.33413787084199,0.937776759884517,1
"3216","PmetTSAr1.1-003159",118.696636507142,135.085141341287,110.220920287951,101.777124447988,109.304410203695,121.847447340875,127.419759515582,114.245190208624,0.0216521946793716,6.87513508205527,0.956298721040989,1
"3217","PmetTSAr1.1-003160",49.0972451006815,47.41812713015,50.5001899903613,48.8763193889139,46.7511201537458,46.7882889441179,38.8692080087821,77.0220918130989,0.0963823497342113,5.66466053783849,0.774887889215147,1
"3218","PmetTSAr1.1-003161",52.963877956596,51.3150999369566,54.3302605795179,46.5993077597446,46.2413727377392,61.1498906260586,58.7962251604542,46.9039346322326,0.0546366201805146,5.71010522943003,0.865234858911882,1
"3219","PmetTSAr1.1-003162",19.2882034324106,20.0203259464184,17.1643904180722,12.3117489251598,19.5888649865383,16.9342508021309,22.6300510239809,13.8702039648726,0.0871558010544702,4.15275143140224,0.778907557509561,1
"3220","PmetTSAr1.1-003163",16.8603176856736,18.2057050211115,15.4621368228915,11.1202893517572,17.0401279065055,15.7751451545727,21.4775947218338,11.9453593330128,0.10465340848079,4.00432987935737,0.738696579666826,1
"3221","PmetTSAr1.1-003164",8.85728689087386,9.48957500283429,8.700407264257,6.3014972993291,9.06622189897406,8.11373953290745,11.9017305385381,6.99171505984396,0.115530584230864,3.12769696094743,0.71074168416516,1
"3222","PmetTSAr1.1-003165",6.83404876859303,8.35915541002017,8.03841975502005,4.84526893183708,7.10005329437728,7.54832214385467,11.6921930290568,5.2084031215032,0.171594399627273,2.9103353075854,0.609584256146618,1
"3223","PmetTSAr1.1-003166",145.583223109896,152.666140797948,110.362774754216,91.1863726844093,123.358874673591,110.567370429272,137.582328725425,125.001674916077,-0.00948235380965178,6.96115307574447,0.981491619020108,1
"3224","PmetTSAr1.1-003167",62.5405384020586,60.2394651433838,58.1603311686745,79.1658694327479,44.1295620142834,80.1479148982321,48.7803322072478,69.3227132856594,-0.101920456413828,5.97440993396395,0.781860980807087,1
"3225","PmetTSAr1.1-003168",52.514269484978,50.2144282281639,50.4056203461845,40.7743942897765,54.2152787452706,51.5943367510665,43.353310711682,47.4134523289014,0.0197745510778261,5.61082882659401,0.950417685630266,1
"3226","PmetTSAr1.1-003169",20.3672637642937,17.3132685004688,36.8348764068272,38.6827208164698,27.817644702073,31.3241233535242,21.1842422085599,19.2767528573026,-0.184850401918725,4.73649023712044,0.590867213048096,1
"3227","PmetTSAr1.1-003170",28.1454903232844,26.8920871553674,58.1130463465861,24.5705440915017,34.517182169588,31.2110398757137,28.1618412742874,29.6369460229013,-0.156095777519379,5.03141040042362,0.644392968048951,1
"3228","PmetTSAr1.1-003171",20.3223029171319,13.7137745338765,62.9833830216865,27.1917551529873,28.1817499992206,19.2524620972473,4.60982520858871,15.9931943676593,-0.868559810166579,4.58859790590184,0.085300698448467,1
"3229","PmetTSAr1.1-003172",28.9997464193586,7.73444984557027,49.9800569473894,12.8148096339298,29.7838133066698,7.68967649111786,14.0599668861956,7.61445891132804,-0.750233910314018,4.31157697991869,0.158869635338593,1
"3230","PmetTSAr1.1-003173",72.2071205418447,67.7656798008041,64.5437821506022,85.5203204908949,78.0641757084353,89.251134861982,73.9457870959525,77.3617702775447,0.135498845471005,6.25072045787328,0.718311984309292,1
"3231","PmetTSAr1.1-003174",7.32861808737279,7.91293714969881,8.36941350963852,3.62733247902557,8.04672706696092,6.04996606286479,6.60043154866111,6.0009862052102,-0.0262718974139629,2.76459594871931,0.937225000292437,1
"3232","PmetTSAr1.1-003175",34.3051263844505,28.9744390368671,34.7070594128513,22.5847781358308,31.6407503221223,27.7902646719443,31.786840188314,26.0703221462198,-0.0390345636123239,4.89666729445281,0.895154012686164,1
"3233","PmetTSAr1.1-003176",75.4443015374941,89.154408412208,65.7731875248994,66.0068603665019,78.9380284215894,64.9664580021649,81.0491086673688,88.1465615237008,0.0791371223767794,6.25263696280362,0.835074121710418,1
"3234","PmetTSAr1.1-003177",85.830257231869,77.1065153835313,262.288908124095,74.3735542597287,101.22127260702,98.9480430842372,62.1907328140513,61.2553497550702,-0.626338139864945,6.68560044818717,0.202061628063227,1
"3235","PmetTSAr1.1-003178",62.8103034850293,62.6192958650977,53.9992668248994,48.6380274742334,65.5753640162742,52.5838171819089,71.934227004932,68.58674327936,0.181797849735284,5.92852450587269,0.596800250046712,1
"3236","PmetTSAr1.1-003179",69.0149003933572,64.9396308187688,82.9375779429716,70.6667911424763,69.325648576894,63.5811853989856,58.3561963905435,59.8683293585829,-0.195381657484071,6.07450962831213,0.596769246685276,1
"3237","PmetTSAr1.1-003180",226.602669695453,120.95489643111,303.757697095581,204.163217122381,263.612235134828,157.383930242842,89.912545318428,113.792285589363,-0.453583195101898,7.53187197580707,0.344445837453146,1
"3238","PmetTSAr1.1-003181",112.087391974358,92.2184404664147,111.11933190763,103.445167850751,104.82591504878,130.978938174077,137.645189978269,121.038759497542,0.239518626125052,6.83585003106842,0.541763109659245,1
"3239","PmetTSAr1.1-003182",65.8226802448697,70.2347541745823,30.3095709586344,35.1348189756711,51.3752574275197,35.6212955103254,73.380035820353,62.076239377481,0.142764030822941,5.72958883880865,0.712939750106101,1
"3240","PmetTSAr1.1-003183",10.2960340000513,11.4529353482483,5.62689382851404,6.46035857578278,7.86467441838714,6.75673779918077,9.91112419846573,10.8414043235637,0.0640720699807992,3.12375356102068,0.848528955693106,1
"3241","PmetTSAr1.1-003184",38.7562502534683,30.2535980497883,54.9449632666665,36.0879866343931,40.5249195725226,51.792232837235,43.0180506965119,44.299733071481,0.167237697244826,5.40999677852576,0.598426155944041,1
"3242","PmetTSAr1.1-003185",52.2445044020072,49.2327480554569,47.9940944196785,37.0146774137062,45.6223937325884,39.4661337558843,42.4313456699643,48.0928092577931,-0.0864546484476248,5.50205577802185,0.778369958475741,1
"3243","PmetTSAr1.1-003186",38.2167200875268,41.4090545578223,29.8840075598392,36.2733247902557,32.4053714461322,38.9855289751895,41.3627043716096,41.129400736653,0.0779253683352014,5.22975692209013,0.794320054955724,1
"3244","PmetTSAr1.1-003187",34.1702438429651,38.3450225036157,28.1344691425702,34.4728969904474,30.0022764849583,37.3175476774837,43.9400157382297,40.2235914981307,0.164841137994563,5.16567892070354,0.584438432431071,1
"3245","PmetTSAr1.1-003188",20.951754777397,20.0203259464184,15.9822698658634,17.104064098179,13.1806117567414,15.9164995018359,15.1495619354984,13.7286712713535,-0.352835082850997,4.0498721525593,0.217184342468125,1
"3246","PmetTSAr1.1-003189",23.2897188298104,26.654104083196,13.3343198289156,18.2955236715815,17.258591084794,25.9243872880701,36.773832913969,23.9473317434332,0.349186384966681,4.5397019003427,0.295353301856075,1
"3247","PmetTSAr1.1-003190",54.1778208299645,62.6490437491192,74.8518733658632,34.4728969904474,55.6716999338608,47.6364150276971,61.4573515308668,53.8390366146689,-0.0485785295283743,5.79831221124584,0.889985826737004,1
"3248","PmetTSAr1.1-003191",7.01389215724021,7.31797946927033,5.01219114136544,4.60697701715657,8.66570607211175,6.55884171301229,6.78901530719428,6.79356928891721,0.265340701262134,2.73476794668268,0.380101934776071,1
"3249","PmetTSAr1.1-003192",65.3730717732517,54.9443417875703,50.4529051682729,62.9090654756552,65.5753640162742,67.0585023416602,62.3793165725845,62.1611589935925,0.138142651861723,5.94063627020037,0.686889668783633,1
"3250","PmetTSAr1.1-003193",35.3841867163336,36.2924185061374,27.9926146763051,30.3160269232429,32.5510135649912,36.1867128993782,37.2767229367242,39.0347168725702,0.158186634514041,5.10618822303625,0.588294323894462,1
"3251","PmetTSAr1.1-003194",11.2402117904491,4.61092202332074,7.42371706787146,19.4605063655752,11.0323905035708,12.693620384235,4.73554771427749,6.79356928891721,-0.280157164248092,3.29423835466864,0.517596026810248,1
"3252","PmetTSAr1.1-003195",121.88885665563,117.295906696475,95.1843468638551,142.869241290672,115.057273898627,155.998657639663,132.134353478911,120.784000649207,0.13472474716826,6.96830841429163,0.737327487595886,1
"3253","PmetTSAr1.1-003196",28.8648638778732,33.6746047122521,32.7683817072288,27.1917551529873,30.9125397278272,29.854038141987,31.8497014411584,29.9766244873472,0.00124088192235814,4.94004891361384,0.997863379694292,1
"3254","PmetTSAr1.1-003197",28.7749421835496,32.9606554957379,34.943483523293,26.6886944442174,30.6940765495387,30.0802050976081,33.7774465283864,29.9483179486434,0.0135476800867035,4.95624628221104,0.963982181968983,1
"3255","PmetTSAr1.1-003198",11.1502900961255,11.6909184204197,15.8877002216867,14.2710380014218,13.8724118213218,15.435894721141,17.1611220265189,14.4363347389491,0.20130518550154,3.8382155700917,0.488394042998959,1
"3256","PmetTSAr1.1-003199",71.6226295287414,102.927678714127,6.66715991445781,28.5950297616615,49.9188362389295,36.4411507244519,88.7810427672289,81.5794445444142,0.290983680639996,5.86771799456006,0.621061508081329,1
"3257","PmetTSAr1.1-003200",35.4291475634954,48.1320763466642,37.8278576706826,48.2673511625082,37.7577193142012,47.8908528527708,51.2319210681791,45.6584469292644,0.105325913396027,5.46249384195781,0.732981889571222,1
"3258","PmetTSAr1.1-003201",112.941648070432,72.7633243164033,100.953095158634,90.7627426138662,75.9523649849795,77.886245342021,65.9205004828186,86.844460743325,-0.299701335520164,6.41879473573086,0.440258474893647,1
"3259","PmetTSAr1.1-003202",141.536746865335,142.4626165786,223.326214723292,149.064831072365,160.024278096349,204.935532662182,143.030303971939,190.616231631535,0.0899752437798167,7.4045646919325,0.830215334351856,1
"3260","PmetTSAr1.1-003203",23.6943664542666,25.2262056501676,26.7632093020079,27.5889083441215,24.9776233843221,36.2432546382835,36.3128503931102,30.2879964130892,0.307876804187039,4.85574437575357,0.291636780963042,1
"3261","PmetTSAr1.1-003204",17.4448086987769,19.7228471062042,17.542668994779,21.022642250703,20.2442545214039,16.6232712381519,13.2218168482703,17.6349736124809,-0.162735753207018,4.16926336055226,0.57774142280726,1
"3262","PmetTSAr1.1-003205",15.6014139651433,13.2378083895337,20.7580368967871,12.7618558751119,13.8724118213218,14.8139355931829,15.3800531959278,12.709635878016,-0.133258695845473,3.9017256350238,0.651087538277778,1
"3263","PmetTSAr1.1-003206",73.3761025680514,37.8393084752514,44.5423024072287,14.0062692073323,75.1513333312549,11.986848647919,11.6502855271606,23.9190252047294,-0.468497814963694,5.19327248288189,0.405910932050182,1
"3264","PmetTSAr1.1-003207",296.831512962179,292.86791819092,278.791311032931,221.426142497014,279.742099798465,232.188650814526,249.642988796027,295.265505219564,-0.0444498523349867,8.06825328687411,0.915308651801828,1
"3265","PmetTSAr1.1-003208",14.8370795633928,15.2309166189691,13.9017376939759,12.5765177192493,14.7462645344759,12.8632456009508,14.3323656485213,12.2850377974586,-0.0602266929837488,3.79767140223009,0.832213649921386,1
"3266","PmetTSAr1.1-003210",53.5483689696993,49.8574536199068,40.9013711064256,46.9964609508788,50.6106363035098,47.5516024193391,53.2015736573033,54.773152391895,0.107705752570988,5.63643898860471,0.731033224004966,1
"3267","PmetTSAr1.1-003211",86.7744350222667,93.5570952473788,102.135215710843,54.5423715824284,89.8975978657308,68.330691467029,74.8467983867222,106.404278987666,0.0106460298135857,6.40286469748283,0.979337035228444,1
"3268","PmetTSAr1.1-003212",167.7039599135,155.938408040305,95.5626254405619,72.5466495805115,162.500194116953,104.687029583123,194.932745070458,144.108588541156,0.301989253151425,7.10130662010938,0.496958873868214,1
"3269","PmetTSAr1.1-003213",11.914624497876,10.8282297837984,7.94385011084334,9.84939914012784,9.50314825555113,8.42471909688648,11.3150255119905,11.8038266394937,0.0181955007889077,3.35917966247111,0.954016811543762,1
"3270","PmetTSAr1.1-003214",109.524623686136,107.270869781255,70.5962393779114,88.2209621906074,96.0509773875244,73.3063644906935,92.80416294927,103.17733357543,-0.0400593434725071,6.53420346714028,0.919340440951541,1
"3271","PmetTSAr1.1-003215",77.3326571182895,70.8892076230536,65.5840482365459,62.7502041992015,77.2631440547107,72.7692179710933,72.2904407710502,66.1523809508314,0.0608982726219044,6.14342073048081,0.869751494613802,1
"3272","PmetTSAr1.1-003216",27.1113908385631,27.1300702275388,22.2711512036144,19.4605063655752,21.4093914722761,26.4615338076703,25.856928669993,23.4661205854682,0.0187579077876898,4.59738682292575,0.950172352820294,1
"3273","PmetTSAr1.1-003217",15.6014139651433,16.4803277478689,15.1784278903614,15.144775021917,13.1806117567414,13.4569338594563,15.2752844411871,15.0024655130255,-0.13253743126389,3.90461095196668,0.635054222432574,1
"3274","PmetTSAr1.1-003218",12.3192721223322,14.3384800983264,12.1049144546184,12.0469801310703,10.122127260702,12.4391825591612,14.4371344032619,12.9077816489427,-0.0252808993367088,3.66152474903606,0.93093031422035,1
"3275","PmetTSAr1.1-003219",14.5223536332602,14.4872195184335,10.5445153257028,9.39929219017576,10.2313588498462,12.3543699508033,12.0274530442269,9.9072885463376,-0.135995140802908,3.55386426033421,0.647402249292145,1
"3276","PmetTSAr1.1-003220",131.600399642578,153.082611174248,84.2142681393571,102.386092674393,140.216949931523,135.587089894858,162.475384851804,126.869906470529,0.261994870246253,7.0181656363804,0.524410137352207,1
"3277","PmetTSAr1.1-003221",9.75650383410978,10.6497424796698,18.9139288353413,10.0347372959905,12.9621485784529,9.69690822225525,7.04046031857185,14.8043197420988,-0.14862211863366,3.55853375130979,0.664856061235259,1
"3278","PmetTSAr1.1-003222",65.0583458431191,39.4159463283869,47.0956827999998,97.4878699837384,105.554125643076,57.6160319444787,32.750712731928,38.6101187920128,-0.0871853631545029,5.91899329080184,0.844999138991444,1
"3279","PmetTSAr1.1-003223",59.9328092666744,51.7910660812994,46.6228345791163,34.4993738698564,56.9096579441625,38.1091320221576,43.0180506965119,43.2523911394396,-0.0890436937640271,5.54909132352143,0.786136280089074,1
"3280","PmetTSAr1.1-003224",33.5857528298618,29.4801530652313,31.4444066887549,57.4018745585945,35.3546243530274,65.2491666966913,41.9494093981573,40.0537522659077,0.265025688410325,5.38839143445932,0.441673668156007,1
"3281","PmetTSAr1.1-003225",49.0073234063579,41.0520799495653,51.39860161004,41.7540388279075,42.2362144691161,41.2754694008532,39.1416067711078,39.8839130336848,-0.172466642372068,5.43543492319489,0.563242319057031,1
"3282","PmetTSAr1.1-003226",93.6984054851833,77.1362632675527,81.8500270349394,96.4023179279717,84.1083236410847,105.026280016555,95.9053180895933,96.3837642865129,0.127820231525106,6.5137729688879,0.739182383115857,1
"3283","PmetTSAr1.1-003227",46.8492027425917,51.5233351251065,36.9767308730922,38.2061369871088,54.5065629829886,57.0223436859733,68.4139968456461,62.7555963063727,0.483755858150156,5.70324139854212,0.134444312598522,1
"3284","PmetTSAr1.1-003228",40.1050756683222,40.6058616892439,47.6158158429717,37.1735386901599,39.8331195079423,31.9460824814823,37.8634279632718,42.6013407492517,-0.120228299815694,5.31380066945994,0.688383218306354,1
"3285","PmetTSAr1.1-003229",101.027023572556,92.9323896829289,107.903964005622,94.3371213340739,110.141852387135,118.115692573127,80.7767099050431,85.5140534242454,-0.00603484278589781,6.62791195788876,0.987922630387362,1
"3286","PmetTSAr1.1-003230",30.7532194586686,25.7616675625533,43.7384604317267,44.9047874775721,26.9073814592041,32.3418746538192,23.5101085638024,24.6266886723249,-0.434846747143379,4.98292010439446,0.162965148643609,1
"3287","PmetTSAr1.1-003231",31.3826713189338,27.5762884878601,46.0081318919677,43.5544666277158,26.9437919889189,31.6633737869559,25.521668654823,24.456849440102,-0.451701406874073,5.00868409280549,0.139763689771724,1
"3288","PmetTSAr1.1-003232",122.833034446027,97.0673455619068,117.833776644176,94.0193987811665,108.685431198544,73.0236557961671,64.537552920242,96.1290054381786,-0.334634691548691,6.5971774446168,0.403457133514237,1
"3289","PmetTSAr1.1-003233",25.7176045765474,21.0020061191254,24.8718164184738,21.6845642359266,23.1206863688696,14.418143420846,13.2218168482703,23.2962813532453,-0.333193615991899,4.39011544590572,0.279730102884365,1
"3290","PmetTSAr1.1-003234",58.8537489347913,68.3606374812326,40.7595166401605,46.0168164127478,58.1476159544642,65.0229997410702,90.6878341035088,70.171909446774,0.40849554807797,5.96171492000383,0.262726951401624,1
"3291","PmetTSAr1.1-003235",6.96893131007841,6.87176120894897,8.36941350963852,9.24043091372208,6.37184270008217,9.69690822225525,7.8995641074452,7.84091122095862,0.0165522174957172,2.99484906592426,0.959592683794892,1
"3292","PmetTSAr1.1-003236",116.043946524596,97.2755807500568,105.303298790763,130.742830521374,109.450052322554,131.346459476962,115.643751482732,109.857676709532,0.0533449224742998,6.83947290276496,0.892175377793354,1
"3293","PmetTSAr1.1-003237",93.0689536249182,69.2530740018753,102.371639821285,74.1352623450482,95.8325142092359,76.8119523028207,66.6957892678994,80.7585549220034,-0.0819596149165483,6.36489752373396,0.833004646705322,1
"3294","PmetTSAr1.1-003238",13.0836065240827,11.1852043920555,14.2327314485943,10.723136160623,13.981643410466,13.5982882067195,11.084534251561,11.4924547137516,0.0279336999561443,3.64143401450064,0.926479010730109,1
"3295","PmetTSAr1.1-003239",117.123006856479,104.325829263134,103.36462108514,69.7665772425722,96.1602089766687,126.003265150413,185.419742140007,130.521449963322,0.447739312034458,6.8660882292446,0.283890370221282,1
"3296","PmetTSAr1.1-003240",41.0042926115582,41.7660291660794,42.840048812048,33.8109750052238,40.7069722210964,38.0243194137997,43.6257094740077,42.233355746102,0.0463276402525286,5.3420498417741,0.877054915557548,1
"3297","PmetTSAr1.1-003241",4.63096725766501,2.11209976552111,4.49205809839356,4.15687006720449,3.64105297147553,2.45956564237961,2.05346759291679,3.0004931026051,-0.464310081678179,1.75112853108324,0.144267350576643,1
"3298","PmetTSAr1.1-003242",2.47284659389879,2.05260399747826,2.78980450321284,1.5621358851278,2.36668443145909,1.75279390606363,2.24205135144996,1.9531511705637,-0.0794792990173033,1.13954949888803,0.771158494249858,1
"3299","PmetTSAr1.1-003243",21.7160891791476,26.5053646630889,26.5267851915662,28.1449228117094,17.9868016790891,41.8691576593587,29.062852565057,23.4661205854682,0.12739427101293,4.75368347679791,0.694436908567981,1
"3300","PmetTSAr1.1-003244",63.5296770396181,61.3401368521765,80.1004886176704,72.9967565304636,70.1995012900482,95.6403513582784,81.572952441072,78.1543533612518,0.228112693210167,6.23851523326702,0.546410171363485,1
"3301","PmetTSAr1.1-003245",65.1033066902809,66.4865207878829,62.0849714020078,77.4713491505754,61.7158478665102,79.3563305535582,93.5584979834027,81.6643641605257,0.222194006050946,6.19965825421373,0.556977006523668,1
"3302","PmetTSAr1.1-003246",31.2927496246102,25.8509112146175,24.1152592650601,23.5644226739618,25.596602389473,21.0900686116688,18.9631446080581,23.5227336628758,-0.233394179059209,4.60315071020844,0.41846681122322,1
"3303","PmetTSAr1.1-003247",117.977262952553,120.270695098618,111.11933190763,88.0356240347448,114.147010655758,113.875062155231,124.465280631895,122.482392971437,0.118930351644086,6.8342564681731,0.762072332864684,1
"3304","PmetTSAr1.1-003248",69.5993914064606,69.580300726111,67.8537196967869,90.365589422732,89.1329767417209,59.7646180228793,51.0433373096459,56.5564643302358,-0.213736594107105,6.11468448164701,0.58152045367398,1
"3305","PmetTSAr1.1-003249",27.3811559215339,13.2973041575766,24.0206896208834,26.7151713236263,28.1817499992206,19.5351707917737,7.33381283184568,12.228424720051,-0.443202634988403,4.31340671876372,0.264763522526939,1
"3306","PmetTSAr1.1-003250",22.5253844280599,22.8761228124751,26.4322155473895,34.684712025719,25.0504444437516,50.4352311035083,52.3215161174819,34.5339772186625,0.60785277754677,5.07398329337715,0.0679525349371704,1
"3307","PmetTSAr1.1-003251",16.8603176856736,16.5695713999332,18.2992261481927,13.4237778603355,21.2637493534171,12.5805369064244,15.0447931807577,14.8043197420988,-0.0326594876755238,4.01444078162877,0.914726153737528,1
"3308","PmetTSAr1.1-003252",31.2028279302866,20.8532666990183,29.1747352285139,31.5869171348723,27.5627709940697,28.6666616249762,24.3063510998314,29.9483179486434,-0.0300064930923755,4.80587491638122,0.919519034741366,1
"3309","PmetTSAr1.1-003253",30.8431411529922,27.5465406038387,46.3391256465862,34.9494808198085,33.2792241592863,34.0381268209776,31.2420426636626,31.2504187290192,-0.105287534672083,5.07647453952009,0.727024722495755,1
"3310","PmetTSAr1.1-003254",30.5733760700214,25.0774662300605,42.698194345783,33.8109750052238,34.1530768724404,31.0696855284505,27.0722462249846,29.9200114099396,-0.112600869749607,4.99329754457882,0.707940237763932,1
"3311","PmetTSAr1.1-003255",58.9886314762767,35.7569565937518,47.8995247755018,39.1328277664219,51.1932047789459,43.6784933043276,25.8988361718893,36.204063002188,-0.211613007426947,5.40575288148658,0.525462544760208,1
"3312","PmetTSAr1.1-003256",46.0399074936793,27.8737673280744,38.0642817811244,33.8374518846327,40.6341511616669,34.8297111656515,23.0491260429436,30.5993683388313,-0.175469155136335,5.10504391929586,0.579334227721207,1
"3313","PmetTSAr1.1-003257",34.3950480787741,40.1001476608797,35.9364647871485,53.5097732854795,35.9736033581782,48.0039363305814,43.2485419569414,38.0439880179364,0.0112406298994197,5.3652514743867,0.971337794539969,1
"3314","PmetTSAr1.1-003258",12.7688805939501,13.535287229748,12.6723323196787,17.8983704804474,11.1780326224299,16.849438193773,15.8829432186829,13.0493143424618,0.00164094517156926,3.83764177318604,0.99725835373227,1
"3315","PmetTSAr1.1-003261",58.3591796160115,65.7428236873473,61.1392749602407,93.8340606253039,67.1774273237235,96.6863735280261,110.971065021299,105.328630516921,0.445837141410887,6.36596440166738,0.263993658728962,1
"3316","PmetTSAr1.1-003262",177.820150524904,161.828489076547,167.009991616064,176.468401260624,171.530005486212,168.748819762803,174.523791646979,176.972479976293,0.0181523826901521,7.42562993178709,0.964131594600489,1
"3317","PmetTSAr1.1-003263",74.0954761226402,65.2668575430045,105.587007723293,68.5751176691696,88.8052819742881,68.6699419004606,67.911106822891,62.246078609704,-0.124244715770117,6.23260456987444,0.749150213434084,1
"3318","PmetTSAr1.1-003264",286.625400656451,212.429639796989,183.275970414457,241.680955244857,237.505885329349,161.454935444022,173.601826605261,165.480025262542,-0.324234234818731,7.69913809358332,0.442803369409405,1
"3319","PmetTSAr1.1-003265",25.3579177992531,15.3499081550548,16.1241243321285,24.3852059356391,17.5862858522268,27.2531181523442,19.1517283665913,23.7208794338026,0.110997158628624,4.40461787845546,0.722413428892421,1
"3320","PmetTSAr1.1-003266",22.2106584979273,20.2285611345684,18.8666440132529,16.3362345953196,21.4093914722761,22.6166955621114,24.0339523375057,23.6076532789873,0.240258188626135,4.40781118012886,0.396092408380753,1
"3321","PmetTSAr1.1-003267",31.3826713189338,26.3566252429817,27.0469182345381,41.7540388279075,27.1622551672074,32.5114998705351,11.9017305385381,35.9776106925574,-0.23532371394105,4.8738433845784,0.512135870000965,1
"3322","PmetTSAr1.1-003268",18.1641822533657,17.4025121525331,18.0155172156626,12.7353789957029,17.6955174413711,14.3050599430354,15.736266962046,14.0683497357994,-0.100928904376043,4.00640372160237,0.728205908545794,1
"3323","PmetTSAr1.1-003269",48.3778715460927,48.7567819111141,44.8260113397589,53.6156808031152,53.414247091546,49.0782293697817,47.4811996484637,57.6604193396848,0.0860874607459979,5.65719829018994,0.783221855709631,1
"3324","PmetTSAr1.1-003270",14.2525885502894,18.027217716983,12.9087564301204,13.3973009809266,13.4354854647447,15.2379986349725,15.568636954461,15.8233551354363,0.0356291777146413,3.89687326322264,0.902555182327467,1
"3325","PmetTSAr1.1-003271",35.3841867163336,35.6974608257089,46.8119738674697,22.5318243770129,36.155656006752,24.9349068572278,35.5585153589775,30.1464637195701,-0.146562556601401,5.06416050769464,0.647027956573195,1
"3326","PmetTSAr1.1-003272",78.771404227467,85.7036538657228,123.082391895983,89.6507136786905,104.097704454485,93.2373274548041,86.4132689100902,82.2588014733059,-0.0434498538084074,6.53851597388408,0.911858662603628,1
"3327","PmetTSAr1.1-003273",35.3392258691718,36.0841833179874,43.502036321285,32.222362240687,41.2895406965325,31.9460824814823,35.2023015928592,35.1001079927389,-0.035641401366301,5.18557554376745,0.904762889952678,1
"3328","PmetTSAr1.1-003274",26.0772913538418,26.0591464027675,25.7229432160642,20.1753821096167,26.5068656323418,22.0230073036059,25.9826511756818,25.1928194464013,0.02479594942658,4.63091592906467,0.932521562267083,1
"3329","PmetTSAr1.1-003275",39.0709761836009,46.4959427254859,27.1887727008031,33.705067487588,36.6289928930438,44.3004524322856,58.3771501414916,47.1020804031593,0.347882273598716,5.38129132183007,0.275893628890522,1
"3330","PmetTSAr1.1-003276",42.2631963320885,46.436446957443,25.9120825044176,34.2346050757669,37.7577193142012,43.7067641737802,61.4783052818149,50.2724127379874,0.376343560281608,5.42053481133731,0.249121696979625,1
"3331","PmetTSAr1.1-003277",103.140183389161,96.2641526933284,108.991514913654,93.6487224694413,99.1822829429934,93.7462031049516,102.44288838541,94.2890804224301,-0.0450761906199995,6.62968051728505,0.906527184021142,1
"3332","PmetTSAr1.1-003278",25.2230352577677,24.2742733614821,19.6704859887549,21.6051335976998,23.1570968985844,24.4543020765329,27.617043749636,24.9380605980669,0.14220370981276,4.58087549470863,0.614819356490938,1
"3333","PmetTSAr1.1-003279",16.4107092140556,16.5100756318904,14.989288602008,14.5358067955112,16.2390962527809,15.5489781989516,18.7116995966805,15.398757054879,0.0780412958924834,4.0095313489789,0.783771648913874,1
"3334","PmetTSAr1.1-003280",11.4200551790962,7.55596254144172,17.542668994779,10.1935985724441,18.5693701545252,7.26561344932828,4.98699272565506,8.8599466142962,-0.235991345478093,3.438356425158,0.56046371160983,1
"3335","PmetTSAr1.1-003281",115.954024830272,73.3285341128104,134.619888485542,84.7524909880355,155.800656649438,67.0019606027549,42.1379931566904,82.5984799377518,-0.233764841010898,6.56325117462771,0.61460419926242,1
"3336","PmetTSAr1.1-003282",28.0555686289608,30.4023374698954,24.3989681975903,32.5665616730033,26.7617393403451,31.9178116120297,33.3793252603719,33.5715549027326,0.121921516941709,4.91643764056449,0.674883797249449,1
"3337","PmetTSAr1.1-003283",26.9765082970777,31.3840176426024,26.4795003694778,34.8965270609906,28.4730342369386,31.9460824814823,33.9241227850233,36.0059172312612,0.122077124205288,4.96939466671618,0.674318979310283,1
"3338","PmetTSAr1.1-003284",42.9376090395154,38.8804844160013,23.689695866265,35.8232178403037,35.6823191204602,46.5621219884968,46.8944946219161,50.6403977411371,0.347012725968968,5.32941482379697,0.275820974329599,1
"3339","PmetTSAr1.1-003285",63.5746378867799,47.7453538543857,447.787265176705,147.899848378371,106.100283588797,165.554211514655,44.149553247711,74.3329706362358,-0.857669110122071,7.09982986670595,0.180206629574549,1
"3340","PmetTSAr1.1-003286",53.4134864282139,48.6377903750284,48.6087971068271,49.2205188212302,53.9239945075526,39.2399668002632,52.6358223817038,54.2353281565224,0.00114248963668126,5.64529937922977,0.997772812217972,1
"3341","PmetTSAr1.1-003287",56.2010589522453,40.4868701531582,155.898058425301,59.5465017907191,86.3657764833995,57.983553247363,41.8236868924685,48.7155531092772,-0.410024411195792,6.09623946446175,0.385964355033847,1
"3342","PmetTSAr1.1-003288",57.6847669085846,61.6971114604336,52.4861525180721,40.9862093250481,57.3465843007396,41.3602820092112,50.3099560264613,48.3475681061275,-0.108960602467861,5.68186331139245,0.737574229154323,1
"3343","PmetTSAr1.1-003289",111.547861808416,137.137745338765,83.0321475871483,72.2289270276041,100.711525191013,96.4319357029523,113.485515135075,177.255545363332,0.272368425405586,6.80147805928943,0.522727525081166,1
"3344","PmetTSAr1.1-003290",16.0510224367613,15.4391518071191,9.55153406184735,12.8677633927477,12.197527454443,12.7501621231403,11.566470523368,16.361179370809,-0.0286523815072715,3.74532108416757,0.927691099874536,1
"3345","PmetTSAr1.1-003291",83.4473323322938,66.0997982956043,61.7539776473893,65.1860771048246,76.025186044409,58.3228036807947,48.2145809316483,66.6335921087963,-0.150016163608257,6.03926263322957,0.685895573287569,1
"3346","PmetTSAr1.1-003292",45.0957297032816,38.5830055757871,35.5109013883533,49.0087037859587,39.3597826216504,52.188025009572,40.9017218507507,46.3378038581561,0.0878965453425598,5.4408801396534,0.774016471803727,1
"3347","PmetTSAr1.1-003293",36.2834036595696,30.580824774024,31.2552674004015,43.6338972659427,33.8982031644372,41.529907225927,28.4971012894575,35.8077714603345,-0.0211246769234575,5.13947828979261,0.945768713068545,1
"3348","PmetTSAr1.1-003294",27.4710776158575,25.9104069826604,37.0240156951806,19.7782289184825,31.2038239655453,26.2919085909545,22.2319297559665,21.597889031016,-0.120335747600094,4.72735601906762,0.697004772614613,1
"3349","PmetTSAr1.1-003295",33.9454396071562,39.1779632562155,71.8729295742969,59.9701318612622,41.9813407611128,45.6574541660123,29.1466675688495,44.0166676844428,-0.350174900928559,5.51649574952055,0.311595116708321,1
"3350","PmetTSAr1.1-003296",8.45263926641769,10.5307509435841,6.61987509236945,10.2200754518531,8.19236918581994,9.55555387499205,13.2218168482703,11.7755201007898,0.253525138825556,3.30649393924183,0.408172826974918,1
"3351","PmetTSAr1.1-003297",9.98130806991876,15.9746137195047,7.04543849116463,13.2384397044729,9.97648514184294,11.67586908394,14.3533193994694,14.3797216615414,0.121705666881821,3.60306964842952,0.706527108367195,1
"3352","PmetTSAr1.1-003298",12.6339980524647,13.0593210854052,15.0365734240963,8.18135573736425,10.7411062658528,9.58382474444469,12.362713059397,10.5017258591179,-0.177077809159446,3.53201482870173,0.555111393970679,1
"3353","PmetTSAr1.1-003299",69.059861240519,78.4749180485168,35.747325498795,50.9679928622207,59.8953213807724,62.0828293179957,81.6358136939164,86.0801841983218,0.306387876618981,6.03481495701044,0.4359706758095,1
"3354","PmetTSAr1.1-003300",8.49760011357949,8.24016387393447,10.970078724498,10.9614280753036,9.50314825555113,13.6548299456247,11.9226842894863,10.1903539333758,0.228004942662575,3.40025977407113,0.440708482358557,1
"3355","PmetTSAr1.1-003301",53.1437213452431,52.1480406895564,49.2707846160641,45.9903395333389,46.8967622726048,29.147266405671,32.2897302110691,39.8272999562772,-0.437037540017024,5.44766006300999,0.159788297652461,1
"3356","PmetTSAr1.1-003302",2.78757252403137,3.12352782224953,2.26967146024096,2.03871971448883,2.36668443145909,1.32873086427404,1.59248507205792,1.64177924482166,-0.568428366622221,1.13566109306496,0.0474768558735452,1
"3357","PmetTSAr1.1-003303",23.1098754411633,22.3109130160681,18.5356502586345,24.8882666444091,21.5186230614204,27.9316190192075,25.2283161415491,24.2587036691752,0.15486947780742,4.55700079152984,0.586828202967119,1
"3358","PmetTSAr1.1-003304",7.01389215724021,6.90150909297039,6.14702687148592,5.71900595233229,5.57081104635756,5.85206997669631,5.84609651452841,6.70864967280575,-0.103590931813,2.65068730369227,0.71184511274279,1
"3359","PmetTSAr1.1-003305",6.24955775548968,7.64520619350599,6.47802062610439,6.98989616396169,6.22620058122315,7.97238518564425,8.50722288494098,7.92583083707008,0.162599164393548,2.87116259871217,0.57174022899501,1
"3360","PmetTSAr1.1-003308",26.481938978298,25.8211633305961,21.4673092281124,23.0878388446007,28.4366237072239,28.5818490166182,28.3085175309243,25.4475782947357,0.193562119065701,4.70143306038786,0.492528627691247,1
"3361","PmetTSAr1.1-003309",100.892141031071,60.2989609114266,77.8308171574294,150.971166389809,104.716683459636,116.702149100495,46.6849571124348,76.2295087293919,-0.179839504846253,6.52121504565994,0.68951698776046,1
"3362","PmetTSAr1.1-003310",32.1919665678461,28.61746442861,112.017743527309,46.3080620862462,40.7797932805259,38.4201115861367,32.3316377129654,32.6940522029141,-0.603046534264924,5.50651220553966,0.146899922703671,1
"3363","PmetTSAr1.1-003311",34.7547348560685,33.882839900402,128.472861614056,42.5483452101759,39.3233720919357,34.1794811682408,28.9790375612645,30.3163029517931,-0.851316419803938,5.541958764506,0.0480297362815583,1
"3364","PmetTSAr1.1-003312",56.5157848823779,56.6994669448343,40.8540862843372,43.8986660600321,50.6106363035098,56.0894049940362,53.788278683851,54.2636346952262,0.117388834178427,5.6907970500597,0.714782125260487,1
"3365","PmetTSAr1.1-003313",32.7764575809494,29.4801530652313,42.2253461248994,30.5278419585145,38.8500352056439,39.0137998446421,34.2174752982971,34.6755099121816,0.120777418342376,5.14073050208928,0.685761967879518,1
"3366","PmetTSAr1.1-003314",35.1593824805246,31.5922528307524,44.8732961618472,28.7274141587062,39.8331195079423,39.9184676671265,34.2593828001934,36.8268068536721,0.104461272667244,5.18805697790273,0.730417644369235,1
"3367","PmetTSAr1.1-003315",85.8752180790308,94.7172627242143,97.7850120787145,60.4467156906233,97.0340616898228,76.4161601304838,78.1155835346305,77.7014487419906,-0.0412179049355559,6.38486227777787,0.915977404028187,1
"3368","PmetTSAr1.1-003316",113.526139083535,99.6554114717707,83.8832743847386,76.8359040447607,87.4580923748422,80.0631022898742,88.4457827520588,91.3168938585289,-0.106477708342544,6.49515728359646,0.783274815953836,1
"3369","PmetTSAr1.1-003317",29.9888850569181,23.5900720289893,28.4181780751003,26.6622175648084,26.6525077512009,29.5996003169132,23.5520160656987,24.768221365844,-0.0550426917893463,4.73939655465208,0.847741256334995,1
"3370","PmetTSAr1.1-003318",26.3470564368126,23.0248622325823,26.4322155473895,26.9005094794889,27.3443078157812,27.1683055439863,23.4682010619062,24.9380605980669,0.00293127846775053,4.6872058747382,0.992939985608996,1
"3371","PmetTSAr1.1-003319",30.6183369171832,26.654104083196,27.7561905658633,27.1652782735784,28.6914974152272,25.1610738128489,31.3258576674551,28.8726694778981,0.0240132967881316,4.82485400102343,0.934180989668539,1
"3372","PmetTSAr1.1-003320",55.3917637033329,40.1001476608797,63.2670919542166,56.5281375380993,56.6183737064444,62.3938088819747,41.111259360232,62.1328524548887,0.0460421540023078,5.7747821731093,0.892140717597721,1
"3373","PmetTSAr1.1-003321",20.8618330830734,19.3361246139257,32.6265272409637,18.6132462244889,24.0673601414532,21.9947364341533,21.7290397332113,20.5222405602707,-0.0490756241216273,4.49330407350484,0.870320821764553,1
"3374","PmetTSAr1.1-003322",304.474856979684,251.637350937226,243.091270356224,240.012911842094,269.110225121756,238.804034266443,246.835186168977,297.699867548093,0.0182637137544836,8.03076400388492,0.965034641797857,1
"3375","PmetTSAr1.1-003323",10.2061123057277,7.85344138165596,7.32914742369475,7.06932680218853,9.13904295840357,8.08546866345481,8.44436163209659,8.6051877659618,0.0796432230814063,3.07053166027474,0.787479802648173,1
"3376","PmetTSAr1.1-003324",49.7266969609466,49.381487475564,46.4336952907629,36.5910473431631,43.8746883062801,42.2932207011482,50.7080772944758,44.5827984585192,-0.00503623606219292,5.50808355601459,0.987032860509338,1
"3377","PmetTSAr1.1-003325",52.2445044020072,54.5576192952918,69.6505429361443,51.7358223650801,58.5845423110412,50.6331271896768,43.6257094740077,48.3475681061275,-0.181630326847069,5.74757375049012,0.576689876710911,1
"3378","PmetTSAr1.1-003326",198.277335983521,190.535197157221,146.819372584337,130.213292933195,168.653573638746,119.896757348643,140.201547593941,165.876316804395,-0.163196874515378,7.30026900770069,0.694408877245684,1
"3379","PmetTSAr1.1-003327",56.9653933539958,51.1068647488066,61.706692825301,56.4487068998724,58.4024896624675,60.41484802029,54.58452121988,57.320740875239,0.0284589327064418,5.83739933351492,0.931135565180118,1
"3380","PmetTSAr1.1-003328",141.851472795467,154.926979983577,65.9623268132528,96.720040480879,117.715242567804,136.802737281321,170.270180204508,185.492748126144,0.409496457400994,7.06381740689172,0.348711672650797,1
"3381","PmetTSAr1.1-003329",24.2338966202082,25.4046929542962,20.8998913630521,21.3403648036103,25.5601918597582,23.0973003428062,26.6112637041257,25.2211259851052,0.12917561465182,4.5915367862149,0.645131008713654,1
"3382","PmetTSAr1.1-003330",12.3192721223322,12.8808337812766,10.7809394361445,9.82292226071889,10.9231589144266,12.0999321257296,13.2008630973222,12.1435051039395,0.0793517572043246,3.56492666045722,0.783581547122913,1
"3383","PmetTSAr1.1-003331",111.098253336798,115.570529423233,137.83525638755,113.400474508515,120.227569118122,104.941467408197,112.605457595253,116.453100227523,-0.0732792287744199,6.86511300310123,0.851529345663245,1
"3384","PmetTSAr1.1-003332",82.1434677646017,69.8182837982824,113.105294435341,76.5976121300802,73.9861963803827,77.1229318667997,80.1480973765992,79.8810522221849,-0.134836030516203,6.35147834091316,0.726455874603677,1
"3385","PmetTSAr1.1-003333",79.221012699085,32.8416639596522,127.574449994377,21.0755960095209,52.1034680218148,25.4720533768279,16.3858332414381,34.3924445251434,-1.02213898839986,5.60439454087069,0.044983699768984,1
"3386","PmetTSAr1.1-003334",90.0565768650778,95.04448944845,83.2212868755017,67.8602419251281,91.6088927623243,66.2951888664389,75.7268559265436,80.6736353058919,-0.0970827842427737,6.34639420928481,0.800101990317842,1
"3387","PmetTSAr1.1-003335",53.3235647338903,59.7040032309982,74.4735947891564,42.3100532954954,54.9798998692805,47.8625819833182,50.896661053009,47.2719196353823,-0.192910179895389,5.75238855431436,0.561642512592565,1
"3388","PmetTSAr1.1-003336",31.3826713189338,30.0751107456598,33.5722236827308,40.1654260633708,34.2623084615847,37.3175476774837,35.0346715852742,37.9024553244173,0.0959679569142266,5.13044915914644,0.74318494972826,1
"3389","PmetTSAr1.1-003337",33.2260660525674,31.2055303384739,33.0048058176706,37.6765993989299,30.948950257542,38.4483824555893,33.3374177584756,37.3929376277485,0.0525087255798174,5.10720788407973,0.857209203795771,1
"3390","PmetTSAr1.1-003338",25.6726437293856,20.0500738304398,39.8611050204818,36.0350328755752,27.1986656969222,44.4983485184541,23.447247310958,24.0888644369523,-0.0284052281187395,4.91477914282858,0.93401204331396,1
"3391","PmetTSAr1.1-003339",17.9393780175567,22.0431820598753,15.0365734240963,16.8392953040895,16.3847383716399,23.8888846874801,25.0187786320678,22.7301505791688,0.292627596722241,4.32589051514729,0.324316513997412,1
"3392","PmetTSAr1.1-003340",98.2394510485248,106.259441724527,94.4277897104414,89.9684362315978,92.7376191834817,94.7074126663413,104.307772219794,101.677087024128,0.0167458760417506,6.61254597593388,0.965437378489642,1
"3393","PmetTSAr1.1-003341",105.927755913192,81.925672595002,174.622847972288,93.2250923988982,130.531749027398,73.6456149241251,66.3395755017812,69.2377936695479,-0.423563098946755,6.63625550988253,0.330638055337181,1
"3394","PmetTSAr1.1-003342",55.2119203146858,67.7954276848255,33.2885147502007,50.6237934299044,46.8967622726048,65.7015006079335,98.6293057128503,69.067954437325,0.437802099285398,5.93022153364788,0.252748781686772,1
"3395","PmetTSAr1.1-003343",51.3003266116095,37.3930902149301,63.5980857088351,48.1084898860545,55.9265736418641,48.5410828501815,42.8923281908231,41.7804511268409,-0.083209658175005,5.60721481007721,0.798326544306404,1
"3396","PmetTSAr1.1-003344",87.8984562013116,73.2095425767247,74.3790251449796,63.8092793755594,77.3359651141402,72.6844053627354,68.0577830795279,73.9083725556785,-0.0355971690422567,6.20882125217809,0.924288784927936,1
"3397","PmetTSAr1.1-003345",63.0800685680001,67.0517305842899,67.1917321875499,56.8988138498245,60.6599425047823,55.0433828242885,58.921947666143,59.217278968395,-0.120495423323309,5.9323149653291,0.721027165578294,1
"3398","PmetTSAr1.1-003346",64.2940114413686,69.7885359142609,68.3265679176704,58.5668572525881,62.6625216390938,52.0749415317614,58.9848089189874,62.3309982258154,-0.144776810570903,5.95854255165184,0.672951502754073,1
"3399","PmetTSAr1.1-003347",48.3778715460927,49.5599747796925,53.7628427144576,44.1104810953037,45.7316253217326,43.5936806959696,47.4183383956193,47.5832915611243,-0.0870120792538935,5.57216636826595,0.776845198232668,1
"3400","PmetTSAr1.1-003348",13.2634499127299,11.571926884334,16.1241243321285,23.432038276917,18.1324437979481,17.4431264522784,11.6712392781087,12.1435051039395,-0.118352899059856,3.95734030563865,0.718674676504492,1
"3401","PmetTSAr1.1-003349",16.8153568385118,12.7618422451909,20.5688976084337,20.7843503360225,16.8944857876464,17.1038760188467,13.1170480935297,14.7477066646911,-0.19744656446779,4.05791996810259,0.510149706684952,1
"3402","PmetTSAr1.1-003350",35.6989126464662,33.4961174081235,35.9837496092368,28.1978765705273,30.6212554901092,33.3878968235669,35.0765790871705,34.1093791381052,-0.00142076737314441,5.06095765745433,0.996180726883559,1
"3403","PmetTSAr1.1-003351",223.455410394127,160.936052555904,226.5415826253,168.578291196758,195.597365627665,153.623904605641,126.791146987138,164.404376791797,-0.283536241425102,7.47200683461572,0.497054880544652,1
"3404","PmetTSAr1.1-003352",69.3296263234898,38.5532576917656,145.069834167068,108.263959903179,111.452631456866,89.3359474703399,38.0939192237013,45.1772357712995,-0.346718106009729,6.33456555444079,0.483736426226072,1
"3405","PmetTSAr1.1-003353",13.9828234673186,17.8784782968759,20.3797583200802,17.3953097716774,16.0934541339218,19.5351707917737,23.6358310694912,19.3899790121179,0.176316903501707,4.21742718701043,0.548212782941069,1
"3406","PmetTSAr1.1-003355",123.64232969494,124.970860774003,51.0203230333331,46.6787383979714,65.6845956054185,46.9013724219284,76.6488209682614,104.73419320414,-0.236352757996707,6.3236236479136,0.608154638353459,1
"3407","PmetTSAr1.1-003356",44.9158863146344,40.4273743851153,55.8906597084335,38.8415820929235,50.4649941846508,40.6252394034425,42.1170394057423,38.893184179051,-0.0650784268287565,5.46194915704839,0.832839682583119,1
"3408","PmetTSAr1.1-003357",19.423085973896,11.9289014925911,47.8522399534135,14.9329599866454,18.4965490950957,15.7186034156674,13.640891867233,13.7286712713535,-0.610755049198721,4.28538636276369,0.126355307862165,1
"3409","PmetTSAr1.1-003358",18.9285166551162,10.5307509435841,56.6472168618472,13.0531015486103,18.3509069762367,13.2873086427404,12.195083051812,11.0678566331943,-0.851676181886884,4.26928937421116,0.0615353934862308,1
"3410","PmetTSAr1.1-003359",46.9840852840771,54.4683756432275,22.1765815594377,48.6645043536424,76.6077545198451,90.9473870291403,24.1387210922463,48.5457138770542,0.478980977641079,5.69019262414213,0.265231322751996,1
"3411","PmetTSAr1.1-003360",34.0803221486415,41.944516470208,50.6893292787147,35.4525415285784,35.6459085907454,33.6988763875459,44.0866919948666,38.100601095344,-0.0974281810656082,5.29542482038539,0.749803444658485,1
"3412","PmetTSAr1.1-003361",18.4789081834982,16.5100756318904,22.4602904919678,23.1672694828276,21.6642651802794,22.1643616508691,22.0223922464852,19.0786070863758,0.0752584821387694,4.3754119516715,0.793791236057996,1
"3413","PmetTSAr1.1-003362",20.0525378341611,16.9265460081903,18.6775047248995,13.0795784280192,19.9529702836859,14.7008521153724,14.2485506447287,11.6339874072707,-0.182884009209551,4.01891609661656,0.549336071174622,1
"3414","PmetTSAr1.1-003363",21.9408934149566,22.9058706964966,21.5618788722891,20.1224283507988,25.1596760328959,22.0512781730586,20.8280284424417,20.8902255634204,0.0391853763143765,4.45894406097185,0.889612774424363,1
"3415","PmetTSAr1.1-003364",85.155844524442,88.2917197755867,91.4961307409635,128.704110806886,90.6258084600259,122.86519864117,137.456606219736,118.094879472344,0.252764157688633,6.75364773448483,0.529707426451473,1
"3416","PmetTSAr1.1-003365",152.866880350107,169.562938922117,133.674192043775,86.5793956672528,145.678529388736,101.916484376764,210.124214507853,150.732318597851,0.165110976081123,7.16948058660868,0.704138447811774,1
"3417","PmetTSAr1.1-003366",33.0012618167584,35.2214946813661,35.747325498795,40.2448567015976,30.948950257542,37.4023602858417,36.9833704234503,35.3265603023695,-0.0360446267037958,5.15677827209996,0.902406443222644,1
"3418","PmetTSAr1.1-003367",137.894918245229,139.725811248629,97.9268665449795,98.20274572778,118.22498998381,96.7994570058366,138.902415035157,131.682018050179,0.0356911756079715,6.90668423263776,0.930023951486113,1
"3419","PmetTSAr1.1-003368",116.943163467832,120.092207794489,106.485419342971,68.9722708603038,126.380948639916,73.6456149241251,76.6488209682614,97.9123173765193,-0.139080463263928,6.62113811210922,0.735871825951676,1
"3420","PmetTSAr1.1-003369",51.2104049172859,55.0930812076774,56.9309257943773,63.491556822652,44.0203304251391,76.6423270861049,70.802724453733,67.8224667343568,0.193651451892986,5.92647474147694,0.582507909300044,1
"3421","PmetTSAr1.1-003370",41.6787053189851,43.9673725836648,59.2478820767066,57.4548283174124,42.3454460582604,67.8500866863341,62.8193453424952,59.387118200618,0.199916087616026,5.76580819840009,0.554170724683895,1
"3422","PmetTSAr1.1-003371",49.5918144194612,44.3540950759433,56.2689382851404,44.5870649246647,50.7926889520836,42.3780333095062,49.0527309695735,50.4705585089141,-0.0154568346448907,5.59975990813113,0.960566749132244,1
"3423","PmetTSAr1.1-003372",25.9424088123564,22.6083918562823,28.2290387867469,24.6499747297285,25.6330129191877,23.8323429485748,26.8836624664514,27.4007294652994,0.0331417460603434,4.68410710348009,0.908383977100457,1
"3424","PmetTSAr1.1-003373",29.4043940438147,30.7295641941311,24.2098289092369,29.3363823851119,28.4366237072239,36.1019002910203,36.7319254120728,31.8165495030956,0.227280775364957,4.95016773186709,0.43231610636495,1
"3425","PmetTSAr1.1-003374",23.379640524134,22.7571312763894,31.1134129341364,27.2447089118052,18.751422803099,31.6633737869559,39.7283117976554,27.62718177493,0.173460470200593,4.7996275281516,0.585025895728246,1
"3426","PmetTSAr1.1-003375",40.6895666814256,52.2670322256421,30.8769888236947,28.0919690528915,43.5834040685621,41.3320111397585,64.2861079088644,46.3094973194523,0.363957728963918,5.44292221867017,0.271364392735244,1
"3427","PmetTSAr1.1-003376",28.1005294761226,27.7845236760101,37.5914335602408,23.6173764327797,30.5120239009649,29.3168916223869,31.9335164449509,29.9200114099396,0.0562444402958469,4.90230670821817,0.850272261646363,1
"3428","PmetTSAr1.1-003377",56.7405891181868,28.9149432688242,32.531957596787,142.074934908403,20.9360545859843,18.2347107969523,6.72615405434989,55.565735475602,-1.35933359026447,5.50081225864578,0.0193161709281488,1
"3429","PmetTSAr1.1-003378",14.6572361747456,7.19898793318463,33.2885147502007,19.3810757273483,22.9750442500106,16.5101877603413,8.13005536787463,5.80284043428345,-0.480452604275531,4.0028336486162,0.308204705420498,1
"3430","PmetTSAr1.1-003379",19.0184383494398,20.9127624670611,20.474327964257,18.7456306215336,22.465296834004,16.3405625436255,16.1762957319567,19.2767528573026,-0.0926489504716959,4.26559374235761,0.747138462199102,1
"3431","PmetTSAr1.1-003380",41.3639793888525,41.6767855140152,36.5511674742971,43.6868510247606,49.7003730606409,53.912548046183,44.6105357685698,44.1582003779619,0.236352875238191,5.47645683851796,0.431239552065652,1
"3432","PmetTSAr1.1-003381",77.8272264370693,75.9463479066957,118.779473085943,70.2696379513421,85.8924395971077,97.0256239614577,83.16543751313,78.4940318256976,0.00752949179682861,6.42594193623157,0.985178867784764,1
"3433","PmetTSAr1.1-003382",71.262942751447,69.8480316823038,78.9656528875499,42.8395908836743,71.7287435380679,53.7711936989198,60.053450217342,62.0196263000734,-0.0865561519567823,5.99694296243584,0.812762530402914,1
"3434","PmetTSAr1.1-003383",67.4862315898561,43.9376246996434,154.905077161445,84.8848753850802,61.9707215745135,74.5785536160622,71.0541694651105,55.25436354986,-0.417790996558167,6.26314659522951,0.343299645997974,1
"3435","PmetTSAr1.1-003384",4.04647624456166,2.29058706964966,44.0221693642569,31.9311165671886,18.5693701545252,25.2458864212068,1.04768754740653,3.42509118316243,-0.76922258112115,4.03220230730749,0.35698905375191,1
"3436","PmetTSAr1.1-003385",47.7034588386658,32.8119160756308,36.409313008032,31.6133940142813,44.0931514845686,28.2425985831866,27.4703674929991,32.863891435137,-0.162966075740568,5.13761817376526,0.603790199169499,1
"3437","PmetTSAr1.1-003386",56.2010589522453,37.8988042432943,68.0901438072287,102.041893242077,50.6834573629393,64.9381871327122,45.8887145764058,53.6975039211498,-0.296220726208915,5.90667800023208,0.440646418041045,1
"3438","PmetTSAr1.1-003387",81.0644074327186,77.998951904174,71.9674992184736,82.4225256000483,79.3749547781665,69.0940049422502,67.7015693134096,79.2866149094046,-0.0853802921440647,6.25122997149079,0.819030751951687,1
"3439","PmetTSAr1.1-003388",71.2179819042852,68.8068557415539,55.7488052421685,59.0169642025402,62.0799531636577,60.0473267174057,79.477577346259,71.6438494593728,0.100969623470831,6.04591036968474,0.783893115458974,1
"3440","PmetTSAr1.1-003389",47.9732239216366,54.3493841071418,53.7155578923693,40.1919029427797,51.3752574275197,43.7915767821381,54.4168912122949,47.0454673257517,0.00311219913153374,5.61963105253691,0.992996752345,1
"3441","PmetTSAr1.1-003390",56.1111372579217,55.1228290916989,48.5142274626504,50.7561778269491,51.630131135523,53.827735437825,63.5527266256798,60.802445135809,0.126686303097298,5.78409085920689,0.694367770588399,1
"3442","PmetTSAr1.1-003391",44.4662778430165,42.5989699186793,27.5670512775099,29.9983043703356,37.9761824924897,25.2176155517542,35.1394403400149,38.8365711016434,-0.0764894318483696,5.14098565157883,0.809784698406018,1
"3443","PmetTSAr1.1-003392",22.9300320525161,20.3178047866327,24.4462530196786,17.7924629628116,24.9048023248926,19.9875047030159,17.496382041689,18.1444913091497,-0.0858652954343681,4.37895453629064,0.768436177272717,1
"3444","PmetTSAr1.1-003393",18.8385949607926,18.8899063536043,9.59881888393571,14.9064831072365,15.474475128771,13.9940803790564,16.4486944942824,18.8521547767453,0.0568784507155105,3.99465651637217,0.856072986614662,1
"3445","PmetTSAr1.1-003394",69.059861240519,72.6443327803176,55.7960900642568,56.1309843469651,60.5143003859233,59.9342432395951,77.8012772704086,66.0108482573122,0.0592974077545883,6.01793836821391,0.86852884247441,1
"3446","PmetTSAr1.1-003395",20.8618330830734,21.180493423254,17.0698207738955,14.9859137454633,19.2611702191055,18.7718573165524,23.9501373337132,20.4373209441593,0.154201813135179,4.29488023278185,0.595850028308918,1
"3447","PmetTSAr1.1-003396",56.0212155635981,64.4339167904046,49.9800569473894,45.7520476186583,43.5469935388473,37.0348389829574,46.4754196029535,55.1694439337485,-0.246505559016193,5.63984220313187,0.444756131100414,1
"3448","PmetTSAr1.1-003397",40.7345275285874,46.9421609858072,45.2042899164657,27.350616429441,32.2961398569879,30.9566020506399,38.052011721805,38.100601095344,-0.200359355281981,5.22925601966805,0.517451293458706,1
"3449","PmetTSAr1.1-003398",20.2323812228083,20.0798217144613,46.6228345791163,22.5583012564218,24.5771075574598,30.8435185728294,28.266610029028,16.0498074450669,-0.133505853922422,4.71182985181562,0.706284564852732,1
"3450","PmetTSAr1.1-003399",6.06971436684249,4.61092202332074,26.4795003694778,15.9390814041854,9.6852009041249,11.0821808254346,3.85549017445601,7.81260468225479,-0.710894738261077,3.42390261769607,0.144359083827168,1
"3451","PmetTSAr1.1-003400",5.9348318253571,3.30201512637807,24.8718164184738,9.1345233960863,7.93749547781665,5.7672573683384,2.59826511756818,5.74622735687581,-0.97098218900895,3.03366457764582,0.0569629952649989,1
"3452","PmetTSAr1.1-003401",5.39530165941555,3.65898973463516,37.7332880265059,10.7760899194409,8.66570607211175,6.81327953808605,3.47832265738966,5.68961427946816,-1.22283306473683,3.36411502488794,0.0306503065388175,1
"3453","PmetTSAr1.1-003402",44.8259646203108,39.8621645887083,40.1448139530119,38.4179520223804,44.1295620142834,44.3287233017383,44.9038882818437,49.3666034994651,0.162760158348283,5.4366134608465,0.583350999797079,1
"3454","PmetTSAr1.1-003403",54.8971943845532,57.1456852051557,45.251574738554,41.4098393955912,59.8589108510577,42.9717215680116,43.9819232401259,51.2631415926211,-0.00471352319966267,5.63389480211274,0.989014539119487,1
"3455","PmetTSAr1.1-003404",37.8120724630706,37.3335944468872,39.1045478670681,29.5217205409746,35.6094980610307,43.5371389570644,46.1192058368352,37.1664853181179,0.176585863566688,5.26071390747409,0.557473371934756,1
"3456","PmetTSAr1.1-003405",44.0166693713985,20.5855357428255,159.586274548192,106.622393379825,78.6103336541566,96.9690822225525,7.87861035649707,47.6965177159396,-0.51717342555914,6.13515159755383,0.434797006472578,1
"3457","PmetTSAr1.1-003406",57.3250801312902,41.4090545578223,55.0868177329315,47.2082759861504,51.2296153086607,58.4076162891526,56.5541738090042,49.4515231155765,0.101579112327874,5.70441997768233,0.751895906029279,1
"3458","PmetTSAr1.1-003407",113.031569764756,114.975571742804,121.900271343775,75.6444444713582,97.3981669869704,91.7672422432668,108.60329116416,97.0348146767008,-0.108073931342239,6.6809017644008,0.784667307911567,1
"3459","PmetTSAr1.1-003408",38.621367711983,29.0041869208885,48.6087971068271,33.7844981258148,39.6146563296537,40.6252394034425,36.6271566573321,38.6950384081243,0.0529217143658942,5.25752447879279,0.864329365600794,1
"3460","PmetTSAr1.1-003409",114.560238568257,65.9808067595186,167.199130904417,172.708684384553,125.761969634765,173.554867569752,45.2601020479619,81.6360576218218,-0.288230629879626,6.88733042834188,0.558458845732166,1
"3461","PmetTSAr1.1-003410",49.5018927251376,48.6675382590498,69.4614036477909,47.4730447802398,48.5352361097688,54.9868410853832,53.8301861857473,50.0459604283568,-0.0522845730790644,5.72438412489631,0.872015393597185,1
"3462","PmetTSAr1.1-003411",61.6862823059844,54.1114010349704,65.2530544819275,44.6664955628916,60.2230161482052,50.2938767562451,52.3843773703263,55.8488008626402,-0.0450032803595358,5.79736850130403,0.891464985926094,1
"3463","PmetTSAr1.1-003412",72.5668073191391,71.2759301153321,86.7676485321282,112.182538055703,70.5636065871957,58.6337832447737,65.0823504448933,54.942991624118,-0.460002201851448,6.21064291191716,0.231385718017501,1
"3464","PmetTSAr1.1-003413",63.2599119566473,52.9214856741135,59.1533124325299,62.8561117168373,53.268604972687,71.0729658039349,82.4111024789973,61.0855105228473,0.169419132960214,5.98458029692965,0.631622589117555,1
"3465","PmetTSAr1.1-003414",120.584992087937,70.3239978266466,143.083871639357,78.159748015208,106.3551572968,68.9809214644396,79.6242536028959,73.1157894719715,-0.328987591184101,6.53252935469192,0.429737905082851,1
"3466","PmetTSAr1.1-003415",36.6880512840257,37.80956059123,32.0118245538151,32.3282697583228,33.6433294564339,40.823135489611,42.2008544095348,36.6286610827453,0.143070062589668,5.19304572220075,0.627095315713461,1
"3467","PmetTSAr1.1-003416",11.7797419563906,16.8670502401475,7.56557153413652,13.4502547397445,8.70211660182651,19.1393786194367,18.9840983590062,17.6632801511848,0.375789878570682,3.84255853346912,0.279088207524519,1
"3468","PmetTSAr1.1-003417",216.486479084049,216.118377415646,232.87774878514,173.847190199138,220.13806265541,214.802066101153,243.461632266328,213.063316823666,0.0869784275665099,7.7576216818593,0.832780495872034,1
"3469","PmetTSAr1.1-003418",22.4354627337363,25.464188722339,27.3306271670682,29.2569517468851,25.0504444437516,29.2886207529342,34.0288915397639,27.2591967717803,0.146208521111187,4.78560836831892,0.613267788127274,1
"3470","PmetTSAr1.1-003419",33.2710268997292,35.7569565937518,43.3128970329316,34.5523276286743,36.7746350119028,37.9112359359892,44.0028769910741,37.5627768599714,0.0894713922227496,5.24622130131058,0.763964975816076,1
"3471","PmetTSAr1.1-003420",22.9300320525161,11.8396578405268,18.5356502586345,39.4240734399203,36.7746350119028,39.1551541919053,6.76806155624615,11.8604397169013,0.0271393228012559,4.55268607730106,0.956366654206683,1
"3472","PmetTSAr1.1-003421",37.0477380613201,20.2880569026112,94.9479227534133,29.3893361439298,50.9019205412279,28.440494669355,17.8316420568591,21.7960348019427,-0.610517139588363,5.23301560708851,0.188424084344051,1
"3473","PmetTSAr1.1-003422",13.9378626201568,5.83058526819912,19.7177708108433,7.54591063154955,14.1636960590398,7.18080084097036,4.27456519341862,6.82187582762103,-0.535248105886068,3.31698750041997,0.213153918465875,1
"3474","PmetTSAr1.1-003423",59.7529658780272,52.2075364575993,80.2896279060238,61.4263602287543,57.4922264195986,49.3892089337607,29.6286038406565,48.2909550287198,-0.4571056106189,5.77763721285647,0.189716724843928,1
"3475","PmetTSAr1.1-003424",29.5392765853001,28.1712461682886,31.0661281120481,49.0351806653676,25.8514760974762,40.1729054922003,32.918342739513,36.3172891570033,-0.0273445354781661,5.09598958933012,0.932575773699042,1
"3476","PmetTSAr1.1-003425",24.5486225503407,26.7135998512388,25.297379817269,30.6337494761503,26.5432761620566,27.5075559774179,28.8114075536794,30.3446094904969,0.0783617103855011,4.78739643750906,0.78235546677608,1
"3477","PmetTSAr1.1-003426",28.685020489226,25.6129281424461,38.4898451799195,27.5359545853036,28.1089289397911,36.0736294215676,42.8504206889269,31.9863887353185,0.209335777141615,5.02152304757458,0.491675259239288,1
"3478","PmetTSAr1.1-003427",35.7888343407898,36.6196452303731,30.9715584678714,31.2956714613739,33.024350451283,29.9105798808923,34.9508565814817,34.7321229895893,-0.0221815284138274,5.06494434685868,0.939400636501855,1
"3479","PmetTSAr1.1-003428",27.9206860874755,29.390909413167,22.6967146024096,24.1469140209586,25.742244508332,25.8395746797122,28.5599625423019,28.6745237069714,0.0631255856761777,4.73796182812485,0.825626011185017,1
"3480","PmetTSAr1.1-003429",39.7903497381897,35.4594777535375,44.6368720514055,33.8109750052238,37.8305403736307,33.303084215209,37.1510004310354,32.4675998932835,-0.126522750556301,5.20407849101434,0.667845135479312,1
"3481","PmetTSAr1.1-003430",53.0987604980813,65.9213109914758,47.521246198795,46.2815852068373,48.2803624017655,50.8592941452979,98.3569069505246,63.9727774706371,0.297140461303609,5.89137942669716,0.420413017395383,1
"3482","PmetTSAr1.1-003431",37.1826206028055,41.8552728181437,36.1256040755019,29.0451367116135,39.9059405673718,40.4273433172741,39.3720980315372,38.9781037951625,0.138105926847472,5.24501278513566,0.64274269846237,1
"3483","PmetTSAr1.1-003432",8.81232604371206,7.49646677339887,9.17325548514053,9.00213899904157,9.06622189897406,10.262325611308,8.27673162451155,13.5305255004268,0.254794360886674,3.25021136326269,0.391630469009957,1
"3484","PmetTSAr1.1-003433",14.567314480422,10.0845326832628,13.4288894730923,13.4767316191534,10.559053617279,14.8987482015409,11.6083780252643,15.7384355193249,0.0355527465421005,3.71208906848705,0.908715556304717,1
"3485","PmetTSAr1.1-003434",55.7964113277891,52.891737790092,46.3864104686745,40.0859954251439,45.4767516137293,37.0065681135047,38.9111155106783,43.6769892199969,-0.241515044655993,5.49456726688139,0.430892160649032,1
"3486","PmetTSAr1.1-003435",67.7110358256651,69.372065537961,55.6542355979918,78.3186092916617,73.3308068455171,83.3425231463804,62.2535940668957,67.3695621150957,0.0787267886582453,6.12377995619095,0.833975483964903,1
"3487","PmetTSAr1.1-003436",31.1578670831248,37.9285521273157,28.0398994983935,38.0472757106551,39.6146563296537,38.391840716684,31.0325051541813,34.5622837573663,0.0864501906513942,5.12563248145097,0.771119459287664,1
"3488","PmetTSAr1.1-003437",19.5579685153814,22.0729299438967,30.5932798911645,23.4849920357349,24.6135180871746,26.7442425021967,28.2875637799762,25.560804449551,0.137053213661479,4.65400220915854,0.63949773485644,1
"3489","PmetTSAr1.1-003438",77.5125005069367,37.2740986788444,55.2286721991966,99.182390265911,53.851173448123,72.0624462347773,17.1611220265189,60.8590582132167,-0.400796376585514,5.88744378942115,0.378581141609786,1
"3490","PmetTSAr1.1-003439",78.8613259217906,80.0218080176308,93.0565298698792,51.2592385357191,68.5610274528842,69.5463388534924,73.5686195788862,71.7570756141881,-0.0970395863115364,6.19740049577168,0.800501189794449,1
"3491","PmetTSAr1.1-003441",66.3172495636494,52.8322420220492,85.4909583357426,89.9684362315978,80.5036811993239,87.130819653034,73.0866833070792,67.3695621150957,0.0645467228979435,6.23646047201853,0.86808757758134,1
"3492","PmetTSAr1.1-003442",219.319012455242,119.854224722318,241.105307828513,180.228118136694,248.246991595201,191.676494888894,119.960224178047,152.204258610449,-0.0948909385047448,7.52452355249716,0.830996511591081,1
"3493","PmetTSAr1.1-003443",118.426871424171,132.288840243273,154.810507517268,131.087029953691,112.25366311059,124.674534286139,147.38868416915,137.852843487612,-0.0393073157222247,7.04886583386745,0.921735197799731,1
"3494","PmetTSAr1.1-003444",18.4789081834982,18.6519232814329,19.4340618783132,16.3627114747285,13.6539486430332,18.9414825332683,32.0382851996915,18.2294109252612,0.185784318722221,4.28853694355761,0.564029382405548,1
"3495","PmetTSAr1.1-003445",143.42510244613,149.483117207656,118.117485576706,143.584117034713,113.964958007184,150.28794201023,217.395166086854,142.438502757631,0.170305064169499,7.20366333446579,0.683296383584874,1
"3496","PmetTSAr1.1-003446",81.3791333628512,76.809036543317,57.0727802606424,50.0677789623165,68.0876905665924,62.1111001874483,63.9298941427462,62.7555963063727,-0.0466052255108963,6.02979089357022,0.898623799778287,1
"3497","PmetTSAr1.1-003447",41.6337444718233,34.1208229725734,74.9937278321282,30.6072725967413,41.508003874821,27.2531181523442,45.0505645384806,36.2889826182994,-0.272071590111431,5.37432667953277,0.444293978540957,1
"3498","PmetTSAr1.1-003450",9.12705197384463,9.43007923479144,6.52530544819275,7.73124878741217,8.48365342353798,7.26561344932828,8.88439040200733,7.33139352428982,-0.0385004059593213,3.02859097830459,0.898870305678525,1
"3499","PmetTSAr1.1-003451",10.0262689170806,11.5124311162911,8.0857045771084,7.54591063154955,9.94007461212819,6.10650780177007,7.58525784322324,7.50123275651275,-0.257066294935891,3.10349815333757,0.399193762040438,1
"3500","PmetTSAr1.1-003452",11.0603684018019,9.57881865489856,6.28888133775098,8.26078637559109,9.39391666640686,7.97238518564425,7.54335034132698,7.07663467595543,-0.138970597977974,3.07998280144347,0.648118907559817,1
"3501","PmetTSAr1.1-003453",10.5208382358603,10.4117594074984,7.3764322457831,7.83715630504796,9.75802196355441,7.0677173631598,7.52239659037885,6.56711697928664,-0.226811231092892,3.07724035874142,0.451635443046438,1
"3502","PmetTSAr1.1-003454",3.28214184281112,4.40268683517077,2.60066521485943,2.91245673498404,3.67746350119028,2.85535781471656,3.7088139178191,3.14202579612421,0.0154060570661313,1.76005275499749,0.960554624082579,1
"3503","PmetTSAr1.1-003455",4.63096725766501,4.9381487475564,3.73550094497991,3.1242717702556,4.44208462520014,3.19460824814823,3.47832265738966,3.0004931026051,-0.220247610436333,1.95395986486133,0.447110587597171,1
"3504","PmetTSAr1.1-003457",110.513762323695,115.362294235083,115.185826607228,86.7117800642975,116.513695087217,123.147907335696,146.82293289355,112.631717502507,0.22261259960129,6.8570452807823,0.573928510014784,1
"3505","PmetTSAr1.1-003458",79.1760518519231,103.82011523477,82.9848627650599,71.7258663188342,74.6779964449631,95.9230600528048,87.6076327141336,67.5960144247263,-0.051745968007011,6.37506697773372,0.893854013679739,1
"3506","PmetTSAr1.1-003459",147.201813607721,136.275056702144,166.017010352208,124.812009533771,150.193435073365,114.864542586073,109.713839964411,124.916755299965,-0.200774010068413,7.06934472142144,0.618123317335683,1
"3507","PmetTSAr1.1-003460",18.1192214062039,17.7297388767688,21.0890306514055,16.1773733188659,17.0401279065055,17.160417757752,14.8981169241208,17.2386820706274,-0.139843361687946,4.12827489058811,0.622262833917752,1
"3508","PmetTSAr1.1-003461",92.439501764653,67.6764361487398,162.328794229317,128.174573218707,127.400443471929,118.483213876011,103.574390936609,89.9015669233378,-0.0364535311939185,6.79834192034128,0.931797975792133,1
"3509","PmetTSAr1.1-003462",7.1487746987256,7.67495407752742,3.45179201244979,3.33608680552717,4.8061899223477,3.30769172595879,8.90534415295546,9.05809238522295,0.272556574212251,2.59219008859294,0.495969919664956,1
"3510","PmetTSAr1.1-003463",38.3066417818504,27.635784255903,28.5600325413654,32.5400847935944,40.9254353993849,35.5082120325148,28.895222557472,32.9488110512485,0.122082400765368,5.05415469618042,0.682693395465906,1
"3511","PmetTSAr1.1-003464",24.3238183145318,18.5329317453472,14.4218707369477,21.3403648036103,19.5888649865383,22.2491742592271,25.6264374095636,20.4656274828631,0.161572580232115,4.38439375089897,0.585959948423594,1
"3512","PmetTSAr1.1-003465",34.5748914674213,33.4961174081235,37.4022942718874,31.4810096172366,37.8669509033455,34.6883568183883,36.773832913969,32.2128410449491,0.0477613923796998,5.1239903126703,0.870277408989547,1
"3513","PmetTSAr1.1-003466",13.7580192315096,12.1966324487839,16.738827019277,13.8209310514697,10.5226430875643,18.2347107969523,16.3439257395418,16.5027120643281,0.126050314088789,3.89024115774139,0.678773169247055,1
"3514","PmetTSAr1.1-003467",79.221012699085,17.7297388767688,50.9257533891564,38.7356745752877,45.6588042623031,32.4549581316298,6.6632928015055,19.8994967087867,-0.834257153249507,5.18748002733473,0.102437701302781,1
"3515","PmetTSAr1.1-003468",52.6491520264634,44.3838429599648,61.0919901381524,42.7601602454475,61.7522583962249,51.2833571870875,45.7001308178726,48.1211157964969,0.0424494218702414,5.67306845073323,0.896444641526513,1
"3516","PmetTSAr1.1-003469",54.6723901487442,44.0566162357291,64.8747759052206,47.393614142013,65.7938271945628,54.3931528268778,47.7535984107894,51.5179004409555,0.0568806669892717,5.75119860827871,0.863390938395279,1
"3517","PmetTSAr1.1-003470",59.123514017762,63.2142535455262,54.613969512048,42.2570995366775,57.4558158898838,51.5095241427086,57.1827863374481,54.6033131596721,0.0102336015690317,5.78279422478157,0.975728516324737,1
"3518","PmetTSAr1.1-003471",40.8694100700728,35.1917467973447,51.1621774995982,28.7274141587062,30.5848449603944,30.5042681393977,23.4053398090618,39.374395337016,-0.331768952141334,5.13037563841869,0.298006997132475,1
"3519","PmetTSAr1.1-003472",6.65420537994584,7.79394561361311,4.68119738674697,5.45423715824283,7.35492700238057,6.38921649629646,8.15100911882277,7.13324775336307,0.238373666381126,2.75878058235503,0.42104473525026,1
"3520","PmetTSAr1.1-003473",22.6602669695453,25.7319196785318,23.1695628232931,23.458515156326,24.8319812654631,22.8711333871851,29.6286038406565,25.9287894527007,0.120002399800774,4.63517921766507,0.672034429729181,1
"3521","PmetTSAr1.1-003474",75.0846147601997,85.22768772138,80.1477734397587,67.1188893016776,84.5816605273765,85.2649422691598,99.1112419846573,92.6756077163123,0.233623778432783,6.38743252902881,0.538084306988588,1
"3522","PmetTSAr1.1-003475",36.3283645067313,39.0589717201298,34.5652049465862,29.7600124556551,39.0320878542177,42.0105120066219,42.3265769152236,38.8082645629396,0.215270530489546,5.24030826018151,0.465917265116489,1
"3523","PmetTSAr1.1-003477",72.7916115549481,61.6078678083693,61.8012624694777,71.4875744041537,73.9133753209532,81.4483748930535,64.2442004069681,74.2197444814205,0.134353256033142,6.13445458882184,0.717592557051212,1
"3524","PmetTSAr1.1-003478",128.273296952605,109.591204734926,117.928346288353,96.8259479985148,134.136391469158,94.4529748412676,93.3070529720251,115.858662914742,-0.0481660959735002,6.79898157940307,0.903743982207765,1
"3525","PmetTSAr1.1-003479",14.4324319389366,11.571926884334,13.2397501847389,13.0001477897924,13.690359172748,8.67915692196024,7.66907284701576,11.5773743298631,-0.329231940451234,3.55886350730768,0.278246697820364,1
"3526","PmetTSAr1.1-003480",15.8262182009523,18.3544444412187,15.0838582461847,24.2263446591854,14.4549802967578,29.147266405671,25.1445011377566,20.8619190247166,0.285380971198642,4.35480116285182,0.370960666905245,1
"3527","PmetTSAr1.1-003481",15.4215705764961,16.8075544721046,18.5829350807228,26.9269863588979,15.5837067179153,28.6949324944288,23.0910335448398,21.4846628762007,0.19222169960457,4.38506827144044,0.54179079985036,1
"3528","PmetTSAr1.1-003482",13.9828234673186,15.9448658354833,13.381604651004,19.8576595567094,13.4354854647447,26.0657416353333,22.9234035372548,19.050300547672,0.366529515272465,4.18218471620153,0.241785323342953,1
"3529","PmetTSAr1.1-003483",8.72240434938847,4.0754601109351,11.4429269453815,3.78619375547925,7.5733901806691,5.11702737092769,4.1907501896261,5.23670966020702,-0.337510783893726,2.65672443667459,0.376152850385182,1
"3530","PmetTSAr1.1-003484",27.9206860874755,34.3885539287663,25.7702280381525,28.8862754351599,25.9242971569058,24.1998642514592,33.7564927774382,33.7697006736593,0.00831681089492439,4.87739456254206,0.978528003007966,1
"3531","PmetTSAr1.1-003485",17.8044954760713,17.0752854282974,19.7650556329317,15.8596507659585,20.2442545214039,20.213671658637,22.9234035372548,18.5973959284109,0.218426120748333,4.25723044989226,0.438553259457233,1
"3532","PmetTSAr1.1-003486",13.892901772995,10.9769692039055,19.2922074120481,10.4318904871246,15.2196014207677,10.5167634363818,7.58525784322324,8.71841392077709,-0.376620717283454,3.59974359078349,0.257575971077108,1
"3533","PmetTSAr1.1-003487",17.4897695459387,17.5809994566616,13.6180287614457,16.4686189923643,16.2390962527809,16.142666457457,19.0050521099544,16.6442447578472,0.0620791542846123,4.06293033551569,0.828637051957172,1
"3534","PmetTSAr1.1-003488",88.9325556860329,56.6697190608129,240.396035497188,157.669816880272,143.530308135565,152.888861999873,79.7080686066884,51.0933023603982,-0.347715350937555,6.92370551052546,0.502690951594264,1
"3535","PmetTSAr1.1-003489",69.4645088649752,55.8070304241916,80.8097609489957,107.310792244457,63.5727848819627,108.362242611966,57.1827863374481,64.3124559350829,-0.0950308691860897,6.24631167769413,0.817231754174937,1
"3536","PmetTSAr1.1-003490",97.4301557996124,86.5365946183227,43.5493211433733,54.2776027883389,77.1539124655664,67.8218158168814,103.867743449883,83.0230780183091,0.236013305526487,6.2625465780228,0.567819481920632,1
"3537","PmetTSAr1.1-003491",15.3766097293343,15.9151179514619,11.5847814116465,14.6946680719649,15.62011724763,12.382640820256,12.4465280631895,15.087385129137,-0.0532377642562091,3.8278148110576,0.857554697475178,1
"3538","PmetTSAr1.1-003492",49.861579502432,57.7108950015627,42.3672005911645,74.9825224861345,50.9383310709426,76.1051805665047,64.9147204373083,61.4534955259969,0.171750329718631,5.90359210753512,0.628934261808159,1
"3539","PmetTSAr1.1-003493",27.1113908385631,26.1186421708104,21.0417458293172,36.9882005342973,26.5068656323418,36.0170876826623,38.4501329898195,36.0625303086689,0.300086636703218,4.95927260660877,0.328779430944261,1
"3540","PmetTSAr1.1-003494",32.8214184281112,26.2673815909175,25.297379817269,40.8538249280034,44.8577726085785,36.1867128993782,17.014445769882,32.07130835143,0.054233696267963,4.99911402099283,0.874146329858705,1
"3541","PmetTSAr1.1-003495",21.8959325677948,17.6702431087259,31.2079825783131,20.519581541933,23.1206863688696,17.6975642773521,14.4999956561063,16.7857774513663,-0.340122308102393,4.35565515386941,0.270992140529042,1
"3542","PmetTSAr1.1-003496",62.5405384020586,54.7361065994203,42.3199157690761,42.2306226572686,38.9592667947881,47.2406228553601,40.6921843412694,36.9117264697835,-0.300990093504258,5.51604178151607,0.337355930165161,1
"3543","PmetTSAr1.1-003497",13.3533716070535,12.6725985931267,17.7318082831325,22.452393738786,14.6370329453316,21.7402986090795,15.6734057092016,14.0966562745032,-0.00190334160178375,4.05390905087376,0.997453429691451,1
"3544","PmetTSAr1.1-003498",61.7312431531462,58.6330794062269,95.5626254405619,49.7765332888181,53.559889210405,48.4279993723709,37.3395841895686,85.0611488049843,-0.243617216153628,5.93807264988669,0.533164571698872,1
"3545","PmetTSAr1.1-003499",49.5468535722994,48.1320763466642,39.8611050204818,51.5769610886264,40.7069722210964,52.6969006597195,58.2514276358028,50.9234631281753,0.0992122551712463,5.61556626768598,0.754960921326612,1
"3546","PmetTSAr1.1-003500",86.7294741751049,90.2253322369793,81.8027422128511,88.0885777935627,88.5868187959996,110.312932604198,95.2976593120975,93.6380300322422,0.161126393846245,6.5219903340505,0.672808685580781,1
"3547","PmetTSAr1.1-003501",88.1232604371206,83.2940752599875,73.6697528136543,92.8544160871729,67.9420484477333,97.1387074392683,83.16543751313,92.5340750227932,0.0120539171513114,6.40777531816559,0.975281155858016,1
"3548","PmetTSAr1.1-003502",20.6819896944263,23.2628453047536,39.2464023333332,14.1386536043771,27.817644702073,19.6199834001316,21.6871322313151,18.0595716930383,-0.157817321511171,4.53059616735558,0.644421847300982,1
"3549","PmetTSAr1.1-003503",101.206866961203,97.8705384304853,93.9076566674695,102.624384589074,111.707505164869,114.808000847168,95.6119655763195,105.923067829701,0.11365605489891,6.68677525008684,0.768207007040027,1
"3550","PmetTSAr1.1-003504",27.8307643931519,30.0751107456598,34.801629057028,28.1449228117094,29.601760658096,33.5292511708301,36.124266634577,32.382680277172,0.123782772032862,4.98294913269901,0.667883061453756,1
"3551","PmetTSAr1.1-003505",26.6168215197834,20.6450315108683,48.3723729963854,28.4891222440257,32.4417819758469,28.6666616249762,19.5498496346058,23.0132159662071,-0.259363416238349,4.83398972486858,0.440371686891187,1
"3552","PmetTSAr1.1-003506",129.307396437326,131.307160070566,159.302565615662,201.647913578531,158.749909556333,171.406281491351,157.048363356238,186.681622751704,0.116552049825174,7.33982134796199,0.777366527630344,1
"3553","PmetTSAr1.1-003507",15.3766097293343,16.6885629360189,19.9541949212851,23.8556683474602,21.0452861751285,20.2419425280897,19.7803408950352,23.2679748145415,0.151730280136295,4.32850496392,0.602095950923209,1
"3554","PmetTSAr1.1-003508",5.35034081225375,6.15781199243479,4.87033667510038,3.70676311725241,7.75544282924287,6.13477867122271,7.24999782805315,6.9067954437325,0.482191046396242,2.60438536584649,0.100753018047138,1
"3555","PmetTSAr1.1-003509",45.3205339390906,31.6220007147738,42.7454791678713,32.9372379847286,46.1321411485949,33.614063779188,32.750712731928,34.7887360669969,-0.0511146466714253,5.23043313714359,0.867970019520511,1
"3556","PmetTSAr1.1-003510",17.3998478516151,16.0043616035262,16.3605484425702,26.2121106148563,15.5108856584857,20.4115677448055,21.2680572123525,17.0971493771083,-0.0329749960869843,4.23655804283803,0.914836353870614,1
"3557","PmetTSAr1.1-003511",22.3005801922509,20.4070484386969,18.7720743690762,23.0348850857828,23.8488969631647,23.4365507762379,26.2760036889557,26.0137090688122,0.236371169863797,4.52839109059349,0.398707015446866,1
"3558","PmetTSAr1.1-003512",14.9270012577163,15.6771348792905,24.9191012405622,13.2649165838818,18.4237280356662,13.8244551623406,22.2528835069146,15.0307720517293,0.0172833535268748,4.11661481244289,0.960543160258068,1
"3559","PmetTSAr1.1-003513",15.8711790481141,10.2927678714127,41.7052130819276,26.9005094794889,21.4093914722761,20.1854007891844,4.04407393298919,17.465134380258,-0.586901100378061,4.30556653292949,0.225194981637619,1
"3560","PmetTSAr1.1-003514",14.5223536332602,21.5672159155325,6.28888133775098,11.7822113369809,14.5278013561874,15.3510821127831,28.6437775460944,17.6349736124809,0.490887386914201,4.0328450295083,0.195340618626927,1
"3561","PmetTSAr1.1-003515",44.8709254674726,48.4593030708999,52.0605891192769,52.9537588178916,48.0983097531917,57.5594902055734,58.8171789114023,58.2548566524651,0.167315945479438,5.71972305976202,0.598695753608394,1
"3562","PmetTSAr1.1-003516",30.888102000154,32.0682189750952,28.9855959401605,21.6580873565177,30.2571501929616,25.3306990295647,27.1979687306734,27.1176640782612,-0.0474772348616188,4.80713144768073,0.871203781527421,1
"3563","PmetTSAr1.1-003517",59.123514017762,58.6330794062269,47.7576703092368,51.2062847769012,65.2840797785562,60.6975567148164,62.0440565574144,52.1689508311434,0.148298737237596,5.83737347636718,0.65340931247532,1
"3564","PmetTSAr1.1-003518",17.8044954760713,16.1233531396119,23.4532717558232,16.3891883541374,19.7345071053974,20.1288590502791,17.7059195511703,17.3519082254427,0.0232574768773091,4.22057141679103,0.938719620137516,1
"3565","PmetTSAr1.1-003519",101.746397127145,66.0403025275615,50.1691962357428,62.9090654756552,61.2061004505036,73.5608023157672,53.788278683851,81.0416203090416,-0.0590221891005705,6.10571408857103,0.882089104468619,1
"3566","PmetTSAr1.1-003520",40.6446058342638,26.9515829234102,44.0694541863452,81.2045891472368,62.1527742230872,67.2563984278287,25.8359749190449,32.0430018127262,-0.0429179354858437,5.57231507243658,0.919242855592838,1
"3567","PmetTSAr1.1-003521",71.2179819042852,80.6167656980593,60.6191419172688,38.8945358517414,78.4282810055828,52.6120880513616,70.9284469594217,59.9532489746944,0.0595175856695768,6.0048943628879,0.874984781189183,1
"3568","PmetTSAr1.1-003522",10.2510731528895,11.2744480441197,10.0716671048192,6.27502041992016,12.8165064595939,8.08546866345481,10.7702279873391,8.80333353688855,0.0966577604725863,3.30031017840394,0.760232509013725,1
"3569","PmetTSAr1.1-003523",41.4089402360143,41.9147685861866,43.502036321285,36.0085559961663,43.8018672468506,50.8875650147506,48.5707946977665,42.2899688235096,0.188652011249694,5.44661082943034,0.529163101763221,1
"3570","PmetTSAr1.1-003524",20.2323812228083,12.2561282168267,83.2212868755017,21.3403648036103,39.5418352702242,22.7863207788272,12.4465280631895,13.7569778100574,-0.630137557577286,4.81879350876196,0.23117983310424,1
"3571","PmetTSAr1.1-003525",49.9964620439174,35.7569565937518,74.7100188995981,36.8822930166615,49.2270361743491,44.8658698213384,32.750712731928,41.1577072753568,-0.231806514709973,5.51458299247256,0.498131024913207,1
"3572","PmetTSAr1.1-003526",87.8984562013116,77.1660111515741,76.0812787401604,72.7584646157831,72.3841330729335,82.0986048904642,86.4551764119865,76.1445891132804,0.0146323422003772,6.30258850648726,0.969297714048013,1
"3573","PmetTSAr1.1-003527",9.486738751139,8.56739059817014,16.3132636204819,9.39929219017576,11.5057273898627,9.21630344156038,7.06141406951998,8.32212237892358,-0.276694291319835,3.32658736974669,0.388389674706927,1
"3574","PmetTSAr1.1-003528",1.70851219214826,2.05260399747826,2.83708932530119,2.17110411153356,2.36668443145909,1.63971042825307,1.69725382679857,1.64177924482166,-0.25885696137626,1.04934233907119,0.360928969173305,1
"3575","PmetTSAr1.1-003529",28.460216253417,29.5099009492527,19.8596252771084,28.9921829527957,29.6381711878108,31.3806650924295,34.4689203096747,27.4290360040032,0.201998369625226,4.84726236086925,0.490952104229777,1
"3576","PmetTSAr1.1-003530",39.0709761836009,43.2236754831292,45.2042899164657,35.5054952873963,46.9695833320343,38.391840716684,34.6994115701041,35.9493041538536,-0.063354543577248,5.31953316945238,0.833798291228801,1
"3577","PmetTSAr1.1-003531",52.963877956596,57.5621555814556,62.6996740891564,66.5099210752718,55.3075946367133,69.6311514618504,73.2543133146642,68.4735171245447,0.153613444890713,5.98564996146073,0.659455033018456,1
"3578","PmetTSAr1.1-003532",30.438493528536,28.8554475007814,27.0942030566264,24.3057752974122,31.385876614119,22.1643616508691,24.6625648659496,25.3626586786243,-0.0959880801860707,4.74634900165259,0.740923601495808,1
"3579","PmetTSAr1.1-003533",29.4493548909765,27.6060363718816,46.1972711803211,25.5766655090416,31.8956240301256,31.7764572647665,31.2839501655588,27.5139556201147,-0.0721780521531008,4.97573260181332,0.81389547164305,1
"3580","PmetTSAr1.1-003534",48.9623625591961,45.3655231326717,44.2585934746986,61.4528371081632,40.7797932805259,49.8698137144556,50.2051872717207,49.5647492703918,-0.0712047846640203,5.61094457859459,0.822683208785333,1
"3581","PmetTSAr1.1-003535",79.0861301575996,77.2552548036384,83.5995654522085,68.1514875986265,78.2462283570091,88.9401552980029,89.4515627975691,79.1167756771817,0.124151115725356,6.33168049981588,0.741342845041177,1
"3582","PmetTSAr1.1-003536",143.020454821674,84.1865117806302,110.504629220482,172.496869349282,152.414477385966,96.8842696141945,102.903870906269,120.189563336427,-0.111185422123983,6.94115153146948,0.792546657427633,1
"3583","PmetTSAr1.1-003537",6.47436199129866,3.12352782224953,5.81603311686745,9.10804651667735,8.44724289382322,4.86258954585394,4.1907501896261,5.06687042798409,-0.12362908018119,2.57113143004712,0.737113733788954,1
"3584","PmetTSAr1.1-003538",156.418787275889,133.924973864451,173.771721174698,185.179294586167,159.041193794051,164.649543692171,143.030303971939,151.015383984889,-0.071888983210706,7.30777952318133,0.859412889563886,1
"3585","PmetTSAr1.1-003539",83.5822148737792,75.4406338783315,95.04249239759,104.848442459425,88.8052819742881,91.6541587654563,76.2926072021432,81.9191230088601,-0.0837984536891021,6.44721683760052,0.827372760367669,1
"3586","PmetTSAr1.1-003540",41.4539010831761,30.5510768900025,42.1307764807227,26.3180181324921,52.9044996755394,27.7054520635864,31.0744126560775,32.382680277172,0.0368754939839532,5.15445103097887,0.912082980059024,1
"3587","PmetTSAr1.1-003541",19.3781251267342,18.5924275133901,17.542668994779,17.4482635304953,15.5108856584857,17.3865847133731,13.8713831276624,15.1723047452484,-0.236313082590303,4.08070577777414,0.401919034765226,1
"3588","PmetTSAr1.1-003542",21.8959325677948,17.6702431087259,24.4462530196786,14.9859137454633,21.1545177642728,11.8454943006558,12.1531755499157,17.6349736124809,-0.331073498464418,4.15142905838369,0.299680653763414,1
"3589","PmetTSAr1.1-003543",21.7610500263094,27.1300702275388,13.7598832277108,41.8069925867254,21.5186230614204,32.4266872621772,25.7102524133561,26.6647594590001,0.0241216777085379,4.72365752918056,0.944185795980375,1
"3590","PmetTSAr1.1-003544",15.5564531179815,8.71613001827726,21.420024406024,13.9533154485144,16.3483278419251,11.2235351726978,5.88800401642467,9.17131854003824,-0.484766587949861,3.68099883790595,0.188671981279873,1
"3591","PmetTSAr1.1-003545",13.2184890655681,8.59713848219156,17.3062448843373,12.232318286933,17.3678226739383,10.8842847392661,4.92413147281067,9.08639892392677,-0.281936263698216,3.55413027369971,0.454659950734353,1
"3592","PmetTSAr1.1-003546",16.5006309083792,9.69781019098426,22.082011915261,15.9390814041854,18.9698859813875,13.3155795121931,6.49566279392046,11.4924547137516,-0.353613745029532,3.84356712662788,0.333064974796072,1
"3593","PmetTSAr1.1-003547",14.7471578690692,10.382011523477,17.6372386389558,13.1590090662461,15.9478120150628,13.2590377732878,6.72615405434989,9.82236893022614,-0.289962282665496,3.67328954827732,0.387434610150027,1
"3594","PmetTSAr1.1-003548",32.1020448735225,37.8393084752514,29.5530138052208,30.2365962850161,34.4807716398732,30.7304350950188,39.5397280391223,35.1567210701466,0.108872790146156,5.07765975963804,0.709528892456074,1
"3595","PmetTSAr1.1-003549",15.1068446463635,17.7594867607902,13.1451805405622,16.3362345953196,16.6396120796432,16.2274790658149,15.6943594601497,16.361179370809,0.0572211090964072,3.99759954140936,0.839795250968906,1
"3596","PmetTSAr1.1-003550",16.6804742970264,19.4848640340328,14.5637252032128,19.4075526067573,17.5862858522268,22.3905286064902,25.1445011377566,21.2865171052739,0.300466140000201,4.29563453434592,0.299643860501028,1
"3597","PmetTSAr1.1-003551",37.1376597556437,35.3107383334304,25.3919494614457,32.6195154318212,40.015172156516,32.3418746538192,36.0194978798363,34.4773641412549,0.130576444081994,5.09709317515011,0.659722732724087,1
"3598","PmetTSAr1.1-003552",22.8401103581925,28.8554475007814,16.5024029088353,24.8882666444091,19.1519386299613,24.0302390347433,19.9689246535684,31.2221121903154,0.0189236262860996,4.55455775061179,0.951342210182569,1
"3599","PmetTSAr1.1-003553",22.2556193450891,24.3337691295249,15.6512761112449,20.2812896272525,19.0062965111023,20.1005881808265,13.9551981314549,26.353387533258,-0.0562849057063113,4.34369619558513,0.857996652051914,1
"3600","PmetTSAr1.1-003554",93.338718707889,91.6234827859862,84.6871163602407,81.9724186500962,88.0406608502782,85.9717140054758,97.5187569125994,90.2695519264875,0.0412076553215774,6.47961697367817,0.913762990935688,1
"3601","PmetTSAr1.1-003555",31.8322797905517,12.2561282168267,39.7192505542167,40.562579254505,27.1622551672074,34.1512102987882,44.7781657761549,11.1244697106019,-0.0848774223854921,4.91928054376953,0.845060199171546,1
"3602","PmetTSAr1.1-003556",34.0803221486415,27.3085575316673,127.574449994377,73.288002203962,41.1074880479587,41.2754694008532,30.990597652285,33.4017156705096,-0.837123008289057,5.67719050359211,0.0601538607650518,1
"3603","PmetTSAr1.1-003557",33.9004787599944,15.4094039230977,163.510914781525,95.5815346662943,52.8316786161099,52.2728376179299,10.3092454664802,13.502218961723,-1.25845322346614,5.77331038373747,0.0521895191068375,1
"3604","PmetTSAr1.1-003558",12.8588022882737,9.04335674251293,16.7861118413654,18.5073387068531,12.051885335584,17.6692934078995,11.6921930290568,10.954630478379,-0.127085866596267,3.78186512499752,0.695977943588918,1
"3605","PmetTSAr1.1-003559",20.8168722359117,16.5100756318904,29.4111593389557,32.9901917435465,20.9360545859843,32.0591659592929,20.7442134386492,19.2484463185988,-0.101002340143568,4.59396431462395,0.756500493816838,1
"3606","PmetTSAr1.1-003560",50.9856006814769,55.6582910040845,14.1381618044176,21.3933185624282,40.7797932805259,38.9572581057368,56.9522950770187,40.9878680431338,0.3215279480482,5.32378319945319,0.435653279792308,1
"3607","PmetTSAr1.1-003561",34.9345782447157,30.9675472663025,46.8592586895581,63.3326955461984,39.7967089782275,68.1045245114078,38.7853930049896,40.8463353496147,0.0905463940132905,5.50839114928707,0.796193278896997,1
"3608","PmetTSAr1.1-003562",24.3687791616936,6.78251755688469,392.51130815542,60.552623208259,67.7599957991596,60.2734936730268,4.06502768393732,11.747213562086,-1.75108303115608,6.29470544807819,0.0659575212511301,1
"3609","PmetTSAr1.1-003563",251.06137055147,57.3836682773271,64.4492125064255,35.1348189756711,145.314424091588,33.2465424763037,24.4530273564683,44.780944229446,-0.719557797598537,6.35755325121662,0.264588199774498,1
"3610","PmetTSAr1.1-003564",56.4258631880543,56.9671979010271,69.0831250710841,39.7417959928276,59.4219844944806,52.6120880513616,59.0686239227799,55.25436354986,0.0269453314582649,5.8106611439949,0.937009973793334,1
"3611","PmetTSAr1.1-003565",22.8850712053543,23.2330974207322,17.7318082831325,23.9880527445049,19.6616860459678,23.4082799067853,30.4667538785818,27.7404079297453,0.205327345496091,4.56735498325781,0.485994956280643,1
"3612","PmetTSAr1.1-003566",45.4104556334142,44.0566162357291,57.4037740152608,58.2226578202718,48.7901098177721,61.8566623623746,62.5259928292214,57.6604193396848,0.170665360186068,5.76966619351827,0.60206360654178,1
"3613","PmetTSAr1.1-003567",62.5854992492203,68.7473599735111,75.5611456971885,76.9153346829875,65.6845956054185,63.2984767044592,76.3973759568838,75.5218452617963,-0.0148432279388457,6.14266067189983,0.968446296529741,1
"3614","PmetTSAr1.1-003568",184.249551669041,143.444296751307,254.061349080722,148.085186534234,183.363427643508,139.14921944589,133.035364769681,164.262844098277,-0.235693260511047,7.39878902523667,0.577433154271699,1
"3615","PmetTSAr1.1-003569",5.88987097819531,4.55142625527789,7.14000813534134,3.60085559961663,6.69953746751497,3.76002563720101,2.76589512515323,3.9063023411274,-0.305930452955334,2.27299234239916,0.373497258294032,1
"3616","PmetTSAr1.1-003570",83.6721365681028,79.4565982212238,89.1318896365458,54.9395247735625,83.1252393387863,81.7593544570326,79.2051785839333,56.7546101011625,-0.0300085751253754,6.24909255624643,0.938592642804399,1
"3617","PmetTSAr1.1-003571",19.4680468210578,17.1645290803617,21.0417458293172,19.9900439537541,21.2637493534171,16.0578538490991,16.1134344791124,20.4090144054555,-0.0729667718315365,4.24761387000799,0.799892361031264,1
"3618","PmetTSAr1.1-003572",54.7623118430678,69.2828218858967,30.5459950690762,86.6588263054796,62.9173953470971,37.9677776748944,31.1163201579738,220.734388812402,0.54777726577405,6.21570846026269,0.341293951648514,1
"3619","PmetTSAr1.1-003573",27.6958818516665,31.3245218745596,39.9083898425701,30.8985182702397,34.0074347535814,27.3944724996074,25.5007149038748,19.8994967087867,-0.281761023050973,4.88912663710621,0.354423669049631,1
"3620","PmetTSAr1.1-003574",20.1424595284847,20.6152836268469,21.7037333385541,24.8088360061822,19.2975807488203,24.680469032154,31.1791814108182,25.9854025301083,0.213085536153608,4.56195997352837,0.466485148225759,1
"3621","PmetTSAr1.1-003575",81.9636243759545,80.1705474377379,73.2441894148592,66.907074266406,74.5687648558188,73.3911770990514,61.9183340517256,87.4955111335129,-0.0236382227790766,6.22913237612195,0.950218114408272,1
"3622","PmetTSAr1.1-003576",54.2227816771262,45.9604808131002,41.0432255726906,28.0390152940736,53.3778365618312,30.6173516172083,37.5281679481017,39.3177822596084,-0.0735189252789266,5.36864436478591,0.824588441604387,1
"3623","PmetTSAr1.1-003577",20.4122246114555,21.180493423254,16.4078332646586,18.2690467921726,24.0309496117385,16.2840208047202,20.0527396573609,21.4563563374969,0.100758835336442,4.30916125435241,0.727662870809292,1
"3624","PmetTSAr1.1-003578",13.1735282184063,14.7549504746264,13.9963073381526,15.4360206954154,9.39391666640686,9.35765778882358,12.1531755499157,15.398757054879,-0.308727464802241,3.70260558452724,0.30103145989964,1
"3625","PmetTSAr1.1-003579",2.47284659389879,1.13041959281412,5.34318489598392,1.66804340276359,2.54873708003287,2.71400346745336,2.38872760808688,1.41532693519109,-0.211638324933913,1.32374271498547,0.5998174528035,1
"3626","PmetTSAr1.1-003581",100.667336795262,110.067170879269,80.857045771084,102.46552331262,90.9535032274587,103.414840457754,116.670485279191,106.036293984516,0.0818708086721099,6.66474279565055,0.833850952911724,1
"3627","PmetTSAr1.1-003582",63.6645595811035,63.9579506460618,47.1429676220882,58.8581029260865,61.2425109802184,65.1643540883334,60.0744039682901,80.9000876155225,0.19459102918353,5.97018269355692,0.579706187787124,1
"3628","PmetTSAr1.1-003583",72.9714549435953,51.7613181972779,65.7731875248994,61.3998833493453,60.4414793264937,45.9401628605387,30.508661380478,50.9234631281753,-0.423717905979004,5.78173503730091,0.221172520227551,1
"3629","PmetTSAr1.1-003584",67.1715056597236,68.5093769013397,39.1518326891565,39.4505503193292,65.2476692488414,53.8842771767303,68.5816268532311,57.4339670300543,0.194135498709773,5.84530715607071,0.586591417801176,1
"3630","PmetTSAr1.1-003586",13.3533716070535,12.4941112889981,20.616182430522,14.8005755896007,15.2924224801972,15.4924364600463,17.7268733021184,13.6720581939459,0.0229798373608178,3.95325440635768,0.942484157637371,1
"3631","PmetTSAr1.1-003587",71.3978252929324,58.6330794062269,39.7192505542167,44.0575273364858,54.6522051018477,44.8941406907911,54.91978123505,54.942991624118,-0.0299136423460618,5.72688682162682,0.929600118059613,1
"3632","PmetTSAr1.1-003588",36.5531687425403,44.0566162357291,30.8769888236947,38.8151052135145,35.3546243530274,56.0328632551309,54.2283074537617,43.3090042168472,0.329802461166129,5.40852694434346,0.293826773871796,1
"3633","PmetTSAr1.1-003589",58.2692579216879,63.8389591099761,56.5053623955821,47.896674850783,57.4922264195986,50.463501972961,52.7824986383407,55.8204943239364,-0.0648015659746964,5.79292810373086,0.841476486616998,1
"3634","PmetTSAr1.1-003590",69.7792347951077,62.916774705312,49.2707846160641,86.1292887173007,60.4778898562085,57.7008445528366,55.5903012653902,83.4759826375702,-0.0598202275503064,6.03853627975145,0.874905910754544,1
"3635","PmetTSAr1.1-003591",38.0368766988796,42.8667008748721,31.5389763329316,28.0390152940736,36.4833507741848,34.320835515504,46.7897258671754,34.2509118316243,0.112435941183293,5.19397820291195,0.714668963301228,1
"3636","PmetTSAr1.1-003592",70.4536475025347,70.2942499426251,74.8045885437748,64.5241551196009,73.8769647912384,76.9533066500839,90.3316203373906,72.1816736947454,0.162031064351735,6.21414216129963,0.663891841039189,1
"3637","PmetTSAr1.1-003593",78.996208463276,57.7108950015627,34.7070594128513,53.9069264766136,67.395890502012,57.276781511047,37.2767229367242,62.9537420772995,-0.00290388554831612,5.81598570046588,0.994418180190318,1
"3638","PmetTSAr1.1-003594",27.6958818516665,34.8347721890876,18.8193591911646,20.3871971448883,27.672002583214,32.0591659592929,43.0390044474601,32.4109868158759,0.41000545946398,4.89172742115478,0.196805632350679,1
"3639","PmetTSAr1.1-003595",31.8322797905517,28.4984728925243,28.5600325413654,22.2935324623324,27.4899499346402,23.973697295838,24.5158886093127,26.5515333041848,-0.116488157771823,4.74257309568554,0.685497460596933,1
"3640","PmetTSAr1.1-003597",44.0616302185603,38.4045182716585,52.9117159168673,32.6459923112302,42.1633934096866,35.8757333353991,30.9696439013369,37.7609226308982,-0.194779603832857,5.30014008965453,0.528754524859569,1
"3641","PmetTSAr1.1-003598",70.1838824195639,75.8571042546315,85.538243157831,77.656687306438,71.0369434734875,79.0736218590318,93.1394229644401,81.9191230088601,0.072563096742212,6.31041993810583,0.847590398883187,1
"3642","PmetTSAr1.1-003599",59.1684748649238,62.4705564449906,66.6715991445781,72.0435888717415,61.2061004505036,68.1893371197658,86.0361013930238,74.1914379427167,0.153736160606743,6.10462911896573,0.680632563020573,1
"3643","PmetTSAr1.1-003601",31.4725930132574,24.9287268099534,37.4022942718874,35.6114028050321,32.3325503867027,45.7705376438229,29.0838063160051,30.2030767969778,0.0864306988773083,5.0622323766541,0.780436805541946,1
"3644","PmetTSAr1.1-003602",28.909824725035,22.4299045521538,32.390103130522,31.4810096172366,29.8202238363846,39.2399668002632,26.3598186927482,26.5515333041848,0.0824258031219998,4.89275940476264,0.785154379418715,1
"3645","PmetTSAr1.1-003603",17.3548870044533,15.4688996911405,15.8877002216867,39.2916890428756,21.2273388237023,16.7928964548677,12.2998518065526,31.1371925742039,-0.113144411756107,4.40938825141141,0.771008524301875,1
"3646","PmetTSAr1.1-003604",30.0338459040799,29.2421699930599,28.6546021855421,26.9799401177158,30.6940765495387,36.7804011578836,33.1697877508906,29.0142021714173,0.174406373184671,4.93707525621156,0.542159990849972,1
"3647","PmetTSAr1.1-003605",24.8633484804733,26.0888942867889,25.7229432160642,22.6642087740576,23.9945390820237,31.6916446564085,28.9371300593682,23.664266356395,0.124830067013119,4.70136489619549,0.663697406961949,1
"3648","PmetTSAr1.1-003606",45.9499857993557,49.4707311276283,47.3793917325299,46.413969603882,41.6900565233948,54.3931528268778,54.5426137179837,43.6203761425893,0.0380010692041206,5.58485956029467,0.903491776301589,1
"3649","PmetTSAr1.1-003607",12.9487239825973,11.9883972606339,8.46398315381523,9.66406098426522,9.94007461212819,9.72517909170788,12.2998518065526,12.3133443361624,0.0405892157139882,3.45701179808984,0.894032948556524,1
"3650","PmetTSAr1.1-003608",27.2912342272103,17.5512515726402,97.5013031461844,29.8923968526998,76.4621124009861,32.7376668261562,11.4617017686274,12.1151985652357,-0.375407911368301,5.2537290949616,0.526684886901322,1
"3651","PmetTSAr1.1-003609",10.1611514585659,13.0593210854052,14.3745859148594,38.4973826606072,61.3517425693626,45.1485785158648,2.99638638558266,6.68034313410192,0.609299881369664,4.59066225641519,0.370098948963504,1
"3652","PmetTSAr1.1-003610",95.1821134415226,105.48599673997,57.8766222361444,59.5465017907191,59.8225003213429,49.3043963254028,124.63291063948,113.509220202325,0.126710681654323,6.37919096016062,0.775868332319464,1
"3653","PmetTSAr1.1-003611",10.0262689170806,8.71613001827726,9.45696441767065,15.9920351630033,8.48365342353798,14.729122984825,15.8200819658385,11.435841636344,0.191112182336228,3.57348554121541,0.55928496676114,1
"3654","PmetTSAr1.1-003612",5.12553657644477,6.69327390482042,5.57960900642568,12.205841407524,5.5344005166428,10.0361586556869,7.77384160175642,7.21816736947454,0.0422091908709883,2.92497338664277,0.902123963971715,1
"3655","PmetTSAr1.1-003613",33.9904004543179,25.9104069826604,28.4181780751003,40.8008711691855,35.0269295855946,16.6798129770571,15.0238394298096,27.5988752362262,-0.453995670551346,4.80656821843197,0.184873806488623,1
"3656","PmetTSAr1.1-003614",42.2631963320885,34.1208229725734,33.6195085048192,46.2815852068373,38.4859299084963,26.7725133716493,21.5614097256263,33.5998614414364,-0.376802123216517,5.11452268859494,0.229909927535737,1
"3657","PmetTSAr1.1-003615",36.1035602709224,35.3999819854947,42.2253461248994,43.8192354218053,39.6874773890832,42.7172837429378,45.0086570365843,41.1577072753568,0.0976140347017587,5.35150909241229,0.742831145295974,1
"3658","PmetTSAr1.1-003616",12.0944678865232,11.0364649719483,13.523459117269,12.3911795633866,12.4159906327315,11.8172234312032,11.9436380404344,11.6906004846784,-0.0345818196363182,3.60566201362522,0.903013676714695,1
"3659","PmetTSAr1.1-003617",15.7362965066287,12.6725985931267,17.6372386389558,17.6336016863579,16.2390962527809,15.2097277655199,12.4884355650858,13.4739124230191,-0.149718983397447,3.92534077434993,0.605480191391789,1
"3660","PmetTSAr1.1-003618",8.76736519655026,6.39579506460618,7.80199564457828,6.27502041992016,6.55389534865595,6.47402910465438,6.28612528443915,6.99171505984396,-0.149741300476963,2.80702281682736,0.598245146982121,1
"3661","PmetTSAr1.1-003619",50.2662271268882,41.5875418619509,40.428522885542,42.0452845014059,46.2413727377392,50.1242515395293,42.5361144247049,50.1025735057644,0.116671127820742,5.5070831282066,0.70048559281097,1
"3662","PmetTSAr1.1-003620",48.4677932404163,56.1640050324487,45.9608470698793,41.1450706015018,53.4870681509755,54.0539023934462,67.8482455700466,57.9151781880192,0.283168895297603,5.73326594332791,0.380457141246284,1
"3663","PmetTSAr1.1-003621",97.6999208825832,96.6806230696283,44.0221693642569,83.1374013440898,86.2201343645405,74.1827614437253,83.6054662830407,87.9484157527741,0.0458506944163021,6.35320140718967,0.910145239528548,1
"3664","PmetTSAr1.1-003622",12.9936848297591,12.345371868891,9.74067335020077,9.29338467253998,12.0882958652988,10.6298469141923,11.2731180100942,8.2088962241083,-0.0722901087292029,3.44370381363595,0.808662206802755,1
"3665","PmetTSAr1.1-003623",6.60924453278405,7.46671888937745,7.9911349329317,5.53366779646967,6.51748481894119,6.58711258246493,9.28251167002181,7.41631314040129,0.11412505296587,2.85566145018859,0.704033649265444,1
"3666","PmetTSAr1.1-003624",13.892901772995,16.0341094875476,21.0890306514055,11.6763038193451,18.2416753870924,12.0716612562769,15.3171919430834,14.7760132033949,-0.0526690459767578,3.94878270460912,0.864161107084554,1
"3667","PmetTSAr1.1-003625",40.150036515484,34.9537637251733,65.3003393040158,40.8803018074123,51.9942364326705,49.2195837170448,39.8749880542923,40.95956150443,0.0063990316872311,5.50685291684576,0.985397188656387,1
"3668","PmetTSAr1.1-003626",31.8322797905517,32.8416639596522,25.9120825044176,35.2142496138979,30.5484344306797,36.045358552115,37.6748442047386,37.6476964760829,0.173621645589648,5.06747825410174,0.553175543215706,1
"3669","PmetTSAr1.1-003627",13.2634499127299,14.7549504746264,9.74067335020077,12.708902116294,11.0688010332856,15.6337908073095,17.3497057850521,17.6632801511848,0.289995301076836,3.81694072165144,0.336481171231022,1
"3670","PmetTSAr1.1-003628",14.9719621048781,15.6176391112477,9.78795817228912,14.1386536043771,12.5252222218758,16.8777090632256,18.3554858305623,18.7106220832262,0.285538722163119,3.92536662646387,0.343005460230574,1
"3671","PmetTSAr1.1-003629",59.348318253571,34.299310276702,112.963439969076,87.2413176524764,67.5051220911563,92.615368326846,53.9768624423842,51.7160462118823,-0.144557790459546,6.12950855956442,0.743884114356795,1
"3672","PmetTSAr1.1-003630",42.353118026412,35.2512425653876,36.3620281859436,32.6459923112302,35.2089822341683,48.7955206752553,46.5173271048497,37.6193899373791,0.19814420953251,5.30040260283619,0.513873401422012,1
"3673","PmetTSAr1.1-003631",40.150036515484,39.7431730526226,37.5441487381525,33.1755298994091,37.5756666656274,50.3504184951504,50.10041851698,38.8648776403472,0.232350927602883,5.35765842576676,0.442723504908916,1
"3674","PmetTSAr1.1-003632",44.6910820788254,48.8757734471998,25.3919494614457,42.5748220895848,37.4664350764832,53.7429228294671,59.8439127078607,50.4988650476179,0.31909846878772,5.50647280660245,0.337257414773965,1
"3675","PmetTSAr1.1-003633",45.3654947862524,43.1046839470435,37.5914335602408,34.3140357139938,37.4664350764832,34.1794811682408,50.2261410226688,40.0537522659077,0.0142520060733602,5.33450213893348,0.964099485394853,1
"3676","PmetTSAr1.1-003634",38.9360936421155,39.8919124727297,35.9364647871485,35.3201571315337,33.3884557484306,39.5226754947896,55.1083649935832,41.2143203527644,0.173601699982796,5.32127616821432,0.572231523772304,1
"3677","PmetTSAr1.1-003635",11.7347811092288,13.1485647374695,5.8633179389558,10.1141679342173,8.11954812639043,13.089412556572,12.1741293008638,13.1342339585733,0.186066607095762,3.45847516797217,0.570940516020453,1
"3678","PmetTSAr1.1-003636",52.9189171094342,58.216609029927,47.4739613767066,37.3588768460225,47.0059938617491,47.9756654611287,52.656776132652,57.1792081817199,0.0638850681862241,5.64846086931348,0.843244393337187,1
"3679","PmetTSAr1.1-003637",6.47436199129866,4.31344318310649,35.0853379895581,47.1553222273325,24.9048023248926,67.9631701641446,1.73916132869483,4.10444811205415,0.0852481773797863,4.58665396115847,0.919084168741321,1
"3680","PmetTSAr1.1-003638",82.8178804720286,72.9120637365105,67.4281562979917,121.978983437013,71.5466908894941,90.890845290235,131.526694701415,107.649766690634,0.218583740689106,6.54561707405123,0.596887292021024,1
"3681","PmetTSAr1.1-003639",92.5294234589766,99.5661678197065,96.1773281277105,89.8095749551442,90.8078611085996,89.4207600786978,99.3417332450867,91.458426552048,-0.027145197037909,6.54998443561878,0.943332382973856,1
"3682","PmetTSAr1.1-003640",49.7716578081084,53.1892166303063,43.8330300759035,55.204293567652,49.7731941200705,63.3550184433645,69.4197768911564,54.0654889242995,0.228128599695735,5.77861176634204,0.48506775853673,1
"3683","PmetTSAr1.1-003641",26.257134742489,26.8028435033031,45.7244229594376,24.7558822473643,33.3520452187158,30.9283311811873,34.6575040682078,26.2118548397389,0.0195467356054267,4.96078342019661,0.952361305782818,1
"3684","PmetTSAr1.1-003642",152.372311031327,140.856230841443,127.432595528112,104.23947423302,129.184559427952,96.3188522251418,120.316437944165,126.077323386822,-0.153532571092867,6.96181163017844,0.701905220825024,1
"3685","PmetTSAr1.1-003643",23.1098754411633,23.8578029851821,32.531957596787,28.5950297616615,28.3638026477944,33.0486463901352,35.0975328381186,32.6091325868026,0.256789846311044,4.89319541122589,0.380097829007685,1
"3686","PmetTSAr1.1-003644",59.9328092666744,63.4522366176976,50.0273417694777,59.2552561172207,52.8680891458247,48.2866450251078,54.1235386990211,63.2368074643377,-0.0906431316145365,5.8191659468594,0.782960973319465,1
"3687","PmetTSAr1.1-003645",41.9035095547941,34.3290581607234,94.9952075755017,47.4200910214219,62.7353426985233,42.7738254818431,31.3677651693514,37.2797114729332,-0.328072197280501,5.61893127988461,0.400677196058695,1
"3688","PmetTSAr1.1-003646",30.9780236944776,29.7478840214241,26.3376459032128,19.9106133155272,33.5340978672896,24.9631777266804,18.7745608495249,26.8629052299268,-0.0390339314746979,4.72480272123066,0.900420463508247,1
"3689","PmetTSAr1.1-003647",61.5064389173372,60.2989609114266,52.5334373401604,48.7968887506871,56.1814473498674,40.6535102728952,48.4450721920777,52.1972573698472,-0.176252901257611,5.71792377205814,0.584881334427532,1
"3690","PmetTSAr1.1-003648",49.5918144194612,43.0749360630221,27.1887727008031,34.8965270609906,39.3597826216504,30.9283311811873,40.1054793147218,37.308018011637,-0.0673152574748397,5.24290713313873,0.831351787766683,1
"3691","PmetTSAr1.1-003649",37.7671116159088,37.3633423309087,37.5914335602408,37.0146774137062,34.6264137587323,50.5200437118663,46.3287433463165,36.4588218505224,0.165695211566594,5.31375206125395,0.584051687344445,1
"3692","PmetTSAr1.1-003650",50.086383738241,45.4845146687574,55.7488052421685,33.202006778818,37.0295087199061,35.1972324685358,42.5361144247049,44.2714265327772,-0.213834526735556,5.42621747235025,0.492891143517936,1
"3693","PmetTSAr1.1-003651",24.0090923843992,13.0593210854052,27.1887727008031,48.3203049213261,36.1192454770372,34.5470024711251,7.10332157141624,20.324094789344,-0.199624605254286,4.72194182499193,0.670090674121063,1
"3694","PmetTSAr1.1-003652",66.4521321051348,61.2508932001122,49.6017783706825,48.4791661977798,57.3829948304543,48.7672498058026,58.4190576433878,56.2733989431976,-0.0318511340019673,5.80447915283946,0.923232623182269,1
"3695","PmetTSAr1.1-003653",49.9964620439174,39.8919124727297,62.0376865799194,34.5523276286743,56.8732474144477,38.7310911501157,24.6835186168977,32.6374391255064,-0.286171860079295,5.40838397715168,0.412429784410826,1
"3696","PmetTSAr1.1-003654",96.0813303847585,92.2184404664147,220.016277177108,103.842321041885,103.515135979049,103.358298718849,93.3908679758177,91.1470546263059,-0.387757774607443,6.82008629014669,0.369552403850167,1
"3697","PmetTSAr1.1-003655",27.1563516857249,31.0865388023882,44.4950175851404,41.7805157073165,35.8643717690339,47.5516024193391,48.0469509240632,43.7336022974046,0.27786068691345,5.32305344185736,0.376506598335789,1
"3698","PmetTSAr1.1-003656",204.661776280496,175.453019958359,251.366114221686,177.024415728212,193.740428612213,152.719236783157,132.888688513044,164.715748717539,-0.32803306272707,7.50479076327846,0.429652280201689,1
"3699","PmetTSAr1.1-003657",23.5145230656194,22.8761228124751,17.9209475714859,18.0307548774921,19.2975807488203,21.5706733923637,25.5426224057711,18.6540090058185,0.0474630146207499,4.39160352274058,0.871847644906769,1
"3700","PmetTSAr1.1-003658",44.5112386901783,42.926196642915,56.5526472176705,51.5504842092175,48.1711308126212,66.2951888664389,53.8930474385917,55.1128308563409,0.192758492908109,5.71259326016505,0.551497604689044,1
"3701","PmetTSAr1.1-003659",118.022223799715,115.064815394868,82.1337359674696,69.9519153984348,102.968978033328,76.1051805665047,88.7181815143846,85.4857468855416,-0.124688143526481,6.5292504835395,0.754731591293268,1
"3702","PmetTSAr1.1-003660",93.4736012493744,81.717437406852,49.932772125301,88.90936105524,82.0329234473436,77.1512027362524,72.3952095257909,83.8439676407199,0.0062198712875499,6.29913947843415,0.987483358704319,1
"3703","PmetTSAr1.1-003661",138.344526716847,127.529178799845,163.983763002409,157.166756171502,134.536907296021,182.120941013902,117.864849083234,190.87099047987,0.0913471363490618,7.24425071992553,0.825665908908884,1
"3704","PmetTSAr1.1-003662",44.4662778430165,46.1687160012502,38.3952755357428,49.1675650624124,45.4403410840146,49.360938064308,41.2160281149727,39.6574607240542,-0.0208996347107438,5.46914194432163,0.945793392888331,1
"3705","PmetTSAr1.1-003663",12.6789588996265,13.7137745338765,14.0435921602409,12.3382258045687,15.9842225447776,12.4674534286139,15.0028856788614,13.8418974261688,0.118643395424348,3.78872027817601,0.675988819023167,1
"3706","PmetTSAr1.1-003664",21.2664807075296,18.3841923252401,24.3043985534136,21.2874110447924,24.5771075574598,22.9842168649957,21.9385772426926,20.6637732537899,0.0813045648945329,4.45844717565856,0.77486065923716,1
"3707","PmetTSAr1.1-003665",22.5253844280599,25.7021717945104,18.204656504016,26.4768794089458,18.4965490950957,35.02760725182,42.9761431946157,28.3065387038217,0.42572098270202,4.77033427615925,0.19116157773017,1
"3708","PmetTSAr1.1-003666",25.3579177992531,28.1414982842672,17.9682323935742,27.0858476353516,16.5303804904989,33.2182716068511,42.1379931566904,26.8912117686306,0.269376677154085,4.76772566615115,0.42293656727049,1
"3709","PmetTSAr1.1-003667",40.824449222911,37.1253592587373,40.5703773518071,29.7070586968372,36.5197613038995,31.5220194396927,29.6286038406565,33.0337306673599,-0.181253254538426,5.12600620282792,0.540287680975696,1
"3710","PmetTSAr1.1-003668",45.005808008958,52.7132504859635,44.305878296787,57.8519815085466,52.7224470269656,57.8421989000998,72.9400070504423,67.8507732730607,0.330455658774573,5.81953841265172,0.321444035658131,1
"3711","PmetTSAr1.1-003669",26.257134742489,36.4114100422231,93.7658022012045,25.0206510414538,21.6278546505646,26.9986803272704,102.254304626877,55.25436354986,0.184732737930102,5.60027049206679,0.720873894906763,1
"3712","PmetTSAr1.1-003670",37.7671116159088,32.2467062792237,52.6280069843371,36.4321860667094,36.010013887893,33.9533142126197,27.8894425119617,33.7130875962517,-0.273589932336947,5.18513467043208,0.371477958767584,1
"3713","PmetTSAr1.1-003671",77.8721872842311,72.1386187519534,77.2161144702808,83.6669389322687,78.5739231244419,67.6804614696183,63.3641428671466,71.6155429206689,-0.144720667257783,6.2109071445672,0.697175870628998,1
"3714","PmetTSAr1.1-003672",80.4349555724534,74.6969367777959,79.8640645072286,80.3308521267416,80.8677864964715,62.8744136626696,63.1336516067172,73.0025633171562,-0.172099490813664,6.21835339648508,0.644714829833428,1
"3715","PmetTSAr1.1-003673",47.3887329085332,53.1892166303063,43.64389078755,43.978096698259,47.6249728668999,41.7278033120955,54.6473824727244,55.2260570111562,0.0821400211458878,5.59968725213608,0.793258741414334,1
"3716","PmetTSAr1.1-003674",54.3576642186116,59.7932468830624,41.8470675481926,29.3628592645209,51.921415373241,36.7804011578836,41.3627043716096,39.9971391885001,-0.124270870238105,5.47521429507536,0.707571114458734,1
"3717","PmetTSAr1.1-003675",55.2568811618476,55.836778308213,72.2512081510037,40.2183798221887,55.1255419881395,38.7593620195683,54.2492612047099,52.876614298739,-0.153063400376948,5.73133322313353,0.650087487485834,1
"3718","PmetTSAr1.1-003676",39.0260153364391,49.4707311276283,31.2552674004015,42.4159608131312,38.1582351410635,52.1597541401193,53.2434811591996,50.81023697336,0.26105278237038,5.48020583385487,0.405591961800558,1
"3719","PmetTSAr1.1-003677",26.3920172839744,25.2262056501676,51.5877408983934,32.7783767082749,32.8422978027093,34.320835515504,34.3851053058822,27.9951667780797,-0.0693386199315008,5.05512732670188,0.829507457838565,1
"3720","PmetTSAr1.1-003678",7.77822655899075,9.04335674251293,7.32914742369475,6.22206666110226,6.48107428922644,6.95463388534924,8.3815003792522,7.16155429206689,-0.0662694243483477,2.90323965792924,0.820162491337575,1
"3721","PmetTSAr1.1-003679",37.9019941573942,25.6129281424461,64.7802062610439,61.5852215052079,45.6588042623031,57.8704697695524,35.3489778494962,41.6955315107294,-0.0724611223019627,5.5349206004086,0.84256084188762,1
"3722","PmetTSAr1.1-003681",15.5564531179815,14.516967402455,23.1695628232931,18.6926768627157,14.5278013561874,22.955945995543,19.9689246535684,18.1444913091497,0.072765778701987,4.20971638071986,0.813090048333309,1
"3723","PmetTSAr1.1-003682",44.7360429259872,45.0085485244147,45.8189926036143,40.1919029427797,42.7095513554079,43.5088680876117,41.6979643867797,42.4598080557326,-0.0447309290225495,5.43715966132381,0.879811463470245,1
"3724","PmetTSAr1.1-003683",42.5329614150592,27.1598181115602,48.1832337080319,41.5687006720449,37.9761824924897,27.7054520635864,28.0361187685986,23.18305519843,-0.447642491644844,5.11239596283746,0.158149649751228,1
"3725","PmetTSAr1.1-003684",15.0618837992017,16.8075544721046,17.542668994779,13.9533154485144,16.8216647282169,16.0578538490991,15.1705156864465,15.2006112839523,-0.00240387897449327,3.98970430655746,0.994759068728192,1
"3726","PmetTSAr1.1-003685",67.2614273540472,73.6557608370461,85.9165217345378,80.7544821972847,67.104606264294,92.4174722406776,100.578004551026,75.8615237262422,0.127384114954054,6.3310873322668,0.740423085642831,1
"3727","PmetTSAr1.1-003686",66.4521321051348,73.4475256488961,82.5592993662648,80.7809590766936,72.1656698946449,84.3602744466754,94.3128330175354,79.2583083707008,0.122472817303008,6.30801730421675,0.745880610549853,1
"3728","PmetTSAr1.1-003687",30.438493528536,29.7181361374027,28.7964566518071,35.637879684441,33.6797399861486,35.4233994241569,33.5469552679569,32.8921979738408,0.121209255560987,5.02596971758501,0.672062403578647,1
"3729","PmetTSAr1.1-003688",211.76559013206,30.2833459338097,13.7125984056224,23.4055613975081,68.2697432151661,15.0401025488041,4.54696395574432,39.2894757209045,-1.13468792956126,5.66690734283977,0.145620179819388,1
"3730","PmetTSAr1.1-003689",38.7112894063065,39.4754420964298,55.2286721991966,47.7113366949203,39.723887918798,46.7882889441179,43.6885707268521,38.6667318694205,-0.100898527632136,5.45314859582029,0.742162597606868,1
"3731","PmetTSAr1.1-003690",37.3624639914527,34.299310276702,88.611756593574,44.4282036482111,44.2023830737129,44.8375989518858,42.0541781528979,36.8834199310797,-0.284742150786844,5.54329510541651,0.431467456716676,1
"3732","PmetTSAr1.1-003691",45.3654947862524,23.4115847248608,46.5755497570279,37.4118306048404,45.4767516137293,36.8086720273362,20.4927684272716,27.1176640782612,-0.233946975179867,5.14484288350694,0.503479192788341,1
"3733","PmetTSAr1.1-003692",73.5109851095368,84.0972681285659,46.7646890453814,61.2939758317095,83.7442183439371,63.5811853989856,73.0238220542348,75.3520060295734,0.154346273396878,6.13413594377605,0.689369073144786,1
"3734","PmetTSAr1.1-003693",62.4056558605732,57.1754330891771,103.979323772289,76.1475051801281,76.7898071684189,100.644295251396,94.9833530478756,89.2788230718537,0.271387243275605,6.37047795646882,0.493517021073814,1
"3735","PmetTSAr1.1-003694",8.63248265506487,9.31108769870574,5.39046971807227,5.71900595233229,7.60980071038385,6.38921649629646,7.22904407710502,8.29381584021976,0.0223502515562906,2.88439178840483,0.944986501727599,1
"3736","PmetTSAr1.1-003695",95.9014869961113,106.229693840505,66.1041812795178,84.4612453145371,94.1940403720719,87.7527787809921,110.007192477685,103.800077426914,0.16611833627202,6.54879551535827,0.672068400143765,1
"3737","PmetTSAr1.1-003696",27.3361950743721,27.8737673280744,9.88252781646583,42.8395908836743,25.4873708003287,45.6857250354649,46.244928342524,36.8268068536721,0.514156860692792,5.03797176679616,0.195168423965491,1
"3738","PmetTSAr1.1-003697",39.6554671967043,45.3060273646289,36.8821612289155,32.7783767082749,38.085414081634,30.2781011837766,38.5129942426639,31.8448560417994,-0.156527653273784,5.19878888736104,0.600760948918045,1
"3739","PmetTSAr1.1-003698",144.818888708146,84.4839906208444,167.246415726505,223.067709020368,161.589930874084,109.040743478829,70.3626956838222,118.377944859382,-0.431814955727198,7.07602860388908,0.341552839207645,1
"3740","PmetTSAr1.1-003699",25.7625654237092,28.82569961676,32.531957596787,54.8336172559268,32.878708332424,44.4418067795488,50.9385685549053,41.0727876592453,0.253970247139058,5.28482729270496,0.450072982970772,1
"3741","PmetTSAr1.1-003700",28.5501379477406,26.7135998512388,30.0258620261043,33.705067487588,29.8202238363846,32.3984163927245,26.0245586775781,32.1845345062453,0.0169921265104509,4.90637714410633,0.953568119614506,1
"3742","PmetTSAr1.1-003701",29.6741591267855,29.599144601317,31.6335459771083,36.9882005342973,33.0607609809978,32.2287911760087,25.9826511756818,33.2884895156943,-0.0386082816957852,4.98267576297418,0.89548149633995,1
"3743","PmetTSAr1.1-003702",30.9330628473158,24.898978925932,33.1466602839356,29.4422899027477,28.2181605289353,33.4444385624722,31.6401639316771,28.3914583199332,0.0398930380529773,4.91046901948736,0.891619304177933,1
"3744","PmetTSAr1.1-003703",34.5299306202595,40.6356095732653,41.090510394779,46.3345389656551,43.3285303605588,71.5535705846298,89.0743952805028,64.3407624737868,0.7225864235307,5.75323211729136,0.0366672477178153,1
"3745","PmetTSAr1.1-003704",59.9328092666744,59.2875328546982,56.5999320397588,46.4404464832909,55.9265736418641,61.4608701900376,66.6119742641069,61.9064001452581,0.146042889379109,5.87241773095392,0.662737136245726,1
"3746","PmetTSAr1.1-003705",49.4119710308141,44.0268683517077,44.8732961618472,46.4934002421088,48.5352361097688,41.7843450510007,38.7644392540414,43.3373107555511,-0.100185224535392,5.48257545773536,0.738271066721024,1
"3747","PmetTSAr1.1-003706",35.5640301049808,41.8552728181437,50.2164810578311,71.1963287306553,42.4546776474046,85.1801296608019,59.5296064436388,48.0361961803855,0.242123280405185,5.76355042834532,0.510761417334049,1
"3748","PmetTSAr1.1-003707",35.0244999390393,33.7935962483378,40.3812380634537,52.6360362649842,35.6459085907454,42.9999924374642,37.088139178191,44.5261853811116,-0.0143743590232347,5.33365032161784,0.963875310783345,1
"3749","PmetTSAr1.1-003708",16.2758266725702,17.4322600365545,184.93093918755,39.8212266310545,28.6914974152272,27.7902646719443,7.92051785839333,29.7501721777166,-1.45665960772271,5.46235556657283,0.0255397815639104,1
"3750","PmetTSAr1.1-003709",11.5549377205816,8.50789483012729,5.8633179389558,9.29338467253998,8.44724289382322,10.4036799585712,10.3721067193246,10.7564847074523,0.182850904578685,3.24272019951879,0.551914883397127,1
"3751","PmetTSAr1.1-003710",88.258142978606,74.6671888937745,55.6069507759034,78.0008867387543,77.4816072329992,81.646270979222,87.2933264499117,92.8737534872391,0.194307331580344,6.31368804215273,0.612035331259505,1
"3752","PmetTSAr1.1-003711",53.5933298168611,69.9372753343681,92.4891120048189,80.3838058855595,56.3999105281559,115.005896933336,114.407480176793,81.5794445444142,0.309861314436307,6.37581307947777,0.454360066218352,1
"3753","PmetTSAr1.1-003712",25.0431918691205,23.3520889568179,23.4532717558232,29.0716135910225,24.3222338494565,32.7376668261562,37.1719541819835,29.4671067906784,0.293715509903726,4.81489828411918,0.318393388310735,1
"3754","PmetTSAr1.1-003713",68.9699395461954,76.9280280794027,68.6102768502005,62.9884961138821,72.8938804889401,80.0065605509689,97.4139881578587,78.2392729773632,0.243721249016448,6.24455700144134,0.516915530342436,1
"3755","PmetTSAr1.1-003714",12.4091938166558,11.8991536085696,19.9069100991967,9.24043091372208,15.6565277773448,12.8632456009508,12.5722505688783,8.8599466142962,-0.0960945183479825,3.69783415554406,0.769215017925248,1
"3756","PmetTSAr1.1-003715",38.9360936421155,36.7683846504802,31.58626115502,25.4972348708148,35.4274454124569,27.5075559774179,30.2781701200486,33.9961529832899,-0.0617587899731682,5.02488739440825,0.836461062203458,1
"3757","PmetTSAr1.1-003716",85.2008053716038,77.3147505716812,66.2933205678712,72.9967565304636,74.3138911478155,74.2958449215358,73.5057583260418,85.7121991951722,0.0284979943170867,6.25296540603352,0.939597604679015,1
"3758","PmetTSAr1.1-003717",27.1113908385631,34.8050243050662,31.4916915108433,31.9046396877797,23.9217180225942,36.4411507244519,29.7124188444491,29.4671067906784,-0.0680520735602615,4.93879603699003,0.817998501963387,1
"3759","PmetTSAr1.1-003718",100.712297642424,101.113057788821,89.7938771457828,80.6485746796489,88.1863029691373,72.9953849267144,73.7362495864712,81.8908164701562,-0.232735311574659,6.42946650908368,0.542007977216324,1
"3760","PmetTSAr1.1-003719",18.0742605590421,16.5100756318904,39.7665353763051,19.8047057978915,19.6980965756826,20.1854007891844,17.8945033097034,18.0312651543344,-0.311426614788551,4.41235924320801,0.348894965971504,1
"3761","PmetTSAr1.1-003720",18.2990647948511,15.0226814308192,42.5090550574296,18.0307548774921,21.3729809425613,19.1676494888894,16.3439257395418,17.6915866898886,-0.330584629533082,4.39909490102926,0.347697040625922,1
"3762","PmetTSAr1.1-003721",236.449095223886,217.814006804867,152.635405701204,153.062839863116,168.762805227891,229.276751260904,247.987642471125,203.071108661217,0.160041492352143,7.65246959160036,0.705797770229706,1
"3763","PmetTSAr1.1-003722",21.9408934149566,18.9494021216472,18.0628020377509,14.4298992778755,20.4263071699777,14.2202473346775,14.9819319279133,17.6632801511848,-0.124839900933671,4.14068651374583,0.674880261494547,1
"3764","PmetTSAr1.1-003723",95.541800218817,101.678267585228,89.1791744586342,85.0702135409429,93.5022403074915,90.0144483372032,104.978292250134,89.1372903783346,0.0237626446250013,6.54997987066167,0.950755198098523,1
"3765","PmetTSAr1.1-003724",22.8401103581925,24.1552818253964,22.1292967373493,23.6703301915975,21.0088756454138,12.4109116897086,23.1958022995805,19.5032051669332,-0.285774096680797,4.40423765075186,0.340364195293811,1
"3766","PmetTSAr1.1-003725",31.9671623320371,26.8920871553674,44.5423024072287,28.1978765705273,34.9905190558798,27.0834929356284,26.8417549645552,26.1552417623313,-0.193151305695638,4.94883376150358,0.526663050603165,1
"3767","PmetTSAr1.1-003726",26.2121738953272,22.1026778279181,19.008498479518,24.7029284885464,19.188349159676,31.7764572647665,32.8764352376168,24.5983821336211,0.237126403193048,4.65117363285543,0.436279810173762,1
"3768","PmetTSAr1.1-003727",16.2758266725702,18.7411669334972,9.97709746064253,14.5887605543291,13.5083065241742,17.3583138439205,20.2203696649459,15.4836766709905,0.159554465871167,3.98541105770915,0.605821755113418,1
"3769","PmetTSAr1.1-003728",62.8103034850293,51.8208139653208,352.271924558232,152.295010360256,122.157327193004,145.67979028945,38.7225317521452,47.9795831029778,-0.804423386384536,6.92776779593081,0.19127574991108,1
"3770","PmetTSAr1.1-003729",14.6122753275838,16.4803277478689,18.7720743690762,11.1732431105751,17.0037173767907,14.9552899404461,15.0447931807577,14.29480204543,0.00707887779038557,3.94004447296997,0.984221668052671,1
"3771","PmetTSAr1.1-003730",67.0815839654,61.7566072284764,52.344298051807,64.6300626372367,65.8302377242775,73.5042605768619,69.9226669139115,72.0118344625224,0.194335223378471,6.04330905284469,0.589832011158493,1
"3772","PmetTSAr1.1-003731",19.7827727511903,19.3658724979471,23.1222780012047,17.1570178569969,23.1570968985844,17.1886886272046,19.1936358684875,22.0224871115733,0.0386485687404639,4.33493613708397,0.89516196335094,1
"3773","PmetTSAr1.1-003733",22.8401103581925,19.1278894257757,26.1957914369477,26.4239256501279,23.4847916660171,22.333986867585,24.2015823450907,22.1074067276848,-0.0377727500037208,4.54841681490559,0.894968955649404,1
"3774","PmetTSAr1.1-003734",15.4665314236579,11.1852043920555,20.7107520746987,17.1834947364058,12.8893275190234,8.6508860525076,7.08236782046811,10.9829370170828,-0.705158503021881,3.7076376031599,0.0280344923279345,1
"3775","PmetTSAr1.1-003735",8.09295248912332,3.95646857484941,11.8212055220883,26.6886944442174,9.32109560697735,12.1847447340875,1.57153132110979,5.6046946633567,-0.819886190500095,3.31678167658699,0.145280484134518,1
"3776","PmetTSAr1.1-003736",26.5268998254598,17.6107473406831,9.97709746064253,12.708902116294,13.836001291607,15.2662695044252,17.0982607736745,21.428049798793,0.0180771918445004,4.07614025941633,0.960422889502728,1
"3777","PmetTSAr1.1-003737",79.221012699085,80.8844966542521,78.6819439550198,113.982965855512,72.3841330729335,127.558162970308,124.570049386636,102.2149112595,0.274542068660469,6.60746674797516,0.498800543777084,1
"3778","PmetTSAr1.1-003739",41.6337444718233,47.2396398260215,34.7543442349396,28.3832147263899,41.9813407611128,36.1584420299255,43.9400157382297,43.1391649846243,0.120306453469008,5.31165090952745,0.697626191488777,1
"3779","PmetTSAr1.1-003740",62.9002251793529,57.3836682773271,82.1337359674696,58.0373196644092,48.3895939909098,71.4122162373666,65.6481017204929,54.9146850854141,-0.115486771647228,5.96947960115522,0.745464087035434,1
"3780","PmetTSAr1.1-003741",85.5604921488982,87.3100396028797,165.165883554618,109.720188270671,80.9041970261862,101.492421334975,109.336672447345,79.9376652995925,-0.268526659359726,6.67925395148774,0.515799784008559,1
"3781","PmetTSAr1.1-003742",31.2477887774484,33.1688906838879,32.4846727746987,35.5584490462142,27.817644702073,25.7264912019017,27.0093849721402,33.656474518844,-0.214069180730987,4.94925485112517,0.455903301274628,1
"3782","PmetTSAr1.1-003743",26.1222522010036,20.6152836268469,25.9120825044176,20.9432116124761,26.7617393403451,23.9171555569328,24.9978248811197,26.2967744558504,0.124406603916462,4.61497419753966,0.662380842972143,1
"3783","PmetTSAr1.1-003744",45.7251815635468,42.4799783825936,33.4776540385541,43.3956053512622,53.6691207995493,50.4352311035083,52.4681923741188,53.3578254567039,0.346541168709975,5.55282561092806,0.262758096948885,1
"3784","PmetTSAr1.1-003745",50.0414228910792,42.8369529908507,37.3077246277107,34.2610819551759,43.292119830844,41.5016363564744,45.3648708027025,41.4124661236912,0.0614346093272434,5.394467911404,0.839839224394589,1
"3785","PmetTSAr1.1-003746",4.40616302185603,3.42100666246377,2.9316589694779,2.51530354384985,3.31335820404273,3.10979563979031,3.31069264980462,2.66081463815924,-0.0932781666948239,1.70738882384934,0.738032977435368,1
"3786","PmetTSAr1.1-003747",129.487239825973,130.176740477752,118.732188263855,124.255995066183,136.284612722329,126.059806889318,134.145913569931,124.180785293666,0.0507983301294746,6.99974772249792,0.897117380442687,1
"3787","PmetTSAr1.1-003748",19.7827727511903,21.2102413072754,21.278169939759,23.1672694828276,12.9257380487381,26.9986803272704,25.7521599152524,21.3997432600892,0.027958487933542,4.435073246206,0.930354338241102,1
"3788","PmetTSAr1.1-003749",34.2152046901269,50.6903943725067,14.4218707369477,34.8170964227637,24.2130022603123,53.0644219626038,69.3359618873638,51.6594331344746,0.563306634277311,5.37971858273348,0.168840483403234,1
"3789","PmetTSAr1.1-003750",9.44177790397721,8.92436520642723,9.22054030722888,15.5419282130512,11.4693168601479,11.5910564755821,8.3815003792522,9.14301200133441,-0.0907098283491101,3.39616232866865,0.775949427350253,1
"3790","PmetTSAr1.1-003751",148.056069703795,129.581782797323,101.993361244578,110.964601602892,123.577337851879,159.475974582338,151.181313090762,139.551235809841,0.226005411789327,7.05650409995484,0.575398560281938,1
"3791","PmetTSAr1.1-003752",34.6198523145831,6.4255429486276,6.76172955863451,9.26690779313103,15.8385804259185,2.68573259800072,0.963872543614003,3.39678464445861,-1.32004677787205,3.32404487531343,0.0556947052571382,1
"3792","PmetTSAr1.1-003753",29.6741591267855,22.1919214799824,31.58626115502,26.3180181324921,25.1960865626106,32.7093959567036,28.1199337723911,26.4100006106657,0.0353867834223085,4.79880869890753,0.905592665664469,1
"3793","PmetTSAr1.1-003754",83.85197995675,71.9601314478249,48.3723729963854,58.3815190967255,70.818480295199,54.6758615214042,68.3720893437498,63.6047924674874,-0.0282841213631475,6.02381891561267,0.939077700382403,1
"3794","PmetTSAr1.1-003755",101.38671034985,114.172378874226,85.9638065566262,92.7485085695371,105.044378227069,96.0361435306154,115.748520237473,109.999209403051,0.114438785242091,6.68232405747424,0.768499579756596,1
"3795","PmetTSAr1.1-003756",9.03713027952104,8.83512155436296,11.8684903441767,12.7883327545208,10.5226430875643,16.3688334130781,16.7210932566081,14.7194001259873,0.456292395691743,3.66426996911695,0.132318251709987,1
"3796","PmetTSAr1.1-003757",7.41853978169638,7.37747523731318,9.88252781646583,10.4054136077157,9.86725355269868,12.9480582093088,13.158955595426,11.8321331781975,0.446648391766091,3.38270502433563,0.129949620078696,1
"3797","PmetTSAr1.1-003758",66.3622104108112,60.5964397516409,53.5737034261042,43.7927585423964,60.25942667792,55.1564663020991,54.6054749708281,53.6975039211498,-0.0037856371650397,5.80899156170762,0.991167082615843,1
"3798","PmetTSAr1.1-003759",82.1434677646017,65.5940842672401,178.263779273092,111.917769261614,89.715545217157,105.648239144513,101.164709577574,88.5145465268505,-0.185484083406673,6.68542621019056,0.666489783123771,1
"3799","PmetTSAr1.1-003760",15.9611007424377,18.1759571370901,5.76874829477909,20.8108272154314,15.0011382424792,20.2419425280897,17.9573645625478,26.042015607516,0.382261120909731,4.13509908513527,0.305465195989464,1
"3800","PmetTSAr1.1-003761",14.342510244613,18.4139402092615,6.24159651566263,22.0287636682429,12.4888116921611,22.4753412148482,20.1365546611534,27.3441163878918,0.432126210818739,4.17097375498127,0.258586906652744,1
"3801","PmetTSAr1.1-003762",15.8711790481141,13.4757914617051,13.381604651004,14.7211449513739,13.1442012270267,13.1176834260246,11.6712392781087,12.228424720051,-0.195900150567425,3.75591198353439,0.486726424478107,1
"3802","PmetTSAr1.1-003763",53.2336430395667,45.1572879445218,63.5035160646584,48.5056430771887,56.1086262904379,57.3898649888576,52.7615448873926,57.1792081817199,0.0869927269931963,5.76256607845591,0.788398333548958,1
"3803","PmetTSAr1.1-003764",129.39731813165,117.593385536689,120.529011503212,135.826391367892,131.514833329696,120.490445607148,109.755747466308,123.048523745513,-0.0541701307551339,6.94929560923123,0.89047513409365,1
"3804","PmetTSAr1.1-003765",82.5481153890579,80.2002953217594,54.5193998678713,70.9315599365658,68.4517958637399,64.9947288716175,96.8901443841554,85.8254253499874,0.133607994958127,6.2405521715537,0.730617167470069,1
"3805","PmetTSAr1.1-003766",52.2445044020072,45.8117413929931,65.725902702811,55.6014467587862,56.4727315875854,58.4641580280579,47.6488296560488,44.4978788424077,-0.083151401426182,5.73782430625478,0.799216814735508,1
"3806","PmetTSAr1.1-003767",133.893402847829,158.437230298105,105.114159502409,138.421125549969,123.140411495302,156.168282856379,219.34386492503,166.72551296551,0.312289177900934,7.23101114330325,0.455416034483405,1
"3807","PmetTSAr1.1-003768",69.3296263234898,78.2369349763454,78.8237984212848,59.6259324289459,72.456954132363,63.2984767044592,73.86197209216,66.4637528765734,-0.050926124841633,6.13589024136117,0.891416456640496,1
"3808","PmetTSAr1.1-003769",71.7575120702268,57.9786259577556,125.824911577108,58.5668572525881,78.3554599461533,52.4141919651931,55.1502724954795,63.9161643932294,-0.330169218256149,6.14037807673163,0.422414678247805,1
"3809","PmetTSAr1.1-003770",8.13791333628512,7.43697100535602,15.934985043775,7.89011006386585,8.81134819097078,7.40696779659147,8.33959287735594,6.79356928891721,-0.326548971670265,3.15259953114444,0.315539318951744,1
"3810","PmetTSAr1.1-003771",3.73175031442909,2.76655321399244,6.14702687148592,3.70676311725241,5.57081104635756,4.1840886789906,4.12788893678171,2.80234733167835,0.0334471598818106,2.06428951191483,0.92492573573674,1
"3811","PmetTSAr1.1-003772",14.3874710917748,15.7961264153762,9.31510995140559,14.2180842426039,11.6513695087217,17.6692934078995,17.1192145246226,17.0971493771083,0.241519163926325,3.8804079052169,0.429107956398334,1
"3812","PmetTSAr1.1-003773",21.5812066376622,26.1781379388532,14.5637252032128,25.8414343031311,21.3365704128466,27.1683055439863,26.5693562022295,29.8067852551243,0.249440932112775,4.59706269628905,0.413180480019227,1
"3813","PmetTSAr1.1-003774",35.8787560351134,37.6608211711229,37.9224273148593,29.5746742997925,35.8279612393192,35.8191915964939,39.497820537226,37.5344703212676,0.0764825246047836,5.18092533486477,0.794650822310006,1
"3814","PmetTSAr1.1-003775",36.9128555198347,41.8255249341223,37.0240156951806,35.9026484785305,35.0633401153093,35.5647537714201,36.2290353893176,37.308018011637,-0.0732024055629251,5.21101927056967,0.800964114841651,1
"3815","PmetTSAr1.1-003776",29.2695115023293,32.2169583952023,32.0591093759035,35.187772734489,27.4171288752107,38.2787572388735,38.4501329898195,36.1474499247803,0.124119666137835,5.0744639719281,0.673642292721855,1
"3816","PmetTSAr1.1-003777",108.175798271282,111.078598935998,125.162924067871,135.667530091438,125.106580099899,96.7994570058366,87.2304651970673,86.1084907370257,-0.28062990576197,6.77443335681065,0.478911800087125,1
"3817","PmetTSAr1.1-003778",24.0990140787228,30.1048586296812,21.9401574489959,29.6805818174282,27.7448236426435,28.836286841692,28.9371300593682,26.6930659977039,0.0837609850017502,4.77195620882725,0.769921185682774,1
"3818","PmetTSAr1.1-003779",27.4710776158575,31.3245218745596,23.2641324674698,31.4280558584187,27.963286820932,34.0381268209776,29.7333725953972,29.5237198680861,0.0949771574602433,4.87822184167814,0.742963437385427,1
"3819","PmetTSAr1.1-003780",111.412979266931,101.618771817185,195.759163445782,128.254003856933,120.373211236981,123.034823857886,119.81354792141,112.773250196026,-0.173999471178009,6.98508894995485,0.673123319101067,1
"3820","PmetTSAr1.1-003781",16.4556700612174,19.4253682659899,20.1433342096385,18.2425699127637,21.8827283585679,19.3938164445105,17.7897345549628,17.0971493771083,0.0358993499764931,4.2375764745551,0.899602592801593,1
"3821","PmetTSAr1.1-003782",17.1300827686444,18.9494021216472,16.9279663076305,23.6438533121886,18.3873175059514,15.9447703712885,18.2926245777179,18.569089389707,-0.107616197114469,4.21295720089254,0.709382870699683,1
"3822","PmetTSAr1.1-003783",12.7688805939501,13.3865478096408,12.7669019638554,17.0511103393611,12.2339379841578,10.4884925669291,13.2008630973222,11.8604397169013,-0.229106298107757,3.70404708004705,0.426474732003755,1
"3823","PmetTSAr1.1-003784",70.3637258082111,32.1574626271594,118.212055220883,52.0800217973964,77.518017762714,67.4542945139971,14.5419031580026,27.7970210071529,-0.542460164062014,5.84668566195432,0.291361732277137,1
"3824","PmetTSAr1.1-003785",65.9575627863551,73.0310552725962,57.8766222361444,59.599455549537,67.2138378534382,72.9105723183565,75.4544571642179,75.4652321843887,0.182456316571198,6.09811153417584,0.62143640889232,1
"3825","PmetTSAr1.1-003786",40.1050756683222,36.2924185061374,31.728115621285,25.2059891973164,34.5900032290175,25.4155116379226,23.76155357518,30.5144487227198,-0.22244747792931,4.95443055422785,0.464227518840601,1
"3826","PmetTSAr1.1-003787",36.8229338255111,29.0636826889313,77.0742600040158,71.5670050423805,55.8901631121493,57.3333232499523,33.1069264980462,42.3748884396211,-0.185128449075555,5.65702581050934,0.633539060365411,1
"3827","PmetTSAr1.1-003788",70.5435691968583,51.3745957049994,80.2896279060238,56.8193832115977,72.2020804243597,63.0723097488381,46.5173271048497,53.7258104598536,-0.137158839355773,5.9511488297035,0.703292369442289,1
"3828","PmetTSAr1.1-003789",21.2664807075296,20.4665442067398,26.7159244799196,15.9126045247764,23.5940232551614,22.8711333871851,19.7384333931389,21.6545021084236,0.0594782056109161,4.43183560843223,0.841644908494526,1
"3829","PmetTSAr1.1-003790",77.2876962711277,65.861815223433,82.6538690104415,73.3144790833709,86.0744922456815,73.419447968504,68.078736830476,68.6150498180638,-0.0141836948513794,6.21859511982603,0.970034924854093,1
"3830","PmetTSAr1.1-003791",13.4432933013771,13.5650351137694,15.0365734240963,15.8066970071406,13.2170222864562,17.3583138439205,19.4031733779688,16.3045662934013,0.196822222830652,3.961971990286,0.495329201542444,1
"3831","PmetTSAr1.1-003792",63.0800685680001,69.7587880302395,62.5578196228913,59.7847937053996,61.9707215745135,64.9099162632596,68.6444881060755,65.727782870274,0.0339445148859531,6.01384336820363,0.922529231245578,1
"3832","PmetTSAr1.1-003793",56.3809023408925,49.5599747796925,53.1954248493974,48.1614436448724,45.4767516137293,49.8415428450029,57.476138850722,50.7253173572485,-0.0262482817313272,5.68406233394714,0.933678121826522,1
"3833","PmetTSAr1.1-003794",31.8772406377135,23.0248622325823,35.8418951429718,34.4728969904474,34.662824288447,31.6916446564085,26.7788937117108,26.3250809945542,-0.0678686540226276,4.93738428653422,0.821461922099448,1
"3834","PmetTSAr1.1-003795",17.7145737817477,18.5329317453472,19.6704859887549,25.1795123179075,14.7098540047611,24.058509904196,15.6314982073054,20.2674817119363,-0.119702055802864,4.28793218966404,0.693512613795368,1
"3835","PmetTSAr1.1-003796",107.366503022369,107.627844389512,95.9409040172687,95.8992572192017,107.010546831666,90.6364074651613,103.616298438505,100.233453550233,-0.0190598785026512,6.65967122529533,0.96071896950711,1
"3836","PmetTSAr1.1-003797",49.9515011967556,54.7956023674632,35.0380531674697,57.3489207997766,56.0358052310084,61.4043284511323,65.4804717129078,57.5471931848695,0.286339729502791,5.77532718124114,0.388233227202409,1
"3837","PmetTSAr1.1-003798",12.4091938166558,9.60856653891998,13.1451805405622,12.0999338898882,12.9985591081676,15.5489781989516,11.0007192477685,10.954630478379,0.0961990461413476,3.61820367589068,0.745272065758566,1
"3838","PmetTSAr1.1-003799",6.42940114413686,6.87176120894897,6.00517240522086,6.11615914346648,7.28210594295105,6.33267475739118,6.57947779771298,7.33139352428982,0.113541362338687,2.74004876228325,0.686310663778035,1
"3839","PmetTSAr1.1-003800",17.8944171703949,20.3178047866327,20.1906190317268,19.9635670743451,19.042707040817,23.1255712122589,26.2760036889557,22.1923263437962,0.210133595430944,4.40546183356802,0.458629562901895,1
"3840","PmetTSAr1.1-003801",31.1578670831248,32.7821681916094,26.9523485903613,44.3752498893932,34.7356453478765,35.9322750743044,36.8995554196578,38.2138272501593,0.107324318731611,5.13747332787329,0.722088572680951,1
"3841","PmetTSAr1.1-003802",143.155337363159,148.233706078756,131.357235761445,181.446054589506,171.093079129635,160.974330663328,170.794023978212,178.642565759819,0.17365267170752,7.32893141613043,0.668302368463163,1
"3842","PmetTSAr1.1-003803",66.5420537994584,57.6216513494985,12.6723323196787,40.4037179780513,47.9526676343327,61.7718497540167,95.9891330933858,56.6413839463473,0.565743377691699,5.78205512093382,0.210696695453422,1
"3843","PmetTSAr1.1-003804",94.0580922624777,98.0490257346138,99.1562719192767,71.3816668865179,100.529472542439,76.2748057832206,80.0642823728066,94.0909346515034,-0.0472232964644654,6.47989343773788,0.903232252351376,1
"3844","PmetTSAr1.1-003805",62.9002251793529,60.5666918676195,83.9778440289153,77.0477190800323,68.4882063934547,79.1584344673898,69.9226669139115,67.3412555763919,0.00216830385672739,6.15453242132978,0.99580916742802,1
"3845","PmetTSAr1.1-003806",97.969685965554,107.657592273534,91.0705673421683,101.327017498036,110.578778743712,111.556850860114,118.200109098404,109.206626319344,0.175558165415992,6.7280739230977,0.649183507081905,1
"3846","PmetTSAr1.1-003807",69.3745871706516,46.7041779136358,85.9638065566262,49.4588107359108,70.3087328791924,47.1558102470022,30.5715226333224,34.3075249090319,-0.463902295642537,5.76214268519461,0.221275955692316,1
"3847","PmetTSAr1.1-003808",70.9482168213144,45.5142625527789,85.7273824461844,48.3203049213261,70.7456592357695,48.9086041530658,32.4154527167579,37.0815657020065,-0.405263440658457,5.78135454190007,0.282590664991496,1
"3848","PmetTSAr1.1-003809",46.5794376596209,12.8510858972552,78.3982350224897,36.9352467754794,66.0122903728513,34.320835515504,19.424127128917,17.9746520769268,-0.343442821395612,5.28891088028775,0.491541690880769,1
"3849","PmetTSAr1.1-003810",31.4725930132574,31.4435134106453,26.0539369706826,26.5827869265816,31.6043397924076,31.8329990036717,33.1697877508906,31.5334841160574,0.149194979984338,4.93192617248801,0.601289295086045,1
"3850","PmetTSAr1.1-003811",2.51780744106059,2.14184764954254,1.56039912891566,2.85950297616615,3.0948950257542,2.51610738128489,1.65534632490231,2.12299040278663,0.0304394514504181,1.24494198212514,0.90537845900352,1
"3851","PmetTSAr1.1-003812",93.0239927777564,79.4565982212238,63.9290794634536,52.291836832668,61.9343110447987,72.5995927543775,96.5339306180372,84.2685657212773,0.127522012050025,6.2397013535723,0.747155506300596,1
"3852","PmetTSAr1.1-003813",67.1715056597236,63.3332450816119,63.3616615983933,59.7053630671728,65.6481850757038,80.8829575040008,85.575118872165,66.5769790313887,0.236331971238108,6.11055120449555,0.524555950413461,1
"3853","PmetTSAr1.1-003814",17.4897695459387,15.2309166189691,25.7229432160642,13.7944541720608,20.7904124671253,14.4746851597513,14.290458146625,15.1156916678408,-0.158711868908734,4.10123896752395,0.613813134208066,1
"3854","PmetTSAr1.1-003815",40.0151539739986,44.7705654522433,40.0029594867468,31.1897639437382,38.0125930222045,55.0433828242885,57.2456475902925,44.299733071481,0.319539001649325,5.45579696870351,0.308913622540606,1
"3855","PmetTSAr1.1-003816",42.7128048037064,46.1687160012502,15.131143068273,28.6744603998883,35.3182138233126,46.1380589467072,71.8713657520876,43.9883611457389,0.572355856116176,5.36903969771573,0.136285160254904,1
"3856","PmetTSAr1.1-003817",48.108106463122,45.663001972886,97.3594486799193,80.5161902826042,53.705531329264,60.4431188897426,62.5888540820658,53.3861319954078,-0.239154887355706,5.97219800850353,0.529257693348102,1
"3857","PmetTSAr1.1-003818",45.0957297032816,48.9055213312212,41.090510394779,61.082160796438,49.4819098823524,60.6410149759111,67.764430566254,57.3490474139428,0.261755970761165,5.75480971993384,0.426510887423082,1
"3858","PmetTSAr1.1-003819",33.765596218509,40.8735926454367,32.6265272409637,23.0084082063739,31.4951082032633,34.0381268209776,61.8973803007775,56.839529717274,0.500733299588296,5.29972831352264,0.144384421525869,1
"3859","PmetTSAr1.1-003820",47.7034588386658,50.4821591843567,47.7576703092368,57.6931202320929,55.05272092871,85.1518587913493,64.2861079088644,58.1982435750574,0.367235625204939,5.86689093421615,0.283695378618332,1
"3860","PmetTSAr1.1-003821",31.2477887774484,49.9169493879496,46.3864104686745,20.3871971448883,14.6006224156169,11.4779729977715,71.0960769670068,74.6443425619779,0.216325796234444,5.323386858081,0.68357589731027,1
"3861","PmetTSAr1.1-003822",12.2743112751704,13.4162956936623,12.9087564301204,8.97566211963263,12.3067590435873,10.9408264781714,13.0960943425816,11.4075350976402,0.00656385484113887,3.58196885725927,0.986510397818246,1
"3862","PmetTSAr1.1-003823",53.6832515111847,34.9835116091947,60.4300026289154,65.477322778323,52.6132154378214,65.0512706105228,53.8092324347991,52.084031215032,0.0592709131536837,5.77682360707404,0.862490774520949,1
"3863","PmetTSAr1.1-003824",50.5809530570208,48.3700594188356,37.0240156951806,30.7131801143771,41.508003874821,29.45824596965,30.8858288975444,35.2133341475542,-0.282333208224445,5.24880975641306,0.36903827879575,1
"3864","PmetTSAr1.1-003825",25.7176045765474,24.9584746939748,9.504249239759,13.9533154485144,17.8775700899448,14.5594977681092,34.8041803248448,24.5700755949172,0.3088671247254,4.37955453452224,0.417868052690187,1
"3865","PmetTSAr1.1-003826",39.4306629608953,37.2146029108015,14.8947189578313,21.022642250703,27.0894341077779,21.7968403479848,48.3193496863889,37.0815657020065,0.25482043715299,4.95076311270116,0.497885290041897,1
"3866","PmetTSAr1.1-003827",22.9749928996779,20.7937709309754,21.278169939759,18.8780150185784,23.3027390174434,18.4608777525734,18.3554858305623,21.2299040278663,-0.0449541099665879,4.37271033223779,0.874856056662721,1
"3867","PmetTSAr1.1-003828",94.3278573454485,96.8591103737569,85.6800976240961,78.0538404975722,92.4827454754784,76.2182640443153,87.6076327141336,87.637043827032,-0.045307201809288,6.44985926389559,0.905520001450176,1
"3868","PmetTSAr1.1-003829",50.4910313626972,50.8093859085924,48.987075683534,55.0983860500162,51.630131135523,54.0821732628988,61.813565296985,61.2553497550702,0.155616507806041,5.76384891350234,0.626395698372551,1
"3869","PmetTSAr1.1-003830",66.9467014239146,69.4613091900253,60.5245722730921,60.4202388112143,65.1020271299824,56.3155719496573,65.5642867167003,68.8698086663982,-0.00844841524360365,6.0047729405988,0.980949980623479,1
"3870","PmetTSAr1.1-003831",42.1732746377649,41.2305672536938,40.9959407506023,38.4179520223804,40.9254353993849,44.583161126812,49.6394359961212,44.6960246133345,0.143709878602669,5.42278408473334,0.628137672793195,1
"3871","PmetTSAr1.1-003832",31.8322797905517,32.3656978153094,42.1780613028111,38.2326138665177,37.939771962775,34.3773772544093,31.9963776977953,33.0620372060638,-0.0740818328501059,5.14186214259244,0.802286223924177,1
"3872","PmetTSAr1.1-003833",39.0260153364391,40.4273743851153,33.7140781489959,33.7580212464059,37.6120771953422,39.8619259282213,45.1553332932212,43.818521913516,0.180087577049479,5.29412828902754,0.543431872090284,1
"3873","PmetTSAr1.1-003834",29.0896681136822,35.3107383334304,29.7894379156625,38.576813298834,28.2545710586501,29.4865168391027,34.9089490795854,27.3441163878918,-0.146225527499159,4.98460816062342,0.616695619978236,1
"3874","PmetTSAr1.1-003835",19.6029293625432,15.7366306473333,14.8947189578313,15.6743126100959,18.1688543276629,16.2840208047202,13.8713831276624,17.2386820706274,-0.00776956562836866,4.04370776330095,0.980478169446052,1
"3875","PmetTSAr1.1-003836",15.2417271878489,15.6771348792905,15.3202823566264,16.4686189923643,18.3873175059514,14.9270190709935,16.9096770151413,17.8614259221115,0.118177290145931,4.03668064704579,0.675167458216268,1
"3876","PmetTSAr1.1-003837",147.066931066235,160.995548323947,170.603638094778,154.492591351199,166.833047153009,134.060462944415,157.467438375201,149.939735514144,-0.0577838907995928,7.27837805959411,0.885903006675583,1
"3877","PmetTSAr1.1-003838",9.08209112668284,12.9998253173623,7.66014117831322,6.43388169637383,9.17545348811833,7.91584344673898,5.74132775978776,7.72768506614333,-0.245612268975421,3.07031169230401,0.44637410279011,1
"3878","PmetTSAr1.1-003839",8.94720858519745,13.118816853448,7.80199564457828,7.12228056100642,8.22877971553469,6.75673779918077,5.82514276358028,7.86921775966244,-0.369394954196496,3.04730907745077,0.236600730985287,1
"3879","PmetTSAr1.1-003840",6.29451860265147,6.18755987645621,6.14702687148592,4.395161981885,5.35234786806902,4.89086041530658,6.70520030340176,5.74622735687581,-0.0166523089069301,2.52972752464071,0.955545606277252,1
"3880","PmetTSAr1.1-003841",5.57514504806273,5.86033315222055,6.99815366907628,4.47459262011184,4.62413727377392,5.28665258764353,7.10332157141624,5.68961427946816,-0.00716201743796489,2.52657578597459,0.978230772449625,1
"3881","PmetTSAr1.1-003842",4.18135878604705,5.11663605168494,6.71444473654616,3.4684712025719,4.26003197662637,3.81656737610629,5.95086526926906,4.58565927001912,-0.0588950931396777,2.26904190732969,0.844873743501867,1
"3882","PmetTSAr1.1-003843",4.04647624456166,5.74134161613485,6.61987509236945,4.60697701715657,3.49541085261651,4.3254430262538,6.30707903538728,4.6988854248344,-0.153411566026723,2.33411941617379,0.613319184005067,1
"3883","PmetTSAr1.1-003844",47.5685762971804,56.9969457850486,68.4211375618471,45.0106949952079,44.6757199600047,55.1564663020991,87.9638464802518,65.10503901879,0.21465178901764,5.88089631358284,0.554796717141296,1
"3884","PmetTSAr1.1-003845",35.6089909521426,16.0341094875476,16.3605484425702,69.1046552573485,47.2608675697523,62.5634340986905,12.0693605461232,22.6735375017612,0.0756346390405189,5.1405882796164,0.883881190666481,1
"3885","PmetTSAr1.1-003846",92.889110236271,92.6349108427146,68.5629920281122,90.9480807697288,93.8299350749243,100.305044817964,103.532483434713,90.665843468341,0.170487984369529,6.5194370944367,0.657801790551278,1
"3886","PmetTSAr1.1-003847",53.5034081225375,55.2120727437631,67.0971625433732,70.2961148307511,55.198363047569,79.7238518564426,75.5801796699067,64.9635063252708,0.162625330059377,6.02819439885853,0.653887084233801,1
"3887","PmetTSAr1.1-003848",52.6491520264634,52.6835026019421,62.652389267068,71.5140512835626,52.3947522595328,74.12621970482,72.9819145523385,62.3593047645192,0.128809929627733,5.97124048449285,0.715990009146334,1
"3888","PmetTSAr1.1-003849",17.8044954760713,15.8258742993976,19.3867770562248,14.7476218307828,20.1350229322597,15.5489781989516,14.4371344032619,14.4363347389491,-0.069724577274794,4.05267012383079,0.812051768749252,1
"3889","PmetTSAr1.1-003851",33.7206353713472,32.2169583952023,49.8382024811243,33.202006778818,34.2987189912995,40.6817811423478,35.6632841137181,32.1279214288376,-0.0608189245478874,5.19081679835353,0.842141611369592,1
"3890","PmetTSAr1.1-003852",10.7906033188311,8.59713848219156,10.4499456815261,7.89011006386585,8.3016007749642,6.78500866863341,6.68424655245363,9.45438392707645,-0.271541493240406,3.11632748849747,0.357351687129172,1
"3891","PmetTSAr1.1-003853",67.0366231182382,60.8641707078337,83.4577109859435,71.0904212130195,64.6286902436906,86.1413392221916,84.0245413020033,75.0406341038314,0.133661872172913,6.21136587155199,0.723750109159519,1
"3892","PmetTSAr1.1-003854",25.2679961049295,26.654104083196,49.3653542602408,26.1326799766295,33.9346136941519,28.3556820609971,28.7904538027313,25.3343521399204,-0.129663813069992,4.93221628382544,0.686470054567984,1
"3893","PmetTSAr1.1-003855",15.4215705764961,17.6702431087259,14.0435921602409,14.4298992778755,13.7995907618922,12.4674534286139,20.3460921706347,21.8243413406465,0.152991833843346,4.02833557601851,0.619222436810452,1
"3894","PmetTSAr1.1-003857",61.5963606116608,61.3401368521765,65.4421937702809,74.7177536920451,72.2020804243597,77.8297036031157,71.7456432463988,67.0864967280575,0.134725627849857,6.10976162839208,0.715085377722191,1
"3895","PmetTSAr1.1-003858",23.9641315372374,21.7159553356396,20.2379038538152,15.7007894895049,21.5914441208499,15.124915157162,20.9747046990786,20.7203863311975,-0.0572007576118516,4.32633553425411,0.84686695129305,1
"3896","PmetTSAr1.1-003859",41.5438227774997,24.9287268099534,85.3491038694776,49.7235795300002,47.8434360451884,46.9861850302864,22.797681031566,29.0425087101211,-0.458380329067394,5.44522799255509,0.252324250803298,1
"3897","PmetTSAr1.1-003860",29.5842374324619,32.7524203075879,18.6775047248995,30.2101194056072,26.4704551026271,32.0874368287455,34.8251340757929,35.8360779990383,0.215841764458085,4.91291375987475,0.480397144188386,1
"3898","PmetTSAr1.1-003861",54.5824684544206,39.207711140237,59.0114579662648,40.9862093250481,57.6014580087428,39.6074881031475,35.3489778494962,35.4963995345924,-0.2054277961696,5.50078917671762,0.530097754673631,1
"3899","PmetTSAr1.1-003862",25.9873696595182,25.6129281424461,21.9401574489959,18.9309687773962,24.9776233843221,21.5141316534584,24.0339523375057,22.4187786534268,0.00760947982319473,4.53833112351889,0.980536242614125,1
"3900","PmetTSAr1.1-003863",51.3452874587713,58.1868611459055,36.3620281859436,43.8457123012142,47.6977939263294,42.9999924374642,53.4530186686809,49.536442731688,0.0295687560812123,5.58476084300293,0.926534750209954,1
"3901","PmetTSAr1.1-003864",83.0426847078376,83.264327375966,85.9638065566262,69.6871466043453,87.2760397262684,73.9000527491989,76.6907284701576,75.408619106981,-0.0394052960225766,6.31219561016873,0.916616793753409,1
"3902","PmetTSAr1.1-003865",103.724674402264,105.515744623991,121.190999012449,135.429238176758,117.569600448945,138.923052490269,146.655302885965,107.536540535819,0.132531648191209,6.93232093277296,0.740064059363768,1
"3903","PmetTSAr1.1-003866",22.5253844280599,26.5648604311317,22.1765815594377,28.5420760028436,26.3612235134828,28.129515105376,34.5946428153635,34.4207510638472,0.306905514593257,4.8065530652508,0.292403839455511,1
"3904","PmetTSAr1.1-003867",75.893910009112,101.827007005335,34.6597745907629,56.686998814553,64.3738165356873,62.139371056901,79.0375485763483,70.8795729143696,0.0387998741361426,6.09288564538779,0.926068490305816,1
"3905","PmetTSAr1.1-003868",57.5498843670992,64.0769421821475,58.0657615244978,36.3527554284826,57.7835106573166,44.4983485184541,48.7593784562997,47.951276564274,-0.118497487318938,5.69864189799749,0.722183763033783,1
"3906","PmetTSAr1.1-003869",58.9886314762767,49.4707311276283,122.751398141365,49.6706257711823,57.8563317167461,51.3116280565402,45.9096683273539,48.6872465705734,-0.46270449924346,5.92179688621005,0.238292504404735,1
"3907","PmetTSAr1.1-003870",30.3036109870507,28.6472123126314,34.4233504803212,31.6928246525081,30.9853607872567,37.0913807218626,30.9486901503888,31.4768710386497,0.0615557377957243,5.00032080448807,0.831005868081571,1
"3908","PmetTSAr1.1-003871",29.2245506551675,34.507545464852,65.7731875248994,21.5257029594729,27.5627709940697,29.9105798808923,38.7225317521452,23.9190252047294,-0.32929690357995,5.08499987991715,0.366256066188308,1
"3909","PmetTSAr1.1-003872",23.5145230656194,26.9813308074317,50.9730382112448,21.2609341653835,24.103770671168,30.165017705966,30.9486901503888,21.7394217245351,-0.197219324805669,4.84613393781528,0.560553551333115,1
"3910","PmetTSAr1.1-003874",73.0164157907571,65.8320673394115,80.3841975502005,103.97470543893,77.5908388221435,90.4385113789928,84.4855238228622,86.9576868981403,0.0707727052118813,6.37330088925712,0.854481090018048,1
"3911","PmetTSAr1.1-003875",93.2487970135654,74.6374410097531,73.8116072799194,77.4978260299844,86.4021870131143,57.1354271637838,58.8381326623505,69.860537521032,-0.229647881881109,6.2091367163007,0.547383073812173,1
"3912","PmetTSAr1.1-003876",23.4246013712958,25.2857014182105,24.493537841767,20.3342433860704,25.8514760974762,21.231422958932,22.8186347825141,26.6081463815924,0.045179355674997,4.5738449623059,0.874381322357661,1
"3913","PmetTSAr1.1-003877",113.795904166506,70.4429893627323,145.495397565863,115.968731811183,106.3551572968,77.5469949085893,66.9891417811732,91.3168938585289,-0.38117536730173,6.62259880943134,0.356028435815142,1
"3914","PmetTSAr1.1-003878",19.198281738087,18.9196542376257,41.3269345052207,45.3019406687063,26.1063498054795,49.4174798032133,59.6134214474313,44.0732807618504,0.522797879145748,5.25055737775244,0.174863751424346,1
"3915","PmetTSAr1.1-003879",25.4478394935767,12.345371868891,52.7225766285139,39.9271341486903,33.6069189267191,35.8474624659465,4.29551894436675,13.0776208811656,-0.587462797249064,4.7654687588231,0.277604561865707,1
"3916","PmetTSAr1.1-003880",50.5809530570208,56.253248684513,110.26820511004,52.0535449179874,61.2425109802184,49.5022924115712,63.5317728747317,56.528157791532,-0.221431944160933,5.96684744869809,0.563418146961133,1
"3917","PmetTSAr1.1-003881",12.6789588996265,6.81226544090612,2.60066521485943,26.1856337354474,12.7800959298791,29.5996003169132,2.45158886093127,7.69937852743951,0.120056465176444,3.66366698380175,0.851003816925159,1
"3918","PmetTSAr1.1-003882",45.230612244767,34.6860327689805,40.7122318180721,36.5116167049363,46.3506043268835,43.4523263487064,34.5946428153635,42.3182753622135,0.0854478744182488,5.34125518692402,0.777537442979893,1
"3919","PmetTSAr1.1-003884",17.8944171703949,17.4025121525331,28.3708932530119,18.2160930333547,19.2975807488203,21.1183394811215,19.7174796421908,16.8423905287739,-0.0880399892824859,4.31564591951093,0.76741490355876,1
"3920","PmetTSAr1.1-003885",116.853241773508,107.56834862147,128.094583037349,110.143818341215,123.395285203306,116.815232578305,108.351846152783,121.54827719421,0.0230737320904671,6.86610448746776,0.953097274495184,1
"3921","PmetTSAr1.1-003886",10.0262689170806,4.64066990734216,2.78980450321284,4.7393614142013,5.02465310063623,3.25114998705351,4.06502768393732,3.79307618631211,-0.459089760234829,2.27571212754876,0.209759831235249,1
"3922","PmetTSAr1.1-003887",73.6009068038604,68.4796290173183,64.7802062610439,66.9600280252239,70.4907855277662,87.2721740002972,94.4385555232242,74.2480510201244,0.253700744328267,6.23074145859311,0.498988373878578,1
"3923","PmetTSAr1.1-003888",41.4988619303379,39.9514082407726,54.9449632666665,51.4975304503996,50.6106363035098,49.4174798032133,61.6668890403481,50.4705585089141,0.175447434748063,5.64591412960825,0.582708018756666,1
"3924","PmetTSAr1.1-003889",36.9578163669965,17.6107473406831,29.0328807622489,38.8415820929235,37.2479718981946,36.8934846356942,15.1076544336021,22.1074067276848,-0.137395604958205,4.87175178452613,0.709739635837938,1
"3925","PmetTSAr1.1-003890",12.1843895808468,13.9815054900693,16.3132636204819,14.1916073631949,14.9283171830497,15.5772490684042,18.2088095739254,13.9834301196879,0.146410345879997,3.90545773598269,0.610194516578106,1
"3926","PmetTSAr1.1-003891",30.438493528536,23.9767945212678,41.232364861044,22.8760238093292,34.6264137587323,23.0124877344483,25.2702236434454,26.7496790751115,-0.11147867973886,4.83657454020678,0.72238672660591,1
"3927","PmetTSAr1.1-003892",8.22783503060871,6.63377813677757,10.9227939024096,15.6743126100959,8.48365342353798,9.92307517787636,5.13366898229197,5.77453389557963,-0.502464386939576,3.15449378023501,0.151998164014697,1
"3928","PmetTSAr1.1-003893",120.674913782261,95.7286907809427,120.860005257831,104.663104303563,111.270578808292,110.369474343103,105.334506016252,125.284740303115,0.0334058591213282,6.80518512822794,0.932234756403053,1
"3929","PmetTSAr1.1-003894",23.2897188298104,25.1667098821248,23.027708357028,25.2059891973164,21.5550335911351,24.3977603376276,21.51950222373,22.1074067276848,-0.110483489723012,4.54506436153588,0.69194569740611,1
"3930","PmetTSAr1.1-003895",32.2369274150079,38.5532576917656,25.8647976823292,27.2976626706231,31.9320345598404,27.0834929356284,31.5563489278845,32.1279214288376,-0.0149381836849155,4.94927388018437,0.960750748396569,1
"3931","PmetTSAr1.1-003896",37.4074248386145,45.5440104368003,46.0081318919677,38.5503364194251,47.8434360451884,47.0709976386443,43.5418944702152,47.4417588676052,0.15022543559123,5.4672152483652,0.616470909950429,1
"3932","PmetTSAr1.1-003897",53.6382906640229,28.0225067481815,36.9767308730922,50.2266402387702,33.6797399861486,37.7416107192733,30.6972451390112,40.95956150443,-0.23898056627856,5.28724078480054,0.45822529361415,1
"3933","PmetTSAr1.1-003898",4.31624132753244,3.4507545464852,4.96490631927709,5.32185276119811,6.15337952179364,3.95792172336949,3.49927640833779,3.87799580242358,-0.0500040479577914,2.16965083116804,0.883969258160598,1
"3934","PmetTSAr1.1-003899",5.21545827076836,3.68873761865659,5.24861525180721,5.87786722878597,5.35234786806902,3.76002563720101,3.18497014411584,3.48170426057007,-0.347776220213499,2.17946301513539,0.251930137098578,1
"3935","PmetTSAr1.1-003900",6.42940114413686,4.04571222691368,6.00517240522086,6.03672850523964,6.29902164065266,4.29717215680116,3.93930517824853,5.37824235372613,-0.177963658899978,2.42154227570179,0.557734241058793,1
"3936","PmetTSAr1.1-003901",3.91159370307627,3.65898973463516,5.24861525180721,5.11003772592654,4.87901098177721,3.95792172336949,3.10115514032331,3.67985003149682,-0.202541988505498,2.0872273016072,0.491469373473267,1
"3937","PmetTSAr1.1-003902",4.27128048037064,3.00453628616383,4.72848220883532,5.05708396710865,4.69695833320343,4.04273433172741,3.03829388747892,4.5573527313153,-0.0647828931883589,2.08117503131438,0.82906867787457,1
"3938","PmetTSAr1.1-003903",4.04647624456166,3.2127714743138,4.87033667510038,4.395161981885,4.4784951549149,3.95792172336949,3.03829388747892,4.01952849594268,-0.0934227346548303,2.02079924748839,0.752305484485329,1
"3939","PmetTSAr1.1-003904",5.08057572928297,4.28369529908507,5.76874829477909,6.3014972993291,5.75286369493133,3.76002563720101,4.86127021996628,5.40654889242995,-0.117112520889783,2.38152693537689,0.689710216163938,1
"3940","PmetTSAr1.1-003905",4.8108106463122,3.06403205420668,4.25563398795179,4.52754637892973,4.73336886291819,3.50558781212726,2.82875637799762,3.34017156705096,-0.211705436513483,1.97705831707134,0.467854167524311,1
"3941","PmetTSAr1.1-003906",23.7842881485902,27.0705744594959,31.6808307991967,26.1062030972206,27.4899499346402,18.8566699249103,16.5744169999712,21.7960348019427,-0.359429987625864,4.59829921072831,0.227074743563142,1
"3942","PmetTSAr1.1-003907",9.35185620965362,8.74587790229868,5.10676078554215,11.0143818341215,7.71903229952812,7.52005127440203,3.7088139178191,9.62422315929938,-0.264179889744353,2.98375353040794,0.458585085053166,1
"3943","PmetTSAr1.1-003908",62.2707733190878,62.6787916331406,62.0376865799194,37.4912612430673,65.611774545989,43.7633059126855,48.2564884335445,49.8761211961339,-0.113304785429762,5.75626531189293,0.740053692009881,1
"3944","PmetTSAr1.1-003909",9.486738751139,9.93579326315565,8.0857045771084,8.02249446091058,9.17545348811833,10.7994721309082,11.713146780005,9.31285123355734,0.2072661152699,3.26784787051964,0.470686155346572,1
"3945","PmetTSAr1.1-003910",38.0368766988796,36.6493931143945,40.5230925297187,43.1308365571727,42.7095513554079,37.5719855025575,31.6820714335733,42.8277930588823,-0.0329882709054686,5.29281551076608,0.913067466629912,1
"3946","PmetTSAr1.1-003911",7.55342232318177,9.19209616262005,9.74067335020077,11.7557344575719,7.28210594295105,9.61209561389733,8.04624036408211,8.12397660799683,-0.21104682771074,3.16616095295254,0.47372108539563,1
"3947","PmetTSAr1.1-003912",70.9931776684762,82.282647203259,74.3790251449796,78.0273636181633,62.3712374013758,66.0124801719125,93.9775730023653,65.8410090250893,-0.0848805706994417,6.21530065790255,0.823075918211804,1
"3948","PmetTSAr1.1-003913",13.3084107598917,14.6954547065835,10.5445153257028,9.50519970781154,11.1416220927151,12.9197873398561,15.421960697824,11.3792285589363,0.0828686592852268,3.63564291139329,0.784499472372481,1
"3949","PmetTSAr1.1-003914",16.995200227159,18.0569656010044,13.0506108963855,11.4909656634825,15.2924224801972,12.9763290787614,15.8200819658385,11.3226154815287,-0.104677916166939,3.85153811852652,0.727632838444414,1
"3950","PmetTSAr1.1-003915",17.9393780175567,14.2492364462621,16.9279663076305,24.3587290562301,18.5693701545252,20.6377347004266,17.014445769882,18.257717463965,0.0187733578214104,4.21396108795217,0.950020748258998,1
"3951","PmetTSAr1.1-003916",11.7347811092288,10.1142805672842,8.88954655261041,7.96954070209269,11.8698326870102,8.42471909688648,6.36994028823167,7.86921775966244,-0.16586863629707,3.20293963620445,0.595136190395394,1
"3952","PmetTSAr1.1-003917",34.3051263844505,38.0772915474228,25.297379817269,31.4810096172366,33.8982031644372,35.734378988136,36.2709428912139,34.5905902960701,0.12101946845827,5.0777780956116,0.680699048857981,1
"3953","PmetTSAr1.1-003918",116.628437537699,134.281948472708,98.3051451216864,116.207023725863,118.771147929532,121.90398907978,127.314990760841,120.784000649207,0.0705788797934926,6.89892993581029,0.857771685443445,1
"3954","PmetTSAr1.1-003919",67.8009575199887,76.9280280794027,43.0764729224898,84.4612453145371,64.2281744168283,111.18932955723,118.556322864522,87.1275261303633,0.484995956803525,6.35311421764477,0.239510631376606,1
"3955","PmetTSAr1.1-003920",124.361703249528,59.7040032309982,133.53233757751,133.443472221087,102.095125320174,60.1604101952162,44.8200732780511,61.0572039841434,-0.750402708160418,6.49089910822618,0.0881380822941625,1
"3956","PmetTSAr1.1-003921",24.6835050918261,25.880659098639,31.58626115502,26.5827869265816,29.9294554255288,29.5147877085553,29.8800488520341,22.2772459599077,0.0377995150581697,4.78671160835749,0.89747471329602,1
"3957","PmetTSAr1.1-003922",18.5688298778218,14.5467152864764,17.9209475714859,13.0531015486103,16.3847383716399,13.1176834260246,13.3056318520629,12.1435051039395,-0.221033140661642,3.90039339685967,0.448321973374104,1
"3958","PmetTSAr1.1-003923",25.5377611879003,22.9653664645394,30.3568557807228,37.147061810751,28.5458552963681,37.7981524581786,29.2933438254864,29.3255740971593,0.10703286439955,4.91579540435532,0.723752181682161,1
"3959","PmetTSAr1.1-003925",45.7701424107086,39.2672069082798,609.548641540962,187.244491180065,127.327622412499,132.08150208273,23.1119872957879,42.6296472879555,-1.43937218720311,7.23733391893667,0.0604011366006304,1
"3960","PmetTSAr1.1-003926",110.468801476533,75.4406338783315,103.742899661847,84.514199073355,97.8350933435474,90.3536987706349,85.7846563816463,93.4398842613155,-0.0261690348898444,6.53532150479511,0.946277307634398,1
"3961","PmetTSAr1.1-003927",28.010607781799,32.7821681916094,26.9523485903613,27.7742464999841,28.4002131775091,28.7514742333341,31.5773026788327,32.552519509395,0.0700995429256333,4.89065977903283,0.806091115719671,1
"3962","PmetTSAr1.1-003928",29.134628960844,33.4366216400807,18.7720743690762,17.8189398422205,27.5627709940697,23.6909886013117,30.3200776219448,26.7779856138153,0.127843678521639,4.70062468751618,0.683257437562343,1
"3963","PmetTSAr1.1-003929",27.8757252403137,30.0453628616383,32.9102361734938,29.2039979880672,30.0022764849583,45.7705376438229,45.3439170517544,34.5905902960701,0.375764710380856,5.11002803210434,0.211829595765012,1
"3964","PmetTSAr1.1-003930",20.4571854586173,37.0658634906944,74.6154492554214,36.2203710314379,29.0556027123747,41.9539702677166,44.1705069986591,41.2426268914682,-0.105494595275776,5.34534994482546,0.782012508726595,1
"3965","PmetTSAr1.1-003931",135.107345721198,54.8848460195275,82.8430082987949,58.9904873231312,107.847989015105,45.4030163409386,41.5722418810909,54.1504085404109,-0.414425535549014,6.18267127791798,0.364141285861297,1
"3966","PmetTSAr1.1-003932",31.1578670831248,31.6517485987952,35.3690469220882,21.1550266477477,35.6094980610307,21.4575899145532,27.8894425119617,25.1928194464013,-0.115205494190924,4.84492740189025,0.709500691786533,1
"3967","PmetTSAr1.1-003934",65.9575627863551,84.6029821569301,56.6945016839355,60.8438688817575,55.4532367555723,65.1360832188807,67.6596618115134,67.7092405795415,-0.0668983558699768,6.03500008808979,0.854821037600452,1
"3968","PmetTSAr1.1-003935",75.5791840789795,65.9213109914758,84.7816860044174,92.1395403431314,76.0615965741238,72.4582384071143,61.7926115460369,70.7097336821466,-0.180309513807798,6.22860040961045,0.632295466782387,1
"3969","PmetTSAr1.1-003936",40.2849190569694,40.6058616892439,45.6771381373492,54.7541866176999,56.2178578795821,40.6817811423478,26.4017261946444,32.7506652803217,-0.217205772860001,5.40012402893592,0.512627402547387,1
"3970","PmetTSAr1.1-003937",21.4463240961768,21.2994849593397,26.243076259036,20.8108272154314,24.6499286168893,18.8566699249103,16.70013950566,18.0029586156306,-0.199556711936222,4.39610301121702,0.491230122650121,1
"3971","PmetTSAr1.1-003938",119.371049214569,103.760619466727,68.8467009606423,83.7728464499045,62.9173953470971,34.7166276878409,8.88439040200733,169.018342600519,-0.447596451978821,6.34807598815077,0.472230695803863,1
"3972","PmetTSAr1.1-003939",21.2215198603678,19.3658724979471,29.4111593389557,21.2344572859745,29.2376553609485,25.9526581575228,22.5671897711366,24.1171709756561,0.159608130820864,4.59669243004929,0.586389549473955,1
"3973","PmetTSAr1.1-003940",9.5316995983008,14.5467152864764,12.0576296325301,15.0123906248723,10.7411062658528,12.0151195173717,9.93207794941386,10.473419320414,-0.246951913010686,3.5671052347113,0.402351423734363,1
"3974","PmetTSAr1.1-003941",28.6400596420642,27.9927588641601,22.082011915261,23.9615758650959,23.0842758391548,25.7264912019017,26.820801213607,23.6359598176911,-0.0485692564212576,4.66136916776205,0.865081287096333,1
"3975","PmetTSAr1.1-003942",102.600653223219,119.110527621782,52.4861525180721,82.2636643235946,82.9795972199273,110.199849126388,186.656013445947,118.349638320679,0.48291792738142,6.74022525954311,0.272065677011883,1
"3976","PmetTSAr1.1-003943",28.3702945590934,26.1186421708104,29.5057289831324,35.2407264933069,30.6940765495387,38.3635698472314,24.9140098773272,34.0810725994013,0.102523148786223,4.95296857938488,0.730569109227324,1
"3977","PmetTSAr1.1-003944",16.9052785328354,7.4072231213346,9.22054030722888,8.12840197854636,9.06622189897406,7.83103083838106,6.83092280909054,7.07663467595543,-0.433641416360881,3.18663089864106,0.18906655360098,1
"3978","PmetTSAr1.1-003945",28.6400596420642,9.16234827859862,17.0225359518072,14.641714313147,18.7150122733842,11.9585777784664,13.5151693615442,10.2752735494873,-0.349907096125577,3.95755859882534,0.333790148516865,1
"3979","PmetTSAr1.1-003946",391.788822167892,83.3535710280303,293.922454101204,107.760899194409,158.4222147889,65.0795414799754,13.0960943425816,107.961138616376,-1.34755699302233,7.2544376266474,0.0407224989225567,1
"3980","PmetTSAr1.1-003947",26.4369781311362,19.0981415417543,22.3657208477911,55.5749698793772,43.6198145982768,36.8086720273362,6.20231028064663,26.1835483010351,-0.131348340931822,4.88735575695964,0.788085031651026,1
"3981","PmetTSAr1.1-003948",40.1949973626458,31.6517485987952,170.130789873895,96.746517360288,51.5937206058082,71.7514666707983,45.3439170517544,42.2899688235096,-0.682831856259101,6.10340706915618,0.178419388296492,1
"3982","PmetTSAr1.1-003949",62.5854992492203,65.1181181228973,55.3705266654616,50.0148252034986,62.2255952825168,51.481253273256,60.4725252363046,59.5286508941371,0.00385206743470395,5.86814655869242,0.991356508124046,1
"3983","PmetTSAr1.1-003950",32.1470057206843,18.2652007891544,18.6775047248995,21.2344572859745,20.3170755808334,21.4858607840058,22.797681031566,20.1542555571211,-0.0909557520911385,4.45566493129868,0.762384562167633,1
"3984","PmetTSAr1.1-003951",22.9300320525161,25.1667098821248,23.9261199767067,26.37097189131,26.0699392757648,26.0374707658807,30.6762913880631,25.5891109882548,0.139230324641049,4.69552084757522,0.621311284033978,1
"3985","PmetTSAr1.1-003952",37.9919158517178,28.6769601966528,47.2375372662649,29.7600124556551,36.8838666010471,28.7232033638814,25.8359749190449,30.004931026051,-0.241958524160604,5.05261800349089,0.433792041832379,1
"3986","PmetTSAr1.1-003953",58.3142187688497,71.3056779993536,51.0676078554215,50.8885622239938,45.5859832028736,59.5667219367108,63.1755591086135,59.6701835876562,-0.0224095525430113,5.84578162494139,0.947681166940508,1
"3987","PmetTSAr1.1-003954",70.7683734326673,62.8275310532477,108.613236336947,86.1557655967096,89.0601556822914,99.7396274289111,71.0960769670068,83.4476760988664,0.0644064143395728,6.39267928789839,0.870765070885219,1
"3988","PmetTSAr1.1-003955",47.208889519886,45.871237161036,86.2948003112447,37.7295531577478,61.3881530990774,42.6324711345799,42.221808160483,41.5539988172103,-0.20889861419659,5.66276413036111,0.560083973604839,1
"3989","PmetTSAr1.1-003956",53.3235647338903,69.2530740018753,56.5999320397588,55.7338311558309,53.268604972687,53.5450267432986,55.548393763494,56.5564643302358,-0.101801042191994,5.82758890102185,0.756227440212908,1
"3990","PmetTSAr1.1-003957",73.1962591794043,54.6171150633346,72.8659108381523,106.437055223962,93.7571140154948,82.1834174988222,46.7687721162273,74.785875255497,-0.0461482130202052,6.24099324116009,0.91076583777763,1
"3991","PmetTSAr1.1-003958",52.0197001661982,61.6376156923907,72.3457777951805,50.2266402387702,55.1255419881395,46.3642259023283,46.9154483728642,49.8195081187262,-0.2529715647774,5.76451722054667,0.438675081076141,1
"3992","PmetTSAr1.1-003959",20.0525378341611,22.4299045521538,20.2851886759035,27.0064169971247,21.3365704128466,25.38724076847,23.8453685789725,26.5232267654809,0.112385046705583,4.54999194485373,0.693798728325728,1
"3993","PmetTSAr1.1-003960",14.2975493974512,13.8625139539836,14.5637252032128,17.0246334599521,13.8724118213218,18.8566699249103,17.7059195511703,18.4275566961879,0.204772351446124,4.01284062522567,0.475746333966023,1
"3994","PmetTSAr1.1-003961",24.3238183145318,20.4070484386969,15.4621368228915,17.7130323245847,17.8047490305153,17.3865847133731,17.5592432945334,18.6257024671147,-0.126179036322436,4.226489155564,0.662351381115047,1
"3995","PmetTSAr1.1-003962",17.1750436158062,12.8510858972552,9.31510995140559,10.8290436782588,14.5278013561874,12.8915164704035,11.88077678759,11.5773743298631,0.0201702752126126,3.66558149270523,0.949242151105878,1
"3996","PmetTSAr1.1-003963",97.4301557996124,95.6394471288785,91.9216941397587,99.6060203364541,92.2278717674751,94.7922252746992,94.8576305421868,102.469670107835,-0.000950062672310694,6.58766952143632,0.99825252643075,1
"3997","PmetTSAr1.1-003964",4.09143709172346,4.72991355940643,4.49205809839356,4.34220822306711,4.00515826862308,3.95792172336949,5.13366898229197,5.37824235372613,0.0666030617566496,2.19557356257754,0.819094122028554,1
"3998","PmetTSAr1.1-003965",12.2293504280086,14.6062110545192,20.4270431421686,14.5887605543291,13.544717053889,14.0506221179617,10.9378579949241,13.2757666520924,-0.255309824218307,3.83413322415882,0.391126022876225,1
"3999","PmetTSAr1.1-003966",14.7471578690692,14.1897406782193,20.8998913630521,13.185485945655,14.2001065887546,13.9375386401511,11.5874242743162,15.0024655130255,-0.202548515217737,3.88474727054224,0.493740899917464,1
"4000","PmetTSAr1.1-003967",12.9487239825973,13.1783126214909,21.1363154734939,13.9797923279234,13.4718959944594,13.0328708176667,11.6502855271606,13.8702039648726,-0.234343606889854,3.82903397494472,0.432746534957894,1
"4001","PmetTSAr1.1-003968",12.3192721223322,14.3384800983264,20.5688976084337,13.185485945655,13.1442012270267,14.8987482015409,11.5874242743162,13.2191535746847,-0.192068295925272,3.82908088703129,0.521440584742142,1
"4002","PmetTSAr1.1-003969",81.6488984458219,76.5710534711456,88.6590414156623,63.6239412196968,103.223851741331,63.4398310517224,62.6517153349102,70.1152963693664,-0.0524002432277416,6.2535155684719,0.893359034995041,1
"4003","PmetTSAr1.1-003970",46.4895159652973,33.5853610601878,44.6841568734938,61.1615914346648,51.1932047789459,52.8382550069827,43.1018657003044,50.9234631281753,0.0909991803293543,5.58676237355021,0.779464911730313,1
"4004","PmetTSAr1.1-003971",30.1237675984035,31.354269758581,21.7037333385541,30.6602263555592,23.7032548443057,32.5397707399877,41.4674731263503,36.996646085895,0.242757296041921,4.96068617266021,0.431156785713411,1
"4005","PmetTSAr1.1-003972",29.6291982796237,25.8211633305961,21.0417458293172,28.4891222440257,22.9386337202958,29.7409546641764,36.8786016687097,30.8824337258695,0.198378706254028,4.81999292788645,0.508697325329097,1
"4006","PmetTSAr1.1-003973",28.1904511704462,27.2490617636245,20.5688976084337,28.2243534499362,23.6304337848762,27.9598898886602,36.1661741364732,30.9956598806848,0.188144120283943,4.80436848850192,0.527781501915424,1
"4007","PmetTSAr1.1-003974",34.3051263844505,32.8416639596522,25.7229432160642,20.016520833163,32.8058872729945,18.0085438413312,27.2817837344659,34.618896834774,-0.0020478127072688,4.82056716654036,0.995704195744845,1
"4008","PmetTSAr1.1-003975",27.1113908385631,32.2467062792237,15.2257127124497,21.8434255123803,29.164834301519,29.9953924892502,29.5028813349677,23.6925728950988,0.219859368267261,4.70958465847999,0.482365240770708,1
"4009","PmetTSAr1.1-003976",13.9828234673186,14.5764631704978,8.93683137469876,11.5439194223004,14.3093381778988,12.4957242980665,12.7189268255152,12.3416508748663,0.0796090734847364,3.66410411074548,0.787131095354417,1
"4010","PmetTSAr1.1-003977",23.5594839127812,21.9836862918324,16.1241243321285,31.4280558584187,29.7109922472403,27.0552220661757,18.4393008343548,19.2767528573026,0.0197219413764497,4.55527385438026,0.949651368191136,1
"4011","PmetTSAr1.1-003978",14.6122753275838,12.553607057041,10.1662367489959,21.2344572859745,20.0622018728302,17.8389186246153,12.2579443046563,12.4548770296816,0.0938538676938136,3.92717249440628,0.772780295061989,1
"4012","PmetTSAr1.1-003979",61.1467521400429,59.0495497825268,36.5038826522087,48.4262124389619,50.7198678926541,50.0959806700767,52.656776132652,60.3778470552517,0.0599736919697147,5.71249107362583,0.856485644653321,1
"4013","PmetTSAr1.1-003980",16.4556700612174,11.7206663044411,53.7628427144576,22.6642087740576,23.7032548443057,14.3616016819407,4.37933394815927,14.4363347389491,-0.879103236343353,4.33734854407772,0.076499569589737,1
"4014","PmetTSAr1.1-003981",26.9315474499159,33.5853610601878,25.5338039277107,33.3608680552717,29.4925290689518,38.3070281083261,37.0252779253466,33.656474518844,0.213291259682821,5.01372136063549,0.465615124292835,1
"4015","PmetTSAr1.1-003982",8.54256096074128,10.2630199873913,7.89656528875499,9.74349162249205,8.44724289382322,12.693620384235,10.7911817382872,10.3318866268949,0.212654615690615,3.30845198218335,0.466609755388722,1
"4016","PmetTSAr1.1-003983",86.3248265506488,78.2071870923239,86.7676485321282,83.1374013440898,85.2734605919568,81.957250543201,76.6907284701576,79.6262933738505,-0.047743425420874,6.36294471436033,0.898851680879652,1
"4017","PmetTSAr1.1-003984",96.1712520790821,37.244350794823,53.006285561044,27.1388013941694,51.3752574275197,28.9210994500499,32.0173314487434,34.1659922155128,-0.543559443413031,5.49320910906191,0.173758850497929,1
"4018","PmetTSAr1.1-003985",34.7547348560685,31.9194795549881,44.9205809839356,36.16741727262,36.592582363329,44.8941406907911,52.8453598911851,39.7423803401657,0.236989736925179,5.33249079275823,0.441010689427533,1
"4019","PmetTSAr1.1-003986",47.1189678255624,42.0635080062937,41.9889220144577,41.5951775514539,43.4741724794178,47.0709976386443,41.8236868924685,50.5837846637294,0.0827171825818387,5.47657813968718,0.782642706105618,1
"4020","PmetTSAr1.1-003987",14.6572361747456,13.2973041575766,8.60583762008029,8.18135573736425,14.4185697670431,8.96186561648663,9.24060416812555,8.80333353688855,-0.111980654973789,3.43642834421871,0.732263606727784,1
"4021","PmetTSAr1.1-003988",34.7996957032303,42.4204826145508,23.1222780012047,35.16129585508,30.0022764849583,38.5331950639472,47.5440609013081,43.0825519072167,0.231882963351559,5.20574660316686,0.467314542694323,1
"4022","PmetTSAr1.1-003989",42.4880005678974,43.3724149032363,65.6313330586343,54.0393108736584,42.3090355285456,52.103212401214,48.0259971731151,40.4783503464651,-0.167934154885562,5.60330932593998,0.603028876821581,1
"4023","PmetTSAr1.1-003990",39.0260153364391,45.8414892770145,24.2098289092369,33.3608680552717,36.301298125611,29.854038141987,39.5816355410185,35.8643845377421,-0.00885317778844241,5.15260859471972,0.978706354031857,1
"4024","PmetTSAr1.1-003991",34.3500872316123,97.573059590271,57.5456284815259,24.438159694457,17.4406437333678,17.4431264522784,56.1141450390935,141.051482361144,0.117493207561778,5.80256774771978,0.845333492253141,1
"4025","PmetTSAr1.1-003992",66.4521321051348,74.1019790973674,61.3284142485941,60.8438688817575,71.9107961866417,67.3412110361866,81.1119699202132,75.7482975714269,0.172577289312266,6.12762672007893,0.641278945352783,1
"4026","PmetTSAr1.1-003995",35.8787560351134,34.5967891169162,46.7646890453814,39.6094115957829,33.8617926347224,49.6153758893818,51.9024410985193,39.9688326497963,0.161320915854214,5.37813896363599,0.603533296745452,1
"4027","PmetTSAr1.1-003996",74.9497322187143,63.3332450816119,151.216861038554,50.0677789623165,89.7883662765865,55.8915089078677,54.3749837103987,54.5183935435606,-0.415426564227413,6.21542325248547,0.347512553334929,1
"4028","PmetTSAr1.1-003997",16.0510224367613,13.5650351137694,12.1521992767068,20.9696884918851,21.6278546505646,17.2169594966573,7.08236782046811,14.2664955067261,-0.0620928507532363,3.9471865838742,0.865486845135771,1
"4029","PmetTSAr1.1-003998",48.9623625591961,51.2556041689137,46.0081318919677,38.6827208164698,39.2141405027914,31.1262272673558,38.7434855030933,51.2348350539173,-0.205746722941184,5.43333129299699,0.509088295326001,1
"4030","PmetTSAr1.1-003999",69.3745871706516,65.8320673394115,62.6051044449797,68.5751176691696,69.3984696363235,55.8915089078677,61.2897215232817,63.1518878482263,-0.0932153137495543,6.01289725106376,0.789268020749133,1
"4031","PmetTSAr1.1-004000",35.8787560351134,34.2695623926806,33.7140781489959,45.9638626539299,33.2428136295716,46.2794132939704,55.2550412502201,44.7243311520383,0.260686643859858,5.36585708123745,0.404387393796668,1
"4032","PmetTSAr1.1-004001",40.599644987102,19.6038555701185,26.3849307253011,53.6686345619331,40.0515826862308,38.3635698472314,14.7514406674839,23.2396682758376,-0.269686250310826,5.00627340629628,0.495498083418446,1
"4033","PmetTSAr1.1-004002",73.3761025680514,66.6650080920114,116.935365024498,53.0067125767095,71.0005329437728,59.0578462865633,42.7456519341862,79.5696802964428,-0.296468864071853,6.13628440274575,0.473148470124952,1
"4034","PmetTSAr1.1-004003",48.8724408648725,42.5692220346579,37.4022942718874,42.4689145719491,45.0398252571523,54.2800693490673,54.4587987141912,47.5549850224205,0.233046725371664,5.54368964969749,0.450246463196375,1
"4035","PmetTSAr1.1-004005",38.7112894063065,39.0292238361084,60.6191419172688,36.0615097549842,43.6198145982768,38.7310911501157,38.9530230125746,40.5066568851689,-0.107841179243774,5.39516151591175,0.730247791862089,1
"4036","PmetTSAr1.1-004006",54.3576642186116,54.0221573829062,64.8274910831323,59.8112705848086,55.3075946367133,61.0933488871533,62.1907328140513,61.7082543743313,0.0444903652254598,5.88817665491488,0.894417632257114,1
"4037","PmetTSAr1.1-004007",23.1997971354869,25.0179704620177,17.6845234610441,15.4624975748243,22.319654715145,15.4641655905936,21.6452247294188,24.4851559788058,0.0445739481139249,4.37301424231504,0.885189300126656,1
"4038","PmetTSAr1.1-004008",23.8742098429138,22.1919214799824,15.4621368228915,21.2079804065656,21.9191388882827,25.3024281601121,25.9407436737856,22.2489394212039,0.205383706342944,4.48124675463147,0.479245186260953,1
"4039","PmetTSAr1.1-004009",149.94442528459,86.6555861544084,94.3332200662647,108.634636214905,141.819013238972,158.514765020948,60.0324964663939,86.4764757401753,0.0236386137179664,6.79252852976048,0.957650640224274,1
"4040","PmetTSAr1.1-004010",18.2091431005275,12.8510858972552,27.8980450321284,32.1958853612781,25.3781392111844,25.4437825073753,17.5592432945334,18.7672351606338,-0.0653129463609271,4.48197442169068,0.848481580616627,1
"4041","PmetTSAr1.1-004011",21.8959325677948,15.855622183419,33.2885147502007,33.4138218140896,25.7786550380467,29.6278711863659,21.3728259670931,24.2587036691752,-0.0479472780412098,4.68621069889135,0.882654034636229,1
"4042","PmetTSAr1.1-004012",31.2927496246102,37.036115606673,32.9102361734938,34.6052813874922,32.1140872084141,37.4871728941996,31.7239789354696,41.0161745818377,0.0671593320251186,5.12254674001746,0.819222557791922,1
"4043","PmetTSAr1.1-004013",7.82318740615254,9.93579326315565,5.53232418433733,11.1997199899841,7.50056912123959,17.471397321731,16.3439257395418,9.62422315929938,0.560661620142902,3.42739563450938,0.112948804698239,1
"4044","PmetTSAr1.1-004014",4.49608471617962,5.32487123983491,3.40450719036143,4.95117644947286,3.67746350119028,8.67915692196024,8.59103788873351,6.0009862052102,0.567106518623675,2.5153529913753,0.0878311358179582,1
"4045","PmetTSAr1.1-004015",4.90073234063579,5.08688816766352,2.78980450321284,5.32185276119811,4.11438985776735,7.37869692713883,7.71098034891202,5.80284043428345,0.463977621317817,2.44982685527089,0.149853417154488,1
"4046","PmetTSAr1.1-004016",74.0055544283166,81.9554204790234,68.799416138554,83.4551238969972,67.7964063288743,116.136731711442,137.645189978269,88.4862399881467,0.411930437446394,6.48958629154746,0.307902258748339,1
"4047","PmetTSAr1.1-004017",68.1606442972831,73.5962650690032,66.4351750341363,77.656687306438,66.0487009025661,106.241927403018,125.219615666028,81.0982333864492,0.405484015475298,6.37729517648035,0.306493462162487,1
"4048","PmetTSAr1.1-004018",2.60772913538418,2.11209976552111,2.50609557068272,2.91245673498404,1.96616860459678,2.51610738128489,1.9906063400724,2.63250809945542,-0.155225150227097,1.30199038123457,0.561018452584402,1
"4049","PmetTSAr1.1-004019",33.315987746891,25.8211633305961,25.7702280381525,23.8556683474602,24.249412790027,25.1610738128489,22.5671897711366,25.4475782947357,-0.158398565588288,4.69097060062108,0.58010455035822,1
"4050","PmetTSAr1.1-004020",97.744881729745,77.1362632675527,78.5873743108431,79.9072220561984,74.5687648558188,84.0210240132437,67.764430566254,86.3349430466562,-0.0923801412062286,6.33657315082224,0.807664008581894,1
"4051","PmetTSAr1.1-004021",105.298304052927,75.5893732984386,83.8832743847386,85.3349823350323,78.4646915352976,83.9927531437911,70.3417419328741,89.4203557653728,-0.119693165662498,6.3939949243667,0.754812776893029,1
"4052","PmetTSAr1.1-004022",78.0070698257165,72.2873581720606,54.9922480887548,85.2290748173965,67.9420484477333,78.0841414281895,57.3504163450332,77.3900768162486,-0.0494145403271849,6.15933914822149,0.897430179612321,1
"4053","PmetTSAr1.1-004023",33.4958311355382,35.8164523617946,48.6560819289155,34.181651316949,39.6510668593685,39.3530502780738,39.6864042957592,35.9776106925574,0.0240517311644126,5.26343926063443,0.937556421703585,1
"4054","PmetTSAr1.1-004024",24.4137400088553,8.95411309044865,1415.84942779156,150.865258872173,251.705991918103,262.862544170639,1.61343882300605,14.7760132033949,-1.59145675053273,8.05730661926739,0.198884360369073,1
"4055","PmetTSAr1.1-004025",16.995200227159,15.1416729669049,22.6021449582328,16.1773733188659,19.333991278535,12.2695573424454,10.3092454664802,14.124962813207,-0.340052777087795,3.99261764681241,0.275985710237562,1
"4056","PmetTSAr1.1-004026",45.3654947862524,41.4982982098866,36.6457371184738,27.5624314647126,38.3038772599225,32.2287911760087,35.0556253362223,31.9580821966147,-0.135025448702227,5.17525237150271,0.657219050372163,1
"4057","PmetTSAr1.1-004027",58.8087880876295,56.045013496363,76.2704180285138,70.9315599365658,68.8523116906022,69.2353592895134,50.3099560264613,59.69849012636,-0.0790325026249433,5.9960820847987,0.823786997507408,1
"4058","PmetTSAr1.1-004028",23.5594839127812,25.7021717945104,22.2711512036144,22.955454447556,26.6160972214861,23.1538420817115,25.2492698924973,27.4856490814109,0.117194582692217,4.62569351541252,0.676390790946045,1
"4059","PmetTSAr1.1-004029",23.829248995752,25.0477183460391,21.5618788722891,23.0878388446007,27.0166130483484,22.4470703453955,24.243489846987,24.2020905917676,0.0656614377986778,4.58446120051958,0.81437663978664,1
"4060","PmetTSAr1.1-004030",12.139428733685,8.80537367034153,20.6634672526104,12.1528876487061,14.5642118859021,18.0368147107838,18.5231158381474,13.7852843487612,0.274414332034052,3.89658545769876,0.400790432839869,1
"4061","PmetTSAr1.1-004031",26.706743214107,26.8325913873245,41.090510394779,34.8170964227637,33.8617926347224,35.9322750743044,38.6596704993008,33.1186502834714,0.129522266813928,5.0848981529317,0.667011177461597,1
"4062","PmetTSAr1.1-004032",61.1017912928811,71.6924004916321,22.7439994244979,38.6562439370609,51.9942364326705,45.4595580798438,57.1827863374481,62.2743851484078,0.159372521197131,5.68527154357698,0.676864323746594,1
"4063","PmetTSAr1.1-004033",27.6509210045047,32.4251935833523,22.1765815594377,18.5338155862621,26.0699392757648,22.1926325203218,19.7803408950352,22.0507936502771,-0.162142177199665,4.5799945308251,0.589542388629476,1
"4064","PmetTSAr1.1-004034",74.5001237470964,15.290412387012,3.87735541124497,52.0800217973964,12.9985591081676,4.72123519859075,1.04768754740653,53.8673431533727,-1.00474510550809,4.77331937357548,0.242433818644473,1
"4065","PmetTSAr1.1-004035",69.0149003933572,88.7676859199295,69.3668340036142,100.506234236358,64.5194586545463,131.176834260246,137.205161208359,106.149520139331,0.422138645932978,6.58367683303405,0.310661267229773,1
"4066","PmetTSAr1.1-004036",9.80146468127158,7.85344138165596,15.6039912891566,10.0612141753994,12.7800959298791,12.6653495147824,11.1264417534573,11.5207612524554,0.152787085597857,3.5214307356325,0.622013727742049,1
"4067","PmetTSAr1.1-004037",20.0075769869993,18.5031838613258,20.5216127863453,20.996165371294,20.5719492888367,19.0262951416262,18.7745608495249,18.8521547767453,-0.0515542730251763,4.30133689709807,0.853822156141776,1
"4068","PmetTSAr1.1-004038",7.32861808737279,7.64520619350599,7.66014117831322,11.8086882163898,10.8139273252823,9.72517909170788,5.34320649177328,8.29381584021976,-0.0155727690230545,3.11087221973191,0.970057602198117,1
"4069","PmetTSAr1.1-004039",67.0366231182382,69.1043345817682,59.0587427883532,54.5158947030194,64.9927955408382,63.2419349655539,73.7152958355231,63.6897120835989,0.0892546271798226,6.01082874535904,0.799186818507189,1
"4070","PmetTSAr1.1-004040",46.7143202011063,44.9788006403932,42.840048812048,36.8822930166615,47.3700991588966,41.529907225927,50.9385685549053,56.3300120206052,0.194796972344085,5.52389156515766,0.525688938144037,1
"4071","PmetTSAr1.1-004041",37.2725422971291,44.8300612202861,36.4565978301203,48.1614436448724,39.1777299730767,54.3931528268778,53.5577874234216,44.3846526875924,0.199781345238052,5.48699961124359,0.519155956750596,1
"4072","PmetTSAr1.1-004042",65.4180326204135,68.3308895972112,83.26857169759,97.7526387778279,70.1266802306186,88.6291757340239,68.0158755776316,81.9474295475639,-0.0280827584610618,6.28538919184678,0.942090739377494,1
"4073","PmetTSAr1.1-004043",64.0692072055596,63.3332450816119,60.5245722730921,63.7033718579236,56.691194765874,69.4615262451345,78.5346585535931,67.312949037688,0.112384111053806,6.03384659720519,0.753522382999119,1
"4074","PmetTSAr1.1-004044",27.3361950743721,25.1964577661462,15.7458457554216,24.3852059356391,23.7760759037352,32.1157076981981,39.812126801448,33.9395399058822,0.484357881905785,4.80020194056264,0.120930324869226,1
"4075","PmetTSAr1.1-004045",44.3763561486929,44.4433387280076,45.6298533152609,44.6135418040737,49.1542151149196,52.7817132680774,45.9725295801983,44.8092507681498,0.1059897943675,5.54022808913215,0.727150819786179,1
"4076","PmetTSAr1.1-004046",15.2866880350107,16.063857371569,16.6915421971887,15.8331738865496,18.751422803099,12.1564738646349,11.1054880025092,13.8985105035765,-0.193345190508601,3.90966339581992,0.513778855353775,1
"4077","PmetTSAr1.1-004047",41.9484704019559,50.9581253286995,59.43702136506,46.387492724473,44.2752041331424,55.3826332577202,54.7731049784131,46.196271164637,0.0139164677750406,5.64332657452561,0.966012311277724,1
"4078","PmetTSAr1.1-004048",43.5670608997805,35.5189735215804,62.510534800803,49.6706257711823,45.8772674405916,42.2932207011482,33.3164640075275,38.2987468662708,-0.259349959528214,5.45727092816625,0.415975407830758,1
"4079","PmetTSAr1.1-004049",32.5066924979787,34.2100666246377,40.8068014622488,29.3893361439298,38.8136246759291,25.6416785935438,20.4089534234791,28.9858956327134,-0.266431492922032,4.97253305735657,0.391795748670451,1
"4080","PmetTSAr1.1-004050",18.5688298778218,18.2057050211115,30.924273645783,22.6642087740576,21.4093914722761,21.0617977422162,23.2167560505286,22.8716832726879,-0.0282519864047348,4.48693917183765,0.924513408276444,1
"4081","PmetTSAr1.1-004051",8.18287418344691,10.382011523477,15.6512761112449,10.273029210671,11.1416220927151,10.0927003945922,10.7911817382872,9.70914277541085,-0.0910498681514243,3.43762464094899,0.764543734606678,1
"4082","PmetTSAr1.1-004052",17.3998478516151,17.818982528833,18.7720743690762,14.641714313147,20.0986124025449,18.2347107969523,20.2622771668422,16.0498074450669,0.121771250702307,4.16755188913115,0.671206364989097,1
"4083","PmetTSAr1.1-004053",9.98130806991876,7.10974428112036,8.700407264257,12.1793645281151,9.46673772583637,11.5345147366768,9.26155791907368,6.70864967280575,-0.0392046962471339,3.23726802498932,0.903018515512418,1
"4084","PmetTSAr1.1-004054",9.17201282100643,6.18755987645621,11.2065028349397,8.31374013440898,11.9426537464397,10.1209712640448,9.6177716851919,8.52026814985034,0.206799239159052,3.23909824252004,0.500184948702495,1
"4085","PmetTSAr1.1-004056",28.4152554062552,27.9630109801387,37.213154983534,27.1123245147605,33.4248662781453,28.7232033638814,27.3865524892066,25.5324979108472,-0.068724882060294,4.88397014544384,0.814687806341154,1
"4086","PmetTSAr1.1-004057",40.0601148211604,33.7638483643164,32.9575209955822,61.6381752640258,33.2064030998568,52.2162958790246,44.0447844929703,48.0078896416816,0.0752110793112399,5.43650957852946,0.820778289952119,1
"4087","PmetTSAr1.1-004058",31.2028279302866,32.4251935833523,30.4041406028111,47.6054291772845,32.2233187975584,42.6607420040326,39.8330805523961,37.3363245503408,0.101920653732264,5.20085846471266,0.740254552909921,1
"4088","PmetTSAr1.1-004059",48.2879498517691,44.4433387280076,36.8821612289155,48.7704118712782,47.9890781640474,47.8625819833182,41.0064906054914,48.3758746448313,0.0540695464311959,5.50827102455918,0.85926649533729,1
"4089","PmetTSAr1.1-004060",57.2351584369666,55.9855177283201,48.3723729963854,60.8968226405753,54.2516892749854,65.1078123494281,62.6726690858583,57.4905801074619,0.106346395571301,5.85342474933274,0.748514292969033,1
"4090","PmetTSAr1.1-004061",58.8087880876295,51.6125787771708,37.213154983534,42.3365301749043,45.7316253217326,47.2971645942654,52.7824986383407,53.5842777663345,0.0699441901253853,5.60685235215121,0.827700583769906,1
"4091","PmetTSAr1.1-004062",27.6958818516665,29.7776319054455,20.4270431421686,25.4442811119969,26.1427603351943,37.9112359359892,35.7890066194069,29.8917048712357,0.327948623605624,4.86811278935539,0.272579356835668,1
"4092","PmetTSAr1.1-004063",24.9083093276351,26.0591464027675,17.2589600622489,19.036876295032,21.5186230614204,27.5075559774179,25.2283161415491,24.0039448208408,0.171177336357899,4.5395053327582,0.559860944188201,1
"4093","PmetTSAr1.1-004064",25.7176045765474,19.1873851938185,57.8766222361444,30.1571656467893,48.0254886937622,34.631815079483,19.5498496346058,16.0498074450669,-0.168724722982815,4.97465824755578,0.684426705713875,1
"4094","PmetTSAr1.1-004065",32.1470057206843,34.1505708565949,30.8297040016063,25.391327353179,24.6499286168893,34.1512102987882,43.1437732022007,32.9771175899523,0.139816171244218,5.01104110678348,0.646374000170729,1
"4095","PmetTSAr1.1-004066",21.3564024018532,19.990578062397,19.2449225899598,18.0307548774921,14.4913908264726,22.7015081704693,26.967477470244,21.6828086471274,0.127887324890602,4.36627113771179,0.671629188408486,1
"4096","PmetTSAr1.1-004067",27.2912342272103,23.5900720289893,27.6616209216866,19.6458445214378,32.5510135649912,22.0795490425112,24.243489846987,23.6359598176911,0.0624921680941553,4.65207668959036,0.834593329416673,1
"4097","PmetTSAr1.1-004068",15.9161398952759,13.118816853448,84.4506922497989,33.8109750052238,23.8488969631647,32.3984163927245,14.1647356409362,13.2757666520924,-0.815185366673813,4.85332465783611,0.107112148664061,1
"4098","PmetTSAr1.1-004069",6.65420537994584,4.61092202332074,22.885853890763,11.3056275076199,15.0011382424792,6.47402910465438,2.70303387230883,5.74622735687581,-0.603946330822033,3.24121661781302,0.239484693113861,1
"4099","PmetTSAr1.1-004070",19.0633991966016,23.0546101166037,25.439234283534,25.7355267854953,24.103770671168,26.9421385883652,33.6936315245938,28.5896040908599,0.280759295844957,4.69466245748951,0.334425358475596,1
"4100","PmetTSAr1.1-004071",12.0495070393614,10.9174734358626,13.1451805405622,14.2180842426039,9.79443249326917,10.2905964807607,8.8634366510592,16.2762597546975,-0.154546609944891,3.58543245186411,0.616124781732682,1
"4101","PmetTSAr1.1-004072",9.84642552843337,10.0845326832628,10.7336546140562,12.6559483574761,10.5226430875643,9.47074126663413,9.15678916433303,15.4836766709905,0.0419397806579213,3.46691427090704,0.890516908857887,1
"4102","PmetTSAr1.1-004073",13.0836065240827,10.382011523477,13.2397501847389,13.688546654425,11.3600852710036,9.83826256951844,9.65967918708816,15.4836766709905,-0.120898052190198,3.60287966323255,0.686841385506552,1
"4103","PmetTSAr1.1-004074",9.35185620965362,10.1440284513056,12.3413385650602,14.3239917602397,10.7411062658528,9.44247039718149,9.40823417571059,14.124962813207,-0.0796992901931414,3.49783876721256,0.795090446103289,1
"4104","PmetTSAr1.1-004075",12.4541546638176,10.2927678714127,9.59881888393571,9.45224594899365,11.7970116275807,9.55555387499205,11.7341005309531,9.08639892392677,0.0136143494650143,3.40001389966417,0.966584202570611,1
"4105","PmetTSAr1.1-004076",119.595853450378,121.817585067732,113.956421232931,114.247734649601,130.713801675971,95.0183922303204,126.937823243775,123.161749900328,0.0189550923079343,6.8856059198976,0.961822939831054,1
"4106","PmetTSAr1.1-004077",24.6385442446643,25.3749450702748,21.3254547618473,23.5379457945528,25.7786550380467,20.7790890476898,26.7160324588664,23.9190252047294,0.0346029954742154,4.58926838937164,0.903227740428125,1
"4107","PmetTSAr1.1-004078",22.4804235808981,26.8028435033031,20.0960493875501,16.3891883541374,17.1857700253645,19.8178794863001,22.9443572882029,18.4275566961879,-0.129437733784428,4.36313962268201,0.661657719718182,1
"4108","PmetTSAr1.1-004079",25.4028786464149,29.2719178770813,21.420024406024,18.5338155862621,19.9529702836859,21.231422958932,25.374992398186,19.7296574765637,-0.132655308636815,4.50310278095618,0.651641654391948,1
"4109","PmetTSAr1.1-004080",157.94745607939,168.908485473646,129.465842877911,136.38240583548,139.197455099509,151.192609832714,173.39228909578,163.187195627532,0.0810911487599484,7.25289201512063,0.841358999225254,1
"4110","PmetTSAr1.1-004081",28.9997464193586,29.4801530652313,24.635392308032,22.5847781358308,27.5991815237845,26.6877007632914,32.8345277357205,27.6554883136338,0.119192699241662,4.78779506906082,0.679441424142293,1
"4111","PmetTSAr1.1-004082",33.2710268997292,22.4001566681323,59.2005972546183,30.5543188379235,50.8290994817984,37.374089416389,18.7955146004731,24.768221365844,-0.142150393238573,5.1165469540159,0.714728741025205,1
"4112","PmetTSAr1.1-004083",40.5097232927784,42.509726266615,55.6542355979918,31.6663477730992,39.869530037657,33.8402307348091,36.4595266497471,37.6760030147867,-0.203880937497955,5.31564727109912,0.510152927747385,1
"4113","PmetTSAr1.1-004084",217.655461110256,215.344932431089,178.59477302771,206.334321233915,200.876892436305,222.661367808986,246.416111150015,218.894463796653,0.119961472035219,7.73750182618785,0.770182989356573,1
"4114","PmetTSAr1.1-004085",179.079054245434,199.608301783756,122.089410632128,114.644887840735,166.68740503415,130.978938174077,173.308474091987,156.195480567688,0.0272808062468576,7.27971430154042,0.948393918186909,1
"4115","PmetTSAr1.1-004086",25.2679961049295,20.0500738304398,24.3516833755019,14.5622836749202,22.0283704774269,23.7192594707643,19.8641558988277,18.8238482380414,0.00469169894303689,4.40176285532065,0.990649170372087,1
"4116","PmetTSAr1.1-004087",24.5036617031789,21.7754511036824,19.81234045502,25.6031423884506,23.0114547797253,30.5042681393977,24.4320736055202,22.7584571178727,0.134968773337801,4.59185507179666,0.63823264332066,1
"4117","PmetTSAr1.1-004088",5.9797926725189,5.14638393570637,6.52530544819275,7.41352623450482,6.55389534865595,7.0677173631598,6.11849527685411,6.31235813095224,0.0549103421598826,2.68968014967734,0.854725197787972,1
"4118","PmetTSAr1.1-004089",7.86814825331434,5.53310642798488,8.60583762008029,8.15487885795531,6.9180006458035,8.19855214126537,5.65751275599524,6.59542351799046,-0.139333827192764,2.85748243171623,0.643867969840268,1
"4119","PmetTSAr1.1-004090",8.99216943235925,9.51932288685571,9.78795817228912,15.7537432483228,9.64879037441015,14.0506221179617,19.2564971213319,17.6915866898886,0.460263295426892,3.71850717923506,0.161168442885414,1
"4120","PmetTSAr1.1-004091",110.243997240724,100.607343760456,121.332853478714,125.57983903663,116.295231908928,123.854679072012,102.610518392995,115.802049837335,0.00249883882702785,6.84047858526409,0.995105991228528,1
"4121","PmetTSAr1.1-004092",9.30689536249182,6.51478660069188,5.76874829477909,5.40128339942494,5.38875839778378,5.484548673812,5.19653023513636,5.51977504724523,-0.319678089818295,2.6150980992024,0.278109936115221,1
"4122","PmetTSAr1.1-004093",59.7529658780272,47.9833369265571,42.840048812048,39.8212266310545,30.7304870792534,32.7376668261562,26.7579399607627,34.5905902960701,-0.609036075252593,5.30205850606862,0.0468287398247159,1
"4123","PmetTSAr1.1-004094",2.96741591267855,3.24251935833523,1.5131143068273,2.06519659389777,2.69437919889189,2.62919085909545,3.81358267255975,2.29282963500956,0.223187046019106,1.44399651967936,0.467339633199729,1
"4124","PmetTSAr1.1-004095",28.235412017608,39.7134251686012,15.934985043775,18.6397231038978,29.456118539237,26.8290551105546,39.1416067711078,33.5715549027326,0.331051538675686,4.85852759463568,0.330958420908501,1
"4125","PmetTSAr1.1-004096",20.0075769869993,23.9767945212678,19.9069100991967,20.1224283507988,18.4237280356662,22.333986867585,22.6300510239809,22.3338590373153,0.0290355552556229,4.41152192162608,0.919565301950516,1
"4126","PmetTSAr1.1-004097",101.11694526688,92.4564235385861,62.8415285554214,84.037615243994,88.6596398554291,81.0243118512639,84.3598013171734,88.5711596042582,0.00907206428284762,6.41694256031583,0.981510718560421,1
"4127","PmetTSAr1.1-004098",24.1889357730464,28.0225067481815,22.3184360257027,29.1245673498404,22.6837600122925,28.0729733664707,31.6401639316771,27.5705686975224,0.0850308183894103,4.74259309624008,0.770015074501427,1
"4128","PmetTSAr1.1-004099",47.433693755695,52.4157716457493,62.2741106903612,109.00531252663,49.991657298359,98.9763139536898,70.2369731781334,57.2358212591275,0.0278141303441276,6.09839934393257,0.947861295289953,1
"4129","PmetTSAr1.1-004100",7.23869639304919,8.1509202218702,7.18729295742969,7.46647999332272,6.15337952179364,10.0927003945922,11.9226842894863,7.35970006299365,0.243410217998833,3.04725849692029,0.432148353334399,1
"4130","PmetTSAr1.1-004101",104.533969651176,141.689171594043,122.514974030923,125.103255207269,88.5504082662848,169.314237151856,218.526668638053,134.597591536672,0.307136543184304,7.11037781957156,0.475684449302167,1
"4131","PmetTSAr1.1-004102",85.7852963847072,99.6554114717707,75.0410126542166,50.0677789623165,79.9575232536026,42.2649498316956,55.7369775220271,69.2944067469556,-0.328863461280739,6.12470775112699,0.418178286758347,1
"4132","PmetTSAr1.1-004103",86.9542784109139,85.9118890538728,65.9623268132528,76.4652277330355,85.2734605919568,80.2609983760427,82.201564969516,82.0040426249715,0.0645796099187023,6.33435569082737,0.864182804002195,1
"4133","PmetTSAr1.1-004104",12.364232969494,12.5833549410624,13.6653135835341,12.8148096339298,12.7800959298791,14.022351248509,12.6979730745671,12.4831835683854,0.0156921785104007,3.6990470462936,0.958055267722332,1
"4134","PmetTSAr1.1-004105",34.8896173975539,33.1391427998664,29.6948682714858,29.8394430938819,30.1115080741026,25.7264912019017,26.2131424361113,29.0425087101211,-0.19952913514934,4.90158631041595,0.484261562137982,1
"4135","PmetTSAr1.1-004106",18.4339473363365,22.935618580518,22.885853890763,17.1570178569969,19.4796333973941,18.4043360136681,24.2015823450907,21.6828086471274,0.0418022583287878,4.37224767544249,0.887088379863857,1
"4136","PmetTSAr1.1-004107",37.1826206028055,36.8873761865659,39.1991175112448,27.6153852235305,40.9618459290997,48.3149158945604,60.5563402400971,39.4876214918313,0.426926303405457,5.36954546147169,0.172502987657067,1
"4137","PmetTSAr1.1-004108",30.8431411529922,30.1346065137026,66.2933205678712,46.9699840714699,40.3064563942341,48.8237915447079,32.7297589809798,33.1469568221752,-0.168531612758265,5.36491888319137,0.626011766526051,1
"4138","PmetTSAr1.1-004109",23.5145230656194,13.9815054900693,33.1466602839356,16.9452028217253,23.9217180225942,13.9940803790564,8.50722288494098,12.3699574135701,-0.57512365298986,4.19651566588757,0.125672197421308,1
"4139","PmetTSAr1.1-004110",15.1967663406871,14.1302449101764,17.8263779273092,11.8616419752077,17.3314121442235,12.0716612562769,12.677019323619,10.6998716300446,-0.160597499053766,3.81013544520003,0.594256145985931,1
"4140","PmetTSAr1.1-004111",16.6355134498646,15.082177198862,21.2308851176706,12.8677633927477,19.5888649865383,16.0295829796464,12.8865568331003,12.228424720051,-0.115389417465853,3.98824248149053,0.708337376432685,1
"4141","PmetTSAr1.1-004112",26.8865866027541,37.8690563592729,27.6616209216866,34.2610819551759,25.2324970923254,35.3103159463464,34.7832265738966,39.063023411274,0.0848956479303716,5.03131508123128,0.779960721217197,1
"4142","PmetTSAr1.1-004113",23.4695622184576,16.5398235159118,115.13854178514,46.3080620862462,45.2946989651556,34.6600859489357,7.06141406951998,25.4475782947357,-0.841011950667576,5.29528089607086,0.141340710152289,1
"4143","PmetTSAr1.1-004114",46.1747900351647,45.0977921764789,33.193945106024,38.1531832282909,39.3597826216504,43.2261593930853,56.5960813109005,48.9703119576116,0.210524025794706,5.45660291263452,0.498536003248934,1
"4144","PmetTSAr1.1-004115",60.6072219741013,12.6725985931267,8.0857045771084,27.4565239470768,15.8749909556333,3.70348389829574,3.10115514032331,16.5310186030319,-1.47313897817742,4.21234978148189,0.015988160377696,1
"4145","PmetTSAr1.1-004116",44.0616302185603,10.7687340157555,6.95086884698793,20.996165371294,13.2534328161709,3.6752130288431,3.45736890644153,13.502218961723,-1.28907785110383,3.86982591528773,0.0200779162377474,1
"4146","PmetTSAr1.1-004117",66.4970929522966,53.9329137308419,74.5208796112447,68.0985338398086,58.8758265487593,69.5746097229451,12.677019323619,64.2275363189715,-0.357366196395207,5.87282973837613,0.429897388131194,1
"4147","PmetTSAr1.1-004118",90.1464985594014,67.0517305842899,59.1060276104415,70.7462217807032,58.2204370138937,73.4759897074093,103.469622181868,70.653120604739,0.0915450054334339,6.21285462508185,0.815824263658654,1
"4148","PmetTSAr1.1-004119",24.9982310219587,23.1141058846465,32.6265272409637,24.2528215385944,30.8761291981125,25.4155116379226,29.4400200821234,26.4666136880733,0.0963388543675601,4.76592629490349,0.740751587780453,1
"4149","PmetTSAr1.1-004120",34.4849697730977,23.2925931887751,149.987455664256,37.3588768460225,66.1215219619956,21.9664655647007,36.3757116459546,39.1479430273854,-0.582934664688382,5.67582782825524,0.267646940624489,1
"4150","PmetTSAr1.1-004121",30.7082586115068,26.5053646630889,47.1902524441765,20.9167347330672,36.44694024447,30.0519342281555,27.617043749636,26.2967744558504,-0.0568031684252994,4.94327613682886,0.861283131949482,1
"4151","PmetTSAr1.1-004122",108.715328437223,96.3831442294141,95.4680557963852,97.19662431024,93.6478824263505,116.165002580894,108.079447390457,117.075844079007,0.129040749635536,6.70258226267341,0.739138741784771,1
"4152","PmetTSAr1.1-004123",14.2076277031276,16.3018404437404,15.0838582461847,22.0552405476519,15.0011382424792,24.1715933820065,24.1387210922463,24.5983821336211,0.377235640537401,4.28672937835839,0.218937631785753,1
"4153","PmetTSAr1.1-004124",38.2616809346886,36.3519142741802,47.9468095975902,31.6663477730992,40.7797932805259,37.4871728941996,36.9624166725022,34.3358314477357,-0.0438530495434506,5.24905466154895,0.884286627933359,1
"4154","PmetTSAr1.1-004126",23.379640524134,18.9791500056686,38.4898451799195,33.4402986934985,28.8371395340862,33.4161676930195,23.9920448356094,24.9097540593631,-0.0399234355622888,4.81954978444231,0.90124198422436,1
"4155","PmetTSAr1.1-004127",5.71002758954812,5.02739239962067,5.91060276104415,5.93082098760386,5.24311627892476,4.8343186764013,3.52023015928592,4.44412657650001,-0.325805481092932,2.3596557078578,0.252237065866377,1
"4156","PmetTSAr1.1-004128",6.47436199129866,4.22419953104222,10.6863697919678,10.1406448136262,6.99082170523301,10.4602216974765,7.18713657520876,7.5578458339204,0.0314944629696813,3.00448416421699,0.931503667309232,1
"4157","PmetTSAr1.1-004129",27.4710776158575,20.4070484386969,32.8629513514055,19.7252751596646,33.0971715107125,20.9769851338583,18.6069308419399,18.1444913091497,-0.14523258186945,4.58253186654904,0.651849476090603,1
"4158","PmetTSAr1.1-004130",33.4508702883764,18.8899063536043,47.3793917325299,19.2751682097125,26.9073814592041,28.4687655388077,12.8236955802559,26.2684679171466,-0.332243705605841,4.7400233298946,0.374463392317848,1
"4159","PmetTSAr1.1-004131",15.2866880350107,8.92436520642723,23.7842655104417,10.2995060900799,12.3067590435873,14.5594977681092,6.91473781288307,13.4456058843153,-0.302014613102068,3.72603308900015,0.410422867103316,1
"4160","PmetTSAr1.1-004132",16.1409441310848,9.54907077087713,22.4602904919678,9.71701474308311,13.7995907618922,14.3050599430354,6.55852404676485,13.3323797295,-0.268388859688126,3.73065251123859,0.463183277504178,1
"4161","PmetTSAr1.1-004133",53.8630948998319,54.5873671793132,45.8662774257026,23.9086221062781,53.8147629184083,18.8566699249103,19.424127128917,26.4949202267771,-0.588111431322243,5.21507317618701,0.140612880619702,1
"4162","PmetTSAr1.1-004134",87.4938085768555,79.188867265031,121.049144546184,77.3124878741217,96.7427774521047,76.3596183915785,64.9356741882564,83.1363041731244,-0.184650271739309,6.42338437351733,0.639917915071727,1
"4163","PmetTSAr1.1-004135",24.054053231561,29.6586403693598,30.924273645783,23.7232839504154,25.887886627191,27.7054520635864,33.2955102565794,28.900976016602,0.0961604250553467,4.81157419806256,0.741783707745566,1
"4164","PmetTSAr1.1-004136",28.5051771005788,31.4435134106453,14.5164403811244,24.5705440915017,18.3509069762367,22.7015081704693,48.3612571882852,30.7409010323504,0.278993521140896,4.78004882476469,0.442923611354715,1
"4165","PmetTSAr1.1-004137",18.748673266469,20.1393174825041,28.4181780751003,22.5583012564218,22.4288863042892,14.3616016819407,9.76444794182881,15.5969028258058,-0.532984496178033,4.25176577303527,0.099528802706835,1
"4166","PmetTSAr1.1-004138",22.1656976507655,23.1736016526894,27.9453298542168,15.7272663689138,24.103770671168,19.9592338335633,22.5671897711366,22.9849094275032,0.01067536420508,4.48442302980172,0.973978709540369,1
"4167","PmetTSAr1.1-004139",26.9765082970777,25.0477183460391,22.885853890763,28.330260967572,25.4873708003287,31.4937485702401,31.4096726712476,28.2499256264141,0.17600338778833,4.78405370122632,0.537271297548498,1
"4168","PmetTSAr1.1-004140",77.9621089785547,63.9282027620404,65.3003393040158,73.7381091539141,64.5558691842611,67.2846692972813,60.8916002552672,69.9171505984396,-0.0970669543977702,6.08760985782499,0.792401492924912,1
"4169","PmetTSAr1.1-004141",99.4533939218933,96.591379417564,82.1337359674696,119.490156772572,99.9469040670032,96.4036648334997,112.64736509715,119.170527943089,0.106536949775898,6.69064601197712,0.785823092006244,1
"4170","PmetTSAr1.1-004142",10.7456424716693,9.45982711881286,12.3886233871485,8.81680084317895,10.4498220281348,8.11373953290745,6.57947779771298,7.50123275651275,-0.343108264801637,3.21833532872632,0.251972310488311,1
"4171","PmetTSAr1.1-004143",17.3099261572915,13.2675562735551,18.4883654365461,14.5887605543291,15.62011724763,12.2412864729928,9.51300293045125,11.8038266394937,-0.37228868486798,3.82312012340048,0.212654493403755,1
"4172","PmetTSAr1.1-004144",44.8709254674726,46.2579596533145,61.2811294265058,45.9903395333389,52.6132154378214,42.5759293956746,50.5404472868908,47.3285327127899,-0.0391843111945152,5.61442020995797,0.901611807645763,1
"4173","PmetTSAr1.1-004145",15.8262182009523,15.7068827633119,19.4813467004015,13.9268385691055,16.2755067824956,20.3267551364476,19.7174796421908,18.5973959284109,0.207476876301271,4.13293215253343,0.472965997877987,1
"4174","PmetTSAr1.1-004146",48.4677932404163,50.9878732127209,54.5193998678713,61.5057908669811,51.3752574275197,66.1821053886284,53.0758511516146,56.3866250980129,0.075154057857789,5.79120666003009,0.81748509657004,1
"4175","PmetTSAr1.1-004147",34.2601655372887,39.2969547923012,36.9294460510039,50.3855015152239,41.7628775828243,53.8560063072777,46.726864614331,42.0352099751752,0.196385388448247,5.43379140685904,0.522896928515852,1
"4176","PmetTSAr1.1-004148",52.6941128736252,41.8850207021651,64.922060727309,65.7156146930035,65.3933113677005,57.5594902055734,40.0635718128255,48.8287792640925,-0.0884573684057207,5.77317139106468,0.796286100497674,1
"4177","PmetTSAr1.1-004149",64.8335416073102,54.4683756432275,49.932772125301,61.0292070376201,52.3947522595328,64.8533745243543,62.4212240744808,66.8883509571307,0.0986665931682073,5.89886037998041,0.770678652730553,1
"4178","PmetTSAr1.1-004150",19.3781251267342,23.4413326088822,10.0243822827309,21.6316104771087,19.1155281002465,19.7896086168474,24.6625648659496,26.834598691223,0.278321885411298,4.37035197790049,0.392366870039079,1
"4179","PmetTSAr1.1-004151",21.2215198603678,22.727383392368,10.0243822827309,22.452393738786,19.8801492242564,21.5706733923637,24.6625648659496,29.0425087101211,0.315087935232463,4.42760909339367,0.335217298853698,1
"4180","PmetTSAr1.1-004152",40.8694100700728,44.9490527563718,44.4950175851404,37.147061810751,40.7069722210964,33.4444385624722,38.3663179860269,39.4310084144237,-0.140166760262781,5.32136771673225,0.636337134658466,1
"4181","PmetTSAr1.1-004153",56.695628271025,59.4957680428482,49.0343605056223,43.5015128688979,62.6261111093791,42.7172837429378,54.7731049784131,59.3021985845065,0.0720416565219739,5.74358460943355,0.82679448660186,1
"4182","PmetTSAr1.1-004154",16.5905526027028,14.1897406782193,11.2065028349397,16.1508964394569,13.9452328807513,13.3721212510983,15.2962381921353,16.2762597546975,0.0180712685989661,3.87702646366552,0.951732949977744,1
"4183","PmetTSAr1.1-004155",26.257134742489,18.80066270154,28.9383111180722,32.6724691906391,31.4951082032633,28.6949324944288,14.4161806523138,22.6735375017612,-0.133609517768276,4.67515121962297,0.686476481783988,1
"4184","PmetTSAr1.1-004156",45.4104556334142,44.5623302640933,42.8873336341364,51.9211605209427,47.1516359806081,47.1558102470022,46.3916045991609,44.780944229446,0.00526225057288892,5.53436494974684,0.986614940530121,1
"4185","PmetTSAr1.1-004157",62.7203817907057,38.4045182716585,35.1326228116465,63.9681406520131,60.1866056184905,64.3727697436595,48.8012859581959,74.2480510201244,0.306213574876891,5.80850298352754,0.390402604431541,1
"4186","PmetTSAr1.1-004158",28.235412017608,30.2833459338097,37.0240156951806,33.0166686229554,33.2064030998568,28.3556820609971,27.9103962629098,25.560804449551,-0.160492440074674,4.9310550158816,0.580430128629179,1
"4187","PmetTSAr1.1-004159",10.3859556943749,8.1509202218702,15.6985609333333,9.92882977835468,13.7631802321775,10.0361586556869,2.45158886093127,17.4368278415542,-0.0158369840635639,3.46328584289142,0.974119713120971,1
"4188","PmetTSAr1.1-004160",92.889110236271,107.479104969405,85.5855279799194,139.427246967509,71.5102803597794,134.654151202921,173.455150348624,105.47016321044,0.189476787866185,6.83142459842884,0.659378595343065,1
"4189","PmetTSAr1.1-004161",3.77671116159088,5.681845848092,7.09272331325299,5.56014467587862,6.44466375951168,5.96515345450687,6.41184779012793,5.80284043428345,0.155232410724732,2.56189932381745,0.599471626586634,1
"4190","PmetTSAr1.1-004162",32.6415750394641,34.9537637251733,45.0624354502006,35.7173103226679,37.0659192496209,34.3773772544093,42.5570681756531,39.2894757209045,0.0473616708111809,5.23913653199034,0.875367566268019,1
"4191","PmetTSAr1.1-004163",39.2508195722481,27.7250279079673,60.7137115614456,32.2753159995049,53.1229628538279,37.9112359359892,24.9559173792234,27.8819406232644,-0.15275963496799,5.2488679921894,0.67064055290299,1
"4192","PmetTSAr1.1-004164",190.454148577369,162.244959452847,135.23459117269,109.455419476582,185.111133069816,117.041399533926,106.801268582621,131.880163821105,-0.143504242175755,7.15309925564955,0.734399603440936,1
"4193","PmetTSAr1.1-004165",71.1730210571234,74.1912227494317,52.202443585542,63.5709874608789,63.0266269362414,50.77448153694,62.3374090706882,67.1431098054651,-0.102279092483515,5.97990006445497,0.771574659584703,1
"4194","PmetTSAr1.1-004166",44.4213169958547,47.8345975064499,36.0783192534135,40.562579254505,44.3844357222867,40.116363753295,41.5093806282465,44.7526376907421,0.0156352994854208,5.41007011168598,0.958756257384775,1
"4195","PmetTSAr1.1-004167",32.5516533451405,27.0110786914531,30.5459950690762,29.4422899027477,25.4145497408992,37.4589020247469,26.2131424361113,23.4095075080606,-0.0874401453394638,4.86120431842371,0.769095102834942,1
"4196","PmetTSAr1.1-004168",64.6986590658248,69.2828218858967,36.2201737196786,61.2145451934827,54.4701524532739,61.6587662762061,67.596800558669,73.6536137073441,0.153221312645112,5.9347152244966,0.671181794750197,1
"4197","PmetTSAr1.1-004169",39.5205846552189,42.9856924109578,54.3302605795179,48.9822269065497,46.1321411485949,54.7889449992148,54.3959374613468,48.9136988802039,0.136430341670938,5.60939554264314,0.665324202114624,1
"4198","PmetTSAr1.1-004170",30.0338459040799,29.2124221090385,16.3132636204819,14.9859137454633,24.3222338494565,19.2524620972473,22.4624210163959,22.6452309630574,-0.0299117579516481,4.48946538587205,0.926873988256569,1
"4199","PmetTSAr1.1-004171",45.0507688561198,39.7431730526226,37.6860032044175,24.0674833827317,26.3612235134828,29.854038141987,20.5346759291679,30.7692075710542,-0.446407104268192,4.99132385916729,0.155064725778269,1
"4200","PmetTSAr1.1-004172",32.6415750394641,31.3840176426024,34.8961987012047,37.120584931342,35.5366770016011,38.4201115861367,28.6018700441981,29.5803329454937,-0.0422678222219615,5.06964023200528,0.886249792071749,1
"4201","PmetTSAr1.1-004173",47.1639286727242,52.891737790092,48.5615122847388,47.0758915891056,47.3336886291819,46.0815172078019,50.8547535511127,48.4607942609428,-0.0220036146005332,5.60333348918612,0.943500924499096,1
"4202","PmetTSAr1.1-004174",30.2136892927271,30.0453628616383,18.1573716819276,21.8434255123803,24.7955707357483,20.2984842669949,26.4436336965407,23.6359598176911,-0.0752269305412782,4.61420182720116,0.803640093585838,1
"4203","PmetTSAr1.1-004175",33.3609485940528,23.917298753225,17.400814528514,23.0348850857828,24.2858233197418,22.8711333871851,22.4414672654478,27.4290360040032,-0.0101460229282385,4.60897318626818,0.97444393014497,1
"4204","PmetTSAr1.1-004176",36.193481965246,34.299310276702,37.4022942718874,36.9352467754794,36.5561718336143,40.1729054922003,42.7246981832381,35.5813191507039,0.0984236451086505,5.23060080122611,0.735879381981791,1
"4205","PmetTSAr1.1-004177",32.6865358866259,37.3633423309087,44.0694541863452,40.7743942897765,39.9787616268013,46.0532463383493,78.6603810592819,39.3177822596084,0.39769585609726,5.48976355657335,0.236651027081222,1
"4206","PmetTSAr1.1-004178",9.75650383410978,11.1852043920555,8.7949769084337,8.57850892849844,9.32109560697735,12.1847447340875,14.1856893918844,11.3792285589363,0.297652998330389,3.42514662289887,0.31030991403157,1
"4207","PmetTSAr1.1-004179",3.91159370307627,6.69327390482042,7.89656528875499,8.89623148140579,8.26519024524945,11.0256390865293,10.2254304626877,8.40704199503505,0.466882639595179,3.04207978701014,0.14566618453584,1
"4208","PmetTSAr1.1-004180",81.6039375986602,85.4061750255086,129.560412522088,83.9052308469492,88.9509240931471,90.4385113789928,108.372799903731,88.3447072946276,-0.0165042791618324,6.56424393381322,0.96677732710755,1
"4209","PmetTSAr1.1-004181",83.4922931794556,76.3330703989742,50.2164810578311,56.9252907292335,73.5856805535204,55.5805293438887,64.1184779012793,60.8590582132167,-0.0710682878833612,6.02676429159944,0.847583388392028,1
"4210","PmetTSAr1.1-004183",65.1033066902809,65.8320673394115,40.8068014622488,71.1963287306553,52.2855206703886,109.832327823503,104.140142212209,72.8044175462295,0.480867965935342,6.18638163672395,0.242561011648024,1
"4211","PmetTSAr1.1-004184",29.5392765853001,31.6220007147738,29.9312923819276,38.3120445047446,27.3443078157812,44.583161126812,39.2254217749003,35.2982537636657,0.178390180548312,5.11064084936242,0.556642019476026,1
"4212","PmetTSAr1.1-004185",4.85577149347399,6.81226544090612,3.45179201244979,3.62733247902557,5.27952680863951,4.74950606804339,6.01372652211345,5.46316196983759,0.195932203937233,2.35013083099913,0.522732152885102,1
"4213","PmetTSAr1.1-004186",6.33947944981327,7.05024851307751,4.06649469959838,4.50106949952079,6.1897900515084,5.59763215162256,6.78901530719428,6.05759928261785,0.165161470574666,2.55802595705476,0.583716215881036,1
"4214","PmetTSAr1.1-004187",14.792118716231,7.10974428112036,8.93683137469876,27.4300470676679,14.5642118859021,16.5384586297939,6.30707903538728,9.76575585281849,-0.306885116674284,3.72723720053702,0.474891041157507,1
"4215","PmetTSAr1.1-004188",42.7577656508682,27.7250279079673,59.1533124325299,41.2245012397286,45.7680358514474,33.2465424763037,23.6567848204393,31.0522729580924,-0.353505735938879,5.25244691047328,0.299294572224329,1
"4216","PmetTSAr1.1-004189",42.80272649803,40.0109040088154,42.6509095236946,50.9944697416296,41.6172354639653,58.0118241168156,48.1936271807002,44.0732807618504,0.120934391423633,5.52699301994976,0.695177877349332,1
"4217","PmetTSAr1.1-004190",312.298044385837,327.940673452179,224.461050453413,251.66273878203,263.612235134828,229.220209521999,276.317113752997,296.822364848275,-0.0666423353386542,8.09198522429841,0.874296078777276,1
"4218","PmetTSAr1.1-004191",2.29300320525161,3.06403205420668,1.65496877309236,3.07131801143771,1.67488436687874,2.99671216197976,3.62499891402658,4.38751349909237,0.325188738205459,1.54648669446577,0.318083177014733,1
"4219","PmetTSAr1.1-004196",3.14725930132574,3.86722492278513,1.79682323935742,4.42163886129395,2.25745284231483,4.69296432913811,6.22326403159476,4.81211157964969,0.438248371414755,1.99354879797819,0.218751314042571,1
"4220","PmetTSAr1.1-004199",86.0101006205162,101.499780281099,66.1514661016062,100.188511683451,87.0211660182651,104.743571322028,108.645198666057,109.263239396752,0.211221215360329,6.57758427546507,0.591170134302898,1
"4221","PmetTSAr1.1-004200",19.2882034324106,14.4872195184335,31.3498370445782,14.2975148808307,18.4601385653809,15.4924364600463,14.3114118975731,14.3797216615414,-0.340883455544153,4.15408285046126,0.29763257821876,1
"4222","PmetTSAr1.1-004201",28.235412017608,28.9744390368671,16.9752511297188,17.6865554451758,25.9242971569058,19.5068999223211,23.4053398090618,22.6169244243536,-0.00679734714720057,4.52208133212126,0.983835349371905,1
"4223","PmetTSAr1.1-004202",42.9376090395154,44.5920781481147,40.6649469959838,25.86791118254,39.578245799939,28.1860568442813,28.7275925498869,36.996646085895,-0.206691717194509,5.16980673627876,0.512501643446592,1
"4224","PmetTSAr1.1-004203",40.6895666814256,40.6356095732653,35.3690469220882,26.6092638059905,34.1530768724404,25.6699494629964,28.6228237951463,33.2035698995829,-0.236201389566188,5.05198086049681,0.434492809933905,1
"4225","PmetTSAr1.1-004204",11.7797419563906,13.4460435776837,12.1521992767068,9.87587601953678,15.0739593019087,12.8067038620456,11.9436380404344,11.1810827880096,0.109872659538728,3.62553613069915,0.704639136473241,1
"4226","PmetTSAr1.1-004205",32.0570840263607,27.3978011837316,20.616182430522,21.022642250703,27.3443078157812,23.6909886013117,20.6603984348567,31.2221121903154,0.0257099284354501,4.67581566695246,0.933473103193393,1
"4227","PmetTSAr1.1-004206",17.7595346289095,17.9677219489402,21.9401574489959,15.5948819718691,17.5862858522268,14.107163856867,12.9913255878409,12.7945554941274,-0.349874513083421,4.0351558938093,0.232135901379265,1
"4228","PmetTSAr1.1-004207",83.1326064021612,73.5070214169389,80.4787671943772,76.4122739742176,78.3918704758681,61.432599320585,61.9183340517256,68.0489190439874,-0.216775596454842,6.18925439313938,0.560021426265301,1
"4229","PmetTSAr1.1-004208",39.8802714325133,40.4273743851153,47.6631006650601,34.4993738698564,40.6341511616669,36.6390468106204,38.848254257834,35.5530126120001,-0.0988890329430464,5.29737070559347,0.739636304547482,1
"4230","PmetTSAr1.1-004209",51.2553657644477,59.2280370866554,48.1359488859436,61.0292070376201,48.0254886937622,74.3806575298937,84.9674600946692,63.1518878482263,0.300543491682878,5.93884387254647,0.399941647907345,1
"4231","PmetTSAr1.1-004210",27.2912342272103,36.0246875499446,26.0539369706826,23.5644226739618,25.3781392111844,32.1439785676508,33.3164640075275,30.967353341981,0.109175712663018,4.87814803331193,0.713735996331538,1
"4232","PmetTSAr1.1-004211",28.909824725035,38.3450225036157,26.7632093020079,22.002286788834,28.3638026477944,27.818535541397,33.9031690340752,31.1938056516115,0.0640515740378971,4.89367291735589,0.832609294746205,1
"4233","PmetTSAr1.1-004212",7.91310910047614,8.3889032940416,6.66715991445781,7.12228056100642,6.66312693780021,5.71071562943312,6.89378406193494,7.72768506614333,-0.157008467891233,2.84734297319196,0.584389890327538,1
"4234","PmetTSAr1.1-004213",6.51932283846045,6.33629929656333,6.24159651566263,4.79231517301919,5.64363210578707,5.73898649888576,5.72037400883963,6.42558428576753,-0.0196004726173535,2.58159491798053,0.945233509157217,1
"4235","PmetTSAr1.1-004214",5.53018420090094,6.21730776047764,7.80199564457828,5.374806520016,5.46157945721329,6.53057084355966,9.42918792665873,8.91655969170384,0.287561090159683,2.80191041192183,0.355426375982282,1
"4236","PmetTSAr1.1-004215",21.850971720633,21.6564595675967,28.2763236088352,21.5786567182908,24.9048023248926,26.5180755465756,35.7051916156144,30.6559814162389,0.33616734484622,4.7256771886526,0.251582718708849,1
"4237","PmetTSAr1.1-004216",17.6246520874241,14.2492364462621,11.8684903441767,13.7944541720608,13.8724118213218,16.764625585415,18.2297633248735,15.0307720517293,0.151986043541376,3.93016287043705,0.60306034587342,1
"4238","PmetTSAr1.1-004217",22.4804235808981,17.7892346448116,15.0365734240963,16.2832808365017,16.5667910202136,20.213671658637,21.7290397332113,18.257717463965,0.101553797422231,4.21783766737207,0.729511699389777,1
"4239","PmetTSAr1.1-004218",37.1376597556437,33.2581343359521,29.1274504064256,31.6398708936902,35.7915507096044,32.6528542177983,34.6365503172597,41.3275465075797,0.138772995819597,5.10890000473423,0.634544247492163,1
"4240","PmetTSAr1.1-004219",26.1672130481654,21.7754511036824,34.7543442349396,25.1530354384985,30.803308138683,28.3839529304498,25.2702236434454,27.1176640782612,0.0495260425346234,4.78053346426078,0.867734367696782,1
"4241","PmetTSAr1.1-004220",9.80146468127158,7.94268503372023,5.67417865060239,11.0143818341215,6.62671640808546,2.54437825073753,2.87066387989388,7.24647390817836,-0.840244088604761,2.75902798476073,0.0290915368789977,1
"4242","PmetTSAr1.1-004221",65.5529151618989,63.7497154579118,49.8854873032127,45.6726169804315,57.4922264195986,51.481253273256,61.2268602704373,57.7736454945001,0.0199351043420413,5.8243937096769,0.952909043138508,1
"4243","PmetTSAr1.1-004222",12.8138414411119,9.84654961109138,8.98411619678711,11.6498269399362,10.3405904389905,13.2307669038351,17.7268733021184,12.0868920265319,0.303321416939027,3.60338240411535,0.317924673162195,1
"4244","PmetTSAr1.1-004223",58.2692579216879,66.6947559760328,42.0834916586344,76.7564734065339,54.9798998692805,83.8796696659805,96.4291618632966,73.99329217179,0.343037086274608,6.1129273871949,0.386793798638137,1
"4245","PmetTSAr1.1-004224",56.6506674238632,54.6766108313775,68.9885554269074,55.8397386734667,57.3465843007396,56.7679058608995,72.0809032615689,66.9449640345384,0.100421658133179,5.93602384907897,0.770023753875249,1
"4246","PmetTSAr1.1-004225",13.5781758428625,11.3041959281412,13.4761742951807,11.1202893517572,10.122127260702,16.5950003686992,17.8945033097034,14.5495608937644,0.260065818826101,3.77034991068763,0.390879341793147,1
"4247","PmetTSAr1.1-004226",52.1096218605218,50.154932460121,39.6719657321284,23.9880527445049,45.1854673760113,23.7475303402169,35.0137178343261,30.5993683388313,-0.302284167557588,5.23305272096477,0.380136594006868,1
"4248","PmetTSAr1.1-004227",36.7330121311875,32.5144372354165,111.828604238955,36.0879866343931,31.5679292626928,39.098612453,34.4270128077784,41.5256922785065,-0.565999184295865,5.50818514370895,0.16638640370144,1
"4249","PmetTSAr1.1-004228",74.140436969802,71.3056779993536,51.8241650088351,81.4693579413262,60.9512267425003,57.6160319444787,68.874979366505,74.4178902523473,-0.0902337921002965,6.0798064726769,0.811569516646796,1
"4250","PmetTSAr1.1-004229",107.411463869531,112.833724093262,83.8832743847386,117.822113369809,104.061293924771,87.2439031308446,105.69071978237,118.830849478644,-0.021173949856322,6.71131398711248,0.957324111835325,1
"4251","PmetTSAr1.1-004230",9.89138637559517,10.382011523477,6.09974204939757,7.41352623450482,7.64621124009861,8.39644822743384,9.72254043993255,8.2088962241083,0.00799872960038931,3.09337617609377,0.982507681091202,1
"4252","PmetTSAr1.1-004231",38.9810544892773,35.3702341014733,40.428522885542,37.597168760703,39.869530037657,38.6745494112104,41.7608256396241,37.47785724386,0.050499114696572,5.27913292492458,0.863787016471295,1
"4253","PmetTSAr1.1-004232",81.0194465855568,68.9258472776396,89.1318896365458,89.5448061610547,79.8118811347436,94.2268078856465,81.1748311730576,80.9283941542263,0.0326763833901979,6.37775663273892,0.931765311243871,1
"4254","PmetTSAr1.1-004233",11.3301334847726,11.0662128559698,8.36941350963852,11.3056275076199,9.3575061366921,12.6653495147824,13.3056318520629,9.96390162374524,0.106346506784866,3.45783658928445,0.719695689479959,1
"4255","PmetTSAr1.1-004234",10.4758773886985,11.8991536085696,7.84928046666664,10.9349511958946,9.64879037441015,10.4319508280239,11.5036092705236,10.4168062430064,0.0280103764378609,3.38703592958569,0.924219601598512,1
"4256","PmetTSAr1.1-004235",68.7001744632246,69.0448388137253,76.5541269610439,71.6993894394252,72.1292593649302,80.0065605509689,70.2579269290816,73.4837744751212,0.0490082362397795,6.18578111097643,0.894719637783447,1
"4257","PmetTSAr1.1-004236",170.44657159037,209.216868322676,107.052837208032,160.661704253483,156.638098832877,142.852703344186,180.097489399182,183.681129649099,0.0349321952658081,7.35665773988423,0.933876096784311,1
"4258","PmetTSAr1.1-004237",7.86814825331434,6.18755987645621,40.7595166401605,21.8434255123803,12.197527454443,19.8744212252054,4.90317772186254,12.0868920265319,-0.643422502583168,3.9777349011971,0.220977318511881,1
"4259","PmetTSAr1.1-004238",7.55342232318177,9.78705384304853,14.4218707369477,20.8373040948403,10.4498220281348,12.8915164704035,8.29768537545968,10.3884997043026,-0.325668593176923,3.57189639347029,0.350211178593444,1
"4260","PmetTSAr1.1-004239",19.7378119040285,16.0341094875476,14.4691555590361,12.7618558751119,11.8334221572955,14.5029560292039,15.1705156864465,21.2299040278663,-0.00488947493829763,3.97980481999848,0.987469152854101,1
"4261","PmetTSAr1.1-004240",17.5796912402623,14.6657068225621,13.1924653626506,12.8412865133387,11.6513695087217,14.3898725513934,13.9971056333512,20.0410294023058,0.0447798916961099,3.89299408613981,0.884844034847682,1
"4262","PmetTSAr1.1-004241",158.262182009523,163.851345190004,155.567064670682,143.451732637668,156.856562011166,133.834295988794,130.520914655905,138.588813493911,-0.149999999444482,7.20627642941984,0.707697990233387,1
"4263","PmetTSAr1.1-004242",54.717350995906,27.9332630961172,22.9331387128513,24.2528215385944,21.2637493534171,19.7613377473948,21.6452247294188,22.4187786534268,-0.608901880141358,4.75027282405156,0.0694897476859916,1
"4264","PmetTSAr1.1-004243",61.4165172230136,30.2238501657669,23.7369806883533,24.8353128855912,24.3222338494565,21.6554860007216,23.0910335448398,24.3436232852867,-0.585300726445198,4.87038364689373,0.0918133775380311,1
"4265","PmetTSAr1.1-004244",11.2851726376109,13.0890689694266,7.42371706787146,7.51943375214061,11.6513695087217,10.8277430003608,12.6560655726708,10.1903539333758,0.204805457319541,3.41218819363861,0.505921927906178,1
"4266","PmetTSAr1.1-004245",28.7749421835496,37.3633423309087,8.13298939919676,28.833321676342,11.2872642115741,13.2873086427404,24.0758598394019,59.8966358972867,0.0738090148551298,4.72965126846165,0.885320901920623,1
"4267","PmetTSAr1.1-004246",10.3409948472131,8.12117233784878,9.03140101887547,6.43388169637383,7.68262176981336,7.29388431878091,9.01011290769612,8.40704199503505,-0.0633147852917267,3.06127453153418,0.827914271098956,1
"4268","PmetTSAr1.1-004247",61.32659552869,65.8915631074544,50.736614100803,47.870197971374,54.6886156315624,43.4523263487064,45.0296107875324,53.2445993018886,-0.20139438476452,5.72349866689732,0.534891865433463,1
"4269","PmetTSAr1.1-004248",32.8214184281112,42.6584656867222,15.9822698658634,23.2202232416455,28.9099605935157,29.6844129252712,38.1986879784419,36.1474499247803,0.212761171320475,4.95526238621957,0.531339327757814,1
"4270","PmetTSAr1.1-004249",42.6228831093828,47.1503961739572,25.9593673265059,25.1530354384985,33.0607609809978,28.7514742333341,65.4176104600634,42.9127126749937,0.272547458641736,5.28351899242086,0.450354880414093,1
"4271","PmetTSAr1.1-004250",26.9315474499159,30.7890599621739,39.3882567995982,43.6338972659427,34.9541085261651,47.7494985055076,48.6127021996628,41.3275465075797,0.294682807452116,5.294339325926,0.346603035539189,1
"4272","PmetTSAr1.1-004251",46.6243985067827,19.21713307784,30.5932798911645,20.7843503360225,41.1074880479587,16.5101877603413,17.3497057850521,12.1435051039395,-0.428293005737869,4.6769342754824,0.296601506873837,1
"4273","PmetTSAr1.1-004252",29.4043940438147,13.3865478096408,23.3587021116465,14.0062692073323,25.4509602706139,11.6475982144874,7.96242536028959,11.5773743298631,-0.501242249035918,4.09896679384398,0.204735093981067,1
"4274","PmetTSAr1.1-004253",62.9451860265147,56.8779542489629,51.0203230333331,58.1697040614539,55.8173420527198,60.0755975868583,50.8547535511127,54.942991624118,-0.0469502589001863,5.8175888744932,0.885383153369506,1
"4275","PmetTSAr1.1-004254",19.1533208909252,15.3796560390763,18.5356502586345,25.3383735943611,17.1493594956497,19.4786290528684,15.4010069468759,16.7857774513663,-0.188919061731391,4.20661272778782,0.522148174666783,1
"4276","PmetTSAr1.1-004255",17.8494563232331,15.3499081550548,18.1573716819276,22.9025006887381,18.1324437979481,19.2241912277947,13.494215610596,16.0498074450669,-0.151470965332002,4.1460494945245,0.609832189872194,1
"4277","PmetTSAr1.1-004256",113.795904166506,121.668845647625,87.145927108835,106.648870259234,102.932567503613,94.3964331023623,110.614851255181,114.556562134366,-0.0229380781014396,6.73516770227859,0.953480286913375,1
"4278","PmetTSAr1.1-004257",31.4276321660956,25.6129281424461,42.2253461248994,31.269194581965,36.0828349473225,32.7093959567036,24.725426118794,28.4763779360446,-0.0974096110655026,4.982737121817,0.74925506097018,1
"4279","PmetTSAr1.1-004258",45.9050249521939,47.8048496224285,33.1466602839356,41.8599463455433,37.4664350764832,35.8757333353991,42.075131903846,40.3085111142421,-0.115720516200785,5.34406409214703,0.701985233590491,1
"4280","PmetTSAr1.1-004259",16.5006309083792,14.7549504746264,10.7809394361445,13.3708241015176,13.9088223510365,17.8106477551627,16.6163245018675,17.7481997672962,0.254243459339348,3.93098229096127,0.384168321156856,1
"4281","PmetTSAr1.1-004260",19.1533208909252,16.8670502401475,13.6180287614457,16.627480268818,17.4770542630825,19.4503581834158,17.8735495587553,21.7111151858313,0.207220474876974,4.16283335635175,0.471317302556278,1
"4282","PmetTSAr1.1-004261",27.9206860874755,31.5922528307524,30.3568557807228,24.8617897650001,27.7812341723583,22.2774451286797,28.2037487761837,26.9478248460383,-0.124786927175522,4.78407386742365,0.66320349809483,1
"4283","PmetTSAr1.1-004262",38.9360936421155,34.1505708565949,38.820838934538,52.1859293150322,38.0125930222045,50.1525224089819,43.1437732022007,55.0279112402294,0.183213515443668,5.45517495594689,0.559571318389544,1
"4284","PmetTSAr1.1-004263",36.9578163669965,28.9149432688242,64.7802062610439,27.5889083441215,43.6562251279916,38.6462785417578,35.8518678722513,26.2967744558504,-0.130818375701223,5.24352598581027,0.709383473978592,1
"4285","PmetTSAr1.1-004264",74.0954761226402,71.3056779993536,110.599198864658,58.3020884584987,75.1877438609696,63.7225397462488,75.2239659037885,67.2846424989842,-0.159201693792327,6.21951243216996,0.682968045888267,1
"4286","PmetTSAr1.1-004265",82.4581936947343,81.4199585666378,74.6154492554214,62.3000972492495,73.4764489643761,74.4654701382517,77.717462266616,71.7570756141881,-0.016204932325351,6.22566229971801,0.965571016149323,1
"4287","PmetTSAr1.1-004266",87.3139651882083,91.6234827859862,62.1322562240962,74.6647999332272,85.0185868839536,97.1104365698157,115.392306471355,91.2319742424174,0.300130016017599,6.46155689875358,0.441124511388421,1
"4288","PmetTSAr1.1-004267",45.0957297032816,49.173252287414,41.0432255726906,46.0962470509746,43.0372461228407,43.4805972181591,46.8525871200198,45.8565927001912,-0.0175575921923571,5.49642715040594,0.954026477764837,1
"4289","PmetTSAr1.1-004268",71.6226295287414,83.4428146800946,50.6420444566263,75.4591063154955,83.8534499330814,81.957250543201,85.3446276117355,99.4408704665257,0.318197877583617,6.30450016179606,0.409087827016448,1
"4290","PmetTSAr1.1-004269",39.0709761836009,46.3472033053787,64.5910669726905,34.3934663522206,41.362361755962,40.7100520118004,52.6358223817038,47.3568392514937,-0.0178280374190655,5.51936035102026,0.956210286260785,1
"4291","PmetTSAr1.1-004271",20.8168722359117,19.8120907582685,31.9172549096384,21.7110411153356,26.1063498054795,16.4253751519834,15.5267294525647,18.6823155445223,-0.296660204808867,4.42119433771748,0.340905490441749,1
"4292","PmetTSAr1.1-004272",30.1687284455653,35.8759481298375,39.2464023333332,38.576813298834,30.2935607226764,34.7448985572936,40.943629352647,41.7804511268409,0.0386609624400868,5.19056395657584,0.898299457417887,1
"4293","PmetTSAr1.1-004273",207.674153040337,100.399108572306,134.572603663453,148.69415476064,139.925665693805,151.955923307936,85.7846563816463,121.435051039395,-0.244638782271754,7.09123891969405,0.568793862999634,1
"4294","PmetTSAr1.1-004274",70.2738041138875,43.4319106712792,215.382364612449,109.164173803084,121.247063950135,64.6554784381859,29.9638638558266,42.0635165138791,-0.764833435160767,6.44385200454376,0.161538732342824,1
"4295","PmetTSAr1.1-004275",49.9515011967556,43.1641797150864,98.8725629867466,53.74806520016,52.2491101406738,46.8448306830232,41.907501896261,43.2806976781434,-0.414879908578398,5.74950742466234,0.247001400303926,1
"4296","PmetTSAr1.1-004276",10.3409948472131,11.6611705363982,10.2135215710843,8.23430949618214,11.760601097866,9.92307517787636,12.7189268255152,12.0019724104204,0.198805152725768,3.44889659384852,0.492433069230049,1
"4297","PmetTSAr1.1-004277",36.6880512840257,33.6746047122521,67.9482893409636,51.2062847769012,43.7290461874211,52.5555463124563,33.3793252603719,43.6769892199969,-0.128567690613868,5.5049981452119,0.704573824904433,1
"4298","PmetTSAr1.1-004278",25.4478394935767,21.0020061191254,35.2744772779115,23.0348850857828,21.4822125317056,22.1643616508691,26.7369862098145,20.3524013280478,-0.205997487446285,4.61421219386527,0.490246405909492,1
"4299","PmetTSAr1.1-004279",32.0121231791989,21.3589807273825,35.4163317441766,27.8007233793931,28.8007290043714,28.1577859748286,22.0223922464852,23.6076532789873,-0.184074444063801,4.77870197375033,0.537774561563294,1
"4300","PmetTSAr1.1-004280",24.0990140787228,16.3018404437404,28.8437414738955,20.6784428183867,20.4263071699777,19.2807329666999,14.7304869165357,17.0971493771083,-0.329386293757718,4.33853538472626,0.275670586273973,1
"4301","PmetTSAr1.1-004281",63.3947944981327,54.6468629473561,73.622467991566,69.5018084484827,57.8199211870314,49.9828971922661,50.3937710302539,57.9717912654269,-0.272778544448902,5.9002062889136,0.419540575833286,1
"4302","PmetTSAr1.1-004283",18.2091431005275,18.4139402092615,25.0136708847389,21.3138879242014,17.9503911493743,25.0479903350383,26.7160324588664,19.531511705637,0.10645340812158,4.4321936713612,0.720734650972268,1
"4303","PmetTSAr1.1-004284",65.8676410920315,60.4477003315338,62.5578196228913,101.96246260385,64.6286902436906,63.7508106157014,60.7868315005266,83.7590480246085,-0.0918850559555408,6.14026967746183,0.813776190162029,1
"4304","PmetTSAr1.1-004285",33.3609485940528,29.1529263409956,27.4724816333332,27.5359545853036,27.526360464355,23.0407586039009,24.7044723678459,28.108392932895,-0.18492728148137,4.79026580695397,0.516943687986007,1
"4305","PmetTSAr1.1-004286",75.5342232318177,84.5732342729087,53.9046971807227,52.5036518679395,65.3933113677005,56.965801947068,62.5888540820658,62.9820486160033,-0.104326671647727,6.00823149375132,0.772677741558579,1
"4306","PmetTSAr1.1-004287",76.5233618693772,81.3307149145735,54.8031088004014,54.3835103059747,67.2866589128677,58.4641580280579,60.4934789872528,65.1899586349014,-0.0869256704168291,6.01946415839088,0.810496201047656,1
"4307","PmetTSAr1.1-004288",5.9797926725189,7.73444984557027,8.46398315381523,6.91046552573485,8.19236918581994,8.73569866086551,7.29190532994942,7.27478044688218,0.114288440313289,2.93252151533631,0.69426044161777,1
"4308","PmetTSAr1.1-004289",17.1750436158062,20.0203259464184,15.3202823566264,20.519581541933,16.7852541985022,21.8533820868901,22.483374767344,22.6169244243536,0.196713565142638,4.29762678079009,0.495719311736877,1
"4309","PmetTSAr1.1-004290",53.2336430395667,52.9214856741135,49.3653542602408,41.2774549985465,57.128121122451,40.823135489611,39.1206530201597,46.677482322602,-0.0990786870127911,5.57362288770367,0.755343185496752,1
"4310","PmetTSAr1.1-004291",16.0060615895995,15.4391518071191,8.32212868755017,12.4706102016135,10.559053617279,12.0999321257296,14.9190706750689,15.6818224419172,0.0278725684017909,3.72832954839269,0.931526330615799,1
"4311","PmetTSAr1.1-004292",35.9237168822752,38.1962830835085,26.6686396578312,32.3812235171407,32.587424094706,36.1019002910203,41.8027331415203,37.9307618631211,0.156368710144754,5.14020477677446,0.600277162342159,1
"4312","PmetTSAr1.1-004293",30.9780236944776,39.6241815165369,22.7912842465863,34.8170964227637,28.0725184100763,36.752130288431,46.4335121010572,39.374395337016,0.232183643877122,5.12631473030446,0.463139553459145,1
"4313","PmetTSAr1.1-004294",49.5018927251376,48.9650170992641,43.3128970329316,46.413969603882,54.0696366264116,56.2307593412994,40.6921843412694,53.6408908437422,0.120621735710077,5.61955133138995,0.70136948306183,1
"4314","PmetTSAr1.1-004295",37.5872682272616,38.7614928799156,36.4565978301203,31.9840703260065,37.6848982547717,38.8441746279263,43.2275882059932,43.507149987774,0.17347608559827,5.26940839119736,0.556051166159276,1
"4315","PmetTSAr1.1-004296",22.5253844280599,19.4551161500114,26.4795003694778,18.6926768627157,21.0816967048433,16.4253751519834,16.5744169999712,18.4841697735956,-0.263706648975642,4.32314708365019,0.362149841393099,1
"4316","PmetTSAr1.1-004297",23.1098754411633,25.3749450702748,20.5688976084337,32.8578073465017,22.2104231260007,39.6923007115054,39.9378493071367,34.1659922155128,0.415912218550284,4.89794422308069,0.188587050271235,1
"4317","PmetTSAr1.1-004298",31.2477887774484,36.3519142741802,28.3236084309236,37.2529693283867,31.3494660844043,40.7100520118004,40.1892943185143,37.9590684018249,0.173310888521869,5.14940350337619,0.559725957587089,1
"4318","PmetTSAr1.1-004299",138.839096035627,137.554215715065,154.621368228915,125.500408398403,131.878938626844,103.386569588302,111.683492553536,130.181771498876,-0.222017504543407,7.0141460746877,0.576326052896245,1
"4319","PmetTSAr1.1-004300",50.4460705155354,49.173252287414,46.4336952907629,53.4832964060705,45.6588042623031,53.827735437825,55.8207925258197,52.3670966020702,0.0576829868894026,5.67146213823334,0.854467174118397,1
"4320","PmetTSAr1.1-004301",21.626167484824,13.9220097220265,37.7805728485942,34.9230039403995,27.7084131129288,31.1544981368084,15.6105444563572,17.6915866898886,-0.23224658693819,4.64988161373878,0.529138106712723,1
"4321","PmetTSAr1.1-004302",1.79843388647185,1.10067170879269,1.74953841726907,4.84526893183708,2.4395054908886,2.65746172854809,2.51445011377566,2.6042015607516,0.0928073785050329,1.34227279001992,0.804585950231824,1
"4322","PmetTSAr1.1-004303",95.6766827603024,67.2302178884185,75.5138608751001,120.761046984202,93.9755771937834,92.304388762867,52.5939148798076,67.9073863504683,-0.227688521210218,6.38030738196472,0.578885348977287,1
"4323","PmetTSAr1.1-004304",62.9002251793529,60.8939185918551,48.987075683534,48.9027962683229,56.3999105281559,56.6265515136363,66.8215117735882,58.6228416556148,0.105401303957643,5.8475662465372,0.752454214177587,1
"4324","PmetTSAr1.1-004305",4.54104556334142,6.00907257232767,6.61987509236945,3.86562439370609,5.20670574921,3.3925043343167,3.18497014411584,4.07614157335033,-0.40855361428811,2.22121381868496,0.184155756840245,1
"4325","PmetTSAr1.1-004306",38.8911327949537,36.3519142741802,75.0882974763049,93.304523037125,47.6613833966146,76.1334514359574,56.5541738090042,42.714566904067,-0.1273299909212,5.86793593923725,0.752638957360073,1
"4326","PmetTSAr1.1-004307",10.7906033188311,10.0250369152199,7.80199564457828,17.07758721877,9.21186401783308,19.7896086168474,19.1936358684875,18.1444913091497,0.536384891531716,3.81584118003841,0.12141427866646,1
"4327","PmetTSAr1.1-004308",11.7347811092288,11.0364649719483,9.36239477349394,9.74349162249205,11.0323905035708,12.8915164704035,14.9190706750689,11.1527762493058,0.2565354779281,3.52987454413542,0.373141811754035,1
"4328","PmetTSAr1.1-004309",25.4478394935767,20.4070484386969,21.420024406024,38.9474896105593,25.0868549734664,43.9329311294013,26.485541198437,26.2684679171466,0.196424279132214,4.8363434465528,0.553200527788054,1
"4329","PmetTSAr1.1-004310",23.379640524134,20.4070484386969,18.9612136574296,17.3423560128595,19.9529702836859,17.9802729718785,22.3366985107071,19.7013509378599,-0.00145687217936904,4.32682270844211,0.996419229088673,1
"4330","PmetTSAr1.1-004311",92.7991885419474,94.7470106082358,74.1426010345379,88.1680084317895,83.9626815222257,109.238639564998,112.731180100942,99.5257900826372,0.212784510436847,6.56196528641387,0.583174057344403,1
"4331","PmetTSAr1.1-004312",54.8522335373914,48.4593030708999,45.913562247791,37.0941080519331,47.1152254508933,42.1235954844324,46.6640033614866,49.055231573723,-0.010323168734677,5.53816385997274,0.973741461930713,1
"4332","PmetTSAr1.1-004313",13.0836065240827,10.4117594074984,67.7591500526102,36.0350328755752,24.7227496763188,32.6245833483456,8.04624036408211,10.5583389365255,-0.744868474303559,4.66913890266088,0.172964743002945,1
"4333","PmetTSAr1.1-004314",19.9626161398375,13.9517576060479,7.75471082248993,7.8636331844569,9.97648514184294,8.59434431360232,11.2521642591461,15.3704505161752,-0.131052856997546,3.57261744998018,0.716265175788628,1
"4334","PmetTSAr1.1-004315",19.1533208909252,20.5260399747826,13.1451805405622,22.6906856534666,17.7319279710858,20.609463830974,21.6452247294188,26.042015607516,0.187036502089584,4.34076020189669,0.535251198233999,1
"4335","PmetTSAr1.1-004316",15.8262182009523,21.9836862918324,7.84928046666664,13.7150235338339,11.9426537464397,16.7363547159624,19.0469596118506,16.5876316804395,0.114429710291721,3.957264050425,0.737200538050075,1
"4336","PmetTSAr1.1-004317",38.7562502534683,49.3219917075211,22.082011915261,31.7987321701439,30.6212554901092,42.6324711345799,53.8511399366954,42.0352099751752,0.252598895664569,5.2839189755084,0.456682457274131,1
"4337","PmetTSAr1.1-004318",38.3516026290122,45.3655231326717,91.1178521642567,40.6949636515497,54.9434893395657,50.1242515395293,59.0476701718318,51.602820057067,0.00173529999040296,5.75381912523617,0.997181792259327,1
"4338","PmetTSAr1.1-004319",8.00303079479973,9.1326003945772,15.4621368228915,10.9614280753036,11.8698326870102,14.6443103764671,11.0007192477685,10.7847912461561,0.150001213762933,3.52882553825284,0.631404703668596,1
"4339","PmetTSAr1.1-004320",15.9611007424377,13.4757914617051,14.989288602008,27.6418621029394,17.404233203653,21.7120277396269,17.014445769882,17.6915866898886,0.0333269374104985,4.1940677193896,0.916178207055773,1
"4340","PmetTSAr1.1-004321",76.2535967864064,65.1181181228973,69.1304098931724,53.4832964060705,73.4764489643761,49.5588341504765,48.5917484487146,60.0381685908059,-0.188406050095944,5.95440412407725,0.596121567280245,1
"4341","PmetTSAr1.1-004322",4.7208889519886,3.74823338669944,6.33616615983933,7.36057247568693,5.68004263550182,6.16304954067535,4.08598143488545,4.89703119576116,-0.0922536573740062,2.44179946239389,0.772740836578013,1
"4342","PmetTSAr1.1-004323",115.729220594463,101.589023933163,152.115272658232,102.862676503754,127.400443471929,113.620624330157,110.153868734322,115.717130221223,-0.0165212920822736,6.87594976336574,0.967012576992659,1
"4343","PmetTSAr1.1-004324",21.5812066376622,20.7045272789112,25.8175128602409,15.9390814041854,19.8437386945416,15.2379986349725,17.978318313496,16.7574709126625,-0.266600619180193,4.26940637331628,0.362118467941568,1
"4344","PmetTSAr1.1-004325",27.8307643931519,25.5236844903819,33.997787081526,33.3608680552717,33.1335820404273,35.734378988136,29.9638638558266,28.7594433230829,0.0799327177781888,4.95879497249008,0.784144613124858,1
"4345","PmetTSAr1.1-004326",18.3889864891747,26.7135998512388,22.885853890763,21.3403648036103,29.2012448312337,23.6344468624064,28.5180550404056,24.3436232852867,0.242231736295292,4.61139731513603,0.401392343565775,1
"4346","PmetTSAr1.1-004327",37.3624639914527,32.5144372354165,47.0956827999998,29.7600124556551,45.1854673760113,30.6173516172083,28.9371300593682,29.4104937132708,-0.129147146533463,5.13591616163699,0.681437041453218,1
"4347","PmetTSAr1.1-004328",21.4912849433386,19.6038555701185,66.8134536108431,20.996165371294,19.6616860459678,21.6554860007216,20.387999672531,22.8999898113918,-0.60623155250932,4.74023814645557,0.124810602465199,1
"4348","PmetTSAr1.1-004329",40.0601148211604,49.6789663157782,41.3742193273091,40.4566717368692,45.5495726731588,42.3214915706009,48.2564884335445,41.4973857398026,0.049932757866063,5.44999057396954,0.868340475416939,1
"4349","PmetTSAr1.1-004330",15.6463748123051,21.3589807273825,10.5918001477911,16.7069109070448,15.9114014853481,17.0473342799414,23.3634323071655,22.0224871115733,0.283899729787102,4.16220071330487,0.366476720121808,1
"4350","PmetTSAr1.1-004331",17.2649653101297,14.2789843302836,18.5356502586345,15.8861276453675,16.6032015499284,18.7153155776472,14.2275968937806,16.361179370809,-0.000739067140253113,4.04804234634559,0.998975629732586,1
"4351","PmetTSAr1.1-004332",5.9797926725189,5.20587970374922,14.5637252032128,11.252673748802,11.9426537464397,11.3366186505083,6.09754152590598,5.06687042798409,-0.103771204365327,3.16715181224332,0.796547672974592,1
"4352","PmetTSAr1.1-004334",35.3841867163336,34.4480496968091,31.7754004433734,33.228483658227,32.6966556838502,42.4911167873167,44.631489519518,41.0161745818377,0.254578165974547,5.2104524608513,0.387750299134536,1
"4353","PmetTSAr1.1-004335",37.5423073800998,29.5396488332741,30.8769888236947,36.1938941520289,30.4756133712502,26.0657416353333,26.00360492663,33.0620372060638,-0.214783625340855,4.96706808528813,0.460590646992937,1
"4354","PmetTSAr1.1-004336",60.2924960439687,50.154932460121,48.3723729963854,53.5362501648884,60.0409634996314,59.1992006338265,52.4891461250669,57.8019520332039,0.112166787644631,5.78913297699674,0.72789707775296,1
"4355","PmetTSAr1.1-004337",4.31624132753244,3.30201512637807,8.46398315381523,2.1975809909425,5.24311627892476,1.21564738646349,11.566470523368,5.23670966020702,0.354325580191631,2.3933394448517,0.502763996703803,1
"4356","PmetTSAr1.1-004338",4.49608471617962,3.30201512637807,2.36424110441766,2.96541049380193,2.80361078803616,3.73175476774837,5.78323526168402,3.73646310890447,0.296942426025411,1.89406847588402,0.348789942587921,1
"4357","PmetTSAr1.1-004339",51.9297784718746,49.173252287414,74.0480313903612,36.8558161372526,44.2752041331424,55.9197797773203,69.4616843930526,48.9986184963154,0.0451932822670252,5.75197232500849,0.898159832784458,1
"4358","PmetTSAr1.1-004340",81.3341725156894,92.3969277705432,64.5437821506022,66.9865049046329,65.1020271299824,88.4312796478554,90.876417862042,76.1162825745766,0.0704293507283402,6.29074033970879,0.855045323170919,1
"4359","PmetTSAr1.1-004341",80.6597598082624,49.2922438234997,176.892519432529,127.724466268755,132.170222864562,92.6436391962987,37.1510004310354,54.5750066209683,-0.45726570625049,6.55352389899972,0.365476047668574,1
"4360","PmetTSAr1.1-004342",42.3980788735738,46.5851863775501,49.0343605056223,83.8522770881313,53.268604972687,76.868494041726,78.7232423121263,74.8991014103123,0.354689180698224,5.98362814061058,0.347467202859153,1
"4361","PmetTSAr1.1-004343",70.4536475025347,73.1500468086819,53.6682730702809,43.95161981885,60.8784056830708,62.9592262710275,67.4501243020321,50.5554781250256,0.00381722473129306,5.91752969929806,0.991974337904249,1
"4362","PmetTSAr1.1-004344",11.5099768734198,11.9586493766125,12.4831930313253,9.82292226071889,11.8334221572955,14.3050599430354,13.2846781011147,13.2191535746847,0.202811692454493,3.62816168144194,0.47586524651735,1
"4363","PmetTSAr1.1-004345",13.6231366900243,13.7137745338765,12.3886233871485,13.6355928956071,12.8893275190234,13.5982882067195,12.8027418293077,17.9746520769268,0.101500217482319,3.79614603075803,0.724999386306441,1
"4364","PmetTSAr1.1-004346",35.3841867163336,38.4640140397014,36.9294460510039,26.7681250824442,32.6238346244207,39.0420707140947,37.737705457583,35.8643845377421,0.0792343588628319,5.14619967380855,0.79107301920098,1
"4365","PmetTSAr1.1-004347",108.805250131547,121.401114691432,201.196917985943,93.9664450223487,83.8898604627961,111.61339259902,92.2384116736705,111.159777489908,-0.397146068068614,6.85279037145945,0.344809833413508,1
"4366","PmetTSAr1.1-004348",43.5221000526187,38.1070394314443,25.8175128602409,33.228483658227,35.9007822987487,38.2787572388735,25.3959461491342,38.9214907177549,-0.0228565168036026,5.12748371505897,0.943070161863438,1
"4367","PmetTSAr1.1-004349",26.3020955896508,22.162173595961,38.1588514253011,36.6969548607989,41.216719637103,34.9145237740094,27.9523037648061,31.0805794967962,0.132102010408867,5.0165526673609,0.672719080128754,1
"4368","PmetTSAr1.1-004350",28.909824725035,23.0843580006251,19.2922074120481,18.6397231038978,23.5212021957319,18.9697534027209,22.315744759759,21.428049798793,-0.0600823241865189,4.46454546325163,0.837937519817878,1
"4369","PmetTSAr1.1-004351",21.401363249015,19.6930992221828,14.8947189578313,13.2384397044729,18.3873175059514,16.0013121101938,21.4566409708856,16.2479532159937,0.0592578338181358,4.14784059972512,0.846414866113756,1
"4370","PmetTSAr1.1-004352",5.71002758954812,4.72991355940643,5.48503936224898,3.04484113202877,5.06106363035098,3.76002563720101,5.07080772944758,4.16106118946179,-0.0652800811647774,2.22718882884437,0.823983878077467,1
"4371","PmetTSAr1.1-004354",82.0085852231163,76.6900450072313,89.2264592807226,64.5771088784188,82.9067761604978,60.725827584269,62.9031603462878,71.6155429206689,-0.167944683212775,6.20721893700483,0.657474639391634,1
"4372","PmetTSAr1.1-004355",29.0447072665204,24.7502395058248,24.5408226638553,27.6948158617573,29.8930448958141,28.0164316275654,30.8020138937518,26.8912117686306,0.12471274154192,4.79530469933948,0.660315090224542,1
"4373","PmetTSAr1.1-004356",27.6509210045047,26.1483900548318,23.4532717558232,28.8597985557509,27.0166130483484,30.7304350950188,31.5982564297808,30.1747702582739,0.17153012088397,4.82119718584037,0.546518264419801,1
"4374","PmetTSAr1.1-004357",7.23869639304919,6.48503871667045,10.4972305036144,9.4787228284026,8.73852713154126,7.83103083838106,6.34898653728354,8.18058968540448,-0.116222530941331,3.02792048425383,0.702167273987542,1
"4375","PmetTSAr1.1-004358",13.6231366900243,16.9860417762332,15.7458457554216,18.2160930333547,13.1077906973119,15.2097277655199,17.7687808040147,16.672551296551,-0.0412977663478605,3.99839790168393,0.887818278289772,1
"4376","PmetTSAr1.1-004359",13.1285673712445,15.3796560390763,17.0698207738955,17.6600785657668,13.2170222864562,18.7718573165524,18.4393008343548,16.8423905287739,0.0893668251258426,4.03383135693605,0.761597580922534,1
"4377","PmetTSAr1.1-004360",27.3811559215339,17.5215036886188,33.0993754618473,19.0898300538499,24.103770671168,22.1078199119639,18.6907458457324,18.4275566961879,-0.219402626877181,4.498318242935,0.479765137923857,1
"4378","PmetTSAr1.1-004362",53.7282123583465,54.4088798751847,43.3128970329316,48.9557500271408,45.3311094948703,41.8974285288113,44.1705069986591,46.3094973194523,-0.173510833613783,5.56452259605467,0.573390483660916,1
"4379","PmetTSAr1.1-004363",158.801712175464,175.691003030531,121.569277589156,118.086882163898,154.198593341989,142.174202477323,208.447914432002,188.238482380414,0.271569744411396,7.30804964201523,0.514534759302591,1
"4380","PmetTSAr1.1-004364",48.3778715460927,41.7065333980366,36.1728888975902,37.5177381224762,39.2869615622209,30.0802050976081,36.6690641592284,41.9502903590638,-0.146198866102528,5.28645573864962,0.62920498574106,1
"4381","PmetTSAr1.1-004365",11.5099768734198,10.9174734358626,10.4499456815261,10.3259829694889,10.4498220281348,12.5239951675192,11.2312105081979,12.3416508748663,0.107990267981747,3.49586610681785,0.702264794753406,1
"4382","PmetTSAr1.1-004366",37.9919158517178,40.1001476608797,40.6176621738954,28.9921829527957,38.6315720273553,29.0907246667657,32.8135739847724,35.7794649216306,-0.115565759667059,5.15211326603074,0.699886072147734,1
"4383","PmetTSAr1.1-004367",34.9795390918775,33.1688906838879,34.7543442349396,23.2996538798723,34.371540050729,23.0124877344483,27.3236912363622,25.1362063689937,-0.200007985033291,4.8855235951476,0.507877500259929,1
"4384","PmetTSAr1.1-004368",64.9684241487955,57.7703907696056,45.7717077815259,51.6299148474443,55.7445209932903,52.3859210957404,67.3034480453952,64.6804409382326,0.125370260063759,5.84789741241257,0.710249201240946,1
"4385","PmetTSAr1.1-004369",6.51932283846045,7.10974428112036,6.85629920281122,5.69252907292335,5.93491634350511,6.47402910465438,8.42340788114846,6.39727774706371,0.0595187528930661,2.75262716319026,0.843856769125424,1
"4386","PmetTSAr1.1-004370",7.37357893453458,6.63377813677757,7.70742600040158,7.49295687273166,6.5903058783707,8.3681773579812,10.5397367269096,8.74672045948091,0.231916886734225,2.99964588024844,0.431102259033601,1
"4387","PmetTSAr1.1-004371",11.1952509432873,13.7732703019194,16.2659787983935,15.7007894895049,11.5421379195774,11.4497021283189,12.2579443046563,12.7379424167198,-0.246757864199751,3.71979065077248,0.391967910340332,1
"4388","PmetTSAr1.1-004372",9.21697366816823,10.9472213198841,13.8071680497991,13.4502547397445,14.3821592373283,19.6199834001316,13.0332330897372,11.1810827880096,0.295296027146352,3.7300356534547,0.339177729348946,1
"4389","PmetTSAr1.1-004373",13.7580192315096,12.0776409126982,32.9575209955822,22.1876249446966,22.2104231260007,23.35173816788,12.6560655726708,15.3704505161752,-0.137866137599875,4.27590183129896,0.705879905308793,1
"4390","PmetTSAr1.1-004374",42.2182354849267,28.0820025162243,40.7595166401605,39.1593046458308,39.1049089136472,32.907292042872,25.8150211680968,30.3729160292007,-0.228700986686089,5.1233059197287,0.455972318764272,1
"4391","PmetTSAr1.1-004375",69.4195480178134,64.9098829347474,54.1884061132528,45.3813713069331,61.8614899853692,42.2084080927903,52.4472386231706,51.9708050602167,-0.165874505290272,5.79062604825834,0.621007041790427,1
"4392","PmetTSAr1.1-004376",40.8694100700728,43.6103979754077,35.2271924558232,45.3284175481152,39.1049089136472,31.2958524840716,40.5874155865288,35.5530126120001,-0.171734908096113,5.28576227583866,0.565950679857768,1
"4393","PmetTSAr1.1-004377",4.8108106463122,4.87865297951355,46.6701194012046,112.182538055703,31.9320345598404,61.9414749707325,2.93352513273827,2.71742771556688,-0.760249887780581,5.06932645117423,0.409041590086309,1
"4394","PmetTSAr1.1-004378",26.9765082970777,31.562504946731,21.5618788722891,24.9412204032269,23.4119706065876,24.9631777266804,30.508661380478,27.7404079297453,0.0214746724786094,4.72923403280818,0.942221712969968,1
"4395","PmetTSAr1.1-004379",19.7378119040285,19.5443598020756,12.5304778534136,20.3871971448883,15.62011724763,18.7435864470998,21.0585197028712,20.0693359410096,0.0637903354821869,4.2117528661174,0.8312268877248,1
"4396","PmetTSAr1.1-004380",18.4789081834982,13.1485647374695,47.6158158429717,17.5541710481311,13.836001291607,13.9658095096038,13.3056318520629,16.3894859095128,-0.749817368007271,4.27229072077987,0.0492003123736962,1
"4397","PmetTSAr1.1-004381",9.80146468127158,7.97243291774166,32.531957596787,10.4054136077157,8.77493766125602,8.62261518305496,8.61199163968164,9.9072885463376,-0.754720232745542,3.59859684608656,0.0657001028340386,1
"4398","PmetTSAr1.1-004382",27.8307643931519,26.1483900548318,28.7491718297188,19.8576595567094,27.0530235780632,22.7015081704693,21.4775947218338,25.1645129076975,-0.0893734080547959,4.63967676510469,0.758659292999055,1
"4399","PmetTSAr1.1-004383",32.8214184281112,28.40922924046,26.4322155473895,47.393614142013,25.9242971569058,36.356338116094,31.1163201579738,31.0239664193886,-0.118790579898884,5.02242447541,0.703857267805415,1
"4400","PmetTSAr1.1-004384",35.519069257819,28.0225067481815,33.3830843943774,29.7600124556551,33.024350451283,32.7376668261562,25.6473911605117,30.4295291066083,-0.0561070440494674,4.95985036545167,0.846772344601773,1
"4401","PmetTSAr1.1-004385",32.5066924979787,38.791240763937,15.131143068273,32.3812235171407,21.9919599477122,42.2932207011482,40.9645831035951,36.1757564634842,0.250955467171836,5.02698323909161,0.476670445827972,1
"4402","PmetTSAr1.1-004386",41.8135878604705,46.1092202332074,43.6911756096384,50.9944697416296,40.7797932805259,59.397096719995,67.4501243020321,68.3602909697294,0.369954261334454,5.71137325774355,0.263443600996441,1
"4403","PmetTSAr1.1-004387",12.5890372053029,14.100497026155,62.6051044449797,32.2753159995049,20.82682299684,36.3846089855466,9.84826294562134,13.5588320391306,-0.592335976724572,4.66192684358486,0.234185323178535,1
"4404","PmetTSAr1.1-004388",71.5776686815796,77.9692040201526,78.4928046666664,58.8581029260865,78.6103336541566,71.7797375402509,84.3807550681215,82.2871080120097,0.144303430007002,6.23947467558696,0.701027679046253,1
"4405","PmetTSAr1.1-004389",45.9949466465175,50.8093859085924,29.2220200506023,32.725422949457,41.2895406965325,37.7416107192733,52.2796086155856,49.6496688865033,0.188884184495924,5.41043318716078,0.557652372769842,1
"4406","PmetTSAr1.1-004390",19.8726944455139,16.3910840958047,66.5770295004014,39.8477035104634,17.9503911493743,31.1544981368084,40.5874155865288,32.6374391255064,-0.221201190698683,5.0523779748454,0.603362352481773,1
"4407","PmetTSAr1.1-004391",60.8769870570721,69.3125697699181,53.810127536546,77.8155485828917,69.8718065226154,75.2570544829256,83.1235300112337,77.163624506618,0.222064503850804,6.14920211435542,0.553915332576229,1
"4408","PmetTSAr1.1-004392",86.2349048563252,100.518100108392,50.6420444566263,77.9214561005275,84.1811447005142,94.4247039718149,120.609790457439,100.516518937271,0.342141438071491,6.48305904710646,0.396576969840088,1
"4409","PmetTSAr1.1-004393",35.3841867163336,44.1161120037719,244.084251620079,36.3262785490736,28.2909815883648,44.3287233017383,44.8619807799474,45.1206226938918,-1.14582296618251,6.02981179456083,0.0463472246184194,1
"4410","PmetTSAr1.1-004394",44.8259646203108,26.1483900548318,31.2552674004015,28.8597985557509,35.3182138233126,30.7587059644714,26.0455124285262,26.9195183073345,-0.138757332217681,4.96897247771653,0.650931408818642,1
"4411","PmetTSAr1.1-004395",46.6693593539445,45.0382964084361,46.1499863582328,38.0207988312462,47.9526676343327,41.6429907037375,52.0910248570524,46.5642561677867,0.0983356151075796,5.51024136342144,0.746312047296127,1
"4412","PmetTSAr1.1-004396",63.3048728038091,66.5757644399471,52.4388676959837,67.886718804537,63.7912480602512,64.7968327854491,64.7470904297233,78.7204841353282,0.120644115767393,6.0300753698811,0.735230128849271,1
"4413","PmetTSAr1.1-004397",4.22631963320885,6.27680352852048,3.83007058915661,6.83103488750802,4.40567409548539,5.34319432654881,4.12788893678171,6.48219736317517,-0.0626654006109963,2.394720943478,0.853335217253778,1
"4414","PmetTSAr1.1-004398",5.03561488212118,7.61545830948457,6.14702687148592,6.22206666110226,4.66054780348867,6.61538345191757,7.12427532236437,5.09517696668791,-0.0904873041698078,2.6160329504596,0.760381481875671,1
"4415","PmetTSAr1.1-004399",22.2556193450891,21.7754511036824,19.1030681236947,17.3423560128595,20.2806650511187,17.7258351468048,21.8757159898482,20.324094789344,-0.00443827169152047,4.33243005294849,0.988373537079772,1
"4416","PmetTSAr1.1-004401",98.6890595201427,75.9166000226743,108.282242582329,83.9846614851761,97.0340616898228,85.7738179193073,78.3041672931637,89.8166473072263,-0.0640188012698459,6.48832150286767,0.868464296596189,1
"4417","PmetTSAr1.1-004402",59.2583965592474,55.3608121638702,54.0465516469878,45.4078481863421,56.8004263550182,54.6193197824989,60.7449239986303,57.2924343365352,0.100297743505449,5.79447456404185,0.757390797585978,1
"4418","PmetTSAr1.1-004403",38.8911327949537,40.1298955449011,37.4968639160641,37.6765993989299,46.7511201537458,42.858638090201,39.2463755258484,39.374395337016,0.125501603768732,5.33502520885192,0.670545534720357,1
"4419","PmetTSAr1.1-004404",120.719874629423,100.904822600671,84.4034074277105,90.4450200609589,109.304410203695,79.1867053368424,85.9732401401795,96.7800558283664,-0.094877895142349,6.58529708959384,0.809059922342078,1
"4420","PmetTSAr1.1-004405",16.77039599135,14.7549504746264,17.5899538168674,14.7740987101918,18.751422803099,18.0368147107838,14.0180593842993,15.1723047452484,0.0465897642762003,4.02598851196526,0.873245015857045,1
"4421","PmetTSAr1.1-004406",18.748673266469,13.0295732013838,37.8278576706826,35.7437872020768,21.7734967694237,33.303084215209,28.8742688065238,30.1464637195701,0.115494582202963,4.78102560135413,0.750310487336025,1
"4422","PmetTSAr1.1-004407",8.27279587777051,9.48957500283429,8.65312244216864,6.96341928455275,10.267769379561,9.72517909170788,9.68063293803629,8.37873545633123,0.189308531018961,3.16847006526578,0.509545317924232,1
"4423","PmetTSAr1.1-004408",7.86814825331434,8.12117233784878,6.99815366907628,6.61921985223645,7.46415859152483,8.33990648852856,8.52817663588911,7.5578458339204,0.107981426299483,2.95424854831863,0.7067467760551,1
"4424","PmetTSAr1.1-004409",7.28365724021099,6.21730776047764,8.13298939919676,6.32797417873805,7.50056912123959,7.8593017078337,7.50144283943072,6.56711697928664,0.0762421917148152,2.85452648457757,0.795412923597032,1
"4425","PmetTSAr1.1-004410",81.8737026816309,105.456248855948,157.174748621686,127.194928680576,102.968978033328,118.79419343999,146.739117889758,92.3642357905703,-0.0334463108360321,6.86583883449479,0.935962785352754,1
"4426","PmetTSAr1.1-004411",43.2972958168098,39.3267026763227,38.8681237566264,29.6541049380193,42.4182671176899,34.5470024711251,38.3244104841307,37.4495507051561,0.0154081322464509,5.24956933208789,0.960290810637789,1
"4427","PmetTSAr1.1-004412",12.4091938166558,9.9952890311985,7.23457777951804,11.4909656634825,9.61237984469539,7.37869692713883,5.17557648418823,6.79356928891721,-0.509300129421751,3.14017052232799,0.107950879574293,1
"4428","PmetTSAr1.1-004413",122.967916987513,92.5754150746718,80.053203795582,109.190650682492,86.584239661688,66.2951888664389,48.6965172034553,80.6736353058919,-0.520321482192303,6.42513731825087,0.195353034553069,1
"4429","PmetTSAr1.1-004414",15.5564531179815,16.7778065880832,16.5024029088353,14.4828530366934,17.7683385008006,12.4674534286139,16.6791857547119,16.7857774513663,0.00870814391715962,3.99437797554076,0.978002882487987,1
"4430","PmetTSAr1.1-004415",33.3609485940528,37.6905690551443,33.9032174373493,38.3649982635625,29.2012448312337,38.6462785417578,46.4125583501091,41.8653707429523,0.123564048766095,5.22876710680176,0.6828244479212,1
"4431","PmetTSAr1.1-004416",10.7906033188311,7.05024851307751,9.45696441767065,11.3850581458467,11.8334221572955,9.66863735280261,6.24421778254289,8.88825315300002,-0.0801379923050768,3.2434147691615,0.802852621373184,1
"4432","PmetTSAr1.1-004417",57.0103542011576,43.9971204676862,50.2637658799195,65.2655077430514,56.1814473498674,46.8448306830232,36.8157404158653,50.6403977411371,-0.185244514017069,5.67058871892525,0.572309207738873,1
"4433","PmetTSAr1.1-004418",22.2106584979273,22.6381397403037,15.8877002216867,17.1834947364058,21.9919599477122,21.5424025229111,27.2189224816215,22.0224871115733,0.251875604192314,4.41976766259374,0.387760989518213,1
"4434","PmetTSAr1.1-004419",69.8241956422695,79.0698757289452,44.1167390084336,84.8848753850802,42.9280145336965,58.8599502003948,76.9212197305871,79.7678260673696,-0.104588944486054,6.06861165936933,0.796212120441232,1
"4435","PmetTSAr1.1-004420",25.4928003407385,21.9241905237896,40.4758077076304,24.5440672120928,35.3910348827421,26.404992068765,26.2760036889557,25.0229802141784,0.00898903939103421,4.81989460442985,0.978878692392733,1
"4436","PmetTSAr1.1-004421",27.9206860874755,21.9241905237896,57.8766222361444,23.9086221062781,36.0828349473225,40.7100520118004,25.6683449114599,34.137685676809,0.0543194891661477,5.06943124864027,0.881056153585506,1
"4437","PmetTSAr1.1-004422",32.0570840263607,30.580824774024,32.0591093759035,32.0635009642334,33.0607609809978,29.147266405671,29.7333725953972,33.1752633608791,-0.0189035171411768,4.97932765923128,0.947710836125869,1
"4438","PmetTSAr1.1-004423",52.6491520264634,53.2487123983491,28.9383111180722,46.6787383979714,54.4701524532739,46.5055802495915,51.0433373096459,54.2636346952262,0.184175037083623,5.60113365354894,0.575086205714401,1
"4439","PmetTSAr1.1-004424",61.3715563758518,66.1890419476686,67.9482893409636,54.1187415118852,51.921415373241,63.1005806182907,63.7832178861092,60.6892189809938,-0.0596054385512692,5.93547721883247,0.860966048098184,1
"4440","PmetTSAr1.1-004425",7.82318740615254,7.82369349763454,5.39046971807227,5.61309843469651,7.06364276466252,8.08546866345481,7.77384160175642,7.33139352428982,0.183222423394383,2.84343449127775,0.535439344330326,1
"4441","PmetTSAr1.1-004426",8.76736519655026,7.13949216514178,6.19431169357427,6.16911290228437,8.99340083954455,8.87705300812871,7.31285908089755,6.9067954437325,0.18303868091081,2.92698982935712,0.532617840723416,1
"4442","PmetTSAr1.1-004427",26.257134742489,21.8646947557467,29.7894379156625,40.1919029427797,29.2740658906632,26.4332629382177,22.2738372578627,29.5237198680861,-0.136292265298715,4.82077942373863,0.658422324864171,1
"4443","PmetTSAr1.1-004428",24.9982310219587,21.8944426397681,26.6213548357429,26.1062030972206,25.4509602706139,27.7619938024917,24.9140098773272,23.3528944306529,0.0268601059597421,4.6552392430269,0.925613616683011,1
"4444","PmetTSAr1.1-004429",8.63248265506487,8.53764271414872,9.92981263855418,6.5927429728275,10.0493062012725,8.05719779400217,8.71676039442229,8.03905699188537,0.0508141457067291,3.10876419841582,0.867108111716392,1
"4445","PmetTSAr1.1-004430",20.3672637642937,16.3613362117833,18.2992261481927,24.0145296239138,20.3534861105482,23.9454264263854,17.978318313496,19.2767528573026,0.0445849490050564,4.33177716183387,0.878814836275083,1
"4446","PmetTSAr1.1-004431",48.5127540875781,48.3403115348142,67.3808714759034,39.8212266310545,55.4168262258575,46.3924967717809,50.6242622906833,44.6677180746307,-0.0496855472962474,5.64959756196544,0.878784043796905,1
"4447","PmetTSAr1.1-004432",26.706743214107,25.9699027507032,33.2412299281123,31.242717702556,28.0361078803616,32.8507503039667,30.3200776219448,28.0800863941911,0.0261658107847433,4.88837569129889,0.928722900974885,1
"4448","PmetTSAr1.1-004433",93.5635229436979,95.2229767525785,94.4277897104414,98.3086532454158,95.8689247389506,94.6226000579834,105.25069101246,99.072885463376,0.0494089339673834,6.60147916563178,0.897365586384507,1
"4449","PmetTSAr1.1-004434",19.1533208909252,31.3245218745596,9.97709746064253,5.0306070876997,11.9426537464397,3.92965085391685,17.7687808040147,18.5973959284109,-0.32578431965078,3.8853835613098,0.525878878130823,1
"4450","PmetTSAr1.1-004435",17.7595346289095,15.5283954591834,32.6265272409637,19.3545988479394,21.7734967694237,20.8356307865951,16.8468157622969,16.4460989869204,-0.167015635636941,4.33609387689206,0.600559717168676,1
"4451","PmetTSAr1.1-004436",46.5344768124591,41.4090545578223,41.2796496831324,28.806844796933,42.0905723502571,43.7633059126855,33.7564927774382,34.2792183703281,-0.0380316481769646,5.28707679707382,0.902363527269809,1
"4452","PmetTSAr1.1-004437",72.2970422361683,45.454766784736,20.4270431421686,35.6114028050321,48.5716466394835,57.3615941194049,44.149553247711,45.6584469292644,0.171636613423988,5.53147025659987,0.649753073475212,1
"4453","PmetTSAr1.1-004438",9.62162129262439,15.1714208509263,13.7598832277108,5.56014467587862,4.58772674405916,3.81656737610629,20.4508609253754,23.2962813532453,0.242983306425097,3.59729353237594,0.639838520822792,1
"4454","PmetTSAr1.1-004439",25.9424088123564,23.5305762609465,27.8507602100401,21.4462723212461,27.6355920534993,22.6732373010166,21.5823634765744,28.7877498617867,0.0279100191451364,4.64316079189724,0.924728726861064,1
"4455","PmetTSAr1.1-004440",54.5824684544206,49.5004790116497,92.7728209373491,52.768420662029,47.2972780994671,46.5621219884968,41.5722418810909,45.6584469292644,-0.462715176000455,5.75187013841788,0.176461775028972,1
"4456","PmetTSAr1.1-004441",24.3687791616936,23.1438537686679,26.1485066148593,19.8311826773004,23.7032548443057,23.0690294733536,26.7788937117108,23.0698290436147,0.0483245356014882,4.57434656185026,0.866362571047174,1
"4457","PmetTSAr1.1-004442",28.4152554062552,28.7959517327385,31.7754004433734,23.8027145886423,27.672002583214,26.5463464160282,30.026725108671,26.4100006106657,-0.0269841202469134,4.80681632082423,0.924909285147369,1
"4458","PmetTSAr1.1-004443",12.6339980524647,12.7320943611695,17.2116752401606,14.2710380014218,11.6877800384364,16.1709373269096,14.5838106598988,14.5212543550605,0.00405555039111002,3.83669894306526,0.992776735064979,1
"4459","PmetTSAr1.1-004444",13.892901772995,14.1599927941979,17.1643904180722,15.4095438160065,15.0375487721939,16.6515421076045,15.4429144487722,15.3138374387675,0.0430196346160746,3.94909037488021,0.880746046223432,1
"4460","PmetTSAr1.1-004445",15.4665314236579,15.9448658354833,14.5164403811244,18.4014311892173,14.4185697670431,16.0578538490991,19.0888671137469,17.3519082254427,0.0566949458509802,4.04196935581055,0.844393633067177,1
"4461","PmetTSAr1.1-004446",6.06971436684249,7.2882315852489,5.72146347269074,8.52555516968055,6.69953746751497,5.34319432654881,7.69002659796389,6.19913197613696,-0.0928950237946496,2.75672316016237,0.758372172485513,1
"4462","PmetTSAr1.1-004447",6.33947944981327,7.94268503372023,7.66014117831322,10.3789367283068,8.15595865610518,6.86982127699133,8.23482412261529,7.04832813725161,-0.095430058714494,2.98073713672694,0.752150619237453,1
"4463","PmetTSAr1.1-004448",5.71002758954812,5.41411489189919,3.30993754618473,6.53978921400961,4.33285303605588,4.63642259023283,5.57369775220271,4.44412657650001,-0.146359661446545,2.33972797910149,0.636056902866243,1
"4464","PmetTSAr1.1-004449",56.7405891181868,52.4752674137921,72.5349170835339,50.0413020829076,49.3362677634934,47.7777693749603,60.4515714853565,59.1889724296912,-0.0963962830767203,5.81058961021051,0.772248186565322,1
"4465","PmetTSAr1.1-004450",66.7218971881056,76.6602971232099,65.2057696598391,61.4793139875721,61.8250794556544,58.4924288975105,69.9645744158077,67.9073863504683,-0.0648631453903325,6.04644904760688,0.858791756595027,1
"4466","PmetTSAr1.1-004451",11.465016026258,10.8579776678198,8.55855279799194,8.68441644613422,10.5226430875643,11.2518060421504,10.4978292250134,11.5490677911593,0.147543024082169,3.39039188371476,0.607858688688225,1
"4467","PmetTSAr1.1-004452",34.5299306202595,27.0705744594959,22.3657208477911,24.9412204032269,26.4340445729123,23.9454264263854,35.0975328381186,29.3255740971593,0.0765643003844158,4.80874676027652,0.800222545758607,1
"4468","PmetTSAr1.1-004453",66.5420537994584,74.5481973576888,54.3302605795179,47.9496286096008,71.4010487706351,59.2557423727318,74.3229546130189,64.2275363189715,0.145580359528676,6.003044785175,0.683709300873111,1
"4469","PmetTSAr1.1-004454",17.5796912402623,11.1852043920555,13.7598832277108,13.3443472221087,15.8385804259185,11.4779729977715,9.45014167760686,13.5305255004268,-0.15169304898502,3.73589816172242,0.620967681424206,1
"4470","PmetTSAr1.1-004455",22.6602669695453,26.1483900548318,29.4584441610441,29.9718274909266,28.5822658260829,36.045358552115,34.2593828001934,31.4768710386497,0.26826906137182,4.90169364921855,0.354846930385144,1
"4471","PmetTSAr1.1-004456",17.1750436158062,17.5809994566616,21.7510181606425,21.4462723212461,20.1714334619744,23.7475303402169,24.3482586017276,25.5324979108472,0.267181368275772,4.42860709184848,0.349158615255932,1
"4472","PmetTSAr1.1-004457",7.82318740615254,12.5238591730195,3.02622861365461,4.65993077597446,4.73336886291819,4.89086041530658,7.33381283184568,20.4090144054555,0.413273800465728,3.044154583822,0.405192296645098,1
"4473","PmetTSAr1.1-004458",55.9762547164363,46.9421609858072,45.9608470698793,78.5039474475243,85.3826921811011,76.1051805665047,45.9306220783021,63.4915663126721,0.252266408116411,5.96232692862251,0.501683846871951,1
"4474","PmetTSAr1.1-004459",73.8706718868312,69.6100486101324,59.8625847638552,63.4121261844252,71.3282277112056,69.9138601563767,73.380035820353,73.5970006299365,0.111650807542244,6.11758355957298,0.762113366607027,1
"4475","PmetTSAr1.1-004460",249.262936664998,61.5781199243479,42.840048812048,22.1081943064697,108.64902066883,38.4483824555893,38.9530230125746,49.6496688865033,-0.672902986380826,6.2566875115733,0.284631321390985,1
"4476","PmetTSAr1.1-004461",41.4988619303379,21.8646947557467,176.372386389558,35.8232178403037,65.1020271299824,22.2491742592271,9.82730919467321,19.842883631379,-1.23565641344809,5.61715527056868,0.0483885100580178,1
"4477","PmetTSAr1.1-004462",30.0788067512417,35.4594777535375,56.0797989967869,80.62209780024,34.7356453478765,72.09071710423,34.0917527926083,34.5339772186625,-0.205262618464975,5.5630616612636,0.608371542817883,1
"4478","PmetTSAr1.1-004463",6.65420537994584,6.48503871667045,7.61285635622487,5.87786722878597,8.08313759667567,7.49178040494939,7.27095157900128,7.38800660169747,0.184534761217139,2.84159090581793,0.51987479600597,1
"4479","PmetTSAr1.1-004464",11.1952509432873,12.553607057041,13.6180287614457,10.2995060900799,11.7970116275807,11.7041399533926,13.2846781011147,12.5114901070892,0.0496755557316257,3.60661060782572,0.864867413013075,1
"4480","PmetTSAr1.1-004465",118.831519048627,40.4868701531582,93.8130870232928,24.5175903326838,57.1645316521658,23.5779051235011,9.53395668139938,51.7726592892899,-0.966816947985577,5.71378973083111,0.0785603351845483,1
"4481","PmetTSAr1.1-004466",66.7218971881056,59.7337511150196,57.9711918803211,78.9275775180674,67.395890502012,82.9750018434961,60.849692753371,85.740505733876,0.173136257246236,6.13143263360972,0.647650303875681,1
"4482","PmetTSAr1.1-004467",29.2245506551675,29.8073797894669,30.8769888236947,25.9738187001758,29.2012448312337,28.7232033638814,31.4934876750401,32.9488110512485,0.0788874675654097,4.89929777113076,0.78263670062433,1
"4483","PmetTSAr1.1-004468",62.5854992492203,57.7108950015627,53.6209882481926,60.9232995199843,53.8147629184083,74.9743457883992,60.4515714853565,65.3597978671243,0.11655540283277,5.93650213325382,0.733693581990822,1
"4484","PmetTSAr1.1-004469",29.2245506551675,25.9104069826604,31.58626115502,28.1713996911183,32.4417819758469,34.0381268209776,29.7333725953972,31.8448560417994,0.156737910883245,4.92739990278905,0.582067860779824,1
"4485","PmetTSAr1.1-004470",55.0770377732004,52.0587970374922,48.5615122847388,52.2388830738501,51.8850048435263,63.9204358324172,47.7955059126857,49.4515231155765,0.0350085756468582,5.7193227631572,0.9131332857023,1
"4486","PmetTSAr1.1-004471",9.75650383410978,9.22184404664147,6.90358402489957,19.6193676420288,14.127285529325,17.2169594966573,5.4270214955658,5.01025735057644,-0.126194724034498,3.45622745384314,0.777703971858055,1
"4487","PmetTSAr1.1-004472",103.185144236322,107.806331693641,66.7661687887548,92.0601097049045,116.84138985465,88.9401552980029,118.891582879692,101.960152411166,0.206095271643128,6.63840352662994,0.604209879842927,1
"4488","PmetTSAr1.1-004473",22.6602669695453,24.4230127815892,21.7983029827308,16.4686189923643,19.8801492242564,16.2557499352675,23.1119872957879,20.6920797924937,-0.0937659755066187,4.37300195624672,0.748436202421527,1
"4489","PmetTSAr1.1-004474",20.4571854586173,23.7983072171393,28.5600325413654,18.2955236715815,22.2832441854302,19.9309629641106,21.833808487952,21.0883713343472,-0.0971717752324346,4.46517172993579,0.737172705907264,1
"4490","PmetTSAr1.1-004475",66.0924453278405,63.3927408496547,44.6841568734938,42.6277758484027,60.0773740293462,57.3615941194049,69.5874068987414,58.8492939652454,0.181688256758407,5.85543627133253,0.597409472959052,1
"4491","PmetTSAr1.1-004476",27.5160384630193,27.9927588641601,22.223866381526,26.4239256501279,26.2155813946238,23.3234672984273,26.9465237192958,23.6925728950988,-0.0564603522344949,4.6783201821075,0.843242467492254,1
"4492","PmetTSAr1.1-004477",80.4799164196153,83.3535710280303,67.6645804084335,79.7483607797448,76.2072386929828,93.2938691937094,121.971784269068,104.705886665437,0.348109907150021,6.46758249645986,0.371980973594292,1
"4493","PmetTSAr1.1-004478",36.8229338255111,22.9058706964966,18.7720743690762,34.4199432316295,24.6135180871746,22.5601538232061,19.5079421327095,22.8999898113918,-0.334555595469972,4.66511447607726,0.286374562998124,1
"4494","PmetTSAr1.1-004479",43.7469042884277,26.3566252429817,20.8526065409638,37.9943219518372,30.6940765495387,23.4648216456905,20.9327971971824,24.7116082884364,-0.370203947326342,4.84048771641387,0.251954060750257,1
"4495","PmetTSAr1.1-004480",86.6395524807813,81.4497064506592,67.3808714759034,81.0192509913742,81.523176031337,81.7593544570326,121.929876767171,92.5057684840894,0.255188805741076,6.44036198282858,0.512172379539049,1
"4496","PmetTSAr1.1-004481",98.7340203673045,92.7241544947789,87.7133449738952,123.276350528052,91.0991453463177,109.436535651166,87.7124014688743,92.1377834809397,-0.0814220093879963,6.61349628462381,0.834808906422314,1
"4497","PmetTSAr1.1-004482",36.0585994237606,35.2214946813661,36.5984522963854,43.8986660600321,39.1049089136472,46.0532463383493,43.6047557230596,42.0635165138791,0.170430880527041,5.33596843536279,0.566542588767841,1
"4498","PmetTSAr1.1-004483",53.2786038867285,53.5164433545419,75.9867090959837,57.5607358350482,57.8927422464609,44.9224115602437,72.0809032615689,64.0860036254524,-0.0079432322755351,5.90630493016424,0.982102513095189,1
"4499","PmetTSAr1.1-004484",68.83505700471,48.5485467229641,40.5230925297187,37.5442150018851,43.5105830091325,35.7909207270412,42.4313456699643,42.4881145944364,-0.250870265870359,5.49228208444859,0.435995005234631,1
"4500","PmetTSAr1.1-004485",65.5978760090607,48.9947649832855,42.7927639899597,37.1735386901599,47.8070255154737,36.6390468106204,43.5628482211633,42.8560995975861,-0.187103972660672,5.51515364204698,0.558615394491755,1
"4501","PmetTSAr1.1-004486",22.4804235808981,22.1026778279181,89.0846048144575,39.8477035104634,27.7448236426435,24.680469032154,16.3858332414381,18.9936874702644,-0.982395240471205,5.0311973983008,0.0217302798287694,1
"4502","PmetTSAr1.1-004487",53.2786038867285,40.7843489933724,51.0676078554215,61.0027301582111,57.8199211870314,55.8066962995098,44.5057670138292,57.320740875239,0.0636506784546044,5.72134072009527,0.845299293374312,1
"4503","PmetTSAr1.1-004488",47.208889519886,12.7618422451909,62.1322562240962,36.0085559961663,55.7445209932903,29.3168916223869,12.1741293008638,17.1254559158121,-0.467422796929115,5.09135596891782,0.340615146819724,1
"4504","PmetTSAr1.1-004489",26.1222522010036,21.2102413072754,51.2567471437749,24.9941741620448,31.8956240301256,24.7087399016067,23.3215248052692,25.7872567591816,-0.224555641373664,4.84343427622132,0.5037978786102,1
"4505","PmetTSAr1.1-004490",43.6120217469423,43.1939275991078,44.8732961618472,41.8864232249523,42.6731408256932,43.9329311294013,46.6011421086422,43.4788434490702,0.0258491025360184,5.45427588057941,0.931323028922722,1
"4506","PmetTSAr1.1-004491",50.7607964456679,21.0020061191254,69.3195491815258,80.2249446091058,36.1920665364667,39.6640298420528,16.9515845170376,27.7404079297453,-0.876648155402743,5.41882078273464,0.034703255027585,1
"4507","PmetTSAr1.1-004492",27.8757252403137,31.5922528307524,24.5881074859437,36.617524222572,30.5484344306797,41.8126159204534,40.3569243260993,29.5803329454937,0.237338628548141,5.04185330369204,0.435471444409432,1
"4508","PmetTSAr1.1-004493",29.8090416682709,28.1712461682886,23.5478413999999,29.3363823851119,26.8709709294894,28.0164316275654,27.9523037648061,27.2875033104841,-0.00985736443832652,4.79114040905012,0.973600414050062,1
"4509","PmetTSAr1.1-004494",28.1005294761226,29.2719178770813,23.6424110441766,28.330260967572,28.6914974152272,28.525307277713,27.1141537268809,27.2025836943727,0.0281544713553818,4.79040688098603,0.921167081141607,1
"4510","PmetTSAr1.1-004495",34.3051263844505,32.9606554957379,39.3882567995982,34.2875588345848,28.3638026477944,43.1978885236327,46.8525871200198,35.8360779990383,0.130757337635171,5.20804385852907,0.669502536766107,1
"4511","PmetTSAr1.1-004496",62.1808516247642,74.4887015896459,51.7295953646584,55.0189554117894,71.2554066517761,77.8014327336631,94.3966480213279,74.1914379427167,0.383945087980715,6.13344867487863,0.309847753804956,1
"4512","PmetTSAr1.1-004497",81.3341725156894,83.1750837239018,64.6856366168672,64.1270019284667,69.6897538740416,62.1111001874483,70.6560481970961,80.022584915704,-0.0543315540072619,6.17064687606873,0.885321946800672,1
"4513","PmetTSAr1.1-004498",79.9853471008355,44.9490527563718,72.3457777951805,68.416256392716,73.4400384346614,65.7863132162914,52.5729611288594,55.4808158594906,-0.103551767387733,6.00395223212942,0.777418024101789,1
"4514","PmetTSAr1.1-004499",34.2601655372887,28.8851953848028,48.9397908614456,26.8210788412621,30.8761291981125,28.6383907555235,26.3807724436963,30.5144487227198,-0.254142185816872,4.99839142549608,0.408301360930647,1
"4515","PmetTSAr1.1-004500",42.80272649803,16.272092559719,97.0284549253008,84.037615243994,89.861187336016,90.0427192066559,9.76444794182881,29.3255740971593,-0.133103423668153,5.84390511433181,0.828406709163646,1
"4516","PmetTSAr1.1-004501",74.4102020527728,56.4019881046201,185.592926696786,86.950071978978,81.0134286153305,58.7751375920369,16.5534632490231,54.1787150791148,-0.938136920856151,6.26239866587818,0.0685560460789537,1
"4517","PmetTSAr1.1-004502",51.8848176247128,51.5828308931494,43.8803148979918,51.1003772592654,53.1957839132575,47.2406228553601,54.6473824727244,59.7551032037676,0.114388917620919,5.69279005149386,0.717964585693301,1
"4518","PmetTSAr1.1-004503",59.4832007950564,59.9419863031696,71.4000813534134,83.1903551029077,61.2061004505036,86.0565266138337,66.7167430188475,62.5857570741498,0.0133106848594078,6.10615064958452,0.972290139804412,1
"4519","PmetTSAr1.1-004504",90.5061853366958,89.2436520642723,100.527531759839,127.856850665799,101.184862077305,114.864542586073,91.5469378923822,100.941117017828,0.00134049558391677,6.67450744803587,0.997435345677799,1
"4520","PmetTSAr1.1-004505",47.5236154500186,42.8964487588935,40.1448139530119,50.4384552740418,41.1074880479587,45.8270793827281,45.4486858064951,50.81023697336,0.0172754026534219,5.51059333408226,0.955075483965047,1
"4521","PmetTSAr1.1-004506",37.3175031442909,44.8003133362647,36.1728888975902,31.4015789790097,37.2479718981946,43.1413467847274,58.2095201339065,40.1103653433154,0.255892970190944,5.36170050478257,0.411305581574976,1
"4522","PmetTSAr1.1-004507",46.7143202011063,37.4823338669944,49.4599239044175,31.745778411326,44.0203304251391,39.0703415835474,34.0707990416602,41.9502903590638,-0.0555338100446556,5.34402851408419,0.857297365805197,1
"4523","PmetTSAr1.1-004508",17.5347303931005,13.2378083895337,36.6930219405621,21.7904717535624,20.7175914076957,21.4293190451005,21.0585197028712,18.6540090058185,-0.123545844189864,4.42235404026726,0.713245595136794,1
"4524","PmetTSAr1.1-004509",56.4258631880543,49.7682099678425,82.5120145441764,73.1291409275083,77.2631440547107,58.294532811342,43.4999869683189,39.9971391885001,-0.257505303380517,5.91081884820177,0.489741406097145,1
"4525","PmetTSAr1.1-004512",22.2556193450891,17.0752854282974,31.4916915108433,18.8250612597605,26.5796866917713,15.9447703712885,14.1437818899881,19.3333659347102,-0.237953712204067,4.3752588415151,0.463488091087354,1
"4526","PmetTSAr1.1-004513",39.9252322796751,37.3633423309087,45.5825684931725,42.495391451358,43.000835593126,35.6778372492307,33.2536027546831,36.8834199310797,-0.152238761657494,5.29754113248382,0.608541034541248,1
"4527","PmetTSAr1.1-004514",7.1487746987256,7.55596254144172,6.76172955863451,5.87786722878597,7.10005329437728,6.78500866863341,8.31863912640781,8.01075045318155,0.145360348344254,2.85959250453978,0.612656577393607,1
"4528","PmetTSAr1.1-004515",67.2614273540472,43.6401458594291,176.656095322088,77.5243029093933,83.7442183439371,86.5936731334339,56.2817750466785,60.491073210067,-0.346420128203955,6.34989330718689,0.457052737935685,1
"4529","PmetTSAr1.1-004516",58.9436706291149,55.8070304241916,119.819739171887,89.2800373669652,84.0719131113699,98.9763139536898,32.7926202338242,68.1338386600989,-0.189608688586,6.24847426644014,0.67280693482953,1
"4530","PmetTSAr1.1-004517",48.4228323932545,20.0798217144613,74.1426010345379,27.2447089118052,56.7640158253035,24.5673855543435,11.1683492553536,38.0156814792326,-0.380251298173937,5.2319719933059,0.426197982907963,1
"4531","PmetTSAr1.1-004518",36.4182862010549,38.01779577938,28.7018870076304,35.0553883374442,34.7720558775913,34.320835515504,36.5014341516433,38.9214907177549,0.0642997727531458,5.14580247309662,0.826723045380177,1
"4532","PmetTSAr1.1-004519",69.1947437820044,76.1843309788671,62.1322562240962,67.8072881663102,68.1605116260219,68.3872332059342,71.2008457217474,79.3432279868123,0.060356802071535,6.1367882869243,0.870673208634943,1
"4533","PmetTSAr1.1-004520",2.60772913538418,3.71848550267801,1.70225359518072,2.85950297616615,2.07540019374105,3.76002563720101,4.54696395574432,3.99122195723886,0.396305300512908,1.69312152922895,0.216955542113898,1
"4534","PmetTSAr1.1-004521",41.7236661661469,43.6698937434506,36.409313008032,31.0573795466934,37.7213087844865,30.3911846615871,41.5512881301428,38.4119730210861,-0.045661492881178,5.23562897992094,0.880112215748675,1
"4535","PmetTSAr1.1-004522",16.8153568385118,17.045537544276,14.2327314485943,16.9452028217253,15.8385804259185,14.7856647237303,17.6430582983259,16.5310186030319,-0.00562163839230577,4.02621347284238,0.986312921622117,1
"4536","PmetTSAr1.1-004523",67.4412707426943,68.598620553404,58.3967552791162,59.2287792378118,61.7522583962249,58.6337832447737,61.2268602704373,69.5208590565861,-0.0144829683345834,5.98096794877708,0.966873953412153,1
"4537","PmetTSAr1.1-004524",24.5036617031789,24.4230127815892,21.1836002955822,21.9228561506071,24.7591602060336,21.0335268727636,24.3901661036239,26.2401613784427,0.0671353486701875,4.56188980965947,0.812055679745714,1
"4538","PmetTSAr1.1-004525",6.15963606116608,8.77562578632011,9.45696441767065,14.9594368660544,7.75544282924287,6.67192519082285,8.71676039442229,10.4451127817102,-0.230791619738858,3.19929547510094,0.489421172159721,1
"4539","PmetTSAr1.1-004526",37.722150768747,47.3586313621072,43.5966059654617,32.8842842259107,40.3064563942341,39.409592016979,50.6871235435277,43.9034415296275,0.109801035769235,5.39393003400164,0.719698683950891,1
"4540","PmetTSAr1.1-004527",22.7052278167071,10.7092382477127,38.4425603578312,18.2160930333547,29.7109922472403,14.1637055957722,7.27095157900128,13.4172993456115,-0.480467611109052,4.27525380960578,0.274390603592243,1
"4541","PmetTSAr1.1-004528",85.380648760251,67.9441671049326,72.156638506827,52.4771749885306,66.1943430214251,62.5634340986905,59.2153001794168,56.9527558720893,-0.182351170854036,6.03153308530412,0.614848337888762,1
"4542","PmetTSAr1.1-004529",15.0618837992017,14.2194885622407,14.8474341357429,11.6763038193451,11.8698326870102,12.6088077758771,12.9075105840484,11.4641481750478,-0.190747637617827,3.71578365573994,0.499720325008402,1
"4543","PmetTSAr1.1-004530",32.8214184281112,42.4204826145508,41.7524979040159,26.847555720671,22.8294021311516,33.1617298679458,37.9891504689606,36.6852741601529,-0.137920150139758,5.10325606078221,0.661375871824663,1
"4544","PmetTSAr1.1-004531",82.3233111532489,44.4135908439862,49.2234997939757,60.7379613641217,62.5168795202348,75.3984088301887,54.7311974765169,59.3021985845065,0.0901764194652773,5.93403944459387,0.802985812043566,1
"4545","PmetTSAr1.1-004532",12.9936848297591,11.0662128559698,16.2186939763052,16.8657721834985,12.6708643407348,14.3050599430354,13.9971056333512,13.9268170422803,-0.0574204093128718,3.81420172507147,0.844621446344328,1
"4546","PmetTSAr1.1-004533",57.2801192841284,63.3332450816119,49.5544935485942,54.6218022206552,52.7224470269656,53.4036723960355,69.6083606496895,62.5008374580383,0.0838277458718286,5.85658761593231,0.802786816410076,1
"4547","PmetTSAr1.1-004534",19.2432425852488,38.5830055757871,2.17510181606425,6.5927429728275,9.43032719612162,9.951346047329,225.39949894904,21.9941805728695,2.00176191041159,5.38514994378259,0.0265859687056633,1
"4548","PmetTSAr1.1-004535",49.4569318779758,55.5987952360416,56.5526472176705,58.0108427850002,47.2972780994671,60.8671819315322,82.6625474903748,59.2738920458027,0.187645753477273,5.87734579251448,0.588424660611273,1
"4549","PmetTSAr1.1-004536",24.7734267861497,26.8325913873245,67.5700107642568,26.0002955795848,24.5042864980303,29.7409546641764,32.0592389506397,27.5422621588185,-0.349573926246671,5.01905749650329,0.335259144722245,1
"4550","PmetTSAr1.1-004537",11.7797419563906,12.4643634049767,9.31510995140559,14.8535293484186,10.3041799092757,16.0013121101938,19.4869883817614,13.813590887465,0.299581268401749,3.7629863627101,0.337179327587547,1
"4551","PmetTSAr1.1-004538",27.4710776158575,22.0134341758538,151.926133369879,47.4995216596488,33.8617926347224,58.9164919393001,19.7803408950352,27.9102471619682,-0.825039067199808,5.60591404137132,0.125164583615741,1
"4552","PmetTSAr1.1-004539",22.2556193450891,10.2630199873913,14.8947189578313,57.3753976791855,44.9670041977228,36.6955885495257,14.5209494070544,14.8609328195064,0.0823816738564275,4.75732415563544,0.869149112335229,1
"4553","PmetTSAr1.1-004540",47.2538503670478,41.4685503258652,67.7118652305218,48.373258680144,58.0747948950347,49.7850011060976,37.8424742123237,39.8272999562772,-0.142547264971594,5.61012197029946,0.667872933398108,1
"4554","PmetTSAr1.1-004541",51.839856777551,55.3013163958274,39.8611050204818,56.8988138498245,39.5054247405095,69.7725058091136,64.2861079088644,70.2851356015893,0.258026807234088,5.80837530087214,0.457070229991878,1
"4555","PmetTSAr1.1-004542",21.850971720633,31.0567909183668,19.1503529457831,15.3036362983707,16.6760226093579,21.31623556729,26.3807724436963,25.6740306043663,0.0440301184600442,4.4752245885499,0.891649803018716,1
"4556","PmetTSAr1.1-004543",32.1020448735225,21.9836862918324,55.1341025550199,32.8578073465017,33.2792241592863,22.6166955621114,14.7095331655876,23.5227336628758,-0.593965082540793,4.88590516136389,0.0960094294923099,1
"4557","PmetTSAr1.1-004544",17.8494563232331,20.7342751629326,16.5024029088353,19.539937003802,18.0232122088039,16.6798129770571,19.7593871440871,19.6730443991561,-0.0100559792473115,4.22185485318503,0.973775078269233,1
"4558","PmetTSAr1.1-004545",6.96893131007841,5.74134161613485,14.4218707369477,5.56014467587862,8.3016007749642,6.75673779918077,5.74132775978776,6.28405159224842,-0.268136347356074,2.91000670081448,0.446608690823058,1
"4559","PmetTSAr1.1-004546",26.0772913538418,27.844019444053,41.232364861044,26.0532493384027,28.2545710586501,23.4365507762379,29.2514363235902,28.8726694778981,-0.141692534255606,4.8546586464499,0.636613926348003,1
"4560","PmetTSAr1.1-004547",14.2076277031276,15.1416729669049,24.0679744429718,13.8738848102876,18.3509069762367,13.0611416871193,15.8410357167867,15.8516616741402,-0.0916095779043847,4.03150933989838,0.766173953893266,1
"4561","PmetTSAr1.1-004548",19.7378119040285,19.7228471062042,16.2659787983935,15.3036362983707,19.1519386299613,15.4924364600463,18.3764395815104,16.8140839900701,-0.0244086635389753,4.14308878739406,0.933533811564779,1
"4562","PmetTSAr1.1-004549",66.0025236335169,58.4545921020984,69.8869670465861,45.3284175481152,60.696353034497,69.348442767324,66.2767142489368,57.6887258783887,0.0841206304346835,5.94880099289516,0.810978467594879,1
"4563","PmetTSAr1.1-004550",61.0568304457193,72.317106056082,64.922060727309,48.4262124389619,73.2215752563728,64.8251036549017,80.0642823728066,62.868822461188,0.187660701285098,6.04495359581858,0.612379703348023,1
"4564","PmetTSAr1.1-004551",20.5471071529409,18.4436880932829,15.2257127124497,14.668191192556,20.389896640263,14.3333308124881,20.3670459215828,23.4095075080606,0.188799019214969,4.2083035950631,0.528819701965852,1
"4565","PmetTSAr1.1-004552",22.7052278167071,14.9036898947335,21.9401574489959,27.4565239470768,22.2832441854302,22.5884246926587,11.9226842894863,21.6828086471274,-0.149555237227631,4.37445927425929,0.644755294753454,1
"4566","PmetTSAr1.1-004553",14.9270012577163,14.8441941266906,31.3971218666665,17.3158791334506,20.82682299684,21.231422958932,19.7593871440871,18.4841697735956,0.0343083593971539,4.31491670530744,0.917642071717759,1
"4567","PmetTSAr1.1-004554",72.2520813890065,70.561980898818,65.3476241261042,66.1392447635466,71.6923330083531,67.9066284252394,59.3410226851056,56.2733989431976,-0.104112009487921,6.04980615829011,0.776661352198522,1
"4568","PmetTSAr1.1-004555",24.0090923843992,26.862339271346,35.747325498795,19.3281219685304,25.1232655031811,19.6199834001316,26.6741249569701,25.2211259851052,-0.131718818471445,4.66551262387369,0.665428309442756,1
"4569","PmetTSAr1.1-004556",46.5344768124591,47.209891942,60.5718570951805,35.4790184079874,43.9475093657096,44.0177437377592,52.1119786080006,44.299733071481,-0.0412552781984114,5.54931844733983,0.897172372525758,1
"4570","PmetTSAr1.1-004557",49.9515011967556,21.953938407811,8.88954655261041,15.2506825395528,23.0114547797253,16.1143955880043,15.8200819658385,19.1069136250797,-0.374868971594063,4.41348133800591,0.383300685134411,1
"4571","PmetTSAr1.1-004558",14.7021970219074,6.90150909297039,48.8925060393572,22.3994399799681,18.3144964465219,14.8987482015409,2.24205135144996,12.0019724104204,-0.969082082160285,4.13520712009532,0.0887455429341788,1
"4572","PmetTSAr1.1-004559",136.366249441728,176.077725522809,73.6697528136543,83.031493826454,84.7273026462355,113.620624330157,146.82293289355,109.91428978694,-0.0438755443607326,6.8529531123051,0.920283603853105,1
"4573","PmetTSAr1.1-004560",38.8911327949537,36.2924185061374,34.8961987012047,40.1124723045529,39.2141405027914,37.1196515913153,37.4653066952573,46.0264319324141,0.0895390023637869,5.27854647039142,0.76195320299855,1
"4574","PmetTSAr1.1-004561",67.7110358256651,60.0014820712124,50.4529051682729,59.8377474642175,58.0383843653199,56.7396349914469,61.499259032763,66.8600444184269,0.0307806343385745,5.91181703838638,0.928020409483625,1
"4575","PmetTSAr1.1-004562",2.11315981660442,2.70705744594959,2.08053217188754,2.96541049380193,3.422589793187,2.71400346745336,2.28395885334622,2.23621655760192,0.093689804036044,1.39466231063331,0.719419393563194,1
"4576","PmetTSAr1.1-004563",47.2538503670478,49.8872015039282,62.3213955124496,38.3649982635625,54.2516892749854,40.8514063590636,46.4754196029535,42.7994865201784,-0.101334763684115,5.57985248031767,0.752276509799866,1
"4577","PmetTSAr1.1-004564",2.87749421835496,2.67730956192817,1.98596252771084,3.99800879075082,2.94925290689518,2.8836286841692,2.64017261946444,2.00976424797134,-0.150271877249819,1.49455895750238,0.623976417032276,1
"4578","PmetTSAr1.1-004565",34.4400089259359,30.9080514982596,61.8012624694777,32.725422949457,42.0177512908276,34.5470024711251,31.304903916507,34.2226052929205,-0.169623450318203,5.24014051467552,0.606193455158842,1
"4579","PmetTSAr1.1-004566",66.0474844806787,72.4063497081463,89.7465923236944,77.8155485828917,83.4165235765043,71.6383831929877,76.5230984625726,76.7956395034683,0.0110783799663609,6.26413658052447,0.976795505645967,1
"4580","PmetTSAr1.1-004567",9.75650383410978,11.4529353482483,12.1049144546184,18.057231756901,11.6877800384364,19.4220873139631,17.0982607736745,12.1435051039395,0.231332582114166,3.811171614536,0.46954185848932,1
"4581","PmetTSAr1.1-004568",16.2308658254084,16.8967981241689,21.278169939759,29.1775211086583,21.6642651802794,32.6528542177983,30.2572163691004,20.4656274828631,0.329178286346081,4.56371132238903,0.300277924344024,1
"4582","PmetTSAr1.1-004569",29.6741591267855,26.1483900548318,16.7861118413654,22.002286788834,22.610938952863,25.8678455491649,21.2890109633006,15.398757054879,-0.151949156778486,4.49393045799654,0.624843369446789,1
"4583","PmetTSAr1.1-004570",28.1005294761226,25.1667098821248,16.6915421971887,23.0348850857828,25.5237813300434,24.6521981627014,21.9595309936408,15.1723047452484,-0.0915425859337366,4.49815700500141,0.768267712789703,1
"4584","PmetTSAr1.1-004571",88.6178297559004,85.0492004172515,132.917634890361,99.0500058688662,100.929988369302,135.558819025405,124.130020616725,98.8747396924493,0.179973214166829,6.75759426267064,0.654411369597778,1
"4585","PmetTSAr1.1-004572",35.519069257819,39.7134251686012,81.6136029244977,43.9251429394411,40.5977406319521,48.5410828501815,50.2890022755132,45.2621553874109,-0.119902006551822,5.59208234429478,0.731980729101352,1
"4586","PmetTSAr1.1-004573",60.9669087513957,72.5550891282534,45.6298533152609,61.9029440581153,61.1696899207889,84.5016287939386,81.3424611806426,71.7570756141881,0.309553845496481,6.07785463863794,0.41536193346313,1
"4587","PmetTSAr1.1-004574",62.6754209435439,62.5300522130334,54.0465516469878,57.3753976791855,68.9615432797465,51.1137319703717,49.618482245173,55.1977504724523,-0.0735747738051259,5.8517108332794,0.826535286064135,1
"4588","PmetTSAr1.1-004575",56.8754716596722,42.6882135707436,40.4758077076304,41.5951775514539,53.0865523241132,41.3037402703059,46.4544658520053,51.2065285152135,0.0805435494024852,5.54751078490747,0.798874521367042,1
"4589","PmetTSAr1.1-004576",42.2182354849267,33.5853610601878,45.109720272289,40.1919029427797,39.7967089782275,29.6561420558185,31.6401639316771,31.759936425688,-0.278094196307939,5.20157801330154,0.352099285697153,1
"4590","PmetTSAr1.1-004577",42.4880005678974,34.0018314364877,39.3409719775099,39.5035040781471,39.5418352702242,27.7619938024917,29.4400200821234,30.8258206484618,-0.28421974397345,5.14639169349483,0.340516087154754,1
"4591","PmetTSAr1.1-004578",17.8044954760713,18.4436880932829,12.1049144546184,12.8677633927477,15.8749909556333,9.3011160499183,11.0635805006129,10.2752735494873,-0.397491136187571,3.7572506815062,0.203096045083051,1
"4592","PmetTSAr1.1-004579",27.8757252403137,20.6450315108683,337.944623465461,79.642453262109,41.9085197016833,75.7376592636204,20.9956584500268,39.8272999562772,-1.38481750989763,6.33247343191802,0.0513483521133347,1
"4593","PmetTSAr1.1-004580",25.6726437293856,20.3475526706541,332.412299281123,78.3186092916617,42.1998039394014,75.3701379607361,19.9898784045165,40.8463353496147,-1.35607448401581,6.31124463681366,0.0580668602906946,1
"4594","PmetTSAr1.1-004581",26.3470564368126,20.1095695984827,335.769521649396,78.0273636181633,42.4546776474046,78.3385792532632,19.3403121251245,38.893184179051,-1.36208840750101,6.32056966832389,0.0587985304410504,1
"4595","PmetTSAr1.1-004582",20.951754777397,23.0546101166037,29.8840075598392,18.5338155862621,24.7227496763188,21.4575899145532,26.3179111908519,26.2118548397389,0.095829698985981,4.58200057747308,0.745621862461503,1
"4596","PmetTSAr1.1-004583",34.5748914674213,13.4460435776837,23.7369806883533,106.463532103371,49.0449835257754,32.907292042872,15.8410357167867,34.3924445251434,-0.431898257715097,5.28053162582933,0.409061727462216,1
"4597","PmetTSAr1.1-004584",31.7873189433899,32.1872105111809,41.1377952168673,27.1388013941694,35.6823191204602,35.4799411630622,36.5223879025915,32.4675998932835,0.0842858708220592,5.09208256321944,0.77690963220448,1
"4598","PmetTSAr1.1-004585",60.4723394326159,62.4408085609692,49.4126390823291,48.0290592478277,55.6716999338608,45.5726415576544,65.4176104600634,56.1884793270861,0.0163324905460059,5.7934620041742,0.961107473384653,1
"4599","PmetTSAr1.1-004586",18.3440256420129,21.3887286114039,25.0609557068272,16.601003389409,17.404233203653,24.4260312070803,23.4053398090618,21.7394217245351,0.0967715795861494,4.39971244126232,0.744155450063028,1
"4600","PmetTSAr1.1-004587",33.7206353713472,29.8371276734884,37.6387183823292,39.3446428016935,34.1894874021552,32.3418746538192,25.5845299076673,33.5149418253249,-0.162042328190141,5.05870772295002,0.582908457591641,1
"4601","PmetTSAr1.1-004588",22.9300320525161,20.198813250547,14.9420037799196,14.0856998455592,16.4575594310694,12.5805369064244,13.5780306143886,21.8809544180542,-0.161789413082911,4.09915921803603,0.609680663099413,1
"4602","PmetTSAr1.1-004589",46.8492027425917,47.9535890425356,49.1762149718874,60.9762532788022,45.4767516137293,54.8737576075727,49.2832222300029,44.9224769229651,-0.0752623847843955,5.64392953525754,0.81182502633867,1
"4603","PmetTSAr1.1-004590",73.1512983322425,76.2140788628885,56.8363561502006,49.5117644947286,70.527196057481,55.1281954326464,84.4226625700178,70.7663467595543,0.135327956095375,6.06895322845275,0.724440369302545,1
"4604","PmetTSAr1.1-004591",74.4102020527728,87.8752493992868,46.3391256465862,61.0292070376201,65.320490308271,67.1715858194707,79.7499761085847,76.5408806551339,0.098791362203885,6.12663734507484,0.799137415244533,1
"4605","PmetTSAr1.1-004592",114.470316873933,104.206837727049,120.056163282329,106.940115932732,109.704926030558,98.4391674340897,95.8005493348527,110.706872870647,-0.104065801423775,6.74950842666544,0.788356244211422,1
"4606","PmetTSAr1.1-004593",25.6726437293856,24.3932648975678,21.0890306514055,17.07758721877,21.5550335911351,16.9342508021309,18.3345320796142,19.5032051669332,-0.208891034900399,4.36635508351791,0.472441863170033,1
"4607","PmetTSAr1.1-004594",19.7827727511903,15.2309166189691,25.3446646393573,33.9433594022685,24.7955707357483,30.5890807477556,17.1611220265189,22.4470851921306,0.00980252382759681,4.56824254377548,0.976635842987131,1
"4608","PmetTSAr1.1-004595",23.9641315372374,19.8715865263113,24.635392308032,32.1164547230513,23.7760759037352,37.5719855025575,23.5310623147506,26.4383071493695,0.145898197644635,4.73079696218314,0.635262614940372,1
"4609","PmetTSAr1.1-004596",14.8370795633928,11.6909184204197,14.2800162706827,19.6723214008467,15.62011724763,11.1387225643398,10.7911817382872,14.7760132033949,-0.210383382892448,3.82371533974011,0.492063197587474,1
"4610","PmetTSAr1.1-004597",16.5006309083792,15.0226814308192,15.5094216449799,23.0878388446007,17.1493594956497,12.5239951675192,10.5187829759615,17.4085213028504,-0.28554521095675,4.00220558543388,0.358643205551718,1
"4611","PmetTSAr1.1-004598",43.8368259827513,35.5784692896232,60.0517240522086,58.9640104437223,45.2582884354408,50.4917728424136,31.4515801731439,34.2226052929205,-0.297887315445209,5.49302336200761,0.36750210895637,1
"4612","PmetTSAr1.1-004599",76.8830486466715,32.4251935833523,103.459190729317,124.388379463227,83.8170394033666,123.769866463654,14.1437818899881,29.4954133293822,-0.424539050299412,6.20156792993835,0.472919855984258,1
"4613","PmetTSAr1.1-004600",35.0244999390393,42.3907347305293,59.7680151196785,53.2185276119811,44.0203304251391,55.6653419522466,57.7066301111514,51.3480612087326,0.132795598179374,5.64263023030903,0.686473456990141,1
"4614","PmetTSAr1.1-004601",49.4119710308141,48.3105636507927,49.2234997939757,58.6462878908149,47.5521518074704,55.0716536937412,58.0837976282178,55.9620270174555,0.0756799713191071,5.72377747818231,0.812462264210482,1
"4615","PmetTSAr1.1-004603",28.1904511704462,25.9104069826604,20.8526065409638,22.7436394122844,23.8124864334499,22.8145916482798,24.7882873716384,24.2020905917676,-0.0309746372006362,4.59846196238539,0.913797799846721,1
"4616","PmetTSAr1.1-004604",29.6291982796237,27.8142715600315,37.7805728485942,45.4078481863421,39.8331195079423,45.9401628605387,24.6416111150015,33.0337306673599,0.0280784884662943,5.15261505894059,0.931151354083531,1
"4617","PmetTSAr1.1-004605",18.973477502278,22.1919214799824,14.0908769823293,17.6600785657668,19.7345071053974,24.1715933820065,27.5751362477397,21.2865171052739,0.347034326267443,4.37719164884468,0.238982146618386,1
"4618","PmetTSAr1.1-004606",32.6415750394641,41.528046093908,24.6826771301204,35.0553883374442,30.9125397278272,39.7771133198634,52.4681923741188,37.6193899373791,0.26360727303529,5.20587559441473,0.406287743753681,1
"4619","PmetTSAr1.1-004607",75.9388708562738,34.7157806530019,47.4739613767066,25.0736048002717,54.6522051018477,19.3655455750579,18.5231158381474,25.872176375293,-0.629668932478836,5.23786337460574,0.138991542617723,1
"4620","PmetTSAr1.1-004608",80.0752687951591,85.0194525332301,72.7713411939756,68.892840222077,77.0446808764221,98.5805217813529,100.913264566197,88.7126922977773,0.251834066326924,6.39347430443085,0.509393550879897,1
"4621","PmetTSAr1.1-004609",35.968677729437,31.562504946731,71.21094206506,61.9029440581153,58.0747948950347,47.0709976386443,42.2008544095348,40.8746418883186,-0.0922410274668188,5.60478564982278,0.79683384517315,1
"4622","PmetTSAr1.1-004610",31.4276321660956,29.5693967172956,38.4898451799195,25.4442811119969,33.2792241592863,24.2281351209118,23.4891548128543,31.590097193465,-0.149841572943615,4.89445204851481,0.619057719515021,1
"4623","PmetTSAr1.1-004611",39.3407412665717,42.926196642915,41.6106434377508,45.937385774521,47.6249728668999,53.4036723960355,53.2434811591996,47.5832915611243,0.249241522084178,5.53994220586177,0.412798186640494,1
"4624","PmetTSAr1.1-004612",43.9267476770749,49.1137565193712,34.8961987012047,48.3997355595529,42.9644250634112,65.2208958272386,61.3106752742299,62.2177720710001,0.393815578744732,5.67462623890482,0.229738162110205,1
"4625","PmetTSAr1.1-004614",41.2740576945289,45.5142625527789,33.6667933269075,40.2183798221887,46.3870148565982,45.3747454714859,59.1943464284687,47.0171607870479,0.301064227441689,5.48862863664138,0.325835465696426,1
"4626","PmetTSAr1.1-004615",30.1237675984035,32.335949931288,25.3919494614457,28.5950297616615,32.2597293272732,32.8224794345141,41.257935616869,36.7985003149682,0.297695981337238,5.02308403701681,0.305882915731322,1
"4627","PmetTSAr1.1-004616",34.5299306202595,51.5233351251065,50.5001899903613,30.7396569937861,27.817644702073,35.1689615990832,44.7572120252068,41.4690792010988,-0.164492905331007,5.30830546091959,0.61271853316799,1
"4628","PmetTSAr1.1-004617",21.0416764717206,32.0087232070523,28.7018870076304,17.6600785657668,16.4939699607841,19.8178794863001,26.0874199304225,26.2684679171466,-0.164208590623476,4.55895440758936,0.60268278244466,1
"4629","PmetTSAr1.1-004618",46.3995942709737,37.3633423309087,35.8891799650601,38.6297670576519,47.9162571046179,42.6607420040326,43.7095244778002,42.4315015170288,0.158980092298485,5.39013243058592,0.593793643360589,1
"4630","PmetTSAr1.1-004619",36.1485211180842,36.8873761865659,120.954574902008,45.1430793922526,46.8967622726048,52.7534423986247,17.8945033097034,34.4207510638472,-0.653906637208004,5.61244322514774,0.149921372479048,1
"4631","PmetTSAr1.1-004620",22.6602669695453,20.7342751629326,14.0908769823293,18.0042779980831,14.7098540047611,18.489148622026,22.4205135144996,23.18305519843,0.0623243247487787,4.27445337664947,0.838867125155781,1
"4632","PmetTSAr1.1-004621",16.5905526027028,16.272092559719,28.0871843204818,18.2690467921726,20.681180877981,20.2702133975423,23.3424785562174,20.1259490184172,0.0929836843104907,4.3585078946052,0.760031411788396,1
"4633","PmetTSAr1.1-004622",53.6382906640229,59.4362722748053,51.9660194751002,50.4384552740418,55.489647285287,75.9072844803363,87.8171702236149,60.3778470552517,0.375880068621546,5.95311389443601,0.287031531907677,1
"4634","PmetTSAr1.1-004623",19.198281738087,23.6495677970322,31.3498370445782,45.0371718746168,22.3560652448597,37.1196515913153,36.2290353893176,21.5129694149045,-0.0248685731107254,4.88882975306411,0.944072333406411,1
"4635","PmetTSAr1.1-004624",15.5114922708197,16.9860417762332,17.6372386389558,12.5765177192493,21.0816967048433,14.5877686375618,14.8771631731727,15.3704505161752,0.07186322494288,4.01216913028849,0.809344238810948,1
"4636","PmetTSAr1.1-004625",8.49760011357949,10.1440284513056,9.40967959558229,11.9410726134346,8.48365342353798,14.5312268986566,11.6083780252643,11.2943089428249,0.198405975414474,3.43399044687373,0.508737827878121,1
"4637","PmetTSAr1.1-004626",86.9093175637521,106.199945956484,81.660887746586,117.557344575719,86.0744922456815,151.503589396693,114.512248931533,98.5067546892996,0.19968921988389,6.72022076289661,0.622750467542885,1
"4638","PmetTSAr1.1-004627",13.7580192315096,10.8579776678198,10.4499456815261,13.662069775016,14.8919066533349,11.280076911603,9.53395668139938,13.0493143424618,-0.000729582060144394,3.61406493207866,1,1
"4639","PmetTSAr1.1-004628",11.5549377205816,10.2332721033699,10.9227939024096,13.1590090662461,13.2534328161709,11.986848647919,9.78540169277695,10.7564847074523,-0.00420106900182376,3.5256710440303,0.992822113244392,1
"4640","PmetTSAr1.1-004629",83.1326064021612,91.4747433658791,33.0520906397589,55.707354276422,63.2450901145299,82.353042715538,96.0310405952821,105.923067829701,0.40007412381509,6.25620278359829,0.351275561191629,1
"4641","PmetTSAr1.1-004630",26.3470564368126,23.8578029851821,29.9312923819276,18.4279080686263,26.4340445729123,21.7120277396269,22.0642997483814,19.2484463185988,-0.139126114808907,4.55801638919291,0.637316878571606,1
"4642","PmetTSAr1.1-004631",31.337710471772,29.0934305729528,44.9678658060239,19.6193676420288,32.878708332424,17.6410225384469,20.2832309177903,22.5036982695383,-0.421681256370459,4.7726555759091,0.209775271150374,1
"4643","PmetTSAr1.1-004632",21.0866373188824,20.2880569026112,23.689695866265,24.0145296239138,23.7760759037352,24.9349068572278,24.893056126379,23.1547486597262,0.119371093181602,4.54180571724976,0.669391015010766,1
"4644","PmetTSAr1.1-004633",8.13791333628512,14.516967402455,4.3502036321285,8.94918524022368,6.88159011608875,10.4884925669291,14.3114118975731,11.435841636344,0.260195876036164,3.31642731888784,0.482302021219446,1
"4645","PmetTSAr1.1-004634",50.8956789871533,47.8345975064499,49.8854873032127,42.495391451358,51.2660258383754,53.205776309867,57.3294625940851,56.6130774076434,0.192873437742936,5.67957036936814,0.538668111543002,1
"4646","PmetTSAr1.1-004635",15.6014139651433,19.00889788969,5.76874829477909,19.8576595567094,9.90366408241343,13.8527260317932,17.2239832793633,16.7574709126625,-0.0623946227595441,3.8896259719656,0.870293119471038,1
"4647","PmetTSAr1.1-004636",18.0292997118803,22.6678876243252,5.95788758313251,24.9676972826359,10.9231589144266,16.5384586297939,18.9002833552137,20.324094789344,-0.104201810043074,4.1180561293895,0.794504282559094,1
"4648","PmetTSAr1.1-004637",35.29426502201,28.8554475007814,173.582581886345,25.2059891973164,43.000835593126,26.800784241102,17.2030295284151,34.3924445251434,-1.11470475261161,5.58669373218424,0.0429900378687152,1
"4649","PmetTSAr1.1-004638",23.379640524134,17.8784782968759,28.5600325413654,28.356737846981,26.179170864909,38.8159037584736,33.1069264980462,27.9668602393759,0.361230846898201,4.8123081182171,0.237663832416937,1
"4650","PmetTSAr1.1-004639",55.7514504806273,63.1845056615048,63.5508008867467,50.0942558417255,56.691194765874,47.9756654611287,59.3410226851056,54.2353281565224,-0.0916805515323433,5.81793750498501,0.779309540056749,1
"4651","PmetTSAr1.1-004640",11.7797419563906,12.4643634049767,12.3413385650602,9.71701474308311,13.3262538756004,10.8842847392661,12.4046205612933,13.0776208811656,0.10247686794868,3.5921118180892,0.721305015807827,1
"4652","PmetTSAr1.1-004641",33.765596218509,29.1231784569742,50.0273417694777,27.0328938765337,51.0111521303721,34.4904607322198,24.9559173792234,27.3724229265956,-0.0218488123175229,5.11980738401929,0.949476338774815,1
"4653","PmetTSAr1.1-004642",13.9828234673186,15.6771348792905,16.9752511297188,17.1570178569969,16.0206330744923,24.3129477292697,21.6452247294188,20.7486928699013,0.375101280404536,4.20033681996474,0.196387745294942,1
"4654","PmetTSAr1.1-004643",10.1161906114042,11.7206663044411,13.1451805405622,11.0143818341215,11.1052115630004,11.8172234312032,11.4197942667311,12.3133443361624,0.0209539393956975,3.54133930343068,0.944043004524936,1
"4655","PmetTSAr1.1-004644",43.3872175111334,35.1619989133233,57.8766222361444,95.1314277163423,58.1476159544642,54.930299346478,46.6849571124348,47.7531307933472,-0.158503461557115,5.77999672747301,0.671604782493676,1
"4656","PmetTSAr1.1-004645",43.4321783582952,56.9969457850486,30.6405647132529,31.3486252201918,49.1178045852049,39.9467385365792,51.3157360719716,47.3851457901976,0.209003529750036,5.45414603859047,0.521243614363754,1
"4657","PmetTSAr1.1-004646",44.1065910657221,47.2396398260215,40.0502443088352,46.1492008097925,44.6028989005752,42.0670537455271,44.149553247711,54.4334739274492,0.0611182341126859,5.5050522879168,0.840794344683121,1
"4658","PmetTSAr1.1-004647",28.6400596420642,33.7043525962735,18.6775047248995,35.2672033727158,26.6160972214861,31.8612698731244,38.5968092464564,35.2982537636657,0.186242792188664,4.96139543720973,0.552574744565712,1
"4659","PmetTSAr1.1-004648",23.5594839127812,13.1485647374695,87.0986422867467,24.1469140209586,49.1178045852049,22.5318829537534,9.1358354133849,14.7477066646911,-0.631018906669805,4.9288058938022,0.255806690736613,1
"4660","PmetTSAr1.1-004649",22.5703452752217,22.162173595961,21.8928726269075,19.6458445214378,22.9750442500106,17.3583138439205,20.7023059367529,21.8526478793504,-0.0576266508750197,4.40624446008498,0.839082485767513,1
"4661","PmetTSAr1.1-004650",17.3548870044533,13.9220097220265,15.1784278903614,27.4300470676679,16.1662751933513,30.1932885754187,20.1784621630497,18.9653809315605,0.209847328331892,4.32146695909234,0.523730511025197,1
"4662","PmetTSAr1.1-004651",30.0338459040799,28.5282207765457,41.9416371923693,26.0797262178116,33.3884557484306,30.9566020506399,30.1314938634117,26.6081463815924,-0.0634498505199166,4.95481166651884,0.831868018156832,1
"4663","PmetTSAr1.1-004652",5.9797926725189,7.37747523731318,11.7266358779116,7.51943375214061,6.77235852694448,6.4174873657491,8.50722288494098,8.18058968540448,-0.123098679438586,2.97601403755139,0.691754951952696,1
"4664","PmetTSAr1.1-004653",48.9174017120343,44.681321800179,67.333586653815,57.2430132821408,54.6157945721329,56.3438428191099,47.1878471351899,56.3300120206052,-0.0245739663691498,5.7586106356659,0.940466319035981,1
"4665","PmetTSAr1.1-004654",63.979285511236,71.5139131875035,65.5367634144576,85.2290748173965,66.2307535511398,80.939499242906,91.9241054094485,88.9674511461117,0.196578815384533,6.2641477677397,0.605181912973687,1
"4666","PmetTSAr1.1-004655",88.5728689087386,89.7791139766579,142.469168952208,84.8319216262623,101.002809428731,77.179473605705,88.0057539821481,90.7507630844524,-0.184459824710607,6.57556424007397,0.644423376949122,1
"4667","PmetTSAr1.1-004656",45.5003773277378,51.4638393570637,40.0502443088352,33.5991599699522,46.714709624031,44.7810572129805,49.6813434980174,43.1674715233281,0.111763326746502,5.47353566489629,0.716407303710381,1
"4668","PmetTSAr1.1-004657",142.795650585865,123.810693297167,155.377925382329,129.260125274473,148.445729647057,128.858622965129,123.082333069319,136.380903475013,-0.0383678627468016,7.08808088536333,0.923430112150493,1
"4669","PmetTSAr1.1-004658",31.6973972490663,28.5282207765457,28.8437414738955,40.4301948574602,34.4807716398732,45.0920367769595,39.0996992692115,38.6667318694205,0.280609951567184,5.16682896668321,0.350151566313124,1
"4670","PmetTSAr1.1-004659",21.3564024018532,16.9562938922117,13.4288894730923,11.252673748802,10.559053617279,12.1282029951822,20.8070746914936,11.9736658717166,-0.181295918951691,3.89417109073421,0.583303656848535,1
"4671","PmetTSAr1.1-004660",28.235412017608,22.6381397403037,39.1991175112448,19.7517520390736,27.0166130483484,25.1610738128489,22.0852534993295,21.8809544180542,-0.190902433009011,4.68903428303317,0.538896361906769,1
"4672","PmetTSAr1.1-004661",40.7345275285874,18.4139402092615,18.0628020377509,36.0085559961663,42.6367302959784,30.3063720532292,13.3056318520629,13.5871385778344,-0.182300589641713,4.7379010407109,0.666191824165094,1
"4673","PmetTSAr1.1-004662",34.4400089259359,15.1714208509263,14.4218707369477,32.1958853612781,36.7018139524733,23.9454264263854,11.6293317762124,11.8887462556051,-0.194300729860194,4.4983847960309,0.646680867374483,1
"4674","PmetTSAr1.1-004663",48.1530673102838,36.262670622116,42.6036247016063,56.3692762616456,49.0449835257754,52.8382550069827,45.7001308178726,50.5837846637294,0.111665527829231,5.5776617050766,0.723676814396082,1
"4675","PmetTSAr1.1-004664",86.7294741751049,70.8594597390322,83.3631413417667,101.856555086214,91.8637664703275,94.9618504914151,85.8056101325944,102.667815878761,0.130591824556127,6.48907150826258,0.734591548889118,1
"4676","PmetTSAr1.1-004665",39.6105063495425,36.9468719546087,48.987075683534,28.9921829527957,38.9592667947881,29.147266405671,31.6192101807289,31.759936425688,-0.232622879276717,5.16205708093023,0.448611513412375,1
"4677","PmetTSAr1.1-004666",17.3548870044533,20.1095695984827,19.6704859887549,14.9064831072365,18.0596227385186,19.8178794863001,18.145948321081,17.6632801511848,0.0330058487830742,4.19190470970464,0.910022093072829,1
"4678","PmetTSAr1.1-004667",14.2525885502894,17.4917558045974,19.5759163445782,16.124419560048,14.3821592373283,17.3300429744678,15.8410357167867,16.5310186030319,-0.0733350978954123,4.04455054780242,0.798396996008704,1
"4679","PmetTSAr1.1-004668",26.8416257555923,35.280990449409,28.9383111180722,32.1429316024602,28.5822658260829,39.3813211475264,45.7839458216651,35.1001079927389,0.27273323714508,5.0907292289964,0.366522263069405,1
"4680","PmetTSAr1.1-004669",41.9934312491177,38.5830055757871,41.7997827261043,36.8028623784347,35.2818032935979,48.8803332836132,46.0353908330427,53.3295189180001,0.205693792468718,5.42297636429405,0.50008722861578,1
"4681","PmetTSAr1.1-004670",11.9595853450378,13.0593210854052,12.6250474975903,11.8351650957988,12.6708643407348,15.124915157162,14.6885794146395,13.7003647326497,0.183692865933186,3.73036255296014,0.514887399657057,1
"4682","PmetTSAr1.1-004671",39.2058587250863,36.1436790860303,29.6475834493975,40.4831486162781,33.7525610455781,30.3911846615871,21.2890109633006,32.3543737384682,-0.3053287332542,5.0429182242965,0.315481757946063,1
"4683","PmetTSAr1.1-004673",17.3099261572915,16.0936052555904,24.5881074859437,23.0878388446007,21.5550335911351,24.5956564237961,15.3590994449797,20.4656274828631,0.0156084728532212,4.35334910993769,0.960067364818112,1
"4684","PmetTSAr1.1-004674",73.466024262375,81.8661768269591,61.8958321136544,73.1291409275083,68.1969221557366,77.8579744725684,91.4002616357453,83.674128408497,0.14530364851831,6.25744639956349,0.700220451539436,1
"4685","PmetTSAr1.1-004675",31.2477887774484,27.4870448357959,23.5005565779116,20.3607202654793,26.7617393403451,22.9276751260904,26.6741249569701,25.3626586786243,-0.0118543077931207,4.67802333315298,0.968014855270158,1
"4686","PmetTSAr1.1-004676",15.6463748123051,16.0341094875476,4.96490631927709,10.8555205576678,9.50314825555113,10.6863886530976,17.6221045473778,20.4090144054555,0.293176302750575,3.73207964783843,0.451959165914039,1
"4687","PmetTSAr1.1-004677",24.5036617031789,25.2559535341891,10.6863697919678,15.2771594189617,15.2196014207677,15.6620616767621,27.7008587534285,34.618896834774,0.299693217962025,4.40507573979398,0.420720290683973,1
"4688","PmetTSAr1.1-004678",8.90224773803565,5.77108950015627,6.90358402489957,8.97566211963263,8.04672706696092,10.969097347624,10.7702279873391,9.42607738837263,0.360933897935894,3.13550585373789,0.228467194252539,1
"4689","PmetTSAr1.1-004679",5.79994928387171,4.72991355940643,2.97894379156625,4.1039163083866,4.04156879833783,5.59763215162256,4.71459396332936,4.21767426686944,0.0769169130406556,2.197471576311,0.80619372281657,1
"4690","PmetTSAr1.1-004680",18.2990647948511,14.9929335467977,13.1451805405622,16.5215727511822,16.0206330744923,20.4115677448055,19.9689246535684,17.8331193834077,0.237868076088523,4.10561397962652,0.411810756066162,1
"4691","PmetTSAr1.1-004681",17.9393780175567,16.9265460081903,18.5829350807228,14.2710380014218,18.3509069762367,15.8882286323832,15.3590994449797,18.4558632348918,0.00758883807788836,4.08993101992049,0.98146276823026,1
"4692","PmetTSAr1.1-004682",43.9717085242367,50.2144282281639,14.6110100253011,33.705067487588,24.5406970277451,46.3642259023283,78.4927510516969,40.4500438077612,0.413817453075085,5.37934725918795,0.327368148142008,1
"4693","PmetTSAr1.1-004683",29.134628960844,29.9858670935955,36.3620281859436,27.7477696205752,28.3638026477944,40.0315511449371,35.160394090963,32.7223587416179,0.145760751108554,5.02240118321625,0.621625938001041,1
"4694","PmetTSAr1.1-004684",45.6352598692232,43.9376246996434,40.1920987751002,37.7825069165657,40.6705616913816,41.4733654870217,41.7817793905722,45.9132057775988,0.019717802210656,5.40034010842003,0.947841883439308,1
"4695","PmetTSAr1.1-004685",13.5781758428625,11.5421790003125,19.5286315224899,10.0347372959905,15.7293488367743,14.2485182041302,15.5895907054091,12.8228620328312,0.0969667545985062,3.82672909605982,0.757751480053619,1
"4696","PmetTSAr1.1-004686",13.892901772995,17.0752854282974,12.6250474975903,18.7191537421247,12.9985591081676,16.3405625436255,24.1596748431945,17.776506306,0.193488679274705,4.06793483079717,0.532519890698719,1
"4697","PmetTSAr1.1-004687",10.3859556943749,3.03428417018526,27.4251968112449,21.472749200655,18.5693701545252,17.471397321731,2.15823634765744,3.45339772186625,-0.581743817291913,3.70431296950758,0.368159945501045,1
"4698","PmetTSAr1.1-004688",43.0724915810008,19.0683936577328,232.168476453814,59.3082098760386,48.8265203474868,49.7850011060976,7.60621159417137,36.034223769965,-1.31364879398392,5.95414861589984,0.048504413972939,1
"4699","PmetTSAr1.1-004689",9.12705197384463,9.51932288685571,9.74067335020077,48.4262124389619,6.88159011608875,16.9625216715835,11.6293317762124,9.31285123355734,-0.779324923706281,3.93358935529302,0.124118780426912,1
"4700","PmetTSAr1.1-004690",25.7176045765474,26.9218350393888,31.2079825783131,34.1551744375401,28.8735500638009,38.4201115861367,35.3070703475999,31.5051775773536,0.184514662396634,4.98092644263883,0.52845668190745,1
"4701","PmetTSAr1.1-004691",62.4955775548968,64.3149252543189,44.1167390084336,53.6686345619331,55.344005166428,64.9099162632596,68.0368293285797,62.4725309193345,0.158956806497574,5.89448379544247,0.641289175317458,1
"4702","PmetTSAr1.1-004692",13.6680975371861,13.6245308818122,8.60583762008029,9.87587601953678,11.9426537464397,13.089412556572,13.4104006068035,15.398757054879,0.234038144654653,3.64587488289973,0.433827130368646,1
"4703","PmetTSAr1.1-004693",18.8835558079544,28.4687250085029,84.1196984951804,28.356737846981,34.8448769370208,19.9309629641106,45.9306220783021,30.0332375647548,-0.289040634294252,5.18462888038166,0.509369829051916,1
"4704","PmetTSAr1.1-004694",61.6413214588226,52.7727462540063,60.4772874510038,34.2346050757669,52.7588575566804,53.6298393516566,51.064291060594,44.1582003779619,-0.0523803149868202,5.68359713722051,0.874873179917881,1
"4705","PmetTSAr1.1-004697",26.6617823669452,48.399807302857,6.80901438072287,16.3891883541374,14.4185697670431,29.6278711863659,72.5628395333759,40.4783503464651,0.676633000207136,5.00032934363579,0.197124818342168,1
"4706","PmetTSAr1.1-004698",85.6953746903836,75.262146574203,15.8877002216867,61.0292070376201,42.3454460582604,46.7600180746652,20.7442134386492,82.9098518634938,-0.303645451740755,5.75197158710512,0.538101857093841,1
"4707","PmetTSAr1.1-004699",20.6370288472645,17.5215036886188,11.2065028349397,15.0388675042812,9.32109560697735,11.6193273450347,4.65173271048497,16.7574709126625,-0.605574375410845,3.74391227200364,0.106349582883161,1
"4708","PmetTSAr1.1-004700",14.567314480422,18.5924275133901,3.97192505542167,15.1182981425081,12.6708643407348,11.4214312588662,20.3251384196866,14.606173971172,0.174480345850794,3.80587117227514,0.664004433817307,1
"4709","PmetTSAr1.1-004701",20.9067939302352,21.3589807273825,44.1640238305219,22.3200093417413,21.4458020019909,21.7402986090795,22.0433459974333,19.531511705637,-0.358377580304261,4.59920982967144,0.266953454414539,1
"4710","PmetTSAr1.1-004702",54.5824684544206,45.3952710166932,84.4506922497989,57.5872127144571,52.7224470269656,70.7619862399559,62.7355303387027,59.4720378167294,0.0220858060691025,5.93123729265356,0.951603604989692,1
"4711","PmetTSAr1.1-004703",91.5402848214171,90.4038195411078,116.604371269879,77.4978260299844,97.5073985761146,78.6212879477896,104.475402227379,98.7049004602263,0.0125917643467535,6.56189651613755,0.974711967922198,1
"4712","PmetTSAr1.1-004704",14.8370795633928,16.272092559719,14.6110100253011,15.8331738865496,12.9621485784529,17.7258351468048,17.9992720644441,14.3514151228376,0.0346656438359085,3.96711654190083,0.906069869257308,1
"4713","PmetTSAr1.1-004705",21.7160891791476,21.8944426397681,22.885853890763,23.5114689151439,19.6980965756826,24.4543020765329,25.9407436737856,21.9941805728695,0.0333025502000595,4.51260255007662,0.907709652819791,1
"4714","PmetTSAr1.1-004706",20.9967156245588,18.0867134850259,22.6494297803212,39.1857815252398,18.1688543276629,32.0308950898402,27.5541824967916,29.3255740971593,0.0850066930225895,4.70433281509439,0.799104063377897,1
"4715","PmetTSAr1.1-004707",18.6587515721454,18.8304105855615,27.3306271670682,38.6297670576519,20.972465115699,29.4865168391027,23.1119872957879,26.6930659977039,-0.045684963186927,4.67413860055627,0.889451636290022,1
"4716","PmetTSAr1.1-004708",94.4627398869339,62.2028254887978,80.1004886176704,108.290436782588,91.790945410898,90.4385113789928,51.4205048267123,73.0874829332677,-0.169959226433812,6.34927424529496,0.674307789796017,1
"4717","PmetTSAr1.1-004709",8.63248265506487,9.16234827859862,9.83524299437747,10.6966592812141,10.0857167309872,11.3366186505083,10.0368467041545,9.9072885463376,0.109349920486643,3.32559300535995,0.698914369354971,1
"4718","PmetTSAr1.1-004710",2.3829248995752,3.00453628616383,1.98596252771084,3.1772255290735,2.40309496117385,2.62919085909545,3.08020138937518,3.22694541223568,0.0952712039111577,1.48821239176459,0.723221653329655,1
"4719","PmetTSAr1.1-004711",3.14725930132574,2.91529263409956,2.31695628232931,3.23017928789139,3.02207396632469,2.742274336906,3.39450765359714,2.85896040908599,0.0467674373690733,1.59371181658712,0.870803764971414,1
"4720","PmetTSAr1.1-004712",19.1083600437634,12.345371868891,18.0628020377509,24.3322521768212,18.9698859813875,23.7192594707643,16.3648794904899,19.2767528573026,0.0845997346301849,4.25434058176542,0.784392611025134,1
"4721","PmetTSAr1.1-004713",69.6443522536224,66.5162686719043,43.4547514991966,48.1084898860545,62.9538058768119,44.9506824296963,55.4436250087533,54.9996047015256,-0.0607354342110269,5.80268061252916,0.8589435519278,1
"4722","PmetTSAr1.1-004714",40.7794883757492,38.999475952087,37.8751424927709,24.5175903326838,42.4546776474046,32.5680416094404,35.809960370355,33.5432483640287,0.0225223169066506,5.16489304343129,0.943086387603392,1
"4723","PmetTSAr1.1-004715",41.4539010831761,38.5532576917656,39.3409719775099,26.4504025295369,40.4156879833783,32.8224794345141,35.160394090963,34.6472033734778,-0.027137071333298,5.1763807633763,0.928762390873152,1
"4724","PmetTSAr1.1-004716",39.6105063495425,32.127714743138,81.8500270349394,51.6563917268533,55.8901631121493,49.3892089337607,35.8309141213032,40.9029484270224,-0.173113987824488,5.5986308239511,0.633589497866867,1
"4725","PmetTSAr1.1-004717",27.4261167686957,23.3818368408393,35.6527558546183,27.7212927411663,37.1751508387651,35.0558781212726,27.2608299835178,26.3250809945542,0.140210583272248,4.90963071304692,0.642333230985618,1
"4726","PmetTSAr1.1-004718",19.7827727511903,21.1209976552111,22.1292967373493,19.5664138832109,17.404233203653,17.1321468882994,21.1213809557155,21.0034517182357,-0.107059859450786,4.31964398421532,0.703559893835456,1
"4727","PmetTSAr1.1-004719",37.3624639914527,24.3635170135463,13.381604651004,13.4767316191534,25.3417286814697,14.9835608098988,16.7630007585044,15.9648878289554,-0.27801791356748,4.34021260123638,0.451294037577127,1
"4728","PmetTSAr1.1-004720",37.1376597556437,11.8694057245482,14.3745859148594,9.58463034603838,22.5745284231483,7.46350953549675,8.27673162451155,8.49196161114651,-0.640488738315455,3.90728379803848,0.164539863584095,1
"4729","PmetTSAr1.1-004721",3.73175031442909,1.90386457737114,5.76874829477909,5.71900595233229,3.8231056200493,4.72123519859075,2.01156009102053,2.83065387038217,-0.356285436791545,1.95065646453332,0.34557203420077,1
"4730","PmetTSAr1.1-004722",19.423085973896,20.9425103510826,29.7421530935742,16.6804340276359,17.4770542630825,18.9697534027209,26.3179111908519,19.2201397798949,-0.0804339546265612,4.40290726988128,0.792141310343136,1
"4731","PmetTSAr1.1-004723",49.1871667950051,46.6149342615716,36.8348764068272,34.9494808198085,43.3649408902735,29.4865168391027,36.124266634577,38.5251991759014,-0.184232146264587,5.3016916490339,0.550718280356516,1
"4732","PmetTSAr1.1-004724",31.2028279302866,14.4277237503907,71.352796531325,55.6014467587862,36.7746350119028,51.1985445787296,10.916904243976,25.9287894527007,-0.467504814151972,5.21801182191446,0.338766807411868,1
"4733","PmetTSAr1.1-004725",104.174282873882,84.454242736823,91.165136986345,80.8868665943294,93.6478824263505,75.850742741431,70.7189094499404,94.8835177352104,-0.106102890233526,6.44341148951791,0.783182718113419,1
"4734","PmetTSAr1.1-004726",69.3296263234898,56.3424923365772,31.8699700875501,51.4710535709906,52.7952680863951,56.654822383089,50.1842335207726,60.4627666713632,0.0744122248403772,5.74691237179658,0.829479790157626,1
"4735","PmetTSAr1.1-004727",29.4943157381383,31.9789753230309,24.8718164184738,26.2650643736742,30.1479186038174,32.9638337817773,35.1813478419111,32.2411475836529,0.21305425097021,4.92879149906739,0.457610743079476,1
"4736","PmetTSAr1.1-004728",19.2882034324106,17.253772732426,28.9855959401605,19.1957375714857,24.249412790027,15.3228112433304,11.5245630214718,16.2762597546975,-0.330862610617751,4.2524396441038,0.307089966269278,1
"4737","PmetTSAr1.1-004729",13.3084107598917,3.18302359029238,2.69523485903613,3.09779489084666,5.27952680863951,2.34648216456905,1.63439257395418,4.52904619261147,-0.691741791842765,2.18379201195506,0.170661104653477,1
"4738","PmetTSAr1.1-004730",41.5887836246615,19.990578062397,40.3339532413653,31.0309026672845,40.6705616913816,29.854038141987,20.9327971971824,27.9668602393759,-0.154498377293237,4.98156452793634,0.646223489593037,1
"4739","PmetTSAr1.1-004731",45.005808008958,38.5532576917656,66.3878902120479,36.0085559961663,53.1593733835427,41.9539702677166,41.2369818659208,40.0254457272039,-0.0758800268970345,5.50279688358447,0.81636087021335,1
"4740","PmetTSAr1.1-004735",12.1843895808468,9.78705384304853,10.4972305036144,14.668191192556,9.86725355269868,10.1209712640448,3.87644392540414,10.3884997043026,-0.46300165668261,3.35451885009415,0.181914137704963,1
"4741","PmetTSAr1.1-004737",17.9393780175567,5.32487123983491,7.51828671204816,2.91245673498404,5.5344005166428,3.73175476774837,1.445808815421,3.11371925742039,-1.28508563129896,2.57580290545578,0.00982251867506754,1
"4742","PmetTSAr1.1-004738",18.3889864891747,15.1416729669049,2.60066521485943,11.8351650957988,12.0882958652988,17.867189494068,19.3403121251245,18.257717463965,0.493354840463574,3.8594221123321,0.261624588389183,1
"4743","PmetTSAr1.1-004739",15.9161398952759,15.2011687349477,2.83708932530119,12.3382258045687,12.5252222218758,17.9520021024259,18.8793296042656,16.6442447578472,0.510516503381305,3.81890926778925,0.222972703025775,1
"4744","PmetTSAr1.1-004741",6.38444029697506,4.84890509549213,7.2818626016064,4.79231517301919,7.39133753209532,5.99342432395951,2.55635761567192,4.61396580872294,-0.182198138825249,2.4673516122935,0.600516317104962,1
"4745","PmetTSAr1.1-004742",6.56428368562225,2.94504051812099,10.8282242582329,6.19558978169332,2.14822125317056,8.33990648852856,2.28395885334622,3.70815657020064,-0.683161208833987,2.43812715739083,0.133642984394149,1
"4746","PmetTSAr1.1-004743",18.7936341136308,20.4070484386969,19.3394922341365,13.7150235338339,19.5160439271088,18.4043360136681,24.6206573640533,19.3899790121179,0.18232902321632,4.27323230449207,0.533962116681127,1
"4747","PmetTSAr1.1-004744",125.980293747353,159.656893542983,93.3402388024093,110.726309688211,121.392706068994,126.314244714392,204.801961767028,156.931450573988,0.315565980564998,7.10292048603628,0.45386522264393,1
"4748","PmetTSAr1.1-004745",65.8226802448697,75.7678606025672,59.4843061871484,63.8622331343773,58.475310721897,72.1472588431352,77.067895987224,67.8224667343568,0.0564777340720497,6.0794173553941,0.879419787231146,1
"4749","PmetTSAr1.1-004746",21.3114415546914,24.7204916218034,19.8596252771084,19.1163069332589,18.2052648573776,23.0690294733536,23.6567848204393,22.3055524986115,0.0375825519842342,4.43261746850063,0.896766956848344,1
"4750","PmetTSAr1.1-004747",42.7128048037064,40.0406518928368,62.0849714020078,34.1551744375401,49.5911414714967,49.1913128475922,55.6531625182346,43.7619088361084,0.147627584072357,5.56092088565404,0.652410696782068,1
"4751","PmetTSAr1.1-004748",67.3063882012089,55.5987952360416,66.0568964574295,62.7502041992015,71.6195119489236,74.3806575298937,56.4703588052117,67.7092405795415,0.102155148127306,6.0289150831398,0.774484595317755,1
"4752","PmetTSAr1.1-004749",34.1252829958033,38.3152746195942,20.3324734979919,22.7701162916934,35.3182138233126,28.6949324944288,36.4804804006952,30.0898506421625,0.176314348034852,4.94630241203446,0.576231500766699,1
"4753","PmetTSAr1.1-004750",31.3826713189338,28.7364559646957,40.8540862843372,43.3426515924443,36.3741191850405,47.0427267691916,37.7586592085312,34.4207510638472,0.108563120776065,5.23082475624463,0.723941468165042,1
"4754","PmetTSAr1.1-004751",5.48522335373914,5.50335854396346,9.36239477349394,9.1345233960863,7.35492700238057,7.0677173631598,6.16040277875037,6.36897120835989,-0.130343362731743,2.83055622942547,0.676726385028904,1
"4755","PmetTSAr1.1-004752",54.492546760097,30.372589585874,45.7717077815259,63.2003111491536,53.1229628538279,45.5160998187491,37.2976766876723,46.988854248344,-0.0837810264722943,5.55929199512375,0.80427923315766,1
"4756","PmetTSAr1.1-004753",44.9158863146344,46.1092202332074,33.7613629710842,38.0737525900641,43.1828882416998,36.6107759411678,41.907501896261,46.7907084774173,0.0488933743410034,5.37440653473024,0.872008960072006,1
"4757","PmetTSAr1.1-004754",31.5175538604192,26.1186421708104,32.7210968851404,39.1063508870129,29.9294554255288,40.2577181005582,34.0707990416602,36.3172891570033,0.118783970268344,5.07977408062746,0.690624509652554,1
"4758","PmetTSAr1.1-004755",13.3084107598917,14.4872195184335,13.523459117269,8.36669389322687,13.1077906973119,6.04996606286479,6.36994028823167,12.9077816489427,-0.371099770628383,3.46785884007768,0.288316660387288,1
"4759","PmetTSAr1.1-004756",11.465016026258,15.1416729669049,12.9560412522088,7.99601758150163,13.7267697024627,6.16304954067535,6.64233905055737,11.435841636344,-0.326195470718489,3.42517686426147,0.347884864931708,1
"4760","PmetTSAr1.1-004757",3.68678946726729,4.37293895114934,3.12079825783131,3.44199432316295,4.40567409548539,3.98619259282213,4.92413147281067,4.3025938829809,0.266718090247622,2.03450625687447,0.330251966227811,1
"4761","PmetTSAr1.1-004758",14.4324319389366,14.9036898947335,15.5094216449799,13.7150235338339,15.62011724763,16.3122916741728,16.0715269772161,17.776506306,0.16809944926774,3.9639528533907,0.548235772054672,1
"4762","PmetTSAr1.1-004759",12.9037631354355,12.6428507091052,39.9556746646585,16.5745265100001,15.765759366489,18.5174194914787,6.89378406193494,11.7755201007898,-0.631725872410242,4.08037958411223,0.130627649032159,1
"4763","PmetTSAr1.1-004760",11.9595853450378,9.34083558272717,41.894352370281,12.5765177192493,9.53955878526588,11.67586908394,11.3359792629386,10.4168062430064,-0.816008503567449,3.89497010763621,0.0544501980239031,1
"4764","PmetTSAr1.1-004761",90.0565768650778,83.1453358398803,308.486179304417,98.7852370747768,73.6585016129499,90.3254279011823,85.0093675965655,89.3071296105575,-0.778707770923935,6.84401855332764,0.109043617694548,1
"4765","PmetTSAr1.1-004762",10.2510731528895,11.0662128559698,15.131143068273,5.74548283174124,9.32109560697735,9.38592865827622,7.94147160934146,8.74672045948091,-0.250935268664273,3.28508130230919,0.442293643550164,1
"4766","PmetTSAr1.1-004763",48.4228323932545,54.9443417875703,48.6560819289155,37.6501225195209,65.1748481894119,55.3543623882676,76.6907284701576,63.2934205417454,0.457980860293723,5.81608770047344,0.170013172862916,1
"4767","PmetTSAr1.1-004765",80.7047206554242,75.7678606025672,151.59513961526,78.0273636181633,85.6739764188192,80.1196440287795,76.1459309455063,82.6833995538632,-0.250013855735038,6.4739392296468,0.540495117754183,1
"4768","PmetTSAr1.1-004766",29.4043940438147,30.7593120781525,26.8104941240963,29.9188737321088,26.1427603351943,37.5719855025575,33.7355390264901,39.6574607240542,0.230110188270757,4.99172709552726,0.4331009536099,1
"4769","PmetTSAr1.1-004767",45.230612244767,40.2488870809868,35.7000406767067,37.7030762783388,42.0541618205423,46.4490385106862,50.3518635283576,44.6677180746307,0.208161474220426,5.42173829394874,0.48655233092082,1
"4770","PmetTSAr1.1-004768",38.2167200875268,39.4456942124084,42.5563398795179,35.6908334432589,34.7720558775913,34.1229394293355,38.701578001197,43.6769892199969,-0.0432759655784461,5.26521369218634,0.883984937588479,1
"4771","PmetTSAr1.1-004769",7.86814825331434,9.07310462653435,8.27484386546182,10.9084743164857,8.92057978011504,10.8277430003608,14.1856893918844,11.0112435557866,0.314518240586637,3.35126158556167,0.288886477520211,1
"4772","PmetTSAr1.1-004770",10.4309165415367,10.9174734358626,9.74067335020077,14.1386536043771,9.24827454754784,13.6265590761721,17.0982607736745,14.606173971172,0.270822175020284,3.649416895299,0.378478723653642,1
"4773","PmetTSAr1.1-004771",49.5018927251376,47.41812713015,39.3882567995982,30.792610752604,44.5664883708604,32.3418746538192,42.0332244019498,40.6198830399842,-0.0664064038289519,5.35369038617359,0.831604341520806,1
"4774","PmetTSAr1.1-004772",45.9050249521939,45.871237161036,40.7122318180721,33.1755298994091,42.6367302959784,33.9533142126197,42.1589469076386,40.8180288109109,-0.053907828607361,5.34740504357645,0.858893887999591,1
"4775","PmetTSAr1.1-004773",33.5407919827,27.0705744594959,21.7510181606425,18.1896161539458,20.4991282294072,17.0190634104888,17.7897345549628,29.2972675584555,-0.248707655483736,4.53598438086319,0.4354347153472,1
"4776","PmetTSAr1.1-004774",136.096484358757,153.32059424642,157.742166486746,146.311235613834,139.015402450936,162.133436310886,169.704428928909,138.786959264838,0.0388030652746765,7.23316128574991,0.923205758298114,1
"4777","PmetTSAr1.1-004775",84.8860794414713,85.3466792574657,68.3265679176704,71.9376813541057,85.7103869485339,74.7764497022307,86.4761301629346,81.5511380057104,0.0813580802225672,6.32082922900787,0.829124868213443,1
"4778","PmetTSAr1.1-004776",41.0042926115582,47.0909004059143,47.0011131558231,37.5706918812941,41.2895406965325,40.9362189674216,44.6733970214142,44.6394115359268,-0.00927850303874887,5.42916056196995,0.975573500351465,1
"4779","PmetTSAr1.1-004777",79.0411693104378,75.9463479066957,77.2633992923692,83.4551238969972,81.0134286153305,71.9210918875141,74.6163071262927,77.1919310453218,-0.0510299657585321,6.27829711482076,0.891111104037925,1
"4780","PmetTSAr1.1-004778",28.0555686289608,23.5900720289893,32.9102361734938,30.3160269232429,23.5940232551614,27.6206394552285,31.1372739089219,28.2216190877103,-0.0543553658867779,4.81974355717135,0.851681366951541,1
"4781","PmetTSAr1.1-004779",27.2013125328867,23.6198199130107,27.0942030566264,29.4422899027477,25.1596760328959,30.7021642255662,32.6249902262392,26.7779856138153,0.10284053563631,4.80178874867839,0.721835172069152,1
"4782","PmetTSAr1.1-004780",25.5827220350621,25.0774662300605,19.5759163445782,19.6723214008467,26.03352874605,18.7718573165524,18.9631446080581,20.8336124860128,-0.0882521509746104,4.45099013037554,0.763526783807099,1
"4783","PmetTSAr1.1-004781",6.42940114413686,5.89008103624197,3.73550094497991,1.45622836749202,3.85951614976406,2.0920443394953,56.3027287976267,4.3025938829809,1.92733072245989,3.408652288639,0.0152889790576048,1
"4784","PmetTSAr1.1-004782",13.9378626201568,10.7687340157555,6.90358402489957,12.8677633927477,12.343169573302,13.6831008150774,10.7073667344947,12.3416508748663,0.140370844834058,3.5556885556794,0.649480712226029,1
"4785","PmetTSAr1.1-004783",45.005808008958,56.7292148288558,42.4617702353412,58.1961809408629,50.1737099469328,75.3418670912835,81.9501199581384,61.4534955259969,0.409851128277542,5.88234367727703,0.242492897585458,1
"4786","PmetTSAr1.1-004784",19.5579685153814,12.6725985931267,15.2729975345381,23.2996538798723,47.5521518074704,16.4253751519834,5.65751275599524,51.8009658279937,0.777495075074355,4.59027500165014,0.124174133641884,1
"4787","PmetTSAr1.1-004785",12.4991155109794,14.4872195184335,17.0225359518072,13.9797923279234,15.0011382424792,17.7823768857101,14.3323656485213,16.6442447578472,0.137111897420778,3.93359962223176,0.632631203071148,1
"4788","PmetTSAr1.1-004786",5.79994928387171,6.96100486101324,4.96490631927709,6.80455800809907,5.78927422464609,4.43852650406435,6.01372652211345,6.51050390187899,-0.111543670848737,2.57891209741596,0.708634243185046,1
"4789","PmetTSAr1.1-004787",9.17201282100643,9.90604537913423,8.700407264257,10.1935985724441,9.21186401783308,9.64036648334997,10.9378579949241,12.6813293393121,0.160981692962095,3.33937544031166,0.574290223235751,1
"4790","PmetTSAr1.1-004788",9.62162129262439,11.3041959281412,12.5304778534136,13.6355928956071,10.7411062658528,11.3931603894136,13.012279338789,14.29480204543,0.0699152330798476,3.60075293838774,0.811112456031231,1
"4791","PmetTSAr1.1-004789",13.8479409258332,16.3018404437404,13.3343198289156,13.3178703426997,14.2365171184693,11.5345147366768,14.1018743880918,15.5969028258058,-0.0346637730539791,3.81721726581656,0.90583310141375,1
"4792","PmetTSAr1.1-004790",66.3622104108112,71.0676949271822,136.889559945783,67.5425193722207,74.241070088386,80.9677701123587,91.2326316281602,75.1538602586467,-0.0879109339831599,6.37480512465075,0.83007043989335,1
"4793","PmetTSAr1.1-004791",31.2927496246102,33.1986385679093,29.6948682714858,26.9534632383068,30.6940765495387,24.7935525099646,30.7391526409074,32.3260671997644,-0.0310613948988246,4.90795291154814,0.91483600316379,1
"4794","PmetTSAr1.1-004792",18.8835558079544,12.5238591730195,23.4532717558232,18.08370863631,15.2560119504825,17.5844807995416,19.7803408950352,13.5305255004268,-0.139273982474857,4.12459985087704,0.650076697680667,1
"4795","PmetTSAr1.1-004793",8.27279587777051,7.73444984557027,4.72848220883532,5.79843659055913,5.97132687321986,5.93688258505423,9.19869666622929,6.28405159224842,0.047373838701982,2.76691265705082,0.88745984717479,1
"4796","PmetTSAr1.1-004794",5.62010589522453,7.16924004916321,3.92464023333332,5.0306070876997,5.89850581379035,4.86258954585394,9.84826294562134,6.53881044058282,0.319689323256613,2.62851328975962,0.327374505784605,1
"4797","PmetTSAr1.1-004795",7.23869639304919,8.1509202218702,5.53232418433733,6.14263602287543,6.80876905665924,5.85206997669631,9.68063293803629,7.02002159854779,0.118034502905579,2.83191384422211,0.698281720553883,1
"4798","PmetTSAr1.1-004796",6.02475351968069,7.2882315852489,4.53934292048191,5.48071403765178,5.24311627892476,4.57988085132755,8.6538991415779,5.80284043428345,0.0579916138116422,2.58980596272556,0.858224436189823,1
"4799","PmetTSAr1.1-004797",5.08057572928297,6.63377813677757,4.68119738674697,5.77195971115018,5.27952680863951,5.51281954326464,6.09754152590598,5.6046946633567,0.0185851890094366,2.49797889760672,0.947673283044757,1
"4800","PmetTSAr1.1-004798",6.11467521400429,6.4255429486276,4.30291881004014,4.7393614142013,5.06106363035098,5.17356910983297,5.9089577673728,5.3499358150223,-0.00582834240985817,2.44568923345287,0.98808503278272,1
"4801","PmetTSAr1.1-004799",7.1487746987256,7.4072231213346,3.97192505542167,5.40128339942494,5.5344005166428,6.4174873657491,6.05563402400972,5.71792081817199,-0.0136082677705321,2.58999771664627,0.969445801737992,1
"4802","PmetTSAr1.1-004800",6.47436199129866,6.90150909297039,4.63391256465862,4.89822269065497,5.75286369493133,4.35371389570644,6.45375529202419,5.18009658279937,-0.0753136865690668,2.49651793273674,0.802006454629424,1
"4803","PmetTSAr1.1-004801",1.79843388647185,2.23109130160681,1.74953841726907,1.98576595567094,1.34718959944595,1.4418143420846,1.78106883059109,1.81161847704459,-0.283234077280519,0.872698601446939,0.287157344734851,1
"4804","PmetTSAr1.1-004804",2.427885746737,2.43932648975678,1.74953841726907,2.25053474976039,1.96616860459678,2.06377347004266,2.17919009860557,2.20791001889809,-0.0784240261167534,1.1529593103694,0.773702952443764,1
"4805","PmetTSAr1.1-004805",37.5872682272616,33.7043525962735,30.2622861365461,22.1346711858787,30.7668976089682,20.8921725255004,27.9103962629098,27.7121013910415,-0.204912749102765,4.85428678013915,0.50104935803429,1
"4806","PmetTSAr1.1-004806",33.8105570656708,39.4456942124084,36.0310344313252,29.0186598322046,33.6797399861486,26.2919085909545,31.4096726712476,29.8067852551243,-0.190566465157452,5.02212692287013,0.513958390821404,1
"4807","PmetTSAr1.1-004807",17.3998478516151,12.7023464771481,12.0103448104417,12.9471940309745,16.8216647282169,13.9658095096038,5.4270214955658,16.361179370809,-0.0676530422340796,3.75567280075829,0.85267963423067,1
"4808","PmetTSAr1.1-004808",19.198281738087,12.9700774333409,11.2537876570281,15.1712519013259,16.8580752579317,15.6337908073095,5.97181902021719,16.9273101448854,-0.0822394946119944,3.83821946950882,0.820468645426282,1
"4809","PmetTSAr1.1-004809",46.2197508823265,39.2672069082798,50.8784685670681,46.3080620862462,52.3583417298181,47.0992685080969,44.4429057609848,41.1010941979491,0.0183398258149305,5.52411819268126,0.952791605883603,1
"4810","PmetTSAr1.1-004810",40.9593317643964,42.717961454765,42.840048812048,31.6663477730992,39.4690142107947,30.6738933561135,35.4537466042368,36.7418872375606,-0.152083097700929,5.23348903107237,0.610697642052054,1
"4811","PmetTSAr1.1-004811",59.2583965592474,55.836778308213,61.8958321136544,41.3568856367733,51.3024363680902,45.1768493853174,49.7442047508618,52.1972573698472,-0.137778567020161,5.70463386897903,0.669167298862142,1
"4812","PmetTSAr1.1-004812",30.7082586115068,30.9080514982596,48.3723729963854,29.8923968526998,31.9684450895551,30.2498303143239,41.8865481453129,34.2226052929205,-0.0152705397443762,5.12243683022,0.960541170650869,1
"4813","PmetTSAr1.1-004813",13.3533716070535,15.1119250828834,14.7055796694779,15.5684050924601,14.0544644698955,14.8704773320882,24.3482586017276,20.7769994086051,0.33462317706984,4.05912228451681,0.269121716711264,1
"4814","PmetTSAr1.1-004814",42.9376090395154,36.827880418523,17.9682323935742,17.1570178569969,22.2104231260007,19.2241912277947,23.6777385713875,34.930268760516,-0.199333583052377,4.75082296163779,0.584288292295257,1
"4815","PmetTSAr1.1-004815",45.3654947862524,31.146034570431,55.1341025550199,43.9251429394411,41.6172354639653,19.902692094658,14.1856893918844,29.7218656390128,-0.736268220774588,5.136143325417,0.0445208776739133,1
"4816","PmetTSAr1.1-004816",10.3409948472131,7.25848370122748,9.45696441767065,10.1671216930352,9.57596931498064,12.0433903868243,12.1741293008638,9.70914277541085,0.22635719362289,3.34411862796545,0.440223755908658,1
"4817","PmetTSAr1.1-004817",9.98130806991876,7.13949216514178,10.6390849698795,10.0082604165815,10.0493062012725,11.7606816922979,12.5093893160339,9.34115777226117,0.211113731578825,3.35635323954419,0.475646826315564,1
"4818","PmetTSAr1.1-004818",41.6337444718233,8.41865117806302,25.5338039277107,44.9842181157989,42.1269828799718,19.3655455750579,12.6560655726708,8.91655969170384,-0.538212595681924,4.67242045981988,0.287511043332137,1
"4819","PmetTSAr1.1-004819",19.2432425852488,22.3109130160681,10.8282242582329,18.8250612597605,18.751422803099,16.4253751519834,16.4486944942824,18.8804613154491,-0.015795996673774,4.15216787936917,0.962806079798254,1
"4820","PmetTSAr1.1-004820",21.626167484824,29.0339348049099,13.0033260742971,21.2344572859745,18.2416753870924,18.2912525358576,19.1936358684875,21.2015974891625,-0.143298824519533,4.34302858748204,0.647604354892916,1
"4821","PmetTSAr1.1-004821",19.0633991966016,22.9653664645394,11.5847814116465,16.2832808365017,19.8801492242564,16.2274790658149,16.6372782528156,19.4182855508217,0.0447344716189358,4.15558197674465,0.884105881340003,1
"4822","PmetTSAr1.1-004822",18.0292997118803,22.1324257119395,12.3413385650602,20.6519659389777,15.3652435396267,18.5174194914787,27.302737485414,21.3431301826816,0.173411579336548,4.28787837374828,0.582702834651742,1
"4823","PmetTSAr1.1-004823",18.9285166551162,20.198813250547,13.8544528718875,20.2812896272525,16.0206330744923,20.1005881808265,26.8836624664514,21.0034517182357,0.197268708211395,4.30230979935488,0.512310430657444,1
"4824","PmetTSAr1.1-004824",63.1699902623237,59.198289202634,53.4791337819275,56.9252907292335,62.5897005796643,52.6403589208142,57.7904451149439,61.3119628324778,0.0095930200067359,5.86910793285166,0.977391052817538,1
"4825","PmetTSAr1.1-004825",43.1624132753244,56.0747613803844,75.7975698076302,37.8884144342014,46.9331728023195,35.5364829019675,35.4956541061331,37.1664853181179,-0.456651203558143,5.52530260582016,0.170152077816956,1
"4826","PmetTSAr1.1-004826",37.5872682272616,41.4685503258652,97.1230245694776,37.5442150018851,46.569067505172,37.0913807218626,26.8627087155033,29.7501721777166,-0.607243745237739,5.46887779246737,0.111043041087738,1
"4827","PmetTSAr1.1-004827",2.3379640524134,49.1137565193712,1.84410806144578,5.08356084651759,2.65796866917713,2.742274336906,35.9356828760438,4.16106118946179,-0.359504939453075,3.70995285406527,0.695270573028282,1
"4828","PmetTSAr1.1-004828",34.1702438429651,39.0589717201298,35.8891799650601,36.2998016696647,40.5977406319521,45.3182037325806,42.1379931566904,40.2518980368345,0.210750682776321,5.29574034020375,0.471592102242379,1
"4829","PmetTSAr1.1-004829",52.963877956596,41.5875418619509,77.4998234028109,30.2101194056072,32.4053714461322,28.6949324944288,35.3908853513924,30.8541271871657,-0.666609175926263,5.36606149325957,0.0515439822897017,1
"4830","PmetTSAr1.1-004830",43.9717085242367,33.8530920163806,36.8348764068272,53.1655738531632,38.6315720273553,33.6988763875459,22.1271610012258,49.7345885026148,-0.219447715706971,5.28763783208808,0.514029766543363,1
"4831","PmetTSAr1.1-004831",10.4758773886985,10.173776335327,17.5899538168674,26.2121106148563,17.0037173767907,23.3800090373326,17.4335207888446,16.7574709126625,0.209349886845341,4.12491550416354,0.548447763640923,1
"4832","PmetTSAr1.1-004832",37.8570333102324,38.0772915474228,22.4602904919678,25.4442811119969,31.1674134358305,30.4477264004924,30.6762913880631,39.374395337016,0.0882910484220148,5.00005046675391,0.776426124986237,1
"4833","PmetTSAr1.1-004833",19.2432425852488,15.1714208509263,7.9911349329317,10.8555205576678,13.3262538756004,13.2590377732878,12.0693605461232,16.4744055256242,0.0496443996694159,3.76657105468708,0.88123140745379,1
"4834","PmetTSAr1.1-004834",47.5685762971804,45.2167837125646,22.7912842465863,30.1836425261982,37.4664350764832,35.5930246408728,36.6481104082802,44.4978788424077,0.0811034708642857,5.23108961013709,0.804326922809938,1
"4835","PmetTSAr1.1-004835",8.3177567249323,8.06167656980593,6.99815366907628,5.53366779646967,5.17029521949525,5.08875650147506,8.8634366510592,5.57638812465288,-0.222825991510074,2.75736468963104,0.470832579877691,1
"4836","PmetTSAr1.1-004836",25.4928003407385,27.2490617636245,25.439234283534,23.6703301915975,22.4288863042892,26.1222833742386,29.3352513273827,25.1645129076975,0.0173120483865889,4.68235230132914,0.953107974076926,1
"4837","PmetTSAr1.1-004837",71.4427861400942,45.9009850450574,235.005565779116,100.929864306901,83.1252393387863,85.095317052444,29.5238350859159,51.4895939022517,-0.862839159472675,6.45689889303684,0.102519915027577,1
"4838","PmetTSAr1.1-004838",2.47284659389879,1.66588150519975,12.9560412522088,3.54790184079874,4.29644250634112,2.51610738128489,1.67630007585044,1.9531511705637,-0.980974481450985,1.96729292643788,0.060821406850709,1
"4839","PmetTSAr1.1-004839",22.1656976507655,20.6152836268469,13.4761742951807,28.9392291939778,22.2832441854302,23.0690294733536,24.0758598394019,23.1264421210223,0.118284787727712,4.47821300896667,0.699666875498561,1
"4840","PmetTSAr1.1-004840",15.3766097293343,15.8853700674405,6.00517240522086,14.2975148808307,12.4524011624463,14.1637055957722,14.1018743880918,13.5871385778344,0.0731540095759643,3.73365712451538,0.826670411633606,1
"4841","PmetTSAr1.1-004841",16.4107092140556,16.3910840958047,17.9209475714859,13.2649165838818,13.981643410466,12.6088077758771,12.8656030821521,15.2289178226561,-0.225908476268644,3.89622025808251,0.427299413597616,1
"4842","PmetTSAr1.1-004842",41.5887836246615,35.6082171736446,46.717404223293,29.6541049380193,40.2336353348046,34.8297111656515,29.5028813349677,37.2797114729332,-0.114198151750349,5.20864504842536,0.708511216982336,1
"4843","PmetTSAr1.1-004843",54.7623118430678,52.8619899060706,15.0365734240963,55.5749698793772,40.8162038102407,47.2688937248127,51.4205048267123,61.3685759098855,0.172094256812617,5.56868462053412,0.666445872116178,1
"4844","PmetTSAr1.1-004844",50.086383738241,53.0404772101992,38.3479907136545,50.4119783946328,44.5664883708604,52.8382550069827,54.4168912122949,44.6394115359268,0.0338664205431482,5.60316457056631,0.914922358594919,1
"4845","PmetTSAr1.1-004845",4.67592810482681,4.58117413929931,5.48503936224898,4.58050013774762,4.84260045206245,5.484548673812,6.80996905814241,6.34066466965606,0.284927260889269,2.43703582073083,0.317015169188259,1
"4846","PmetTSAr1.1-004846",18.6587515721454,17.0157896602546,17.6372386389558,12.5765177192493,18.4601385653809,15.435894721141,11.4617017686274,16.0498074450669,-0.101514908288339,3.99687153967272,0.736175842236427,1
"4847","PmetTSAr1.1-004847",14.792118716231,14.1897406782193,17.7318082831325,15.2506825395528,16.1662751933513,12.8632456009508,13.9342443805068,13.3606862682038,-0.137492502443865,3.89171676854961,0.628634300150193,1
"4848","PmetTSAr1.1-004849",28.9547855721968,17.9379740649187,27.0469182345381,28.0125384146647,25.4509602706139,22.3622577370376,15.6734057092016,25.0229802141784,-0.204123411810065,4.57659598054869,0.506079369355481,1
"4849","PmetTSAr1.1-004850",55.166959467524,53.6651827746491,50.9730382112448,53.0596663355274,58.0747948950347,50.7462106674874,56.6379888127967,58.113323958946,0.0707720937181992,5.77127155164931,0.82448457949588,1
"4850","PmetTSAr1.1-004851",76.2086359392446,78.0881955562383,68.7521313164656,76.3328433359907,75.1877438609696,63.0723097488381,65.8785929809223,74.9557144877199,-0.101314068769917,6.17731993522358,0.784999607434433,1
"4851","PmetTSAr1.1-004852",31.7873189433899,29.0636826889313,28.7964566518071,33.9698362816775,32.6238346244207,24.8500942488699,27.5751362477397,31.0239664193886,-0.0912129879862852,4.90792261454955,0.752457472616069,1
"4852","PmetTSAr1.1-004853",13.1285673712445,17.1050333123189,9.17325548514053,13.7150235338339,12.5252222218758,23.7475303402169,31.7658864373658,16.9556166835892,0.677600318263857,4.1164501989944,0.050875273286243,1
"4853","PmetTSAr1.1-004854",11.4200551790962,14.9036898947335,6.47802062610439,11.252673748802,11.2508536818594,17.2452303661099,23.7825073261281,13.2757666520924,0.572460809846183,3.78449630469247,0.0971920791232134,1
"4854","PmetTSAr1.1-004855",33.4958311355382,33.5853610601878,30.9715584678714,30.4484113202877,32.9879399215683,35.6212955103254,36.5852491554359,30.797514109758,0.0818667329541016,5.0498274803554,0.776421396947795,1
"4855","PmetTSAr1.1-004857",69.734273947946,69.2530740018753,54.8031088004014,62.1147590933869,68.6338485123137,59.2274715032791,64.7680441806714,66.0108482573122,0.0152617015603408,6.00854590452177,0.965443511582795,1
"4856","PmetTSAr1.1-004858",33.2260660525674,33.882839900402,14.989288602008,20.7843503360225,24.0673601414532,32.5397707399877,41.1741206130764,32.552519509395,0.341291932610977,4.86904038880258,0.315510500262926,1
"4857","PmetTSAr1.1-004859",9.5316995983008,11.0959607399912,5.67417865060239,6.67217361105434,9.3575061366921,7.18080084097036,9.84826294562134,9.87898200763378,0.136253675671902,3.12436557361636,0.66699642622744,1
"4858","PmetTSAr1.1-004860",50.2662271268882,50.5119070683781,56.2689382851404,60.8703457611664,52.1398785515295,56.5134680358258,53.3901574158365,51.8292723666976,-0.0270806534900503,5.75584756199357,0.932767521814058,1
"4859","PmetTSAr1.1-004861",16.0510224367613,18.4139402092615,14.5164403811244,13.1590090662461,13.1442012270267,9.69690822225525,14.3952269013657,10.4451127817102,-0.381776976434122,3.78509851342521,0.197011503878328,1
"4860","PmetTSAr1.1-004862",42.8926481923536,50.3036718802282,39.1991175112448,59.6524093083549,36.0828349473225,61.8001206234693,56.7427575675374,43.9034415296275,0.047707709009711,5.6115334597791,0.886734940457552,1
"4861","PmetTSAr1.1-004863",36.4182862010549,38.6425013438299,55.9852293526102,41.8864232249523,42.0905723502571,34.2925646460514,48.9479622148329,43.3373107555511,-0.0356475174742946,5.41817265501964,0.909138477395631,1
"4862","PmetTSAr1.1-004864",13.4882541485389,12.7023464771481,9.69338852811241,9.18747715490419,15.2196014207677,13.5417464678142,13.2427705992185,12.9077816489427,0.284903754809865,3.65079796135612,0.328930641922609,1
"4863","PmetTSAr1.1-004865",40.8694100700728,38.3450225036157,65.063915193574,35.7437872020768,45.0398252571523,40.2294472311056,44.2962295043479,39.6008476466466,-0.0891596572083557,5.44962848093744,0.780684583471619,1
"4864","PmetTSAr1.1-004866",71.0830993627998,57.5621555814556,101.094949624899,98.4939914012784,68.6338485123137,71.8645501486089,73.9248333450044,67.5960144247263,-0.218858421344674,6.25436251135689,0.573579474489027,1
"4865","PmetTSAr1.1-004867",39.0260153364391,38.1962830835085,39.5301112658633,34.5523276286743,39.578245799939,39.6357589726002,41.425565624454,50.1308800444683,0.174797123802743,5.33348511245382,0.557274097803754,1
"4866","PmetTSAr1.1-004868",50.6259139041826,28.2307419363315,88.0443387285137,88.3003928288342,30.4027923118207,31.3523942229769,6.80996905814241,57.4339670300543,-1.01833529286059,5.57574964138072,0.0488631793804414,1
"4867","PmetTSAr1.1-004869",56.0212155635981,63.0655141254191,63.2670919542166,42.1247151396328,50.9383310709426,54.0539023934462,75.307780907581,60.6042993648823,0.102208921876248,5.86383006968199,0.768225075489859,1
"4868","PmetTSAr1.1-004870",38.171759240365,37.3335944468872,36.4565978301203,41.2774549985465,38.0490035519193,45.3464746020333,42.5570681756531,51.0366892829906,0.207808824053112,5.36960914318967,0.486361852147241,1
"4869","PmetTSAr1.1-004871",50.6708747513443,45.4250189007146,30.4041406028111,49.2469957006392,44.930593668008,57.7008445528366,76.2926072021432,51.1782219765097,0.388725370177012,5.6668694393746,0.253030950381425,1
"4870","PmetTSAr1.1-004872",28.9997464193586,25.5236844903819,26.5740700136545,22.5318243770129,28.5094447666534,26.0657416353333,31.786840188314,27.938553700672,0.142006096655892,4.77096819982793,0.618535248843724,1
"4871","PmetTSAr1.1-004873",62.6754209435439,42.9856924109578,52.2497284076303,31.1897639437382,42.3090355285456,33.614063779188,37.1090929291391,37.9024553244173,-0.324697548200569,5.41119436547327,0.31406144535924,1
"4872","PmetTSAr1.1-004874",59.8428875723508,41.2900630217366,50.8311837449797,31.9311165671886,44.63930943029,35.8474624659465,37.1300466800872,37.7326160921943,-0.242888606425679,5.40788033243753,0.445589624132322,1
"4873","PmetTSAr1.1-004875",31.2477887774484,24.1850297094178,24.9191012405622,22.4259168593771,25.5237813300434,22.0230073036059,24.8511486244828,24.9380605980669,-0.0779463735046112,4.64797829333986,0.785332630058,1
"4874","PmetTSAr1.1-004876",24.1439749258846,18.3246965571972,26.101221792771,23.8556683474602,25.7786550380467,30.6173516172083,25.0606861339641,21.6261955697198,0.157929361181833,4.61465095065173,0.589007666751139,1
"4875","PmetTSAr1.1-004877",39.5205846552189,21.2102413072754,42.9346184562247,29.0980904704314,31.6771608518371,28.7514742333341,21.7290397332113,19.7579640152676,-0.380954441518078,4.87680427074743,0.244418925972558,1
"4876","PmetTSAr1.1-004878",90.910832961152,89.2139041802509,85.0181101148591,103.948228559521,88.4775872068553,83.8796696659805,80.8395711578875,81.7775903153409,-0.139999670683819,6.4605679091433,0.712526294512389,1
"4877","PmetTSAr1.1-004879",76.5233618693772,66.5162686719043,83.6468502742969,104.345381750655,96.6335458629605,94.6791417968887,96.1567631009709,90.977215394083,0.193054771806416,6.47167267439438,0.618165928066749,1
"4878","PmetTSAr1.1-004880",19.5579685153814,16.6885629360189,17.9682323935742,18.3749543098084,18.5329596248104,17.2735012355626,17.5592432945334,19.8145770926752,0.0118367492413413,4.1923129253928,0.968386144705152,1
"4879","PmetTSAr1.1-004881",22.3005801922509,20.0798217144613,19.3394922341365,22.9289775681471,21.3365704128466,25.3306990295647,23.6777385713875,21.7960348019427,0.122281601220443,4.47008647724088,0.663536627324431,1
"4880","PmetTSAr1.1-004882",34.2601655372887,39.7431730526226,32.5792424188754,29.9983043703356,39.1777299730767,26.2919085909545,35.6004228608737,35.5530126120001,0.000292059951486288,5.09640455290405,0.999989017280005,1
"4881","PmetTSAr1.1-004883",48.2879498517691,33.0796470318236,44.2113086526103,45.2754637892973,41.6900565233948,38.9855289751895,23.279617303373,42.9976322911052,-0.217563383272351,5.31394429048901,0.500720781972369,1
"4882","PmetTSAr1.1-004884",84.7511968999859,55.0038375556132,80.1004886176704,86.950071978978,74.3138911478155,72.2886131903984,42.7246981832381,79.0035495223664,-0.193368254536399,6.16884846103454,0.626891858033302,1
"4883","PmetTSAr1.1-004885",21.4912849433386,16.2125967916761,21.5145940502007,20.8373040948403,13.836001291607,13.4569338594563,14.3742731504175,15.7384355193249,-0.479076401942613,4.10740740542781,0.0943581896936921,1
"4884","PmetTSAr1.1-004886",13.3533716070535,8.74587790229868,12.4831930313253,13.7150235338339,11.906243216725,10.0927003945922,4.08598143488545,5.97267966650638,-0.593415879919727,3.33515603758056,0.0980577785407704,1
"4885","PmetTSAr1.1-004887",110.019193004915,107.984818997769,74.7573037216865,76.3063664565818,92.0822296486161,78.5364753394317,79.9176061161697,101.960152411166,-0.066298674819109,6.49593559344225,0.866365665566653,1
"4886","PmetTSAr1.1-004888",94.4627398869339,92.2184404664147,136.038433148192,158.570030780176,87.5673239639864,161.398393705117,174.670467903616,127.832328786459,0.196406288042622,7.01307085677191,0.647669963938223,1
"4887","PmetTSAr1.1-004889",89.2023207690037,89.3923914843794,87.2877815751001,86.447011270208,87.6401450234159,86.4805896556233,96.2196243538153,95.3364223544715,0.053665115362237,6.48885792272597,0.88755685654397,1
"4888","PmetTSAr1.1-004890",15.1518054935253,13.8327660699622,25.5338039277107,32.5665616730033,21.8099072991384,29.7974964030817,9.80635544372507,14.0966562745032,-0.206708779119572,4.34926812954982,0.597982021995343,1
"4889","PmetTSAr1.1-004891",33.8105570656708,30.7593120781525,36.2674585417669,42.5483452101759,40.7797932805259,45.2051202547701,32.1640077053803,35.1850276088504,0.0964345421559161,5.21536449486745,0.749277746928745,1
"4890","PmetTSAr1.1-004892",3.41702438429651,2.73680532997102,3.83007058915661,4.02448567015976,4.66054780348867,4.8343186764013,3.28973889885649,3.31186502834714,0.198091121760111,1.93488606354659,0.491542681067215,1
"4891","PmetTSAr1.1-004893",74.0055544283166,81.6579416388091,53.9046971807227,47.5259985390577,70.5636065871957,52.9796093542459,64.4746916673976,67.2280294215766,-0.0104288816488933,6.00231416099875,0.977571422633421,1
"4892","PmetTSAr1.1-004894",55.5716070919801,49.2922438234997,44.1640238305219,32.4341772759586,48.498825580054,31.6351029175033,36.4595266497471,38.0439880179364,-0.230676660333881,5.39455761634332,0.468971451319893,1
"4893","PmetTSAr1.1-004895",51.4352091530949,51.8208139653208,51.8241650088351,48.2143974036903,45.1490568462965,48.9651458919711,46.1820670896796,52.7350816052199,-0.0746601437339682,5.63229194548622,0.809859922383398,1
"4894","PmetTSAr1.1-004896",13.7580192315096,16.9265460081903,18.5356502586345,13.2649165838818,13.0713801675971,12.0999321257296,13.8713831276624,12.4831835683854,-0.277406573201347,3.8387668887842,0.333715522983263,1
"4895","PmetTSAr1.1-004897",15.3766097293343,14.0707491421336,17.6845234610441,14.3239917602397,16.8216647282169,11.5910564755821,11.5245630214718,14.2098824293185,-0.182792025908321,3.85841505023805,0.531505206028845,1
"4896","PmetTSAr1.1-004898",4.49608471617962,3.56974608257089,4.63391256465862,3.91857815252398,4.58772674405916,3.70348389829574,3.47832265738966,3.96291541853504,-0.0776388941563117,2.03545005392161,0.786365961982928,1
"4897","PmetTSAr1.1-004899",95.0472309000372,96.7698667216926,89.4628833911643,90.9745576491378,84.9821763542388,108.19261739525,106.92699108831,99.2710312343028,0.101479367775103,6.59272358641556,0.792084756025175,1
"4898","PmetTSAr1.1-004900",21.0866373188824,19.6038555701185,24.635392308032,24.6764516091375,21.2273388237023,30.0236633587028,27.6379975005841,22.6452309630574,0.17433579667604,4.58538100314273,0.547708839371872,1
"4899","PmetTSAr1.1-004901",19.0184383494398,21.4779722634682,18.4883654365461,19.1692606920768,17.7319279710858,20.7508181782372,21.037565951923,20.1825620958249,0.0283061836556102,4.3071498549389,0.920874623633167,1
"4900","PmetTSAr1.1-004902",14.342510244613,14.0410012581122,10.6390849698795,9.10804651667735,15.1103698316234,8.17028127181273,10.2463842136358,12.4265704909777,-0.0673369272613732,3.56274699687698,0.833076655895605,1
"4901","PmetTSAr1.1-004903",17.3548870044533,15.2011687349477,14.7528644915662,13.2913934632908,20.2078439916892,12.1564738646349,14.12282813904,15.6252093645096,0.0352927185221022,3.94448599731994,0.906749085826294,1
"4902","PmetTSAr1.1-004904",26.7517040612688,34.3885539287663,9.17325548514053,26.7946019618532,23.7396653740204,24.7935525099646,40.6502768393732,30.7409010323504,0.303743158987156,4.76585967286749,0.421404830655762,1
"4903","PmetTSAr1.1-004905",32.6865358866259,19.6633513381613,62.2268258682729,35.5584490462142,56.6183737064444,29.8823090114396,16.1343882300605,24.3719298239905,-0.241443552713791,5.11616974830911,0.567128370198973,1
"4904","PmetTSAr1.1-004906",8.85728689087386,7.19898793318463,14.8001493136546,13.2384397044729,12.3067590435873,10.6015760447397,7.43858158658633,7.9541373757739,-0.203853534082607,3.37198911494232,0.538468201056182,1
"4905","PmetTSAr1.1-004907",9.5316995983008,7.70470196154884,17.0698207738955,12.2852720457509,10.2313588498462,8.56607344414968,8.29768537545968,8.80333353688855,-0.3750318581292,3.37322510340509,0.238464361682598,1
"4906","PmetTSAr1.1-004908",33.2710268997292,34.5967891169162,44.6368720514055,40.7479174103676,37.5392561359127,36.667317680073,35.8518678722513,33.1469568221752,-0.0977847647018918,5.21399096248181,0.74089731012462,1
"4907","PmetTSAr1.1-004909",25.1331135634441,15.6473869952691,105.445153257028,29.8923968526998,26.8709709294894,32.7659376956088,9.38728042476247,29.0425087101211,-0.844302833754679,5.10011156041965,0.106225067679539,1
"4908","PmetTSAr1.1-004910",22.9749928996779,23.7685593331179,23.3114172895581,21.2609341653835,23.4847916660171,28.0447024970181,29.5866963387603,24.768221365844,0.213984500779806,4.62731123926927,0.448714848805952,1
"4909","PmetTSAr1.1-004911",39.0260153364391,40.6356095732653,38.6316996461846,38.2326138665177,38.5587509679258,41.2471985314006,42.221808160483,40.7048026560956,0.0561508262736259,5.32085081388093,0.848400459664854,1
"4910","PmetTSAr1.1-004912",60.7421045155867,64.7611435146403,68.4211375618471,58.9110566849044,62.5532900499496,59.1143880254686,93.8308967457284,68.1904517375065,0.166272071272746,6.06890933494416,0.660017221340844,1
"4911","PmetTSAr1.1-004913",14.5223536332602,11.4826832322697,17.9682323935742,12.6029945986582,18.8606543922432,16.5101877603413,11.9017305385381,14.7194001259873,0.132527603890291,3.89489084696854,0.662999689454219,1
"4912","PmetTSAr1.1-004914",32.9113401224348,28.4389771244814,28.0871843204818,37.623645640112,34.2623084615847,31.7764572647665,36.8576479177616,35.7794649216306,0.125959692427797,5.05668199671973,0.666162379697909,1
"4913","PmetTSAr1.1-004915",12.0495070393614,9.78705384304853,13.7598832277108,11.4909656634825,11.1416220927151,13.4286629900036,13.7456606219736,11.2376958654172,0.0755428116159496,3.60179646419678,0.797648060946873,1
"4914","PmetTSAr1.1-004916",77.5125005069367,74.280466401496,58.4440401012046,67.7808112869013,72.6390067809368,74.7764497022307,77.9269997760973,77.1070114292104,0.121492384818678,6.18234478420648,0.744099739698799,1
"4915","PmetTSAr1.1-004917",9.21697366816823,12.8510858972552,8.03841975502005,12.7883327545208,8.19236918581994,16.2840208047202,16.4906019961787,14.7760132033949,0.376714215017825,3.63292301586531,0.246975948349812,1
"4916","PmetTSAr1.1-004918",12.0495070393614,16.272092559719,9.36239477349394,15.3036362983707,11.1780326224299,21.5424025229111,20.8489821933899,18.3709436187803,0.439986444949839,3.97196042912838,0.172894981297592,1
"4917","PmetTSAr1.1-004919",56.7855499653486,70.6214766668608,41.894352370281,68.5221639103517,45.2582884354408,98.2695422173739,94.1871105118466,82.2588014733059,0.427932630542446,6.1251739770633,0.295877188638587,1
"4918","PmetTSAr1.1-004920",35.6989126464662,34.9537637251733,91.5907003851402,43.5809435071248,49.3362677634934,41.3320111397585,42.9970969455638,34.3358314477357,-0.292494333570288,5.54768481634385,0.43321500379146,1
"4919","PmetTSAr1.1-004921",94.4627398869339,36.0246875499446,33.193945106024,126.638914212988,63.4999638225332,60.9519945398901,29.7333725953972,34.4773641412549,-0.622170765715862,5.9052474174547,0.187667530299241,1
"4920","PmetTSAr1.1-004922",51.5251308474185,30.2833459338097,48.0886640638552,43.7133279041695,45.6223937325884,41.4450946175691,19.9479709026202,33.5998614414364,-0.304232657195694,5.29744133953772,0.37550735431786,1
"4921","PmetTSAr1.1-004923",31.562514707581,38.3747703876371,34.2342111919677,27.4830008264857,35.5730875313159,28.4122237999024,34.196521547349,35.7511583829268,0.0247880113929603,5.05568115147689,0.933840939810455,1
"4922","PmetTSAr1.1-004924",13.7130583843478,14.7252025906049,24.635392308032,16.3362345953196,18.897064921958,18.9697534027209,16.7420470075563,16.8140839900701,0.0420524897782066,4.14250761558759,0.892312386732394,1
"4923","PmetTSAr1.1-004925",27.4261167686957,21.7159553356396,33.0520906397589,22.3994399799681,27.1258446374927,17.471397321731,17.7478270530665,23.2113617371338,-0.289541060262261,4.57399347136683,0.340918422440011,1
"4924","PmetTSAr1.1-004926",26.6617823669452,22.4596524361752,30.4514254248995,23.2202232416455,27.0530235780632,18.2064399274996,18.145948321081,22.0507936502771,-0.266409528132128,4.55965997080418,0.366898769104819,1
"4925","PmetTSAr1.1-004927",6.60924453278405,5.20587970374922,7.47100188995981,5.82491346996808,7.46415859152483,5.59763215162256,5.76228151073589,5.68961427946816,-0.0332180374013337,2.64576396270158,0.913438536045507,1
"4926","PmetTSAr1.1-004928",5.84491013103351,5.50335854396346,6.61987509236945,5.00413020829076,6.00773740293462,6.02169519341215,5.28034523892889,6.82187582762103,0.0730226160869839,2.57202163705914,0.803923700790686,1
"4927","PmetTSAr1.1-004929",58.5390230046587,46.7636736816787,84.9708252927708,48.4791661977798,59.8953213807724,51.0006484925611,48.1517196788039,55.565735475602,-0.153458643908765,5.82582105261951,0.658764103092594,1
"4928","PmetTSAr1.1-004930",45.8600641050322,43.5806500913863,47.521246198795,39.3711196811024,45.1490568462965,47.0992685080969,43.7933394815928,43.1108584459205,0.0230862902268519,5.47557074275802,0.939242257921828,1
"4929","PmetTSAr1.1-004931",31.5175538604192,20.6450315108683,43.0291881004014,29.7600124556551,40.0515826862308,34.5187316016725,20.0317859064128,22.7867636565765,-0.0899314879161603,4.92322909493055,0.792230478426124,1
"4930","PmetTSAr1.1-004932",26.9315474499159,22.727383392368,31.4916915108433,33.4402986934985,27.0530235780632,38.6745494112104,37.6538904537905,33.0620372060638,0.252123675917127,4.97478942345825,0.400278708684804,1
"4931","PmetTSAr1.1-004933",49.1871667950051,28.5579686605671,12.6723323196787,28.0390152940736,26.7617393403451,25.2741572906594,7.43858158658633,25.6174175269587,-0.477822557118792,4.67209737243538,0.274716732437003,1
"4932","PmetTSAr1.1-004934",57.594845214261,47.7156059703643,44.3531631188753,45.0106949952079,48.7536992880573,52.3011084873825,51.4833660795566,46.2245777033409,0.0301331111080718,5.62176992568602,0.923964472025737,1
"4933","PmetTSAr1.1-004935",8.58752180790308,13.9220097220265,2.97894379156625,9.79644538130995,5.8620952840756,15.8034160240253,17.6011507964296,14.3231085841338,0.600899776765138,3.48458682154839,0.163250202105697,1
"4934","PmetTSAr1.1-004936",9.35185620965362,13.3865478096408,3.07351343574296,9.95530665776362,5.68004263550182,15.4076238516884,18.3764395815104,14.6910935872835,0.596823417847798,3.50132082591533,0.165471417203975,1
"4935","PmetTSAr1.1-004937",39.0260153364391,33.2878822199736,27.2833423449798,71.302236248291,56.3270894687264,69.970401895282,64.3070616598125,51.602820057067,0.5024604771227,5.69247995004189,0.172580177386344,1
"4936","PmetTSAr1.1-004938",28.7749421835496,25.3749450702748,40.0029594867468,38.8415820929235,32.4417819758469,33.8119598653565,21.1632884576118,22.4470851921306,-0.275937672836881,4.92657198866715,0.38190125679944,1
"4937","PmetTSAr1.1-004939",30.9780236944776,23.7388114490964,39.4355416216866,40.0859954251439,35.1361611747388,34.8014402961989,20.2203696649459,22.2772459599077,-0.256057118276485,4.94897758819884,0.431819837776435,1
"4938","PmetTSAr1.1-004940",55.4816853976565,57.0861894371128,76.7905510714857,37.0676311725241,55.7081104635756,45.4030163409386,46.9992633766567,43.9600546070351,-0.237077284548987,5.71046180807338,0.486129766019934,1
"4939","PmetTSAr1.1-004941",14.7021970219074,11.2447001600983,7.09272331325299,9.26690779313103,10.9231589144266,9.75344996116053,14.8562094222245,13.8985105035765,0.225410492700559,3.52768802185224,0.481141294750354,1
"4940","PmetTSAr1.1-004942",15.4665314236579,16.0936052555904,32.4846727746987,9.74349162249205,18.7878333328137,12.6088077758771,14.940024426017,11.6056808685669,-0.347210491435309,4.04522182300349,0.343538581793756,1
"4941","PmetTSAr1.1-004943",59.5281616422182,20.3773005546755,27.2833423449798,18.4808618274442,25.9242971569058,1.80933564496891,3.16401639316771,48.9986184963154,-0.653357990220463,4.68535818087857,0.36121094736068,1
"4942","PmetTSAr1.1-004944",26.9315474499159,41.4685503258652,16.6442573751003,28.8862754351599,22.6837600122925,36.2715255077361,29.544788836864,31.1938056516115,0.0704259969330527,4.87156337619127,0.832637798352592,1
"4943","PmetTSAr1.1-004945",15.6463748123051,20.2583090185898,24.3989681975903,16.7333877864537,20.6083598185515,20.5811929615213,21.51950222373,17.2103755319236,0.0535687962885638,4.29864301790379,0.857001964667624,1
"4944","PmetTSAr1.1-004946",51.4801700002567,60.5666918676195,43.1710425666665,51.312192294537,50.5742257737951,55.7501545606045,56.9313413260706,62.3026916871116,0.126995439885236,5.7569507898062,0.694649612511181,1
"4945","PmetTSAr1.1-004947",17.3548870044533,20.3773005546755,14.7528644915662,18.3749543098084,18.6421912139547,19.3938164445105,20.9747046990786,21.3997432600892,0.181698100320499,4.24609950588641,0.521054850882777,1
"4946","PmetTSAr1.1-004948",28.5950987949024,30.1346065137026,33.8559326152609,26.0532493384027,37.0659192496209,23.0690294733536,19.591757136502,26.2684679171466,-0.163018010229505,4.81414496713944,0.598002131833295,1
"4947","PmetTSAr1.1-004949",68.2505659916067,63.6604718058476,66.1514661016062,54.0657877530673,60.8055846236413,63.4115601822697,72.3742557748428,65.0201194026785,0.0534572773540673,6.00626125723048,0.878745517041089,1
"4948","PmetTSAr1.1-004951",26.706743214107,13.5947829977908,55.2759570212849,23.0348850857828,41.5808249342505,17.3300429744678,10.7702279873391,14.0400431970956,-0.502633756197299,4.66239228841074,0.277745452043418,1
"4949","PmetTSAr1.1-004952",24.3687791616936,23.9470466372464,32.4846727746987,22.1876249446966,23.3755600768729,24.0019681652907,25.7940674171486,28.1933125490064,-0.0220448317507433,4.67818674686293,0.939271536714,1
"4950","PmetTSAr1.1-004953",18.4789081834982,15.7961264153762,18.8193591911646,14.2975148808307,18.6057806842399,18.6022320998366,19.1307746156431,15.6252093645096,0.0958269478446457,4.12751260124793,0.74091303669091,1
"4951","PmetTSAr1.1-004954",4.67592810482681,5.65209796407058,12.2940537429718,5.95729786701281,4.36926356577063,3.3925043343167,3.39450765359714,8.03905699188537,-0.571769905138296,2.5892545715435,0.137890381440961,1
"4952","PmetTSAr1.1-004955",25.8524871180328,27.5167927198173,40.6176621738954,32.4871310347765,20.535538759122,18.1216273191417,20.4299071744272,44.0732807618504,-0.293689792695299,4.84601146445447,0.397879303874287,1
"4953","PmetTSAr1.1-004956",26.03233050668,24.1255339413749,22.7439994244979,15.3301131777796,24.6863391466041,15.8034160240253,18.7955146004731,20.4656274828631,-0.145461034360118,4.39584813574716,0.63218818292859,1
"4954","PmetTSAr1.1-004957",18.52386903066,23.7685593331179,8.0857045771084,22.5847781358308,15.1831908910529,15.5207073294989,20.1365546611534,36.9400330084873,0.265497445493307,4.33397054573424,0.495750502139367,1
"4955","PmetTSAr1.1-004958",32.0570840263607,16.3910840958047,36.1728888975902,14.7740987101918,24.5042864980303,19.9875047030159,12.8027418293077,16.8706970674777,-0.421500045242146,4.44185270645223,0.240082839925092,1
"4956","PmetTSAr1.1-004959",89.7418509349453,82.9668485357518,70.4543849116463,128.942402721566,102.896156973898,131.092021651888,88.9277190238658,95.5628746641021,0.169264936140971,6.62776186455496,0.676409752234092,1
"4957","PmetTSAr1.1-004960",9.03713027952104,8.53764271414872,6.00517240522086,11.252673748802,8.44724289382322,13.0328708176667,9.07297416054051,8.52026814985034,0.163351032774487,3.21829596328473,0.601611400326572,1
"4958","PmetTSAr1.1-004961",49.5018927251376,27.635784255903,106.438134520883,37.0941080519331,67.0317852048644,20.7790890476898,18.4183470834067,35.7511583829268,-0.636170113281363,5.503353596993,0.181634335293012,1
"4959","PmetTSAr1.1-004962",23.1098754411633,27.8142715600315,19.7177708108433,32.8313304670928,23.5212021957319,25.3024281601121,31.5982564297808,31.9297756579109,0.118014684977019,4.75749371244911,0.696481177443018,1
"4960","PmetTSAr1.1-004963",12.1843895808468,13.5055393457265,17.8263779273092,15.3301131777796,15.1467803613382,15.3510821127831,14.4371344032619,15.3704505161752,0.0355149722377065,3.90251403853704,0.903425536138176,1
"4961","PmetTSAr1.1-004964",10.6107599301839,11.3041959281412,10.5918001477911,11.8616419752077,11.4693168601479,10.8842847392661,10.120661707947,11.8604397169013,-0.00223532012539631,3.47896261781943,0.997936324842966,1
"4962","PmetTSAr1.1-004966",29.6291982796237,29.3314136451242,35.3690469220882,39.9271341486903,32.1504977381289,32.1157076981981,28.1408875233393,34.7604295282931,-0.0785766587594993,5.03294259717779,0.789901088792787,1
"4963","PmetTSAr1.1-004967",53.5034081225375,50.6903943725067,45.4879988489958,51.9211605209427,49.7731941200705,52.6686297902668,44.7781657761549,37.6193899373791,-0.125372433032904,5.59590261177769,0.688921520853973,1
"4964","PmetTSAr1.1-004968",99.0487462974371,126.458254975074,76.0812787401604,102.147800759713,123.286053614161,132.703461210688,157.132178360031,127.068052241456,0.419965252484258,6.88340631776111,0.296979176811484,1
"4965","PmetTSAr1.1-004970",35.8787560351134,35.9056960138589,26.8577789461846,28.7009372792972,34.517182169588,29.9105798808923,26.3388649418,32.5808260480988,-0.0463459860907119,4.97249949427355,0.875701867674328,1
"4966","PmetTSAr1.1-004971",31.4276321660956,39.9514082407726,22.223866381526,30.7396569937861,30.0386870146731,25.8395746797122,33.8612615321789,35.9493041538536,0.0150331099720267,4.96904528116282,0.961147950675995,1
"4967","PmetTSAr1.1-004972",22.4354627337363,19.8120907582685,30.120431670281,27.1123245147605,24.5042864980303,29.0059120584078,23.5310623147506,23.2113617371338,0.0114465056807034,4.64536292570852,0.970518232991503,1
"4968","PmetTSAr1.1-004973",23.7842881485902,23.500828376925,30.7351343574296,30.6602263555592,27.3443078157812,34.8579820351041,29.4819275840196,26.4949202267771,0.120951667002746,4.82887256779549,0.679996890581811,1
"4969","PmetTSAr1.1-004974",5.44026250657734,5.8008373841777,7.09272331325299,7.70477190800323,6.48107428922644,9.8099917000658,7.60621159417137,6.34066466965606,0.21527151413916,2.82795284997531,0.474983506142897,1
"4970","PmetTSAr1.1-004975",20.0974986813229,18.9791500056686,24.3043985534136,14.1386536043771,23.4847916660171,17.6692934078995,19.8012946459833,16.672551296551,0.00295639488396705,4.28155227592366,0.995085813199758,1
"4971","PmetTSAr1.1-004976",53.8181340526701,47.3883792461286,62.0376865799194,58.5933341319971,60.9512267425003,61.743578884564,60.7658777495785,61.2553497550702,0.141683524200268,5.86742327732019,0.670773292413431,1
"4972","PmetTSAr1.1-004977",5.08057572928297,2.70705744594959,4.49205809839356,3.91857815252398,3.45900032290175,4.04273433172741,3.05924763842705,4.21767426686944,-0.126728204988203,1.97315488793914,0.668953778989426,1
"4973","PmetTSAr1.1-004978",26.257134742489,30.1346065137026,24.8245315963854,27.8007233793931,25.6330129191877,44.0460146072119,33.9241227850233,31.6750168095765,0.311249020610919,4.93572006750983,0.300195870179004,1
"4974","PmetTSAr1.1-004979",15.0169229520399,19.6038555701185,15.0365734240963,20.6784428183867,16.1662751933513,25.8395746797122,21.4775947218338,19.5881247830446,0.239183311755207,4.26651919312009,0.421834207511062,1
"4975","PmetTSAr1.1-004980",11.1053292489637,9.51932288685571,12.3413385650602,7.89011006386585,8.88416925040029,6.95463388534924,11.0426267496648,9.36946431096499,-0.16932332997572,3.27708684779775,0.573109225891629,1
"4976","PmetTSAr1.1-004981",28.9547855721968,30.9972951503239,24.2098289092369,22.8495469299202,24.103770671168,29.7974964030817,30.5924763842705,25.7023371430701,0.0426129043786507,4.76630038898632,0.884515655160644,1
"4977","PmetTSAr1.1-004983",32.3268491093315,25.5831802584247,36.5984522963854,37.0146774137062,31.0581818466862,47.014455899739,37.4443529443092,33.9112333671784,0.184426177444859,5.13678876983361,0.547938693904671,1
"4978","PmetTSAr1.1-004984",3.32710268997292,3.4507545464852,49.3180694381524,7.73124878741217,8.73852713154126,7.0677173631598,1.32008630973222,3.53831733797771,-1.62664280844139,3.4013613990499,0.0268828381002036,1
"4979","PmetTSAr1.1-004985",4.04647624456166,3.27226724235665,55.3705266654616,9.24043091372208,8.44724289382322,8.3681773579812,1.63439257395418,4.01952849594268,-1.67809184707487,3.5612669614657,0.0211733026477414,1
"4980","PmetTSAr1.1-004988",69.3296263234898,74.9349198499673,60.0517240522086,52.6889900238021,63.5727848819627,61.2629741038691,69.6712219025339,67.2563359602804,0.026525464160324,6.02032009097194,0.941181536736793,1
"4981","PmetTSAr1.1-004989",50.4011096683736,42.5692220346579,35.1799076337348,30.9249951496487,37.2479718981946,29.5713294474606,28.3504250328206,30.486142184016,-0.340198017795829,5.15560163799331,0.267751632239076,1
"4982","PmetTSAr1.1-004990",37.3624639914527,28.8554475007814,40.1448139530119,44.8253568393452,36.7382244821881,38.2504863694208,37.8215204613756,41.8087576655447,0.0324288474534164,5.25880413484585,0.91534504178884,1
"4983","PmetTSAr1.1-004991",28.7299813363878,33.7935962483378,35.7946103208834,43.0778827983548,32.587424094706,58.0683658557209,57.5180463526182,49.8195081187262,0.485613654925816,5.40929674625808,0.132664084788873,1
"4984","PmetTSAr1.1-004992",63.0351077208383,49.2030001714355,97.454018324096,86.7912107025243,81.7780497393403,91.0321996374982,32.1430539544322,75.0406341038314,-0.0826309109293719,6.17218247169113,0.850013778375796,1
"4985","PmetTSAr1.1-004993",28.7749421835496,27.5762884878601,24.7772467742971,23.0084082063739,25.9242971569058,28.7797451027867,31.9335164449509,26.042015607516,0.114201093299609,4.7636902537769,0.69029137180527,1
"4986","PmetTSAr1.1-004994",16.995200227159,13.4460435776837,8.18027422128511,15.5154513336422,14.0544644698955,14.5029560292039,20.3251384196866,17.0405362997007,0.283789485519286,3.91435206990382,0.369811761504973,1
"4987","PmetTSAr1.1-004995",5.53018420090094,2.49882225779962,4.77576703092368,4.47459262011184,4.36926356577063,4.80604780694866,4.4631489519518,2.09468386408281,-0.130440553972476,2.06395204519168,0.699063399518552,1
"4988","PmetTSAr1.1-004996",19.5579685153814,21.4779722634682,15.79313057751,16.7863415452716,19.6980965756826,18.6587738387419,19.2145896194357,18.6540090058185,0.0498831486378787,4.23212010062225,0.860590646458334,1
"4989","PmetTSAr1.1-004997",40.5546841399402,22.727383392368,21.5618788722891,35.8761715991216,59.4948055539101,37.0065681135047,25.5426224057711,35.722851844223,0.385525025021215,5.12390479510923,0.274398591091871,1
"4990","PmetTSAr1.1-004998",39.3857021137335,45.454766784736,43.7384604317267,37.4118306048404,40.3792774536636,34.2077520376934,40.1892943185143,48.1211157964969,-0.0270901839580535,5.36357793495425,0.928835470412626,1
"4991","PmetTSAr1.1-004999",121.88885665563,128.421615320488,127.338025883935,84.4877221939461,110.323905035708,83.7948570576226,105.376413518148,106.06460052322,-0.18833455106143,6.76178304329657,0.636569590943943,1
"4992","PmetTSAr1.1-005000",8.04799164196152,8.29965964197732,16.0295546879517,7.96954070209269,9.6852009041249,8.45298996633912,7.24999782805315,7.89752429836626,-0.275571636065088,3.20989055702322,0.394398099995153,1
"4993","PmetTSAr1.1-005001",65.6428368562225,78.3856743964525,67.4754411200801,43.8457123012142,60.1866056184905,52.3293793568352,79.1842248329852,65.9542351799046,0.0131669887721693,6.00420539368938,0.972031982642456,1
"4994","PmetTSAr1.1-005002",101.566553738498,122.650525820332,103.742899661847,68.4692101515338,86.7298817805471,90.0709900761085,121.573663001053,107.225168610077,0.0331049320788366,6.64840494336145,0.934829382106901,1
"4995","PmetTSAr1.1-005003",6.24955775548968,7.85344138165596,5.91060276104415,3.86562439370609,5.38875839778378,5.20183997928561,7.48048908848259,5.49146850854141,-0.0163272343162033,2.58310279395181,0.955378942455601,1
"4996","PmetTSAr1.1-005004",34.6648131617449,35.8164523617946,45.4879988489958,29.8923968526998,40.6705616913816,34.9427946434621,34.6155965663116,39.8272999562772,0.0412386262181623,5.21126904624396,0.891899329574078,1
"4997","PmetTSAr1.1-005005",19.6928510568667,15.4094039230977,16.1714091542168,16.3097577159106,15.7293488367743,18.5174194914787,19.6755721402945,15.2289178226561,0.0340481266681689,4.10043158097375,0.90905102274548,1
"4998","PmetTSAr1.1-005006",23.1098754411633,25.2559535341891,14.989288602008,19.7252751596646,26.1427603351943,26.0091998964281,34.678457819156,27.5705686975224,0.461177204072909,4.6297240091383,0.124501465267036,1
"4999","PmetTSAr1.1-005007",205.74083661238,257.319196785318,142.847447528915,216.104289735816,180.377764206898,230.775107341894,225.462360201884,201.004731335838,0.0270965081528728,7.69712239308631,0.948880031307531,1
"5000","PmetTSAr1.1-005008",28.909824725035,29.2124221090385,33.6195085048192,28.833321676342,29.9658659552436,32.7093959567036,32.6459439771873,30.0898506421625,0.0570631394294468,4.94530358244945,0.842351782633372,1
"5001","PmetTSAr1.1-005009",70.0939607252403,71.4841653034821,68.941270604819,92.1130634637224,77.7728914707173,80.2327275065901,67.7015693134096,71.7853821528919,-0.0248689444478766,6.23033653865314,0.947675284855542,1
"5002","PmetTSAr1.1-005010",16.095983283923,21.9241905237896,9.40967959558229,16.9981565805432,12.3067590435873,33.4444385624722,37.0671854272429,22.6735375017612,0.710745549745428,4.41430765959215,0.0589851036070512,1
"5003","PmetTSAr1.1-005011",19.198281738087,24.690743737782,24.4462530196786,17.4482635304953,25.4509602706139,22.3905286064902,27.2398762325697,22.7867636565765,0.190512326255907,4.52476336121826,0.509988838013804,1
"5004","PmetTSAr1.1-005012",26.3920172839744,26.3863731270032,36.0310344313252,42.521868330767,29.8566343660993,32.7659376956088,34.2174752982971,32.8072783577294,-0.0187642296880049,5.03062496693004,0.951606280725952,1
"5005","PmetTSAr1.1-005013",22.8401103581925,21.2102413072754,125.872196399196,23.1672694828276,22.465296834004,23.4365507762379,24.6416111150015,19.5881247830446,-1.09830165691786,5.14671112223899,0.0304572511841121,1
"5006","PmetTSAr1.1-005014",16.1409441310848,12.8213380132338,86.7676485321282,13.8738848102876,13.5811275836037,15.2097277655199,15.7153132110979,13.4456058843153,-1.15979585698532,4.55239742593458,0.0253807885612975,1
"5007","PmetTSAr1.1-005015",51.7049742360657,47.2396398260215,55.41781148755,37.2264924489778,52.6132154378214,34.7448985572936,45.6372695650282,39.6291541853504,-0.150112241767041,5.51034935885334,0.634965361065653,1
"5008","PmetTSAr1.1-005016",29.1795898080058,29.5693967172956,29.0328807622489,19.8841364361183,27.7812341723583,31.3241233535242,32.0382851996915,29.4671067906784,0.164510152510046,4.83773120281168,0.575621468374333,1
"5009","PmetTSAr1.1-005017",17.8944171703949,12.4048676369338,18.8666440132529,14.4034223984665,26.5432761620566,11.1387225643398,13.7456606219736,8.35042891762741,-0.0890218981264421,3.951174775,0.808102083994879,1
"5010","PmetTSAr1.1-005018",61.1017912928811,56.7887105968986,41.1850800389557,42.4424376925401,48.9721624663458,41.6995324426428,44.2962295043479,51.9708050602167,-0.108355237777672,5.60336069171746,0.7361660548649,1
"5011","PmetTSAr1.1-005019",12.4091938166558,12.3156239848696,24.7772467742971,12.682425236885,17.8411595602301,18.0650855802364,18.6697920947843,14.606173971172,0.155732395009747,4.04241405933864,0.632694344356736,1
"5012","PmetTSAr1.1-005020",33.6307136770236,35.7272087097303,35.8891799650601,31.0309026672845,32.9879399215683,29.4299751001974,28.9371300593682,35.0151883766275,-0.108886646418334,5.03954854663833,0.706410123570484,1
"5013","PmetTSAr1.1-005021",36.4182862010549,27.4870448357959,124.406366914457,78.186224894617,46.86035174289,75.4266796996414,20.0317859064128,49.2816838833536,-0.475942177599193,5.84063811145441,0.336536756676831,1
"5014","PmetTSAr1.1-005022",18.0742605590421,14.9929335467977,76.1285635622487,47.9761054890098,26.0699392757648,42.8303672207484,9.19869666622929,32.1845345062453,-0.511021989886666,5.06506448677965,0.316864604725639,1
"5015","PmetTSAr1.1-005023",73.6009068038604,71.3651737673964,57.7820525919677,58.5139034937702,64.5558691842611,36.752130288431,53.0129898987702,58.594535116911,-0.295287165407916,5.89065550934821,0.400745183836581,1
"5016","PmetTSAr1.1-005024",19.0184383494398,13.0890689694266,20.8053217188754,12.6029945986582,11.2872642115741,16.8211673243203,14.45808815421,13.3606862682038,-0.225759350542876,3.92912923129879,0.460022026069589,1
"5017","PmetTSAr1.1-005025",24.5486225503407,15.4391518071191,27.0469182345381,16.4421421129553,13.5811275836037,21.8251112174375,18.5021620871992,17.2386820706274,-0.228462072726776,4.27651671619212,0.464567680329172,1
"5018","PmetTSAr1.1-005026",28.3253337119316,29.6883882533812,26.3849307253011,28.1713996911183,28.2909815883648,34.2360229071461,29.9429101048785,27.2308902330765,0.0885036600340976,4.86282482985606,0.756899362587033,1
"5019","PmetTSAr1.1-005027",44.3763561486929,48.0130848105785,28.6073173634537,45.910908895112,42.0541618205423,40.9079480979689,66.3814830036774,45.0640096164842,0.219880700665909,5.49940385883429,0.504801274824002,1
"5020","PmetTSAr1.1-005028",45.5003773277378,52.7429983699849,29.6948682714858,44.9842181157989,42.3090355285456,40.6535102728952,69.7131294044302,48.3475681061275,0.217122687079333,5.54890557118436,0.521464246268909,1
"5021","PmetTSAr1.1-005029",38.3066417818504,38.6425013438299,44.6841568734938,41.8334694661344,46.6782990943163,54.4779654352357,42.9551894436675,46.6491757838982,0.222759888634379,5.47057556696398,0.458990811363168,1
"5022","PmetTSAr1.1-005030",54.8522335373914,51.6423266611922,54.2356909353412,42.521868330767,46.6782990943163,44.4983485184541,45.3858245536507,47.3568392514937,-0.143977072553266,5.59851940380658,0.64136459642705,1
"5023","PmetTSAr1.1-005031",52.3793869434926,50.6308986044638,52.9117159168673,43.0514059189459,45.9136779703064,43.0848050458221,45.4067783045988,44.7526376907421,-0.151150262852054,5.56449178654125,0.622483443886297,1
"5024","PmetTSAr1.1-005032",25.807526270871,28.1117504002458,37.5914335602408,14.8800062278275,26.6160972214861,18.2064399274996,22.6510047749291,19.7013509378599,-0.286497527747972,4.59957774829148,0.383375330921095,1
"5025","PmetTSAr1.1-005033",9.5316995983008,8.86486943838438,9.22054030722888,10.8290436782588,9.86725355269868,11.67586908394,10.5816442288059,10.643258552637,0.153258071164128,3.35281529178091,0.587110944263176,1
"5026","PmetTSAr1.1-005034",8.58752180790308,7.46671888937745,9.59881888393571,9.82292226071889,8.08313759667567,9.951346047329,7.71098034891202,7.98244391447772,-0.072725470344899,3.12271872698167,0.803158863663082,1
"5027","PmetTSAr1.1-005035",83.5822148737792,93.1406248710788,73.2914742369475,81.4958348207352,81.7416392096256,83.9927531437911,102.820055902476,97.4311062185543,0.142719937701532,6.44713727618691,0.709174842836677,1
"5028","PmetTSAr1.1-005036",6.51932283846045,7.13949216514178,5.01219114136544,7.17523431982431,6.08055846236413,6.50229997410702,8.69580664347416,8.06736353058919,0.181998956644454,2.80083005486765,0.53908341160581,1
"5029","PmetTSAr1.1-005037",15.7362965066287,11.8991536085696,11.0173635465863,14.3769455190576,13.690359172748,13.9658095096038,15.4010069468759,17.2952951480351,0.186695448413457,3.83161329323084,0.522176081742307,1
"5030","PmetTSAr1.1-005038",19.9176552926757,8.74587790229868,34.7543442349396,19.3016450891215,19.5524544568236,10.4319508280239,2.66112637041257,7.27478044688218,-1.0519856476212,3.94094301176493,0.0361987068893164,1
"5031","PmetTSAr1.1-005039",50.7607964456679,55.7772825401702,42.6509095236946,71.805296957061,51.8121837840968,86.0847974832864,79.9385598671179,69.6057786726976,0.379041197977867,5.99159554182994,0.30301796067139,1
"5032","PmetTSAr1.1-005040",262.841112507861,40.9925841815224,4.87033667510038,11.0143818341215,62.189184752802,11.7324108228453,10.3721067193246,31.9297756579109,-1.45989531867353,5.768277008877,0.0936353550528665,1
"5033","PmetTSAr1.1-005041",37.1376597556437,36.3221663901588,38.3952755357428,40.2448567015976,37.5028456061979,38.5331950639472,38.5968092464564,40.8180288109109,0.0314184592423325,5.26701658605003,0.914777092215688,1
"5034","PmetTSAr1.1-005042",62.6304600963821,55.0038375556132,79.5330707526101,74.8501380890898,61.6430268070807,84.2189200994122,88.2152914916294,83.0796910957167,0.221626867592069,6.20382815028554,0.562406534137966,1
"5035","PmetTSAr1.1-005044",6.78908792143123,7.70470196154884,4.01920987751002,4.7393614142013,5.06106363035098,6.19132041012799,6.85187656003867,5.12348350539173,-0.00139010925410803,2.55469700073857,1,1
"5036","PmetTSAr1.1-005045",4.7658497991504,4.25394741506365,3.35722236827308,3.8126706348882,4.29644250634112,3.10979563979031,4.27456519341862,4.16106118946179,-0.0314793359154283,2.02325300246867,0.918008192760007,1
"5037","PmetTSAr1.1-005046",33.4059094412146,41.0520799495653,37.7805728485942,41.7805157073165,34.2987189912995,45.3747454714859,44.3590907571923,42.5730342105479,0.113224087629926,5.32714391402543,0.706207752518138,1
"5038","PmetTSAr1.1-005048",39.1608978779245,20.972258235104,58.7277490337347,21.7110411153356,35.9007822987487,23.2103838206168,16.9725382679857,29.2972675584555,-0.415098306614271,4.94396819333717,0.278044518254117,1
"5039","PmetTSAr1.1-005049",46.7592810482681,40.6951053413082,48.7033667510038,37.0411542931152,41.6172354639653,37.4023602858417,40.3569243260993,43.3373107555511,-0.0897322037022308,5.39388153888004,0.764126109462793,1
"5040","PmetTSAr1.1-005050",29.3594331966529,35.1025031452804,21.7510181606425,41.8334694661344,24.9412128546074,39.1834250613579,47.5440609013081,31.5334841160574,0.160989064736678,5.08664979162587,0.626050685307259,1
"5041","PmetTSAr1.1-005051",17.0851219214826,24.2147775934392,13.3343198289156,26.2915412530832,14.9647277127644,22.6166955621114,29.6705113425528,17.8331193834077,0.0715786187220019,4.3803722557539,0.829835932562063,1
"5042","PmetTSAr1.1-005052",19.3331642795724,18.8899063536043,15.0838582461847,20.4401509037062,16.9308963173612,15.3793529822357,19.7593871440871,17.8331193834077,-0.0775968919313025,4.17156517895137,0.788517216326236,1
"5043","PmetTSAr1.1-005053",46.1747900351647,45.9902286971217,40.4758077076304,51.788776123898,41.2895406965325,36.8086720273362,46.8106796181235,42.0069034364714,-0.14406656908031,5.45881728259953,0.63370821161338,1
"5044","PmetTSAr1.1-005054",93.7883271795069,94.9849936804071,92.630966471084,86.2616731143454,87.6037344937012,75.8790136108836,82.0758424638272,102.101685104685,-0.0807099252751201,6.48341604225626,0.832890378194131,1
"5045","PmetTSAr1.1-005055",55.3018420090094,50.7498901405495,57.1673499048191,61.6911290228437,59.2763423756216,56.3438428191099,48.2774421844927,52.1406442924396,-0.0581821678223319,5.78602458915198,0.857117361590228,1
"5046","PmetTSAr1.1-005056",45.0957297032816,52.6835026019421,38.1115666032127,46.0962470509746,41.0710775182439,47.6364150276971,58.4190576433878,52.9898404535543,0.136944721483917,5.57987657606013,0.665309179696177,1
"5047","PmetTSAr1.1-005057",27.9206860874755,10.2630199873913,17.5899538168674,20.1753821096167,19.4432228676793,13.71137168453,10.2044767117396,11.6622939459745,-0.465183153228466,4.03717249074852,0.186552678251053,1
"5048","PmetTSAr1.1-005058",56.695628271025,20.0798217144613,24.3043985534136,33.0960992611823,31.6043397924076,18.3760651442155,15.7781744639423,17.7481997672962,-0.684376105508622,4.76837610660474,0.0664619864090654,1
"5049","PmetTSAr1.1-005059",54.0429382884791,72.5550891282534,41.0432255726906,39.2652121634666,48.8265203474868,43.0282633069169,76.4183297078319,68.2187582762103,0.192852422156891,5.79425129461796,0.59436913391371,1
"5050","PmetTSAr1.1-005060",10.9254858603165,13.8922618380051,10.6863697919678,10.723136160623,11.9790642761545,12.0151195173717,15.2752844411871,14.4080282002453,0.215404906222646,3.65021921836943,0.455605612423797,1
"5051","PmetTSAr1.1-005061",2.96741591267855,2.61781379388532,312.789098114457,1.93281219685304,34.5900032290175,2.31821129511641,3.45736890644153,3.99122195723886,-2.85223355890238,5.50940823826813,0.024636902012108,1
"5052","PmetTSAr1.1-005062",24.3687791616936,23.8578029851821,27.6143360995983,18.0307548774921,20.5719492888367,22.8711333871851,26.5903099531776,24.3436232852867,0.00896796669800921,4.56012244149165,0.97846499629344,1
"5053","PmetTSAr1.1-005063",29.7640808211091,31.354269758581,22.3184360257027,22.8495469299202,25.8150655677615,24.5956564237961,31.6820714335733,27.0044379234459,0.0378296791865306,4.75417783257398,0.898751829932328,1
"5054","PmetTSAr1.1-005064",14.4773927860984,14.5467152864764,15.3675671787148,11.729257578163,14.4913908264726,17.3017721050152,18.1669020720291,14.8326262808026,0.208636228329462,3.92384152731132,0.466711132505076,1
"5055","PmetTSAr1.1-005065",14.3874710917748,14.6359589385407,14.6110100253011,14.2975148808307,16.1298646636366,15.4076238516884,17.8316420568591,16.9556166835892,0.195401767740601,3.96312883797475,0.483700520714929,1
"5056","PmetTSAr1.1-005066",115.324572970007,125.476574802367,134.761742951807,104.74253494179,113.928547477469,97.2235200476262,108.60329116416,120.840613726615,-0.124460064348188,6.84762640010915,0.751178923663618,1
"5057","PmetTSAr1.1-005067",27.2912342272103,24.2445254774606,25.5810887497991,30.3160269232429,24.3586443791713,28.3274111915445,34.2593828001934,34.7604295282931,0.180143628945917,4.84343426714256,0.537514924543617,1
"5058","PmetTSAr1.1-005068",133.938363694991,124.227163673467,126.250474975903,138.765324982285,122.448611430722,138.838239881911,154.994895763321,156.195480567688,0.12992520908016,7.09826636363807,0.744561246487947,1
"5059","PmetTSAr1.1-005069",200.885065118906,154.599753259341,223.184360257027,169.955088926023,199.675344955718,164.875710647792,144.937095308219,174.566424186469,-0.130102871981867,7.48492687130894,0.75261866977123,1
"5060","PmetTSAr1.1-005070",50.535992209859,34.2398145086591,54.7085391562247,48.0290592478277,47.2608675697523,49.756730236645,31.9125626940028,41.6389184333217,-0.13654424639291,5.48587340278233,0.669798269587519,1
"5061","PmetTSAr1.1-005071",91.8999715987115,101.797259121313,95.4207709742968,100.665095512812,92.2278717674751,90.2123444233717,89.0115340276584,100.827890863013,-0.0663247424994121,6.57469979783238,0.86234861045392,1
"5062","PmetTSAr1.1-005072",74.365241205611,74.9646677339887,65.4894785923692,54.224649029521,75.4062070392582,57.4746775972155,63.3222353652504,70.0020702145511,-0.0152896885122227,6.06532179617886,0.967676637254532,1
"5063","PmetTSAr1.1-005073",49.2770884893287,57.7703907696056,58.9641731441765,42.7601602454475,48.9721624663458,49.2478545864975,49.5975284942249,51.0649958216944,-0.0698520226751805,5.6728659503343,0.825873082730644,1
"5064","PmetTSAr1.1-005074",18.1192214062039,16.272092559719,15.79313057751,21.2609341653835,17.4770542630825,24.4260312070803,21.0166122009749,19.2484463185988,0.201388306041923,4.26818760145417,0.485947698526506,1
"5065","PmetTSAr1.1-005075",29.4493548909765,32.4846893513951,28.8437414738955,32.8578073465017,30.9125397278272,43.0282633069169,33.2955102565794,35.1284145314428,0.203248760662963,5.0581451397873,0.486877393849362,1
"5066","PmetTSAr1.1-005076",10.2510731528895,8.80537367034153,9.64610370602406,9.69053786367416,10.7411062658528,8.59434431360232,8.92629790390359,9.02978584651913,-0.0422342844329223,3.25083046278051,0.884122539392663,1
"5067","PmetTSAr1.1-005077",15.4665314236579,12.4941112889981,14.5637252032128,13.4767316191534,15.328833009912,14.1637055957722,12.6141580707746,13.1908470359809,-0.017942767996314,3.80425132606141,0.951038376098594,1
"5068","PmetTSAr1.1-005078",38.2167200875268,46.9124131017858,34.8489138791163,16.5215727511822,26.5068656323418,22.0512781730586,77.4450635042903,52.2538704472549,0.385660905247299,5.30071654963437,0.370318752496121,1
"5069","PmetTSAr1.1-005080",21.8959325677948,25.3749450702748,16.6915421971887,8.89623148140579,13.2898433458857,11.8172234312032,40.4826468317881,29.6086394841975,0.386918566247346,4.3977472632728,0.363669159832837,1
"5070","PmetTSAr1.1-005081",11.2402117904491,9.66806230696283,16.9752511297188,20.0694745919809,9.72161143383966,13.2307669038351,6.57947779771298,12.5114901070892,-0.463903067244324,3.65031122825138,0.175858265441947,1
"5071","PmetTSAr1.1-005082",1.75347303931005,1.42789843302836,2.69523485903613,2.93893361439298,1.52924224801972,2.26166955621114,0.901011290769612,1.86823155445223,-0.432382352333099,0.983802839119504,0.193823974098156,1
"5072","PmetTSAr1.1-005083",28.460216253417,25.0179704620177,27.5197664554216,32.725422949457,23.9217180225942,19.4786290528684,16.6582320037638,24.4285429013981,-0.429371197906302,4.63413094360855,0.14305685350033,1
"5073","PmetTSAr1.1-005084",6.60924453278405,4.61092202332074,7.61285635622487,27.3241395500321,14.3457487076136,11.9303069090137,6.32803278633541,4.86872465705734,-0.303883623596339,3.39551678996049,0.549116590202374,1
"5074","PmetTSAr1.1-005085",70.4536475025347,58.4545921020984,69.0358402489957,74.1087854656393,71.0369434734875,71.9776336264194,50.5404472868908,65.4730240219396,-0.070854456840284,6.0540462707647,0.85000384005167,1
"5075","PmetTSAr1.1-005086",36.8229338255111,36.3221663901588,29.1274504064256,30.9779489084666,36.7018139524733,33.8119598653565,42.3684844171199,41.3275465075797,0.210808594490297,5.16983111234814,0.47608040389682,1
"5076","PmetTSAr1.1-005087",32.0121231791989,23.917298753225,6.05245722730921,21.9228561506071,26.0699392757648,28.4122237999024,37.4862604462055,36.4588218505224,0.613727871327012,4.73421887825652,0.130961980425318,1
"5077","PmetTSAr1.1-005088",57.7746886029081,60.6559355196837,41.894352370281,43.7662816629874,58.1112054247494,55.2978206493623,64.2442004069681,56.046946633567,0.195432191159723,5.77580906259649,0.55239214096417,1
"5078","PmetTSAr1.1-005089",39.4306629608953,25.0179704620177,36.9767308730922,30.289550043834,36.9566876604766,32.99210465123,20.8070746914936,25.9854025301083,-0.174012454644089,4.95918996920364,0.58046462254614,1
"5079","PmetTSAr1.1-005090",46.8492027425917,38.1367873154657,58.7750338558231,62.3530510080674,51.7393627246672,60.6692858453637,50.6871235435277,60.3778470552517,0.11667441262854,5.74847999419951,0.725409578364563,1
"5080","PmetTSAr1.1-005091",69.5544305592988,62.0838339527121,47.3793917325299,43.4220822306711,54.5793840424181,50.463501972961,65.2499804524784,56.0752531722708,0.0254524840082757,5.8115269864521,0.940682366950048,1
"5081","PmetTSAr1.1-005092",9.35185620965362,13.5650351137694,9.36239477349394,10.8819974370767,9.6852009041249,11.0821808254346,11.1683492553536,11.7189070233822,0.0150298814258027,3.44869624260339,0.959816426877728,1
"5082","PmetTSAr1.1-005093",16.3657483668938,3.80772915474228,9.59881888393571,7.01637304337064,9.94007461212819,5.25838171819089,1.04768754740653,4.84041811835351,-0.80390312114113,2.86069518086452,0.127403417758981,1
"5083","PmetTSAr1.1-005094",12.2743112751704,10.7687340157555,8.55855279799194,10.9879049547125,7.60980071038385,11.6475982144874,12.7189268255152,9.68083623670703,-0.0308630055217028,3.40550298483947,0.919392910575268,1
"5084","PmetTSAr1.1-005095",15.5564531179815,19.4848640340328,11.6320662337349,13.2913934632908,15.0739593019087,17.2452303661099,22.965311039151,19.9278032474905,0.326679449706343,4.08472535452968,0.283901339777987,1
"5085","PmetTSAr1.1-005096",19.8726944455139,18.2652007891544,49.8382024811243,35.7173103226679,26.6160972214861,24.5956564237961,21.7080859822632,17.1254559158121,-0.457749464197941,4.74239924301685,0.20141976968136,1
"5086","PmetTSAr1.1-005097",37.6322290744234,39.8919124727297,40.0029594867468,42.1247151396328,38.3402877896373,46.1380589467072,54.6264287217762,41.6106118946179,0.178923696075161,5.41321650172146,0.553691926765608,1
"5087","PmetTSAr1.1-005098",34.7097740089067,19.0981415417543,32.1063941979918,30.289550043834,32.587424094706,25.076261204491,12.530343066982,15.2855309000637,-0.443483550022899,4.65857325110801,0.211535834024394,1
"5088","PmetTSAr1.1-005099",155.294766096844,166.796385708125,194.67161253775,156.71664922155,149.501635008785,173.328700614131,216.179848531862,192.654302418211,0.119604335879294,7.45702633283481,0.770821186204761,1
"5089","PmetTSAr1.1-005100",40.599644987102,43.7888852795363,20.4270431421686,13.3178703426997,17.8047490305153,16.4819168908887,73.5267120769899,32.6940522029141,0.250875392199157,5.01812421313786,0.603985604362973,1
"5090","PmetTSAr1.1-005101",88.033338742797,83.889032940416,88.4226173052206,92.2189709813582,78.5011020650124,98.7218761286161,87.2723726989635,85.1460684210957,-0.011987168447916,6.45676958134041,0.975028949770011,1
"5091","PmetTSAr1.1-005102",78.546599991658,79.2483630330738,74.8045885437748,79.1658694327479,87.6037344937012,95.2728300553941,90.7297416054051,89.0523707622231,0.218127820847088,6.39861764046618,0.562036389578973,1
"5092","PmetTSAr1.1-005103",31.6524364019045,22.6976355083466,45.0151506281123,37.8619375547925,31.8592135004109,46.4490385106862,31.6192101807289,32.0430018127262,0.0494390619715467,5.12755376247008,0.879760462328365,1
"5093","PmetTSAr1.1-005104",77.8272264370693,37.7798127072086,72.5349170835339,65.3978921400961,81.7052286799108,124.448367330518,12.8027418293077,38.4968926371975,0.0220539202280171,5.99825906051923,0.96737820864097,1
"5094","PmetTSAr1.1-005105",75.0396539130379,91.6234827859862,52.8644310947789,67.3571812163581,72.2384909540745,93.4069526715199,101.353293336107,88.6277726816658,0.309819765094057,6.32884353162757,0.428291297235909,1
"5095","PmetTSAr1.1-005106",39.4756238080571,43.8186331635577,44.305878296787,68.9722708603038,39.5054247405095,85.3497548775178,76.10402344361,61.7082543743313,0.417997166090888,5.84499856356184,0.263332239886623,1
"5096","PmetTSAr1.1-005107",6.24955775548968,7.46671888937745,10.9227939024096,5.56014467587862,8.48365342353798,7.49178040494939,7.69002659796389,7.38800660169747,0.0429932367736092,2.94716551583964,0.896376186541998,1
"5097","PmetTSAr1.1-005108",14.2975493974512,14.1302449101764,24.7772467742971,12.7353789957029,16.0934541339218,13.9092677706985,13.9971056333512,12.9927012650542,-0.208870159888284,3.94648241573338,0.501472609163439,1
"5098","PmetTSAr1.1-005109",82.6380370833815,85.3466792574657,88.9900351702808,64.2858632049204,79.739060075314,72.712676232188,71.5361057369175,75.8615237262422,-0.0994324480526922,6.2797570255487,0.792016578104905,1
"5099","PmetTSAr1.1-005110",14.342510244613,11.0067170879269,11.0173635465863,6.5927429728275,12.3067590435873,8.25509388017065,12.3417593084489,4.3025938829809,-0.2056390248962,3.33243535963737,0.578132319286076,1
"5100","PmetTSAr1.1-005111",12.7688805939501,12.9403295493195,10.9227939024096,7.2281880786422,13.1806117567414,9.24457431101302,12.677019323619,3.84968926371975,-0.170456671431951,3.37949899431864,0.651731469064863,1
"5101","PmetTSAr1.1-005112",14.0277843144804,15.3796560390763,11.7266358779116,15.0388675042812,14.3457487076136,12.4109116897086,16.3020182376455,15.0024655130255,0.0469766811152841,3.84246507004918,0.870598270234061,1
"5102","PmetTSAr1.1-005113",27.5160384630193,25.672423910489,24.8718164184738,20.2548127478435,25.0504444437516,22.8994042566378,20.2832309177903,23.0981355823185,-0.106122287304558,4.57059008248212,0.709637262583252,1
"5103","PmetTSAr1.1-005115",69.3296263234898,91.0285251055577,43.64389078755,58.6727647702239,67.7964063288743,59.3405549810897,77.3193409986015,81.9191230088601,0.124484019854008,6.10222062462516,0.752695315198681,1
"5104","PmetTSAr1.1-005116",12.9037631354355,11.4826832322697,10.5445153257028,11.0673355929393,12.0882958652988,12.6653495147824,13.0332330897372,12.0585854878281,0.116292306372736,3.59014675530611,0.680548657500925,1
"5105","PmetTSAr1.1-005117",13.892901772995,13.9220097220265,13.6180287614457,14.1916073631949,15.328833009912,16.2557499352675,15.1914694373946,15.0590785904332,0.152489605872025,3.88223486423946,0.583345360959436,1
"5106","PmetTSAr1.1-005118",34.7097740089067,36.0246875499446,49.4599239044175,38.4973826606072,40.5249195725226,39.8901967976739,37.737705457583,34.6472033734778,-0.0543755202782934,5.28519335611846,0.856794893353261,1
"5107","PmetTSAr1.1-005119",20.5920680001027,15.6176391112477,26.5740700136545,24.1469140209586,19.8073281648269,19.7613377473948,17.5173357926371,18.1444913091497,-0.208177364131785,4.34523754237978,0.480382138312791,1
"5108","PmetTSAr1.1-005120",22.7501886638689,15.6771348792905,15.6039912891566,53.1390969737542,28.5094447666534,32.0874368287455,2.22109760050183,12.4265704909777,-0.511329700282025,4.51497115625601,0.384137464338916,1
"5109","PmetTSAr1.1-005121",9.66658213978619,8.86486943838438,40.0029594867468,16.5215727511822,13.1442012270267,18.3195234053102,8.75866789631855,9.17131854003824,-0.602585406546874,3.96301658174702,0.178516641852977,1
"5110","PmetTSAr1.1-005122",53.5034081225375,54.9443417875703,34.1869263698794,32.6195154318212,53.8875839778378,39.3530502780738,57.0570638317594,49.8761211961339,0.1918432813566,5.55434605964729,0.565763587609369,1
"5111","PmetTSAr1.1-005123",23.0649145940015,29.6288924853384,16.5496877309236,15.1182981425081,18.6421912139547,16.1143955880043,22.965311039151,18.9653809315605,-0.137496552746105,4.33584285874563,0.662517562118789,1
"5112","PmetTSAr1.1-005124",25.5827220350621,31.5030091786881,23.027708357028,29.4158130233388,24.103770671168,29.4017042307448,34.8879953286373,31.6184037321689,0.131608151913978,4.84607696869973,0.654175132156295,1
"5113","PmetTSAr1.1-005125",31.2477887774484,32.3954456993308,26.243076259036,28.2243534499362,35.7551401798897,36.3846089855466,32.5830827243429,30.7409010323504,0.197501970263286,4.98915822796065,0.491072529738386,1
"5114","PmetTSAr1.1-005126",30.2586501398889,30.8188078461954,38.016996959036,35.5319721668053,34.0074347535814,39.2965085391685,29.0418988141089,33.656474518844,0.0146008191483376,5.08272949119443,0.961091833468352,1
"5115","PmetTSAr1.1-005127",15.7812573537905,13.6245308818122,17.9682323935742,20.1224283507988,17.3314121442235,18.2912525358576,14.940024426017,18.4275566961879,0.0311777343992464,4.09778328944382,0.915929659076189,1
"5116","PmetTSAr1.1-005128",77.5574613540985,60.8046749397909,70.0288215128511,65.7156146930035,72.2749014837892,73.9283236186515,56.8265725713299,68.0489190439874,-0.0159929939674115,6.09181439345342,0.965954493998537,1
"5117","PmetTSAr1.1-005129",23.829248995752,28.1414982842672,26.5740700136545,25.417804232588,28.9827816529452,16.5667294992466,27.4703674929991,21.7394217245351,-0.133946949602507,4.63809433708945,0.656113297291464,1
"5118","PmetTSAr1.1-005130",15.3316488821725,9.72755807500568,9.36239477349394,30.2365962850161,33.4248662781453,28.7797451027867,6.74710780529802,9.34115777226117,0.274110701481767,4.16444586782219,0.581211693009551,1
"5119","PmetTSAr1.1-005131",69.9590781837549,50.9878732127209,120.954574902008,159.946828509442,92.3006928269046,138.527260317932,54.58452121988,61.5950282195161,-0.211787891200809,6.54945661588294,0.656666919442571,1
"5120","PmetTSAr1.1-005132",23.0649145940015,34.9537637251733,19.6232011666666,37.5442150018851,20.1350229322597,33.7554181264512,38.848254257834,31.759936425688,0.111530322722308,4.90863001659523,0.738004488648264,1
"5121","PmetTSAr1.1-005133",12.9037631354355,11.7801620724839,5.57960900642568,13.8738848102876,12.3067590435873,16.5950003686992,15.5895907054091,11.7755201007898,0.348490785487999,3.65798938990311,0.294373055535431,1
"5122","PmetTSAr1.1-005134",32.1919665678461,25.5534323744033,32.6265272409637,25.5766655090416,25.9242971569058,34.8579820351041,27.4703674929991,35.8360779990383,0.0985768612223134,4.90995522162334,0.740767174755871,1
"5123","PmetTSAr1.1-005135",16.8603176856736,16.7480587040618,18.2992261481927,14.668191192556,19.5160439271088,15.3510821127831,16.5953707509194,17.7481997672962,0.0562759460473203,4.09017301615942,0.845033558297875,1
"5124","PmetTSAr1.1-005136",20.3223029171319,16.3613362117833,87.2404967530117,79.9866526944253,17.4406437333678,32.5680416094404,15.568636954461,19.3333659347102,-1.26375970275628,5.17587469132136,0.0106532168124533,1
"5125","PmetTSAr1.1-005137",16.9502393799972,13.9815054900693,14.327301092771,15.4360206954154,14.7098540047611,18.2064399274996,14.7095331655876,14.3797216615414,0.0310536355485681,3.94473285716473,0.915122203727661,1
"5126","PmetTSAr1.1-005138",16.0510224367613,13.327052041598,28.9855959401605,16.8922490629074,21.8827283585679,17.3300429744678,14.3114118975731,14.1815758906147,-0.151807371359865,4.16346579318128,0.643899044614333,1
"5127","PmetTSAr1.1-005139",12.9487239825973,7.43697100535602,7.09272331325299,48.2938280419171,19.5524544568236,30.0519342281555,6.30707903538728,20.6637732537899,0.013541206854847,4.25695251057839,0.980327779839497,1
"5128","PmetTSAr1.1-005140",37.6322290744234,42.1527516583579,44.7314416955822,49.1410881830034,54.3973313938444,48.8803332836132,43.7304782287484,42.8560995975861,0.128382220742726,5.50789025187525,0.674165659290595,1
"5129","PmetTSAr1.1-005141",20.4571854586173,17.4322600365545,33.2412299281123,24.5970209709106,25.5237813300434,20.4963803531634,24.9978248811197,19.8145770926752,-0.075004890328889,4.54696201660431,0.807160446835601,1
"5130","PmetTSAr1.1-005142",4.99065403495938,6.12806410841336,3.73550094497991,4.05096254956871,3.34976873375749,4.01446346227477,3.60404516307845,3.45339772186625,-0.391743494023195,2.07927213184402,0.171475426196601,1
"5131","PmetTSAr1.1-005143",5.21545827076836,5.71159373211343,2.9316589694779,3.25665616730033,4.73336886291819,3.6752130288431,4.08598143488545,4.24598080557326,-0.0343971147029337,2.10203736770083,0.921707210610065,1
"5132","PmetTSAr1.1-005144",32.5066924979787,30.2833459338097,33.0993754618473,38.3120445047446,30.2571501929616,48.2866450251078,35.8518678722513,37.0532591633026,0.17440355515628,5.16075223016082,0.565015562011003,1
"5133","PmetTSAr1.1-005145",28.235412017608,26.2673815909175,53.0535703831323,32.6989460700481,34.22589793187,34.2360229071461,23.8663223299206,27.5422621588185,-0.226230511067668,5.02530116898841,0.487199711014096,1
"5134","PmetTSAr1.1-005146",74.8148496772289,70.353745710668,59.3897365429717,46.5728308803357,74.6779964449631,45.0637659075069,54.2492612047099,68.3319844310256,-0.0515040743636169,5.94807507951721,0.887880202200755,1
"5135","PmetTSAr1.1-005147",113.346295694888,48.4295551868784,29.0328807622489,41.039163083866,52.2126996109591,40.6252394034425,36.1871278874214,45.3753815422262,-0.410629776327674,5.66756605847919,0.32011860832344,1
"5136","PmetTSAr1.1-005148",14.567314480422,17.6107473406831,12.3413385650602,10.1141679342173,17.5134647927973,14.6160395070145,14.0180593842993,15.0590785904332,0.163414378105692,3.86208467718189,0.584135432216435,1
"5137","PmetTSAr1.1-005149",51.839856777551,56.8779542489629,52.4388676959837,59.599455549537,61.2789215099331,41.6712615731902,39.812126801448,54.0371823855957,-0.166093701976248,5.70744307562479,0.610937286487958,1
"5138","PmetTSAr1.1-005150",30.3935326813742,25.9996506347247,15.2729975345381,23.0613619651918,21.8463178288532,34.6035442100304,34.9299028305335,27.9668602393759,0.333396662618978,4.74573805979409,0.297066707340507,1
"5139","PmetTSAr1.1-005151",23.2897188298104,23.9767945212678,20.3324734979919,20.7313965772046,20.0622018728302,20.3267551364476,20.5975371820123,21.8526478793504,-0.0926085239289409,4.4233818639258,0.740872196149557,1
"5140","PmetTSAr1.1-005152",19.647890209705,19.8120907582685,20.8053217188754,20.4931046625241,19.4432228676793,21.4858607840058,20.4299071744272,21.428049798793,0.0358983789353072,4.35792157398563,0.898646744421818,1
"5141","PmetTSAr1.1-005153",47.6135371443422,32.1872105111809,40.7122318180721,27.5359545853036,43.7654567171358,39.2965085391685,45.2601020479619,39.063023411274,0.177831735335247,5.30329811041016,0.569431193365106,1
"5142","PmetTSAr1.1-005154",16.545591755541,19.5741076860971,9.26782512931723,16.6539571482269,15.0739593019087,19.8461503557527,33.7984002793345,18.8804613154491,0.497244176218165,4.23140071316713,0.147150888050486,1
"5143","PmetTSAr1.1-005155",125.440763581411,128.124136480274,125.588487466666,103.365737212524,125.65273804562,100.220232209606,114.197942667311,124.237398371074,-0.0554815351642155,6.88766853780467,0.88812903276527,1
"5144","PmetTSAr1.1-005156",75.8489491619502,49.8277057358854,145.542682387951,86.5264419084349,74.532354326104,85.5759218331389,17.0353995208301,59.69849012636,-0.595015530422419,6.2165155928687,0.236816740584148,1
"5145","PmetTSAr1.1-005157",39.2058587250863,37.8988042432943,42.2726309469878,47.1023684685146,39.1049089136472,49.6153758893818,58.7962251604542,47.5832915611243,0.229001351633288,5.50033474532999,0.459353646149702,1
"5146","PmetTSAr1.1-005158",11.4200551790962,12.9998253173623,8.27484386546182,14.4298992778755,11.2872642115741,12.382640820256,14.8771631731727,13.1342339585733,0.131544493955183,3.63472527389587,0.660540301531061,1
"5147","PmetTSAr1.1-005159",6.60924453278405,7.13949216514178,4.77576703092368,9.08156963726841,7.31851647266581,7.80275996892842,8.27673162451155,7.52953929521658,0.160097985680408,2.88491922292277,0.59095400702768,1
"5148","PmetTSAr1.1-005160",40.4647624456166,33.0796470318236,32.5792424188754,34.6317582669011,29.5653501283813,31.6916446564085,33.5469552679569,34.2509118316243,-0.124922281607757,5.07835987987121,0.665307831520326,1
"5149","PmetTSAr1.1-005161",53.0987604980813,56.1342571484273,59.6734454755018,59.1758254789939,59.4583950241954,56.7113641219942,59.5505601945869,63.8878578545256,0.0710974083716478,5.87095166471917,0.830114020799934,1
"5150","PmetTSAr1.1-005162",12.4541546638176,15.4391518071191,6.76172955863451,14.5622836749202,9.28468507726259,18.9980242721735,25.1654548887047,16.7291643739586,0.51092563829304,3.90736956163345,0.157941556990504,1
"5151","PmetTSAr1.1-005163",34.3051263844505,33.8530920163806,50.1691962357428,38.8680589723324,38.7043930867849,40.9079480979689,33.3793252603719,36.4305153118186,-0.0729681993602252,5.26243378879708,0.810333183385105,1
"5152","PmetTSAr1.1-005164",3.23718099564933,2.79630109801387,7.09272331325299,6.43388169637383,4.76977939263294,5.39973606545409,3.10115514032331,6.05759928261785,-0.0177665109311135,2.2982290842996,0.963270822332649,1
"5153","PmetTSAr1.1-005165",11.4200551790962,9.7573059590271,8.74769208634535,11.252673748802,9.64879037441015,9.18803257210774,8.57008413778538,8.94486623040766,-0.180824701070309,3.28556039459745,0.526500735905264,1
"5154","PmetTSAr1.1-005166",92.3945409174912,100.518100108392,81.8973118570278,85.1496441791697,79.1200810701632,101.01181655428,161.092437289227,119.680045639758,0.356702277659743,6.68200879029553,0.381570190058009,1
"5155","PmetTSAr1.1-005167",52.739073720787,46.5554384935287,44.2113086526103,45.0106949952079,48.0983097531917,51.9335871844982,50.3937710302539,51.602820057067,0.099962125909966,5.61117776404389,0.747093663363079,1
"5156","PmetTSAr1.1-005168",37.5872682272616,34.6562848849591,33.0993754618473,43.1573134365817,34.9541085261651,36.7804011578836,42.2008544095348,32.863891435137,-0.0167041031643602,5.20855948110699,0.955820406917002,1
"5157","PmetTSAr1.1-005169",7.91310910047614,7.5262146574203,15.4148520008032,10.1406448136262,11.760601097866,11.8454943006558,13.0332330897372,9.96390162374524,0.187157197836883,3.46065888469962,0.558815008584576,1
"5158","PmetTSAr1.1-005170",15.9611007424377,16.0043616035262,27.9453298542168,13.5032084985624,19.333991278535,12.7784329925929,11.1893030063017,13.7852843487612,-0.362367210548628,4.03194474308338,0.272198497350071,1
"5159","PmetTSAr1.1-005171",9.5766604454626,8.71613001827726,9.55153406184735,6.91046552573485,8.33801130467896,9.1597617026551,8.92629790390359,7.78429814355097,-0.020478440242887,3.11743404033831,0.943113039770169,1
"5160","PmetTSAr1.1-005172",16.2308658254084,16.1233531396119,17.8736627493975,13.2649165838818,17.5862858522268,18.2347107969523,19.3403121251245,16.0498074450669,0.166568884984171,4.07888583055191,0.561478633290874,1
"5161","PmetTSAr1.1-005173",53.0088388037577,16.3613362117833,13.0033260742971,47.4465679008309,32.6966556838502,8.82051126922343,2.49349636282753,43.8751349909237,-0.563243721441912,4.76888733827557,0.382724447346672,1
"5162","PmetTSAr1.1-005174",34.5748914674213,33.4366216400807,31.5389763329316,35.8232178403037,30.6940765495387,22.8428625177325,30.4248463766855,39.3460887983122,-0.13480836197131,5.01774593010964,0.652553367372291,1
"5163","PmetTSAr1.1-005175",16.2308658254084,13.9815054900693,25.9120825044176,12.6294714780671,21.4458020019909,18.1498981885944,14.7304869165357,15.6535159032134,0.0267623786488477,4.12039564991013,0.936760135273854,1
"5164","PmetTSAr1.1-005176",13.2184890655681,14.4277237503907,12.5304778534136,11.9145957340256,11.9790642761545,16.3405625436255,20.4718146763235,15.398757054879,0.302294794271985,3.86829979066969,0.306639712420546,1
"5165","PmetTSAr1.1-005177",14.5223536332602,16.3315883277618,14.2800162706827,13.0795784280192,14.6734434750464,17.6975642773521,23.2586635524249,17.2669886093312,0.325289083777015,4.04066317346364,0.268859981958164,1
"5166","PmetTSAr1.1-005178",38.4864851704976,39.2672069082798,36.9767308730922,33.6521137287701,36.2648875958962,35.0841489907252,35.7470991175106,36.7135806988568,-0.0450702009685563,5.19314251847126,0.876868715576706,1
"5167","PmetTSAr1.1-005179",19.8277335983521,18.7114190494758,19.9069100991967,13.7415004132429,21.9919599477122,12.1847447340875,11.6921930290568,13.3606862682038,-0.285906365120754,4.04236276031629,0.368055242360658,1
"5168","PmetTSAr1.1-005180",22.3455410394127,22.2216693640038,21.2308851176706,22.8230700505113,23.4847916660171,23.2669255595221,27.302737485414,27.315809849188,0.193950085144794,4.57374855740622,0.487936381179595,1
"5169","PmetTSAr1.1-005181",29.134628960844,30.9972951503239,36.7403067626505,32.9107611053196,30.4756133712502,35.5082120325148,29.062852565057,33.1186502834714,-0.0180327953109915,5.01363147529032,0.950690463904068,1
"5170","PmetTSAr1.1-005182",4.04647624456166,3.48050243050662,4.25563398795179,3.25665616730033,3.422589793187,4.35371389570644,3.56213766118219,4.33090042168472,0.0648396916956826,1.96258890347474,0.833909388486622,1
"5171","PmetTSAr1.1-005183",17.6696129345859,15.8853700674405,15.934985043775,19.2486913303036,17.6955174413711,20.5246512226161,29.2514363235902,17.6066670737771,0.308128691187495,4.27030886456213,0.302929521870023,1
"5172","PmetTSAr1.1-005184",12.6789588996265,11.6611705363982,16.5496877309236,12.232318286933,15.1831908910529,12.4391825591612,12.0274530442269,12.8794751102389,-0.0155253631519392,3.72926805000888,0.958639751727194,1
"5173","PmetTSAr1.1-005185",1.84339473363365,1.4873942010712,2.50609557068272,1.9063353174441,2.40309496117385,2.20512781730586,2.03251384196866,1.6983923222293,0.114496311685297,1.04831663352826,0.689015758475295,1
"5174","PmetTSAr1.1-005186",40.1050756683222,36.5304015783088,40.6176621738954,38.0737525900641,39.3233720919357,38.7028202806631,39.9378493071367,41.1577072753568,0.034989803279832,5.2989041491021,0.905547743819526,1
"5175","PmetTSAr1.1-005187",20.7269505415881,19.6336034541399,21.3727395839357,14.4298992778755,25.9242971569058,19.3372747056052,20.8070746914936,21.2015974891625,0.196974803530158,4.35665193826814,0.501599937986755,1
"5176","PmetTSAr1.1-005188",55.2568811618476,59.3172807387197,75.9394242738953,53.2979582502079,62.2255952825168,60.9802654093428,79.8128373614291,66.3222201830543,0.143909141996689,6.004637166612,0.685698163216775,1
"5177","PmetTSAr1.1-005189",72.5668073191391,70.918955507075,71.8256447522086,69.9519153984348,74.1318384992417,72.5430510154722,84.1712175586402,78.8054037514397,0.118397939495121,6.21776552308589,0.749190210623377,1
"5178","PmetTSAr1.1-005190",54.8072726902296,25.9104069826604,16.6915421971887,21.8699023917892,26.6889182809156,20.609463830974,20.7023059367529,29.4104937132708,-0.291806199345685,4.76218498182124,0.430532426272403,1
"5179","PmetTSAr1.1-005191",33.765596218509,37.4823338669944,26.1485066148593,23.935098985687,31.0581818466862,23.6344468624064,28.58091629325,28.1366994715988,-0.123168908225347,4.86552748926789,0.681674223762802,1
"5180","PmetTSAr1.1-005192",29.7191199739473,28.7067080806743,30.0258620261043,44.6664955628916,27.6355920534993,41.4168237481164,34.4898740606228,48.262648490016,0.189143489824487,5.15721389848905,0.553532306503974,1
"5181","PmetTSAr1.1-005193",46.9840852840771,45.7819935089717,46.2445560024095,36.0085559961663,52.2855206703886,52.0183997928561,56.3027287976267,49.2533773446498,0.262177418701238,5.59013698589796,0.399100817209239,1
"5182","PmetTSAr1.1-005194",29.8090416682709,18.0867134850259,35.2271924558232,13.0795784280192,23.2663284877286,15.0683734182567,13.3056318520629,12.7379424167198,-0.57865064011589,4.32980735453818,0.108136679422997,1
"5183","PmetTSAr1.1-005196",5.9797926725189,7.82369349763454,68.3738527397588,11.3321043870288,7.17287435380679,12.2978282118981,15.5057757016166,7.67107198873568,-1.13068584244465,4.0910595242549,0.0639426010138073,1
"5184","PmetTSAr1.1-005197",21.6711283319858,21.5077201474896,20.5688976084337,18.4014311892173,23.5576127254467,23.8323429485748,23.5101085638024,20.6637732537899,0.156781839176741,4.44467637998976,0.575664102058579,1
"5185","PmetTSAr1.1-005198",18.3440256420129,20.9127624670611,18.1573716819276,20.2018589890256,18.4237280356662,23.4648216456905,25.5845299076673,22.5320048082421,0.213627684802878,4.39373018650506,0.451308983110368,1
"5186","PmetTSAr1.1-005199",52.289465249169,51.910057617385,38.016996959036,40.5096254956871,48.0983097531917,44.9506824296963,62.5679003311177,52.9332273761466,0.190814013069678,5.6139855018033,0.552918777039633,1
"5187","PmetTSAr1.1-005200",23.604444759943,21.9241905237896,31.8699700875501,23.4849920357349,22.5745284231483,22.2209033897744,20.5137221782198,19.8711901700828,-0.24351719691644,4.54301393282358,0.396124742246078,1
"5188","PmetTSAr1.1-005201",17.3548870044533,16.6885629360189,18.9612136574296,22.3200093417413,17.9139806196596,29.0907246667657,25.0397323830159,21.3997432600892,0.310990631618914,4.4035897700176,0.293028048238424,1
"5189","PmetTSAr1.1-005202",28.6400596420642,32.0087232070523,28.4654628971886,35.1348189756711,25.4145497408992,33.2748133457563,39.0787455182634,32.9205045125447,0.0728912790660634,4.99707684449065,0.805494051478916,1
"5190","PmetTSAr1.1-005203",8.76736519655026,9.48957500283429,9.36239477349394,9.58463034603838,8.08313759667567,8.5095317052444,9.74349419088068,8.77502699818473,-0.0831306849939503,3.18617514071899,0.768100708723452,1
"5191","PmetTSAr1.1-005204",49.2770884893287,30.6403205420668,41.7524979040159,34.4728969904474,38.8500352056439,27.1965764134389,25.1445011377566,27.4290360040032,-0.396390402748845,5.10406972209863,0.203532382250767,1
"5192","PmetTSAr1.1-005205",42.1283137906031,23.6793156810536,30.4987102469878,28.5420760028436,28.6550868855124,21.5989442618163,20.9537509481305,22.3055524986115,-0.416645624816618,4.7731799259934,0.171509136658269,1
"5193","PmetTSAr1.1-005206",76.118714244921,74.5779452417102,72.9131956602407,95.8992572192017,76.4257018712713,91.7955131127195,90.7926028582495,94.0343215740957,0.143945183443561,6.39465899121105,0.706395366765811,1
"5194","PmetTSAr1.1-005207",54.0878991356409,61.3698847361979,59.9098695859435,50.4649321534507,52.1762890812443,48.8237915447079,58.5028726471804,58.3963893459842,-0.0514803571757789,5.79512696697458,0.874165091117707,1
"5195","PmetTSAr1.1-005208",29.7640808211091,25.2559535341891,27.3306271670682,24.1733909003675,31.3494660844043,25.783032940807,23.1748485486323,23.8907186660255,-0.0318405542730424,4.72228443349604,0.912585590888236,1
"5196","PmetTSAr1.1-005209",17.3099261572915,12.9403295493195,18.4410806144578,24.8353128855912,20.0986124025449,28.0164316275654,17.2658907812595,23.2113617371338,0.268293970035275,4.34553540656647,0.391491905853465,1
"5197","PmetTSAr1.1-005210",17.8044954760713,16.0341094875476,16.1241243321285,18.3220005509905,16.5667910202136,21.3727773061952,20.3670459215828,19.7013509378599,0.192239738548182,4.19786978551078,0.497675020945174,1
"5198","PmetTSAr1.1-005211",24.8183876333115,25.1369619981034,20.474327964257,21.975809909425,23.3027390174434,27.1400346745336,27.0303387230883,24.768221365844,0.145974344532642,4.6085460402683,0.605172472513716,1
"5199","PmetTSAr1.1-005212",11.9595853450378,10.1142805672842,10.2135215710843,25.1795123179075,20.2806650511187,20.6660055698793,11.6502855271606,10.5583389365255,0.133509284164925,3.92080076872372,0.719383950103447,1
"5200","PmetTSAr1.1-005213",14.2975493974512,11.571926884334,11.2537876570281,26.6886944442174,22.0647810071417,20.8073599171425,15.0238394298096,13.1342339585733,0.152294022565605,4.08091965322951,0.661532325094528,1
"5201","PmetTSAr1.1-005214",11.2402117904491,9.40033135077002,10.970078724498,21.3933185624282,16.9308963173612,19.195920358342,12.9913255878409,12.1435051039395,0.206547512424502,3.84309017873491,0.537712864123843,1
"5202","PmetTSAr1.1-005215",12.8588022882737,12.9700774333409,11.9630599883534,22.4259168593771,15.1103698316234,20.8639016560477,15.3800531959278,14.0966562745032,0.118381222670334,3.97983750611197,0.7075225330767,1
"5203","PmetTSAr1.1-005216",33.6307136770236,35.6974608257089,34.7543442349396,45.0636487540257,32.9151188621388,38.3635698472314,41.3836581225577,35.8926910764459,-0.00591139102990786,5.22027976435037,0.985103001084938,1
"5204","PmetTSAr1.1-005217",22.5253844280599,25.464188722339,19.7650556329317,29.0716135910225,22.610938952863,36.3846089855466,27.302737485414,22.8433767339841,0.172084332926598,4.69013156534426,0.570752821840462,1
"5205","PmetTSAr1.1-005218",32.9563009695966,34.507545464852,30.0731468481927,41.9129001043612,31.24023449526,54.534507174141,40.4407393298919,35.8643845377421,0.216683334411296,5.23879291140897,0.490678196409182,1
"5206","PmetTSAr1.1-005219",36.5981295897021,44.7705654522433,25.6756583939758,40.6420098927318,39.2505510325062,32.1439785676508,41.0064906054914,40.6198830399842,0.0506023386308842,5.23480408748278,0.870257409876052,1
"5207","PmetTSAr1.1-005220",53.7282123583465,41.7957770501009,56.8836409722889,64.6830163960546,46.6054780348867,61.4891410594903,38.1358267255975,51.0083827442867,-0.138424061382778,5.69626921886248,0.677988047664846,1
"5208","PmetTSAr1.1-005221",16.6804742970264,15.498647575162,11.6793510558232,11.0408587135304,12.2339379841578,10.3471382196659,11.3778867648349,13.4739124230191,-0.210627093368748,3.68356993950704,0.47662518038736,1
"5209","PmetTSAr1.1-005222",10.6557207773457,5.9198289202634,59.3897365429717,26.87403260008,18.751422803099,14.5594977681092,6.6632928015055,6.45389082447135,-1.14725107692418,4.22386265371984,0.0422609467830776,1
"5210","PmetTSAr1.1-005223",77.8721872842311,88.5297028477581,54.6612543341363,73.5262941186425,75.3333859798286,73.419447968504,80.9443399126281,82.3154145507136,0.0827836855494387,6.24586357409679,0.828005239995438,1
"5211","PmetTSAr1.1-005224",31.0679453888012,32.5144372354165,17.400814528514,20.8902578536582,22.3924757745745,21.8251112174375,23.7196460732837,23.18305519843,-0.161085237841981,4.59608703068703,0.599591432987027,1
"5212","PmetTSAr1.1-005225",24.9532701747969,7.2882315852489,40.7122318180721,38.603290178243,35.7187296501749,27.3944724996074,2.17919009860557,14.4646412776529,-0.484499092932404,4.58224541520394,0.427314633270149,1
"5213","PmetTSAr1.1-005226",15.3766097293343,21.0912497711897,30.1677164923694,13.0266246692013,18.3144964465219,17.9237312329733,17.2449370303114,18.3709436187803,-0.147648706301688,4.24735528815614,0.644576919234122,1
"5214","PmetTSAr1.1-005227",36.3733253538931,29.8668755575098,37.6387183823292,39.0269202487861,34.1530768724404,43.1130759152748,33.1697877508906,36.51543492793,0.0403626384493933,5.18162001705316,0.892542662938287,1
"5215","PmetTSAr1.1-005228",22.9300320525161,18.7114190494758,15.6985609333333,20.4401509037062,20.2078439916892,12.9197873398561,12.195083051812,12.709635878016,-0.423834820335014,4.09007405993959,0.166665116550091,1
"5216","PmetTSAr1.1-005229",65.4180326204135,63.7794633419333,57.4510588373492,66.4834441958629,71.0733540032023,80.6850614178323,78.3670285460081,90.2978584651913,0.340041672503572,6.16513529988127,0.360229909399303,1
"5217","PmetTSAr1.1-005230",77.4675396597749,55.2418206277845,74.9464430100399,59.2287792378118,72.456954132363,61.7153080151114,59.6343751983794,62.1611589935925,-0.0601040520804722,6.03146390891572,0.867551835952719,1
"5218","PmetTSAr1.1-005231",76.4784010222154,54.6468629473561,73.5278983473893,58.0902734232271,74.386712207245,57.672573683384,57.2666013412407,59.7267966650638,-0.0770767237932974,6.00063884871577,0.828370487471133,1
"5219","PmetTSAr1.1-005232",9.71154298694798,8.1509202218702,19.3394922341365,9.84939914012784,16.3483278419251,11.5627856061294,7.79479535270455,11.747213562086,0.0131971494068604,3.5681782737915,0.973220357279304,1
"5220","PmetTSAr1.1-005233",38.2616809346886,33.1986385679093,50.0273417694777,49.5647182535465,41.0710775182439,46.4773093801388,34.7413190720004,42.2616622848058,-0.0559247219093587,5.39264026821122,0.857116622555273,1
"5221","PmetTSAr1.1-005234",36.0585994237606,28.7364559646957,41.090510394779,43.7133279041695,37.939771962775,38.476653325042,31.7239789354696,35.2699472249619,-0.061027238337726,5.19712131737158,0.84015122588688,1
"5222","PmetTSAr1.1-005235",28.0555686289608,21.4779722634682,23.5005565779116,30.8190876320129,27.0530235780632,30.2498303143239,18.8164683514212,33.5715549027326,0.0784009181108409,4.74168849471073,0.798612756075178,1
"5223","PmetTSAr1.1-005236",8.90224773803565,7.05024851307751,8.88954655261041,14.3239917602397,7.17287435380679,14.7573938542777,9.09392791148864,9.11470546263059,0.0343844006240363,3.31909515458574,0.920155898217254,1
"5224","PmetTSAr1.1-005237",8.58752180790308,5.71159373211343,8.700407264257,12.682425236885,6.00773740293462,12.6370786453297,7.75288785080829,7.5578458339204,-0.0717250772534485,3.13241654685666,0.836239994948132,1
"5225","PmetTSAr1.1-005239",12.9487239825973,11.155456508034,13.2397501847389,9.69053786367416,9.86725355269868,9.55555387499205,10.2673379645839,11.266002404121,-0.197716856550447,3.46651592006832,0.487542326543535,1
"5226","PmetTSAr1.1-005240",29.134628960844,29.0041869208885,23.027708357028,33.9963131610864,26.6160972214861,30.6456224866609,33.6726777736457,35.7511583829268,0.137210949230674,4.92120183976592,0.642106631572543,1
"5227","PmetTSAr1.1-005241",3.5519069257819,4.25394741506365,4.39748845421685,5.29537588178916,3.27694767432797,4.72123519859075,4.92413147281067,3.96291541853504,-0.051736303170891,2.12581649668178,0.859003811987687,1
"5228","PmetTSAr1.1-005242",6.74412707426943,6.4255429486276,8.22755904337346,8.65793956672528,6.04414793264938,6.13477867122271,8.29768537545968,6.87848890502868,-0.134328301625298,2.85574118999724,0.644747761597573,1
"5229","PmetTSAr1.1-005245",40.4647624456166,36.7683846504802,47.8995247755018,38.3385213841535,42.2362144691161,33.7836889959038,36.0823591326807,37.8741487857135,-0.124117256717521,5.29413717270958,0.677163982709771,1
"5230","PmetTSAr1.1-005246",42.577922262221,34.8347721890876,46.7646890453814,38.7091976958788,44.7121304897195,33.0769172595879,36.2080816383695,38.8365711016434,-0.0917360955211603,5.30453006737144,0.761352248956353,1
"5231","PmetTSAr1.1-005247",68.1606442972831,76.6900450072313,51.6823105425701,51.0739003798564,66.4128061997136,62.9874971404801,73.7781570883675,68.8415021276944,0.135650993085302,6.02276092373753,0.707733534362847,1
"5232","PmetTSAr1.1-005248",49.0073234063579,57.5026598134128,27.9453298542168,33.8904056434506,30.4027923118207,21.231422958932,58.7124101566617,53.0181469922581,-0.0431614153928404,5.37615468527935,0.910703811011127,1
"5233","PmetTSAr1.1-005249",56.695628271025,52.3860237617278,56.0797989967869,66.2186754017735,58.2932580733232,80.8546866345481,52.5939148798076,65.9259286412008,0.155138383355023,5.93533415093151,0.655110653787501,1
"5234","PmetTSAr1.1-005250",43.3872175111334,45.3357752486503,42.9346184562247,35.6114028050321,41.4351828153915,40.4273433172741,47.2297546370862,44.8375573068536,0.0565832987865044,5.41655031225458,0.850784229897597,1
"5235","PmetTSAr1.1-005251",9.21697366816823,8.35915541002017,4.72848220883532,6.96341928455275,8.3016007749642,7.32215518823355,6.99855281667559,7.81260468225479,0.0545246068974685,2.9117751459845,0.859603092600076,1
"5236","PmetTSAr1.1-005252",47.8383413801512,42.0635080062937,24.0206896208834,33.4138218140896,39.6146563296537,41.1623859230427,36.1452203855251,36.7135806988568,0.0602009139291113,5.23588207517832,0.849806685627186,1
"5237","PmetTSAr1.1-005253",13.4882541485389,12.4346155209553,14.989288602008,13.3973009809266,13.2534328161709,13.0328708176667,13.6827993691292,14.0117366583917,-0.00803916791959105,3.76513072288567,0.978202401008108,1
"5238","PmetTSAr1.1-005254",23.1997971354869,18.9196542376257,12.3886233871485,12.6029945986582,15.4380645990562,8.3681773579812,13.4523081086998,15.1156916678408,-0.357505479591892,3.90593346915263,0.279056466877004,1
"5239","PmetTSAr1.1-005255",16.095983283923,14.3682279823478,11.6320662337349,15.7272663689138,13.6175381133185,12.8632456009508,13.5361231124923,17.7481997672962,-0.00207306542900629,3.85914898391061,0.997198240135133,1
"5240","PmetTSAr1.1-005256",37.6322290744234,33.8233441323592,28.7491718297188,36.3527554284826,34.0074347535814,33.8685016042618,33.4212327622682,43.4788434490702,0.0841171690927749,5.1387406249364,0.777417147219905,1
"5241","PmetTSAr1.1-005257",124.361703249528,120.806157011003,97.9268665449795,113.294566990879,110.87006298143,119.133443873422,108.93855117933,122.539006048844,0.0159801947557224,6.84293186726119,0.967565981681953,1
"5242","PmetTSAr1.1-005258",29.1795898080058,27.9332630961172,30.0731468481927,28.8597985557509,25.3053181517549,31.1262272673558,33.232649003735,31.7033233482803,0.0651105317774004,4.8943334991683,0.821366745036172,1
"5243","PmetTSAr1.1-005259",40.2849190569694,16.3315883277618,41.6579282598392,37.2794462077957,28.9463711232304,18.4608777525734,14.3533193994694,19.842883631379,-0.732295008902909,4.76483189138689,0.0397637705779235,1
"5244","PmetTSAr1.1-005260",30.2136892927271,24.0957860573535,37.213154983534,33.4138218140896,37.4300245467684,28.6101198860709,22.6510047749291,29.4388002519746,-0.0810026349045122,4.92779288676559,0.79167472008131,1
"5245","PmetTSAr1.1-005261",12.5440763581411,9.04335674251293,8.84226173052206,10.3524598488978,10.5954641469938,6.44575823520174,6.09754152590598,7.41631314040129,-0.418324526012808,3.16500346893375,0.175264542641552,1
"5246","PmetTSAr1.1-005262",46.3096725766501,48.2510678827499,52.9590007389556,52.4242212297127,58.1112054247494,58.4358871586052,35.8518678722513,54.8863785467103,0.051778721315584,5.67137164647451,0.874081789164876,1
"5247","PmetTSAr1.1-005263",36.9128555198347,37.5715775190586,41.1377952168673,35.4525415285784,39.723887918798,37.9395068054418,40.7340918431657,37.3363245503408,0.0440018768539456,5.26347798185032,0.881122441371094,1
"5248","PmetTSAr1.1-005264",14.7021970219074,14.4872195184335,21.6564485164658,11.4380119046646,18.0596227385186,10.9973682170766,11.3150255119905,11.3509220202325,-0.267528914004034,3.83784897969356,0.40282106114706,1
"5249","PmetTSAr1.1-005265",66.3622104108112,66.4567729038614,47.1902524441765,51.9476374003517,62.2984163419463,48.6824371974447,51.1481060643866,60.179701284325,-0.0614248253721676,5.82891458186517,0.855518689082027,1
"5250","PmetTSAr1.1-005266",66.0025236335169,69.4018134219824,46.4809801128512,52.3447905914858,59.6768582024839,49.1347711086869,49.8070660037062,60.7175255196976,-0.0949367699073688,5.82670459672019,0.778484719360428,1
"5251","PmetTSAr1.1-005267",13.7580192315096,3.71848550267801,7.89656528875499,13.4502547397445,12.6344538110201,8.53780257469704,4.37933394815927,8.12397660799683,-0.206707192336397,3.18799115636695,0.622605580483465,1
"5252","PmetTSAr1.1-005268",39.7004280438661,9.54907077087713,23.6424110441766,37.1735386901599,29.8202238363846,24.4825729459855,12.530343066982,23.3245878919491,-0.28812460040268,4.64835554732906,0.485567621627941,1
"5253","PmetTSAr1.1-005269",10.8355641659929,12.4346155209553,7.32914742369475,10.5377980047604,10.9595694441413,14.7573938542777,14.7304869165357,12.9927012650542,0.376318801165974,3.57207117649789,0.208388214709213,1
"5254","PmetTSAr1.1-005270",12.5440763581411,9.93579326315565,23.2641324674698,14.1916073631949,18.6786017436695,11.4497021283189,6.95664531477933,11.0961631718981,-0.315244470753427,3.76117464856113,0.389383923867087,1
"5255","PmetTSAr1.1-005271",31.9671623320371,26.5351125471103,28.6546021855421,27.6153852235305,26.4704551026271,26.0091998964281,25.3959461491342,23.8907186660255,-0.173247453914151,4.76153589286336,0.538122335000456,1
"5256","PmetTSAr1.1-005272",10.2510731528895,9.69781019098426,5.62689382851404,8.23430949618214,8.55647448296749,8.79224039977079,9.68063293803629,8.80333353688855,0.0829995331825235,3.13269328621965,0.784431863436863,1
"5257","PmetTSAr1.1-005273",20.6819896944263,19.6633513381613,21.5618788722891,21.472749200655,22.7201705420073,19.6482542695842,23.279617303373,18.3709436187803,0.0111329826800261,4.39136525811777,0.970108036096685,1
"5258","PmetTSAr1.1-005274",37.6771899215852,48.9055213312212,52.7698614506022,39.9536110280992,35.6459085907454,42.4911167873167,51.9862561023118,43.6769892199969,-0.0446389391087479,5.46600244052578,0.885807893259122,1
"5259","PmetTSAr1.1-005275",11.7797419563906,14.6359589385407,15.4148520008032,11.9145957340256,10.7775167955676,13.5982882067195,15.5476832035128,12.3982639522739,-0.0374031274877524,3.73561675123342,0.898353213898012,1
"5260","PmetTSAr1.1-005276",30.4834543756978,29.8371276734884,35.4636165662649,36.4586629461184,31.1674134358305,45.9118919910861,45.2391482970138,34.9868818379236,0.25061391885502,5.18033385820254,0.407815693824717,1
"5261","PmetTSAr1.1-005277",26.9765082970777,27.5167927198173,26.0066521485943,27.6153852235305,30.9853607872567,31.4937485702401,26.4436336965407,24.6266886723249,0.0704038051272353,4.79544301786553,0.805195322040594,1
"5262","PmetTSAr1.1-005279",8.85728689087386,8.24016387393447,9.36239477349394,7.83715630504796,9.17545348811833,9.61209561389733,10.0158929532064,8.83164007559238,0.135630576706483,3.17838438227269,0.632804957554096,1
"5263","PmetTSAr1.1-005280",14.1626668559658,17.4917558045974,14.327301092771,12.4706102016135,15.5108856584857,14.418143420846,17.7268733021184,14.7194001259873,0.0939022246044655,3.92287681273915,0.744477935939257,1
"5264","PmetTSAr1.1-005281",4.00151539739986,3.48050243050662,3.83007058915661,2.93893361439298,3.38617926347224,3.02498303143239,5.40606774461767,4.50073965390765,0.204065281753657,1.957928439106,0.495367255497474,1
"5265","PmetTSAr1.1-005282",4.58600641050321,3.95646857484941,4.49205809839356,3.62733247902557,3.89592667947881,3.98619259282213,5.11271523134384,5.15179004409555,0.129185802900737,2.1417186288772,0.655153174575865,1
"5266","PmetTSAr1.1-005283",5.21545827076836,3.4507545464852,3.92464023333332,2.72711857912142,3.49541085261651,3.08152477033767,4.40028769910741,4.27428734427708,0.00366022463965359,1.95538735036209,0.999999999999999,1
"5267","PmetTSAr1.1-005284",18.1641822533657,18.2949486731758,27.0942030566264,10.9349511958946,20.2806650511187,21.0052560033109,28.2456562780799,20.7769994086051,0.279932165455303,4.36872016853103,0.392851747965138,1
"5268","PmetTSAr1.1-005285",47.7484196858276,13.5947829977908,16.4078332646586,82.3695718412304,67.4323010317268,44.7245154740752,8.1091016169265,14.0400431970956,-0.254302118682743,5.20403219191538,0.679703232294379,1
"5269","PmetTSAr1.1-005286",17.5347303931005,25.7616675625533,15.2257127124497,9.82292226071889,12.3067590435873,12.693620384235,29.1676213197977,17.6066670737771,0.0716947871837124,4.13618541790073,0.849718749219088,1
"5270","PmetTSAr1.1-005288",12.6339980524647,11.6909184204197,13.7598832277108,10.3259829694889,12.5616327515906,15.3793529822357,22.1690685031221,13.6720581939459,0.400096611688827,3.81678285610467,0.189969617836761,1
"5271","PmetTSAr1.1-005289",86.7294741751049,108.579776678198,36.8821612289155,79.2717769503837,77.5544282924287,92.7001809352039,119.939270427099,106.885490145631,0.350220291735507,6.46992922109723,0.4170374114993,1
"5272","PmetTSAr1.1-005290",16.77039599135,18.4734359773044,4.25563398795179,8.65793956672528,10.1949483201315,10.5733051752871,14.0599668861956,15.1439982065446,0.0529444849555234,3.62460536167368,0.896026925293131,1
"5273","PmetTSAr1.1-005291",11.8247028035524,12.8213380132338,3.30993754618473,8.28726325500003,7.75544282924287,9.97961691678164,14.7304869165357,13.5871385778344,0.344775739179374,3.37319421404734,0.377499590190325,1
"5274","PmetTSAr1.1-005292",21.626167484824,23.4413326088822,20.8998913630521,19.9635670743451,22.9750442500106,20.213671658637,26.5903099531776,23.4095075080606,0.117159455694463,4.48888925488271,0.678838344332046,1
"5275","PmetTSAr1.1-005293",48.6026757819017,28.8851953848028,90.2667253666663,46.5993077597446,36.7018139524733,52.3293793568352,34.0288915397639,43.0542453685128,-0.367262525614378,5.57301333062034,0.329421213145731,1
"5276","PmetTSAr1.1-005294",69.6443522536224,62.2325733728192,49.8382024811243,35.5054952873963,55.1619525178542,35.6778372492307,45.6163158140801,55.1128308563409,-0.181156313393654,5.67674031959968,0.600688654384903,1
"5277","PmetTSAr1.1-005295",36.1035602709224,38.1665351994871,22.9331387128513,29.1775211086583,29.0191921826599,34.320835515504,35.4327928532887,37.1664853181179,0.105046780093715,5.03808901591861,0.730629054417968,1
"5278","PmetTSAr1.1-005296",15.6913356594669,16.7183108200403,15.6985609333333,24.6764516091375,17.3678226739383,25.8395746797122,16.9096770151413,17.8048128447039,0.0971007085828903,4.24074895503184,0.750521243326008,1
"5279","PmetTSAr1.1-005297",4.90073234063579,5.35461912385634,4.63391256465862,9.02861587845052,5.49798998692805,8.02892692454953,5.78323526168402,5.8594535116911,0.0686152450632471,2.63358082403178,0.827942524210315,1
"5280","PmetTSAr1.1-005299",29.7191199739473,24.6609958537606,48.8925060393572,68.2044413574444,49.4090888229229,42.6890128734852,19.7593871440871,25.079593291586,-0.32516275315327,5.27084010661971,0.417267763360429,1
"5281","PmetTSAr1.1-005300",29.5392765853001,36.5304015783088,19.6704859887549,31.9840703260065,33.024350451283,31.2110398757137,38.3244104841307,36.0625303086689,0.235029672540271,5.00511047769212,0.442245664909368,1
"5282","PmetTSAr1.1-005301",32.7314967337877,38.1367873154657,21.1363154734939,31.4810096172366,35.2453927638831,32.3418746538192,43.6047557230596,39.8839130336848,0.290477245926725,5.10393170581662,0.347617738214669,1
"5283","PmetTSAr1.1-005302",36.5981295897021,44.5028344960504,26.7632093020079,35.8232178403037,38.0490035519193,34.8579820351041,44.3381370062441,43.3373107555511,0.160019991310024,5.25178227731883,0.603041880222854,1
"5284","PmetTSAr1.1-005303",31.562514707581,32.1872105111809,38.8681237566264,31.9311165671886,33.169992570142,44.1590980850224,25.4588074019786,38.2138272501593,0.0676292611784485,5.10863841433147,0.825398048276078,1
"5285","PmetTSAr1.1-005304",36.8229338255111,37.5120817510158,41.7524979040159,35.187772734489,37.9761824924897,36.9782972440521,38.4710867407676,36.6852741601529,-0.0109430940026387,5.23775767594683,0.970534493748911,1
"5286","PmetTSAr1.1-005305",18.5688298778218,13.8625139539836,17.6372386389558,22.0552405476519,12.7436854001643,16.5384586297939,17.5592432945334,17.2952951480351,-0.168815917982836,4.0954837625324,0.570324624112025,1
"5287","PmetTSAr1.1-005306",32.6865358866259,40.754601109351,123.035107073895,37.4647843636583,32.3689609164174,38.6462785417578,88.8858115219696,45.0357030777804,-0.190265355752573,5.7790657536312,0.685730527676995,1
"5288","PmetTSAr1.1-005308",23.5594839127812,23.1141058846465,29.2693048726907,30.2365962850161,24.6135180871746,39.2116959308106,33.5888627698532,32.6374391255064,0.292770055413774,4.88733146931961,0.327781997702341,1
"5289","PmetTSAr1.1-005309",6.11467521400429,5.47361065994203,16.4551180867469,7.20171119923326,11.9790642761545,7.60486388275995,5.40606774461767,9.45438392707645,-0.0317029455268454,3.13040946252709,0.936545509404159,1
"5290","PmetTSAr1.1-005310",31.8772406377135,29.5396488332741,32.2482486642569,29.4952436615656,30.8761291981125,26.8573259800072,29.3352513273827,29.8633983325319,-0.074696561695228,4.91026759545363,0.792108444857873,1
"5291","PmetTSAr1.1-005311",17.5347303931005,16.5398235159118,22.1292967373493,19.8576595567094,18.0596227385186,19.3372747056052,21.7499934841595,20.1542555571211,0.060882378962869,4.28409511756972,0.832553334317236,1
"5292","PmetTSAr1.1-005312",36.1035602709224,35.0132594932162,45.4407140269075,39.6623653546008,41.0710775182439,41.5016363564744,44.0866919948666,42.0635165138791,0.111305362066101,5.34623013170652,0.708464405182286,1
"5293","PmetTSAr1.1-005313",19.8726944455139,17.8487304128545,23.5951262220883,21.2344572859745,22.9750442500106,21.1183394811215,21.833808487952,19.7296574765637,0.0536010821942451,4.3982042859424,0.850675276892859,1
"5294","PmetTSAr1.1-005314",15.8711790481141,17.3132685004688,19.2449225899598,17.3688328922684,19.8801492242564,15.6620616767621,17.6849658002221,15.3421439774714,-0.0257919195185488,4.11733509043477,0.929616497842135,1
"5295","PmetTSAr1.1-005315",13.5332149957007,16.837302356126,9.03140101887547,17.8189398422205,12.4888116921611,17.1886886272046,18.0621333172885,18.5407828510032,0.21046207093579,3.95519808365505,0.503464096035347,1
"5296","PmetTSAr1.1-005316",58.2242970745261,52.9214856741135,85.2545342253009,46.3080620862462,51.8121837840968,41.0493024452321,63.3431891161985,46.8756280935288,-0.256684285010948,5.8015776315514,0.462701827553719,1
"5297","PmetTSAr1.1-005317",17.6696129345859,13.7435224178979,23.9261199767067,12.8148096339298,18.1688543276629,17.3865847133731,18.0202258153922,14.2381889680223,-0.00527290526972067,4.09165340349409,0.985493121133676,1
"5298","PmetTSAr1.1-005318",28.0555686289608,29.8966234415312,42.698194345783,22.3200093417413,29.9658659552436,24.9349068572278,27.8475350100654,29.9483179486434,-0.125103323233551,4.88321537186365,0.683428288464945,1
"5299","PmetTSAr1.1-005319",20.0974986813229,23.2033495367108,17.9682323935742,24.411682815048,24.2858233197418,23.2103838206168,31.0953664070257,27.315809849188,0.305154478927196,4.58608568344198,0.289540568104113,1
"5300","PmetTSAr1.1-005320",3.01237675984035,4.22419953104222,2.41152592650602,2.51530354384985,2.36668443145909,4.35371389570644,4.14884268772984,4.38751349909237,0.326473690270135,1.8065720076281,0.292458290114815,1
"5301","PmetTSAr1.1-005321",6.47436199129866,5.65209796407058,6.33616615983933,5.13651460533548,7.10005329437728,4.66469345968547,6.70520030340176,5.66130774076434,0.0341375426175166,2.59088784853148,0.915421864644411,1
"5302","PmetTSAr1.1-005322",12.3192721223322,11.6314226523768,11.4429269453815,10.5642748841694,12.2339379841578,10.8560138698135,14.5209494070544,12.5964097232007,0.128587282840313,3.59497718375151,0.653129637357971,1
"5303","PmetTSAr1.1-005323",13.2184890655681,8.68638213425584,11.6320662337349,14.641714313147,12.0154748058692,18.178169058047,14.772394418432,12.1151985652357,0.245043707651003,3.7249672990425,0.425715009875475,1
"5304","PmetTSAr1.1-005324",18.9285166551162,20.8235188149969,21.8455878048192,25.9738187001758,19.2247596893908,29.3168916223869,22.9443572882029,23.0415225049109,0.109952983776187,4.51277011647751,0.707366030146266,1
"5305","PmetTSAr1.1-005325",43.4321783582952,55.0038375556132,30.8297040016063,42.9190215219011,35.1361611747388,48.9086041530658,72.0389957596727,58.8776005039492,0.32005305511561,5.59894853610659,0.355562229798624,1
"5306","PmetTSAr1.1-005326",69.2397046291662,64.7908913986617,57.6874829477909,51.0739003798564,70.2359118197629,53.8560063072777,60.535386489149,59.7834097424715,0.00961343565548613,5.92976664219497,0.978148168119591,1
"5307","PmetTSAr1.1-005327",63.5296770396181,64.3149252543189,55.559665953815,48.0025823684187,65.5389534865595,51.5943367510665,60.3887102325121,57.2924343365352,0.0211244724114507,5.86634758416794,0.950524147902465,1
"5308","PmetTSAr1.1-005328",8.85728689087386,10.8282297837984,15.7458457554216,12.1264107692972,10.7411062658528,11.7324108228453,12.677019323619,11.1810827880096,-0.0365796440116183,3.56031358958422,0.903181632050998,1
"5309","PmetTSAr1.1-005329",11.2851726376109,13.6840266498551,13.7598832277108,19.6723214008467,15.7293488367743,18.3760651442155,20.5346759291679,18.4275566961879,0.322020462369242,4.04484297786826,0.28261293839688,1
"5310","PmetTSAr1.1-005330",9.30689536249182,10.0845326832628,3.68821612289155,8.71089332554317,4.76977939263294,7.35042605768619,10.7492742363909,7.89752429836626,-0.0474931780226504,2.98044511842911,0.899394306375504,1
"5311","PmetTSAr1.1-005331",8.00303079479973,9.25159193066289,3.78278576706826,9.16100027549525,5.06106363035098,8.11373953290745,11.6502855271606,8.91655969170384,0.158799823301669,3.01230032382773,0.657790458527272,1
"5312","PmetTSAr1.1-005332",59.2583965592474,68.8068557415539,40.428522885542,65.0801695871888,62.9538058768119,69.9421310258294,91.1488166243677,77.8995945129174,0.370236638354858,6.0663631406481,0.336681665742667,1
"5313","PmetTSAr1.1-005333",30.663297764345,26.2376337068961,32.6265272409637,28.7538910381151,31.2766450249748,29.4299751001974,28.9161763084201,26.6364529202962,-0.0245920382850595,4.8765560006529,0.93184668185261,1
"5314","PmetTSAr1.1-005334",46.8492027425917,45.2762794806075,42.1780613028111,37.9678450724283,46.4598359160277,42.151866353885,51.6509960871417,51.0933023603982,0.151763606921215,5.50830434639484,0.617097176426453,1
"5315","PmetTSAr1.1-005335",37.7671116159088,26.654104083196,10.6863697919678,18.0042779980831,24.8319812654631,18.6305029692892,33.2116952527868,28.3065387038217,0.173391859254338,4.63381160551575,0.643973263691042,1
"5316","PmetTSAr1.1-005336",17.4448086987769,11.1257086240126,16.738827019277,30.5807957173324,14.0544644698955,13.8809969012458,9.53395668139938,17.0971493771083,-0.477213536652031,4.03272241512369,0.172924820570011,1
"5317","PmetTSAr1.1-005337",40.8694100700728,31.8599837869452,23.2641324674698,46.5198771215178,31.1674134358305,39.494404625337,34.1336602945046,33.6281679801402,-0.042435036736171,5.13681578484154,0.894944296312304,1
"5318","PmetTSAr1.1-005338",50.3561488212118,57.0564415530914,61.9431169357427,50.2266402387702,53.559889210405,45.9401628605387,59.1943464284687,53.0464535309619,-0.0523210757825696,5.75423808643232,0.871095983461126,1
"5319","PmetTSAr1.1-005339",10.2960340000513,10.6199945956484,12.1049144546184,16.2568039570927,12.197527454443,15.2379986349725,14.1856893918844,10.954630478379,0.0924987360190584,3.67791138545441,0.758248231316815,1
"5320","PmetTSAr1.1-005340",29.3594331966529,27.4572969517744,33.4303692164657,29.6805818174282,28.3638026477944,30.7587059644714,26.7160324588664,30.5144487227198,-0.0434446981424122,4.88723288310512,0.878961331591847,1
"5321","PmetTSAr1.1-005341",38.2167200875268,39.2672069082798,46.8119738674697,53.6156808031152,39.9059405673718,42.8020963512958,41.8236868924685,40.5632699625765,-0.107993976162173,5.42418813761281,0.721236033438848,1
"5322","PmetTSAr1.1-005342",55.2568811618476,58.3950963340555,46.8119738674697,33.8639287640417,51.8850048435263,44.4700776490015,48.8641472110403,49.2533773446498,0.00121731833702201,5.60462637251697,0.997818151779123,1
"5323","PmetTSAr1.1-005343",4.58600641050321,3.2127714743138,24.2571137313252,6.03672850523964,5.68004263550182,6.78500866863341,2.84971012894575,3.11371925742039,-1.04537712727356,2.82549889547629,0.0498766010744799,1
"5324","PmetTSAr1.1-005344",33.0012618167584,36.5601494623302,33.6667933269075,33.7315443669969,32.2597293272732,31.6351029175033,43.0180506965119,36.6852741601529,0.0684546079891733,5.13482630286175,0.816673078692187,1
"5325","PmetTSAr1.1-005345",33.2260660525674,29.9561192095741,32.2009638421686,28.9127523145688,34.2987189912995,34.5752733405777,38.8273005068858,32.8355848964332,0.1775580833448,5.05166429775606,0.537342671055606,1
"5326","PmetTSAr1.1-005346",31.0679453888012,22.9058706964966,26.3849307253011,24.3057752974122,31.7863924409814,29.2603498834816,27.449413742051,28.2782321651179,0.158312673590393,4.79384619895592,0.582114144426318,1
"5327","PmetTSAr1.1-005347",94.5976224284193,54.4981235272489,80.1477734397587,98.5469451600963,58.0019738356051,53.7146519600145,22.1900222540702,70.7097336821466,-0.679986065298052,6.05744161600891,0.119246601122763,1
"5328","PmetTSAr1.1-005348",35.1144216333629,22.9951143485608,39.3409719775099,29.9453506115177,29.7109922472403,35.0841489907252,29.3562050783308,30.797514109758,-0.0272121012064834,4.98179121232789,0.927697264213659,1
"5329","PmetTSAr1.1-005349",13.9828234673186,10.0547847992413,23.1222780012047,22.3200093417413,15.4380645990562,17.1886886272046,10.2254304626877,11.2376958654172,-0.361496868809495,3.95413947581997,0.291467525717472,1
"5330","PmetTSAr1.1-005350",13.2634499127299,14.6954547065835,9.83524299437747,19.3545988479394,11.7241905681512,16.4253751519834,18.4812083362511,18.6540090058185,0.190693589169034,3.94273797165985,0.544705099183338,1
"5331","PmetTSAr1.1-005351",16.320787519732,17.3727642685117,22.0347270931726,16.8922490629074,19.5524544568236,18.1216273191417,23.0910335448398,18.9653809315605,0.135652821546369,4.25594478652362,0.637453938785729,1
"5332","PmetTSAr1.1-005352",18.7037124193072,17.7892346448116,20.1433342096385,18.1366623951279,20.1350229322597,19.0262951416262,19.4869883817614,18.9653809315605,0.0541001680810334,4.25615975062102,0.847002133814797,1
"5333","PmetTSAr1.1-005353",3.01237675984035,3.42100666246377,2.50609557068272,3.20370240848244,2.47591602060336,5.82379910724368,4.25361144247049,4.07614157335033,0.452195373216413,1.87512585028204,0.139791182735705,1
"5334","PmetTSAr1.1-005354",12.9487239825973,12.3751197529124,16.6442573751003,16.5480496305911,12.8165064595939,17.4431264522784,11.713146780005,14.4363347389491,-0.0529831748217515,3.85057869369713,0.859245256598601,1
"5335","PmetTSAr1.1-005355",23.5145230656194,22.1324257119395,28.8910262959838,41.0921168426839,27.380718345496,47.4950606804339,36.7947866649172,24.2303971304714,0.232735247832235,4.97778800938214,0.486934430773712,1
"5336","PmetTSAr1.1-005356",54.8522335373914,50.9283774446781,73.3860438811242,52.768420662029,55.8901631121493,53.0644219626038,53.6625561781622,54.942991624118,-0.0920730429630452,5.81360216874122,0.779925180168045,1
"5337","PmetTSAr1.1-005357",29.4043940438147,24.7799873898463,36.0783192534135,27.6418621029394,41.5444144045358,25.5003242462806,24.3901661036239,30.0332375647548,0.042922647388095,4.90571538691171,0.890302957150305,1
"5338","PmetTSAr1.1-005358",31.6973972490663,33.6746047122521,22.6967146024096,20.2018589890256,26.1427603351943,22.6166955621114,28.2875637799762,24.4851559788058,-0.0924978406657969,4.71620419049357,0.75883994075612,1
"5339","PmetTSAr1.1-005359",24.3687791616936,29.2719178770813,15.5094216449799,20.996165371294,26.9437919889189,29.8257672725344,35.6632841137181,27.8253275458567,0.415317001370148,4.72093268988145,0.174199521025869,1
"5340","PmetTSAr1.1-005360",28.0555686289608,25.1072141140819,23.5951262220883,31.8781628083707,26.1427603351943,26.0374707658807,30.0686326105673,26.042015607516,-0.0048059681513039,4.76449385804093,0.987961217222002,1
"5341","PmetTSAr1.1-005361",11.1053292489637,13.8922618380051,4.77576703092368,13.4237778603355,7.82826388867238,18.2347107969523,18.1040408191848,17.4368278415542,0.510392031966855,3.72030181941519,0.179555016014018,1
"5342","PmetTSAr1.1-005362",17.5347303931005,11.5421790003125,24.1625440871485,29.4158130233388,23.3391495471581,27.0552220661757,13.0541868406853,14.3231085841338,-0.0885525454229562,4.3299041950477,0.807846009688246,1
"5343","PmetTSAr1.1-005363",12.9936848297591,4.10520799495653,39.7665353763051,61.2410220728916,30.6940765495387,47.5516024193391,1.80202258153922,13.9551235809841,-0.329686055382087,4.73172510213878,0.656263889983562,1
"5344","PmetTSAr1.1-005364",106.422325231972,26.7730956192817,23.0749931791164,27.4830008264857,39.6874773890832,20.7508181782372,13.7247068710255,29.8633983325319,-0.820765838032333,5.17012412094701,0.0915980838985754,1
"5345","PmetTSAr1.1-005366",28.460216253417,37.6310732871015,48.5142274626504,33.3608680552717,35.0269295855946,36.9500263745994,67.764430566254,48.8570858027963,0.350596414040635,5.39710058885545,0.298605280933696,1
"5346","PmetTSAr1.1-005367",16.5006309083792,20.6747793948897,16.7861118413654,14.2445611220128,15.6565277773448,17.3583138439205,16.4486944942824,17.0122297609969,-0.0370131364495457,4.07867536515328,0.898667391995677,1
"5347","PmetTSAr1.1-005368",10.2510731528895,11.3041959281412,8.46398315381523,8.07544821972847,9.10263242868882,9.32938691937094,8.90534415295546,9.85067546892996,-0.0349415647034604,3.24358936815052,0.906044031128304,1
"5348","PmetTSAr1.1-005370",10.8805250131547,9.07310462653435,8.36941350963852,9.24043091372208,10.3405904389905,10.1209712640448,7.83670285460081,8.35042891762741,-0.0363306869892023,3.22266927348388,0.903900655427781,1
"5349","PmetTSAr1.1-005371",30.5733760700214,29.9263713255526,17.5899538168674,28.7274141587062,24.0673601414532,27.9598898886602,27.9942112667024,30.9956598806848,0.0551790811009123,4.77061597764887,0.855415644045214,1
"5350","PmetTSAr1.1-005372",64.1591288998832,75.2918944582244,43.4547514991966,49.9618714446807,60.2958372076347,50.7179397980347,55.9465150315084,61.4818020647008,-0.027845406279595,5.85116179244686,0.936370228968962,1
"5351","PmetTSAr1.1-005373",19.423085973896,15.4094039230977,18.4410806144578,11.5439194223004,17.6591069116563,11.7606816922979,10.916904243976,13.2191535746847,-0.274871544662164,3.89194635021501,0.374272751202204,1
"5352","PmetTSAr1.1-005374",20.4122246114555,20.6152836268469,42.8873336341364,29.4158130233388,23.8853074928795,22.333986867585,26.3388649418,23.5793467402835,-0.236612480832413,4.71360435185292,0.459363489850604,1
"5353","PmetTSAr1.1-005375",12.3192721223322,10.7389861317341,11.8212055220883,12.6294714780671,12.5252222218758,11.3931603894136,9.68063293803629,10.8130977848599,-0.0979587230491932,3.52962858254135,0.73077385274609,1
"5354","PmetTSAr1.1-005376",9.26193451533002,12.0478930286768,9.07868584096382,14.1916073631949,8.88416925040029,14.107163856867,11.7969617837975,11.0961631718981,0.0398683305662399,3.50814379850179,0.895976772267253,1
"5355","PmetTSAr1.1-005377",15.3766097293343,18.5031838613258,10.7809394361445,14.9594368660544,13.9088223510365,16.3971042825307,15.3800531959278,17.7481997672962,0.088390975237417,3.94941656733654,0.765748947596787,1
"5356","PmetTSAr1.1-005378",107.861072341149,71.8411399117392,67.7118652305218,105.563318203467,81.8508707987698,70.2248397203558,17.7478270530665,44.9790900003727,-0.716844487757296,6.150177780034,0.128762786905541,1
"5357","PmetTSAr1.1-005379",6.33947944981327,6.06856834037052,6.5725902702811,6.88398864632591,6.44466375951168,6.61538345191757,7.39667408469007,6.62373005669428,0.0668430045717053,2.74014957944775,0.81770100237141,1
"5358","PmetTSAr1.1-005380",51.4352091530949,54.5873671793132,47.1429676220882,54.727709738291,50.428583654936,63.4398310517224,60.3258489796677,55.25436354986,0.142267354266398,5.77435839939266,0.658270507451895,1
"5359","PmetTSAr1.1-005381",42.7128048037064,46.0794723491859,40.8068014622488,44.7459262011184,41.2531301668177,52.9796093542459,49.9537422603431,42.6862603653631,0.100089156042986,5.49880767989272,0.741704191846841,1
"5360","PmetTSAr1.1-005382",57.3250801312902,48.5187988389427,124.690075846987,77.4448722711665,68.3425642745956,83.7383153187173,73.9038795940563,67.3978686537995,-0.0698274879474764,6.23313512445791,0.866659113691682,1
"5361","PmetTSAr1.1-005384",24.0990140787228,24.9584746939748,32.1536790200802,32.9637148641375,24.6135180871746,33.4444385624722,26.4436336965407,22.0791001889809,-0.0992931243783282,4.78951380345286,0.740202884836995,1
"5362","PmetTSAr1.1-005385",22.3455410394127,21.745703219661,31.8226852654617,30.6072725967413,22.8658126608663,28.6949324944288,22.797681031566,18.1444913091497,-0.203465573426217,4.64019784662284,0.501720408667395,1
"5363","PmetTSAr1.1-005386",50.5809530570208,41.8552728181437,53.006285561044,33.8639287640417,54.3245103344149,39.4378628864317,39.8540343033442,45.884899238895,0.00185575674998373,5.48878867185627,0.996375807591974,1
"5364","PmetTSAr1.1-005387",17.5347303931005,16.5993192839546,17.4480993506023,16.7598646658627,16.7488436687874,25.1328029433962,22.315744759759,12.2001181813472,0.161375942325187,4.18245686225374,0.604213526946998,1
"5365","PmetTSAr1.1-005388",13.1285673712445,15.7663785313548,10.5445153257028,11.0673355929393,14.127285529325,10.9408264781714,11.9017305385381,13.0776208811656,-0.0143269106943991,3.65889062196918,0.96470709909091,1
"5366","PmetTSAr1.1-005389",18.1192214062039,13.5947829977908,12.1521992767068,18.8515381391694,16.7124331390727,20.7790890476898,6.95664531477933,18.0878782317421,-0.00552532408476995,3.97414826314521,0.990754172577198,1
"5367","PmetTSAr1.1-005390",13.4432933013771,14.2194885622407,14.4691555590361,11.3056275076199,13.9088223510365,15.1814568960673,17.2658907812595,13.3889928069077,0.162163170010417,3.82892161422634,0.573943274770701,1
"5368","PmetTSAr1.1-005391",48.4677932404163,42.9856924109578,60.2881481626504,54.4099871853836,44.5664883708604,54.4214236963305,57.7694913639958,51.5179004409555,0.0150565819976005,5.69668960387627,0.96361083482713,1
"5369","PmetTSAr1.1-005392",5.39530165941555,4.46218260321361,5.53232418433733,3.4684712025719,5.38875839778378,4.24063041789588,5.4270214955658,4.72719196353823,0.0748828565264024,2.28899957515521,0.811608103227322,1
"5370","PmetTSAr1.1-005393",49.636775266623,61.4591283882622,35.747325498795,44.6929724423005,46.8967622726048,51.3398989259928,81.8453512033977,61.1138170615511,0.332554618719131,5.75926557311406,0.338794202334534,1
"5371","PmetTSAr1.1-005394",18.1192214062039,20.6152836268469,13.7125984056224,17.1305409775879,17.258591084794,15.1531860266146,18.8583758533175,19.842883631379,0.0308855595568711,4.14171209826455,0.916619714026691,1
"5372","PmetTSAr1.1-005395",7.77822655899075,12.1073887967196,6.24159651566263,10.9879049547125,5.24311627892476,11.0256390865293,11.5245630214718,9.02978584651913,-0.0125588059453848,3.21975005689997,0.974718139942068,1
"5373","PmetTSAr1.1-005396",25.5377611879003,27.219313879603,23.9261199767067,30.6867032349682,21.6278546505646,29.1189955362184,30.8020138937518,29.6086394841975,0.0499086729750152,4.77521390762287,0.864261058162436,1
"5374","PmetTSAr1.1-005397",32.1020448735225,30.2238501657669,26.243076259036,34.684712025719,32.2597293272732,36.3280672466414,29.1047600669533,37.1098722407103,0.128766731393301,5.01441206545091,0.657037274138696,1
"5375","PmetTSAr1.1-005398",22.1656976507655,24.7502395058248,25.5338039277107,20.5460584213419,24.9048023248926,21.1183394811215,20.5975371820123,20.1825620958249,-0.099458530698325,4.49393222278527,0.725709597705069,1
"5376","PmetTSAr1.1-005399",29.6741591267855,26.2673815909175,47.8049551313251,24.6234978503196,34.3351295210142,32.4549581316298,20.8070746914936,23.7208794338026,-0.205170660329208,4.90731484246109,0.532564290359608,1
"5377","PmetTSAr1.1-005400",15.6913356594669,15.0524293148406,58.2549008128512,19.2486913303036,13.5811275836037,15.5207073294989,13.2637243501666,14.8609328195064,-0.918173028304292,4.37281867538729,0.0258335216924171,1
"5378","PmetTSAr1.1-005401",30.4834543756978,30.6105726580454,30.4987102469878,23.4055613975081,32.2961398569879,32.9355629123247,44.4429057609848,32.1279214288376,0.302940312043365,5.00743332041675,0.306512296012303,1
"5379","PmetTSAr1.1-005402",25.8974479651946,15.4391518071191,30.4041406028111,17.4482635304953,23.8488969631647,22.7580499093746,15.7991282148904,14.9741589743217,-0.203930855917004,4.38323230985044,0.531096133797118,1
"5380","PmetTSAr1.1-005403",17.5347303931005,17.2240248484046,18.5356502586345,24.7029284885464,16.8216647282169,22.1078199119639,25.3121311453416,23.0698290436147,0.162593293002091,4.37382443580073,0.582823597996737,1
"5381","PmetTSAr1.1-005404",26.2121738953272,23.4115847248608,26.6213548357429,14.6152374337381,23.3027390174434,13.400392120551,16.6372782528156,16.9556166835892,-0.369701256708759,4.33576299567063,0.243091211653462,1
"5382","PmetTSAr1.1-005405",30.3935326813742,20.4962920907612,30.8297040016063,18.1896161539458,26.6525077512009,19.7896086168474,14.8562094222245,19.0786070863758,-0.313385473147136,4.4970709267676,0.323863387091081,1
"5383","PmetTSAr1.1-005406",6.60924453278405,6.06856834037052,4.63391256465862,6.98989616396169,6.80876905665924,7.63313475221258,11.5036092705236,6.85018236632486,0.432222876093267,2.85001621875039,0.162621080253493,1
"5384","PmetTSAr1.1-005407",26.3470564368126,33.4663695241021,42.4617702353412,25.4442811119969,40.8526143399554,22.1643616508691,18.8164683514212,24.3153167465829,-0.267283588664083,4.87197697429714,0.426215868409515,1
"5385","PmetTSAr1.1-005408",21.5812066376622,22.4596524361752,19.5286315224899,24.0145296239138,26.6525077512009,23.4648216456905,17.5592432945334,21.8243413406465,0.0300891741840738,4.47226854303318,0.916768985132509,1
"5386","PmetTSAr1.1-005409",23.0199537468397,18.2652007891544,17.0698207738955,17.5012172893132,19.8073281648269,17.2452303661099,14.4790419051582,18.4558632348918,-0.116332710691066,4.19273335298894,0.689428163804376,1
"5387","PmetTSAr1.1-005410",4.99065403495938,2.79630109801387,5.0594759634538,3.68028623784347,5.89850581379035,4.3254430262538,1.17341005309531,2.6042015607516,-0.241752096295176,1.94848330196847,0.561196289325351,1
"5388","PmetTSAr1.1-005411",75.893910009112,68.1524022930826,86.4366547775097,53.2979582502079,66.4128061997136,53.4319432654881,70.3836494347704,69.4642459791785,-0.127736888064279,6.08722968834762,0.736688426834587,1
"5389","PmetTSAr1.1-005412",13.1735282184063,13.7732703019194,14.989288602008,16.9716797011343,14.0908749996103,21.5141316534584,17.2449370303114,15.0307720517293,0.204350472953146,3.9923293701102,0.487516370741184,1
"5390","PmetTSAr1.1-005413",7.1038138515638,5.86033315222055,11.0173635465863,13.9533154485144,6.40825322979693,8.90532387758135,3.9183514273004,7.67107198873568,-0.497486544163445,3.02883398779759,0.16902820842514,1
"5391","PmetTSAr1.1-005414",20.1424595284847,18.0867134850259,17.8736627493975,16.4421421129553,16.7488436687874,17.4431264522784,28.266610029028,20.4656274828631,0.194157524140914,4.28538758894614,0.516876500358422,1
"5392","PmetTSAr1.1-005415",7.86814825331434,9.72755807500568,8.60583762008029,10.5113211253515,9.02981136925931,10.0927003945922,13.5151693615442,11.9453593330128,0.279558135459811,3.3550867344283,0.340320304352948,1
"5393","PmetTSAr1.1-005416",19.9626161398375,14.7549504746264,18.3465109702811,11.3321043870288,19.2247596893908,11.8737651701085,11.4407480176793,12.6247162619045,-0.222747386809606,3.9062443229256,0.481313116699309,1
"5394","PmetTSAr1.1-005417",24.5036617031789,20.5557878588041,36.1728888975902,17.8189398422205,27.7084131129288,17.5279390606363,18.9212371061618,18.8238482380414,-0.254628870776805,4.51102656173069,0.427838478557103,1
"5395","PmetTSAr1.1-005418",20.8618330830734,21.2697370753182,19.5286315224899,18.0042779980831,22.8658126608663,17.9520021024259,17.2449370303114,19.6730443991561,-0.0357360497457044,4.30256229454667,0.901350543552283,1
"5396","PmetTSAr1.1-005419",26.1222522010036,20.7045272789112,38.4898451799195,29.9453506115177,29.4925290689518,24.4825729459855,20.1156009102053,23.4095075080606,-0.241293970313125,4.73590996296768,0.433804703092732,1
"5397","PmetTSAr1.1-005420",31.9222014848753,36.3221663901588,29.6475834493975,49.2205188212302,29.9658659552436,45.1768493853174,40.8807680998026,39.7140738014619,0.0817346751954641,5.2451345565272,0.795371906120334,1
"5398","PmetTSAr1.1-005421",49.5468535722994,50.0061930400139,40.8540862843372,40.0859954251439,41.9813407611128,39.8336550587686,47.9002746674263,49.1118446511307,-0.0132662868633911,5.4911158656182,0.965643790729158,1
"5399","PmetTSAr1.1-005422",45.1856513976052,50.3929155322924,36.0310344313252,44.5341111658468,44.8941831382933,51.4247115343507,58.6495489038173,53.3861319954078,0.242173378112637,5.58888797510552,0.440472074096113,1
"5400","PmetTSAr1.1-005423",6.20459690832788,6.36604718058476,6.66715991445781,7.75772566682112,7.35492700238057,8.00065605509689,8.71676039442229,7.58615237262422,0.22920608013548,2.88722007137428,0.418074677576174,1
"5401","PmetTSAr1.1-005424",39.2058587250863,36.1436790860303,224.83932903012,49.3793800976839,51.0839731898016,60.2452228035741,48.5707946977665,55.9054139400479,-0.695507178362134,6.1436723579047,0.203774411939466,1
"5402","PmetTSAr1.1-005425",6.83404876859303,6.60403025275615,10.0243822827309,16.6539571482269,7.86467441838714,22.8428625177325,24.0339523375057,13.6154451165382,0.768052642895637,3.76997195010153,0.0573834325254257,1
"5403","PmetTSAr1.1-005426",5.44026250657734,5.47361065994203,6.47802062610439,14.4298992778755,6.55389534865595,19.195920358342,20.7442134386492,11.9170527943089,0.8741083215234,3.50657578585244,0.0357173259155081,1
"5404","PmetTSAr1.1-005427",6.06971436684249,6.96100486101324,7.32914742369475,15.1712519013259,6.9180006458035,17.2452303661099,18.94219085711,12.6247162619045,0.647470375541939,3.52237887880545,0.0923671106054758,1
"5405","PmetTSAr1.1-005428",5.12553657644477,5.50335854396346,6.95086884698793,12.2587951663419,6.5903058783707,14.7008521153724,17.3077982831558,12.2567312587548,0.767427317357738,3.34612056216978,0.0402614776430435,1
"5406","PmetTSAr1.1-005429",10.3409948472131,5.23562758777064,7.89656528875499,15.9655582835943,11.2144431521446,7.68967649111786,6.01372652211345,7.72768506614333,-0.275783099228206,3.18104164868741,0.449812771435875,1
"5407","PmetTSAr1.1-005430",5.17049742360657,4.78940932744928,7.23457777951804,7.73124878741217,7.20928488352154,8.84878213867607,5.67846650694337,5.68961427946816,0.136491919710234,2.72371801035227,0.659204886908487,1
"5408","PmetTSAr1.1-005431",31.7873189433899,37.0658634906944,28.2290387867469,40.1124723045529,36.6289928930438,37.7133398498207,32.0801927015878,35.4397864571848,0.0475436087565301,5.12711532490994,0.872116031136406,1
"5409","PmetTSAr1.1-005432",33.4958311355382,38.3747703876371,29.0801655843372,44.5870649246647,36.7382244821881,41.5016363564744,33.1278802489943,36.5720480053377,0.0229102407360365,5.19969893085727,0.939317819137644,1
"5410","PmetTSAr1.1-005433",6.65420537994584,7.16924004916321,4.11377952168673,7.67829502859428,6.62671640808546,6.55884171301229,6.09754152590598,7.24647390817836,0.046132079727046,2.7191794258002,0.875009548264041,1
"5411","PmetTSAr1.1-005434",89.2472816161655,93.289364291186,66.5770295004014,53.8539727177958,87.3488607856979,67.8218158168814,85.8894251363869,73.4554679364173,0.0540082818137221,6.27138389847998,0.890454025094664,1
"5412","PmetTSAr1.1-005437",47.883302227313,50.154932460121,38.7735541124497,42.9454984013101,31.4951082032633,53.1492345709617,64.4118304145532,40.6764961173918,0.0782028880102898,5.53152856502106,0.814654185109604,1
"5413","PmetTSAr1.1-005438",55.7064896334655,31.2650261065167,53.1954248493974,45.5137557039778,49.4819098823524,45.0072241686016,20.2413234158941,34.137685676809,-0.318879724197795,5.38769692886155,0.36759036825017,1
"5414","PmetTSAr1.1-005439",37.0027772141583,37.0063677226516,42.2726309469878,33.8904056434506,35.8279612393192,41.529907225927,46.3496970972647,38.6950384081243,0.113419174423213,5.29036337350828,0.703927673421015,1
"5415","PmetTSAr1.1-005440",49.861579502432,110.781120095783,7.66014117831322,76.9947653212144,14.7462645344759,114.864542586073,112.186382576291,180.256038465937,0.782658825647527,6.38388392916976,0.258128989395334,1
"5416","PmetTSAr1.1-005441",28.4152554062552,28.2307419363315,25.8175128602409,31.1632870643292,28.2909815883648,30.4477264004924,25.0606861339641,26.6647594590001,-0.0411824939056473,4.81112592525197,0.886301156711973,1
"5417","PmetTSAr1.1-005442",10.2960340000513,6.63377813677757,24.3516833755019,27.0593707559426,19.8437386945416,23.2103838206168,17.3706595360002,13.021007803758,0.103713646447881,4.15261436212797,0.801765239145503,1
"5418","PmetTSAr1.1-005443",11.3301334847726,10.3225157554342,8.41669833172688,11.6498269399362,7.71903229952812,11.280076911603,7.18713657520876,7.41631314040129,-0.313204519978937,3.24418156109086,0.298307951511018,1
"5419","PmetTSAr1.1-005444",12.139428733685,10.4712551755413,9.12597066305217,10.9349511958946,8.22877971553469,10.658117783645,7.35476658279381,8.57688122725798,-0.293883768381051,3.2845795683292,0.313103621471957,1
"5420","PmetTSAr1.1-005445",3.37206353713472,4.0754601109351,4.49205809839356,3.83914751429714,3.78669509033455,4.01446346227477,3.2268776460121,3.70815657020064,-0.0998067969868445,1.95363884592888,0.718086434012315,1
"5421","PmetTSAr1.1-005446",43.6120217469423,46.644682145593,55.7488052421685,40.2448567015976,45.1490568462965,45.4030163409386,46.8944946219161,46.2811907807485,-0.0193924505730359,5.53312593034173,0.949723358161135,1
"5422","PmetTSAr1.1-005447",10.6557207773457,10.2927678714127,11.6320662337349,9.29338467253998,12.4524011624463,8.90532387758135,8.59103788873351,10.3601931655987,-0.0551662637959294,3.36857321933353,0.851727392681641,1
"5423","PmetTSAr1.1-005448",11.1502900961255,12.2263803328053,10.3553760373494,14.3769455190576,12.8529169893086,10.4319508280239,13.0960943425816,14.0966562745032,0.0677933430873126,3.63101905898962,0.814734258205856,1
"5424","PmetTSAr1.1-005449",28.685020489226,6.4255429486276,150.271164596787,31.0573795466934,38.9228562650734,22.6732373010166,6.8728303109868,7.61445891132804,-1.50829408395649,5.19260170328378,0.0348305486876804,1
"5425","PmetTSAr1.1-005450",20.8168722359117,22.3109130160681,28.7964566518071,15.3301131777796,18.8242438625285,14.2202473346775,12.9913255878409,16.2196466772898,-0.486586025592569,4.22776470282848,0.111568763300534,1
"5426","PmetTSAr1.1-005451",33.4508702883764,40.9033405294581,30.5459950690762,31.8252090495529,26.6525077512009,41.1058441841374,45.8887145764058,38.7233449468281,0.156467676049151,5.17814222852159,0.613603710271801,1
"5427","PmetTSAr1.1-005452",6.29451860265147,7.22873581720606,5.8633179389558,5.79843659055913,4.00515826862308,7.26561344932828,7.48048908848259,7.44461967910511,0.0587294075318729,2.69804661818006,0.856690610717405,1
"5428","PmetTSAr1.1-005453",6.60924453278405,8.21041598991305,10.0716671048192,12.205841407524,7.60980071038385,9.72517909170788,12.3208055575007,8.40704199503505,0.0369840015845423,3.24240809518516,0.909137728423066,1
"5429","PmetTSAr1.1-005454",6.65420537994584,8.06167656980593,11.5374965895582,13.0266246692013,6.44466375951168,8.22682301071801,9.17774291528116,7.41631314040129,-0.328895278524239,3.15074576582806,0.296250196262538,1
"5430","PmetTSAr1.1-005455",26.2121738953272,28.40922924046,45.913562247791,21.2609341653835,25.6330129191877,18.9414825332683,22.9862647900992,23.9190252047294,-0.412085033040087,4.73916841235707,0.197158295516492,1
"5431","PmetTSAr1.1-005456",22.9300320525161,25.464188722339,23.5005565779116,27.6153852235305,22.1376020665712,36.0170876826623,35.0556253362223,29.0708152488249,0.297277792138477,4.7967019024208,0.318434948684943,1
"5432","PmetTSAr1.1-005457",6.56428368562225,6.57428236873473,5.62689382851404,6.40740481696488,6.5903058783707,9.92307517787636,8.71676039442229,7.52953929521658,0.380109859462629,2.86987571453106,0.190926676130572,1
"5433","PmetTSAr1.1-005458",16.5905526027028,16.4505798638475,15.9822698658634,16.5215727511822,14.1636960590398,22.6732373010166,23.4891548128543,18.2011043865574,0.261402014240031,4.17609740468247,0.377394731498206,1
"5434","PmetTSAr1.1-005459",10.6107599301839,10.9174734358626,14.185446626506,12.5235639604314,10.704695736138,12.2978282118981,13.0751405916334,9.28454469485352,-0.087580291732138,3.5559022155404,0.763649563868048,1
"5435","PmetTSAr1.1-005460",56.2909806465689,18.7709148175186,9.64610370602406,23.0613619651918,24.5771075574598,25.1328029433962,10.7492742363909,22.8433767339841,-0.371501982344147,4.58082542720263,0.412812756518461,1
"5436","PmetTSAr1.1-005461",26.8416257555923,36.7386367664588,23.6424110441766,23.3261307592812,29.8202238363846,25.38724076847,30.2991238709967,30.1464637195701,0.0647469611235846,4.82474879730519,0.82822827430133,1
"5437","PmetTSAr1.1-005462",52.2445044020072,45.1275400605004,64.3546428622488,51.3651460533549,58.1112054247494,52.8947967458879,45.6582233159764,54.3485543113377,-0.0140329070766543,5.72980827143808,0.965732435809428,1
"5438","PmetTSAr1.1-005463",21.9858542621184,23.6793156810536,25.297379817269,20.996165371294,27.672002583214,21.6837568701743,28.5390087913537,28.108392932895,0.205331449982279,4.63272695578602,0.472370466536091,1
"5439","PmetTSAr1.1-005464",37.7671116159088,42.2717431944436,16.3132636204819,32.9637148641375,29.3468869500927,36.752130288431,67.1567717887583,51.3197546700288,0.51311370949685,5.2970063680273,0.17044793165449,1
"5440","PmetTSAr1.1-005465",4.09143709172346,3.2127714743138,5.01219114136544,4.18334694661344,4.11438985776735,5.45627780435937,5.92991151832093,4.78380504094587,0.304063425253368,2.22107406396162,0.297904415955538,1
"5441","PmetTSAr1.1-005466",75.4443015374941,72.4063497081463,84.8289708265057,98.5469451600963,76.8262176981336,127.869142534287,112.207336327239,93.9494019579843,0.31080694700847,6.53649947514364,0.432946834753309,1
"5442","PmetTSAr1.1-005467",38.2616809346886,41.9147685861866,33.193945106024,31.9046396877797,34.6992348181618,31.4089359618822,31.6401639316771,34.3924445251434,-0.136828524342488,5.11838037453419,0.639847761822838,1
"5443","PmetTSAr1.1-005468",27.4261167686957,27.9630109801387,24.5408226638553,21.8963792711982,27.0530235780632,25.3589698990174,28.2875637799762,28.9292825553058,0.106745705218391,4.72758722136451,0.707533193800947,1
"5444","PmetTSAr1.1-005469",5.79994928387171,5.02739239962067,5.10676078554215,5.45423715824283,4.66054780348867,6.61538345191757,4.90317772186254,4.04783503464651,-0.0797437888077646,2.39572633166822,0.787729190833114,1
"5445","PmetTSAr1.1-005470",9.39681705681541,7.70470196154884,7.84928046666664,14.1386536043771,8.66570607211175,11.3083477810557,8.54913038683724,11.6906004846784,0.0387420052864215,3.31898325453654,0.901909873726516,1
"5446","PmetTSAr1.1-005471",13.3084107598917,13.3567999256194,14.3745859148594,22.9025006887381,15.5108856584857,23.0690294733536,18.3135783286661,21.0883713343472,0.285151301990591,4.15469292784096,0.358623097899931,1
"5447","PmetTSAr1.1-005472",13.8479409258332,13.4162956936623,14.9420037799196,21.8699023917892,13.544717053889,19.4503581834158,16.7210932566081,20.4090144054555,0.129345607076173,4.07410017004014,0.672876576210968,1
"5448","PmetTSAr1.1-005473",15.2417271878489,14.308732214305,14.0435921602409,21.5786567182908,15.2560119504825,21.6554860007216,15.8829432186829,18.2011043865574,0.122374406367287,4.09491231911353,0.68374293163252,1
"5449","PmetTSAr1.1-005474",12.6339980524647,13.3567999256194,13.1924653626506,19.5134601243931,14.5278013561874,17.1038760188467,14.6466719127432,18.4275566961879,0.13916236118001,3.95351304185286,0.63802890294494,1
"5450","PmetTSAr1.1-005475",2.96741591267855,3.36151089442092,3.12079825783131,3.28313304670928,3.13130555546895,3.76002563720101,4.63077895953684,3.70815657020064,0.260054992250587,1.8332466047072,0.336086677975063,1
"5451","PmetTSAr1.1-005476",10.7006816245075,10.9472213198841,11.2537876570281,14.0592229661502,10.7411062658528,17.0473342799414,17.182075777467,13.813590887465,0.323887680400777,3.7321260126651,0.279465681594825,1
"5452","PmetTSAr1.1-005478",12.9936848297591,15.6176391112477,13.9963073381526,16.3891883541374,12.7436854001643,18.6587738387419,12.1741293008638,13.8418974261688,-0.0400906891420898,3.86942823314225,0.894233584480996,1
"5453","PmetTSAr1.1-005479",6.42940114413686,7.22873581720606,4.01920987751002,4.55402325833868,6.66312693780021,4.9756730236645,5.6994202578915,6.36897120835989,0.0904264998547283,2.53730941563212,0.771943763533246,1
"5454","PmetTSAr1.1-005480",43.6569825941041,51.9398055014065,32.9102361734938,35.3731108903516,43.8382777765653,40.4273433172741,50.6452160416314,47.9229700255702,0.157783088268781,5.43979621926115,0.611525869109494,1
"5455","PmetTSAr1.1-005481",44.0616302185603,52.4455195297707,30.3568557807228,34.8170964227637,43.4013514199883,36.2149837688308,49.6394359961212,47.951276564274,0.132126454826827,5.40691433187021,0.677500305155752,1
"5456","PmetTSAr1.1-005482",31.1578670831248,31.4435134106453,23.2168476453814,22.2670555829234,27.5991815237845,19.9592338335633,21.51950222373,24.5134625175096,-0.207999169830738,4.65915362103329,0.482466442122549,1
"5457","PmetTSAr1.1-005483",19.5130076682196,16.5398235159118,16.1241243321285,16.1773733188659,16.6396120796432,14.6160395070145,13.7037531200773,15.398757054879,-0.17954286184977,4.01309471765752,0.525704212299477,1
"5458","PmetTSAr1.1-005484",33.6756745241854,33.6448568282307,29.6948682714858,23.3790845180991,31.9684450895551,25.4155116379226,31.7030251845215,29.6369460229013,-0.0198390243208855,4.90442171217564,0.946605970478767,1
"5459","PmetTSAr1.1-005485",9.17201282100643,11.0662128559698,8.84226173052206,7.46647999332272,10.8867483847118,7.09598823261244,8.3815003792522,7.75599160484715,-0.100220247270096,3.15243615710831,0.739612079759383,1
"5460","PmetTSAr1.1-005486",45.9050249521939,38.9697280680656,55.8433748863452,39.1593046458308,42.5274987068342,44.9224115602437,41.3207968697133,39.7706868788695,-0.0934735142722939,5.44651266612828,0.759003163014807,1
"5461","PmetTSAr1.1-005487",22.3455410394127,16.7778065880832,23.1222780012047,24.8088360061822,13.5083065241742,15.8882286323832,16.1972494829049,17.4934409189618,-0.46386666311056,4.23450125456214,0.108059605087693,1
"5462","PmetTSAr1.1-005488",5.48522335373914,3.36151089442092,5.43775454016062,5.93082098760386,4.76977939263294,5.17356910983297,4.86127021996628,5.23670966020702,-0.010549081615883,2.34814647925903,0.975036784550135,1
"5463","PmetTSAr1.1-005489",5.57514504806273,4.13495587897795,5.39046971807227,5.34832964060705,5.46157945721329,4.29717215680116,4.21170394057423,5.40654889242995,-0.0775988305687093,2.33203419318898,0.793790630439815,1
"5464","PmetTSAr1.1-005490",4.22631963320885,2.3500828376925,4.39748845421685,5.13651460533548,3.75028456061979,4.21235954844324,4.69364021238123,3.96291541853504,0.0480170872549612,2.0542938967139,0.888899402251439,1
"5465","PmetTSAr1.1-005491",3.77671116159088,2.5880659098639,4.53934292048191,4.42163886129395,3.49541085261651,4.60815172078019,4.10693518583358,3.82138272501593,0.0692202395587526,1.99304710212582,0.822380983494647,1
"5466","PmetTSAr1.1-005492",4.90073234063579,3.27226724235665,4.11377952168673,4.42163886129395,4.44208462520014,5.6259030210752,4.79840896712189,4.21767426686944,0.194634768537552,2.18149819022238,0.501720573134936,1
"5467","PmetTSAr1.1-005493",3.01237675984035,4.13495587897795,3.87735541124497,3.99800879075082,3.85951614976406,4.69296432913811,6.20231028064663,4.41582003779619,0.351945252919678,2.11930243629134,0.220453839413612,1
"5468","PmetTSAr1.1-005495",4.67592810482681,7.4072231213346,3.30993754618473,2.91245673498404,5.13388468978049,2.48783651183225,3.14306264221958,3.2552519509395,-0.390589425267291,2.03488060054777,0.270803863349575,1
"5469","PmetTSAr1.1-005496",17.220004462968,13.2973041575766,29.2220200506023,19.3545988479394,21.3729809425613,22.8711333871851,17.3287520341039,16.7008578352548,-0.0141176197263578,4.30193642271957,0.964885792191509,1
"5470","PmetTSAr1.1-005497",53.7731732055083,48.7567819111141,63.314376776305,48.2408742830992,48.498825580054,54.9020284770253,56.030330035301,50.2157996605797,-0.0298932240142419,5.72860678704239,0.925529431838641,1
"5471","PmetTSAr1.1-005498",15.9611007424377,13.6840266498551,17.2116752401606,16.3362345953196,17.0401279065055,14.6160395070145,15.086700682654,15.0024655130255,-0.0332552058057126,3.97047772284706,0.907562630017331,1
"5472","PmetTSAr1.1-005499",44.8259646203108,35.7272087097303,47.7576703092368,47.3406603831951,40.1972248050898,42.8020963512958,45.2391482970138,54.2070216178186,0.0549692108130439,5.4861836871831,0.858824117992905,1
"5473","PmetTSAr1.1-005500",21.4912849433386,13.8625139539836,10.308091215261,26.5563100471726,9.50314825555113,19.0545660110788,11.8388692856937,18.7106220832262,-0.289663848467876,4.04275572706467,0.426644797084552,1
"5474","PmetTSAr1.1-005501",24.5935833975025,20.3773005546755,19.1503529457831,20.042997712572,22.9750442500106,25.5568659851858,19.2355433703838,23.4095075080606,0.11544723668334,4.45799631645155,0.686405610737986,1
"5475","PmetTSAr1.1-005502",31.2927496246102,42.2419953104222,16.1714091542168,37.7825069165657,33.4612768078601,62.2241836652589,51.7557648418823,47.3285327127899,0.610642697650556,5.33487721036577,0.0885150828493007,1
"5476","PmetTSAr1.1-005503",38.3066417818504,27.427549067753,17.7790931052208,33.0696223817733,25.596602389473,28.1577859748286,41.9913169000535,34.449057602551,0.159412730762782,4.95029449756173,0.627384498387537,1
"5477","PmetTSAr1.1-005504",63.8893638169124,67.0814784683113,60.0044392301203,43.1837903159906,56.1086262904379,47.5516024193391,43.1437732022007,47.6115980998281,-0.268314513841259,5.74485482427248,0.415163699072709,1
"5478","PmetTSAr1.1-005505",15.5564531179815,14.6954547065835,17.9682323935742,14.9064831072365,16.4575594310694,15.8882286323832,14.2485506447287,14.5495608937644,-0.0456570065642826,3.96268527771923,0.872219605471268,1
"5479","PmetTSAr1.1-005506",46.8941635897535,49.6789663157782,37.6387183823292,37.0941080519331,50.3193520657918,48.2583741556551,66.0043154866111,51.9424985215129,0.33805847292236,5.60129128135312,0.288125162392372,1
"5480","PmetTSAr1.1-005507",40.8694100700728,42.5692220346579,40.6649469959838,31.4280558584187,41.2895406965325,31.0979563979031,33.2536027546831,35.241640686258,-0.142675452204712,5.21365324606343,0.633381975737835,1
"5481","PmetTSAr1.1-005508",26.6168215197834,27.2490617636245,26.6213548357429,26.2385874942653,27.7812341723583,31.3806650924295,36.4804804006952,28.7028302456752,0.22072958754415,4.85548268050721,0.439412048193763,1
"5482","PmetTSAr1.1-005509",55.0770377732004,41.2008193696724,58.633179389558,68.9987477397128,57.7106895978871,57.276781511047,52.0700711061043,48.0361961803855,-0.0580113705235282,5.77966923062763,0.861728582926344,1
"5483","PmetTSAr1.1-005510",12.7239197467883,11.4231874642269,13.6180287614457,16.8922490629074,12.1611169247283,14.7008521153724,8.63294539062977,12.2001181813472,-0.197856413064309,3.68406252553733,0.515060933853207,1
"5484","PmetTSAr1.1-005511",11.9595853450378,11.1257086240126,11.3956421232931,13.2913934632908,10.0493062012725,12.693620384235,8.27673162451155,10.5017258591179,-0.203232283249126,3.48812690696442,0.484022735723197,1
"5485","PmetTSAr1.1-005512",74.9047713715525,65.1181181228973,65.1112000156624,60.6055769670769,68.3061537448809,64.6554784381859,65.1242579467896,74.9557144877199,0.0391698222261055,6.07483562063861,0.915658955459069,1
"5486","PmetTSAr1.1-005513",13.3084107598917,13.7732703019194,33.9032174373493,20.042997712572,16.5667910202136,18.2347107969523,16.3858332414381,14.3797216615414,-0.304335078952807,4.19972469162711,0.372135056436305,1
"5487","PmetTSAr1.1-005514",34.7547348560685,30.164354397724,17.1643904180722,27.5889083441215,27.4171288752107,38.9289872362842,38.2405954803382,31.6467102708727,0.312774201979154,4.94521619999116,0.324734631632268,1
"5488","PmetTSAr1.1-005515",41.1841360002053,35.7867044777732,32.4846727746987,34.4199432316295,35.0633401153093,42.6042002651273,50.582354788787,39.4027018757198,0.220990184564344,5.2856647704654,0.464426070651054,1
"5489","PmetTSAr1.1-005516",7.73326571182895,8.09142445382735,5.72146347269074,7.09580368159747,7.71903229952812,9.83826256951844,8.96820540579986,8.29381584021976,0.280808665624862,2.99999759302048,0.332184375150435,1
"5490","PmetTSAr1.1-005517",22.9749928996779,16.272092559719,31.8226852654617,26.0002955795848,25.7786550380467,27.0834929356284,19.7384333931389,19.4748986282293,-0.0758288694622877,4.56667975090128,0.807528257985733,1
"5491","PmetTSAr1.1-005518",4.27128048037064,3.2127714743138,3.83007058915661,4.02448567015976,4.22362144691161,4.07100520118004,4.73554771427749,4.33090042168472,0.181660001452863,2.05320485884676,0.510935465825802,1
"5492","PmetTSAr1.1-005519",11.6448594149052,9.37058346674859,7.18729295742969,9.79644538130995,10.8867483847118,10.4036799585712,11.2102567572498,12.1151985652357,0.231164184002091,3.37736629689404,0.428651645457256,1
"5493","PmetTSAr1.1-005520",30.2136892927271,29.4801530652313,18.3465109702811,22.7436394122844,28.1453394695058,19.5351707917737,24.1806285941426,24.5134625175096,-0.0649937779817858,4.62676692350667,0.831193782863731,1
"5494","PmetTSAr1.1-005521",18.5688298778218,16.8075544721046,17.0698207738955,20.2283358684346,16.967306847076,16.0861247185517,13.5989843653367,17.4368278415542,-0.182071795992793,4.10052089566687,0.524722306868288,1
"5495","PmetTSAr1.1-005522",100.802219336747,100.904822600671,45.251574738554,50.7297009475402,62.8445742876676,57.6443028139313,65.836685479026,63.0952747708186,-0.255206989201768,6.09693493356235,0.535514954625077,1
"5496","PmetTSAr1.1-005523",21.9408934149566,19.8715865263113,23.8788351546184,22.1876249446966,19.7709176351121,22.2491742592271,23.9710910846613,20.012722863602,-0.0304540817179065,4.44601787588462,0.913868801745203,1
"5497","PmetTSAr1.1-005524",20.951754777397,24.9287268099534,17.5899538168674,27.827200258802,20.1714334619744,26.6311590243861,34.8670415776892,25.560804449551,0.231613685792768,4.63744694300219,0.450593875450413,1
"5498","PmetTSAr1.1-005525",5.35034081225375,5.44386277592061,3.59364647871485,4.47459262011184,4.55131621434441,4.89086041530658,4.52601020479619,4.64227234742676,-0.0213402666552761,2.24700172548234,0.951343642146451,1
"5499","PmetTSAr1.1-005526",10.1611514585659,9.0136088584915,7.18729295742969,8.02249446091058,8.9569903098298,8.82051126922343,8.27673162451155,9.56761008189174,0.0507485763738344,3.13948480403679,0.862058777387446,1
"5500","PmetTSAr1.1-005527",14.2975493974512,14.3979758663693,23.6424110441766,18.6132462244889,17.0037173767907,19.2524620972473,25.6683449114599,18.6540090058185,0.184810756750886,4.2483437152779,0.547674727845062,1
"5501","PmetTSAr1.1-005528",33.5407919827,32.544185119438,31.8699700875501,36.3792323078915,30.6940765495387,35.9040042048518,36.773832913969,31.4768710386497,0.00554352010443362,5.0751771885816,0.98569295127723,1
"5502","PmetTSAr1.1-005529",16.6355134498646,11.1852043920555,63.6453705309235,26.5563100471726,21.0452861751285,17.9237312329733,12.4884355650858,11.2376958654172,-0.912091274836036,4.49964808867251,0.0451815571799134,1
"5503","PmetTSAr1.1-005530",19.8726944455139,17.1645290803617,17.4953841726907,14.1121767249681,17.9139806196596,13.5417464678142,15.568636954461,19.0219940089682,-0.0550986715196303,4.07835942401522,0.851062330147996,1
"5504","PmetTSAr1.1-005531",26.9315474499159,29.5693967172956,20.9471761851405,24.7558822473643,23.5940232551614,26.3484503298597,40.8179068469582,31.5334841160574,0.259084165464602,4.81417388689889,0.397523104752563,1
"5505","PmetTSAr1.1-005532",7.91310910047614,12.137136680741,4.53934292048191,10.5377980047604,5.71645316521658,12.1564738646349,10.1625692098433,10.1337408559682,0.11736577753674,3.20747947203496,0.741888117104041,1
"5506","PmetTSAr1.1-005533",18.7936341136308,15.0226814308192,9.12597066305217,7.38704935509588,10.3405904389905,10.9125556087187,13.640891867233,14.3231085841338,-0.0306235375740581,3.64414576560413,0.928522960066281,1
"5507","PmetTSAr1.1-005534",15.1967663406871,11.6611705363982,5.57960900642568,5.21594524356232,7.35492700238057,6.10650780177007,8.13005536787463,14.3514151228376,-0.0659104702475621,3.21062026721948,0.869662908600488,1
"5508","PmetTSAr1.1-005535",14.0727451616422,10.8877255518412,13.6180287614457,13.6091160161981,12.7072748704496,15.0401025488041,14.5838106598988,12.4831835683854,0.0718344100248834,3.74811626430715,0.804654221414974,1
"5509","PmetTSAr1.1-005536",35.3841867163336,32.1574626271594,35.5109013883533,31.8516859289618,34.8812874667356,42.1235954844324,42.70374443229,34.3075249090319,0.191547209836656,5.17705988140976,0.51424217789603,1
"5510","PmetTSAr1.1-005537",17.1750436158062,25.0477183460391,17.4953841726907,14.7740987101918,16.6032015499284,17.0473342799414,29.7962338482416,22.5320048082421,0.207355513444867,4.3311647049651,0.515478493859191,1
"5511","PmetTSAr1.1-005538",7.86814825331434,11.5421790003125,15.3202823566264,11.702780698754,11.2872642115741,12.9480582093088,15.9877119734236,12.7945554941274,0.192303574937059,3.64349883850171,0.534033438367704,1
"5512","PmetTSAr1.1-005539",74.7249279829053,74.4887015896459,59.43702136506,98.7058064365499,73.949785850668,91.7107005043616,97.7911556749251,90.8922957779715,0.205114157712947,6.37126036827919,0.59805585004023,1
"5513","PmetTSAr1.1-005540",17.1300827686444,22.935618580518,23.0749931791164,30.4748881996966,23.4119706065876,27.2813890217968,28.0151650176505,32.5808260480988,0.248716559280527,4.68274320822472,0.409522280169373,1
"5514","PmetTSAr1.1-005541",9.93634722275697,13.0295732013838,15.2729975345381,18.6132462244889,14.0180539401808,14.6160395070145,15.6943594601497,18.2860240026688,0.138234953622473,3.90696392706778,0.648596929007357,1
"5515","PmetTSAr1.1-005542",34.7097740089067,41.8255249341223,19.4340618783132,29.7070586968372,33.9346136941519,36.0736294215676,43.4790332173708,35.8077714603345,0.248041290927949,5.10608185809373,0.437896379139109,1
"5516","PmetTSAr1.1-005543",34.0353613014797,36.262670622116,19.3394922341365,31.5074864966455,29.2740658906632,44.2439106933804,53.3482499139403,41.129400736653,0.471480647564924,5.17861232835557,0.151685462219736,1
"5517","PmetTSAr1.1-005544",18.7936341136308,14.7846983586478,17.9682323935742,36.644001101981,21.1181072345581,20.8921725255004,18.2716708267698,15.9082747515478,-0.212363471243406,4.36549599907971,0.52716607987073,1
"5518","PmetTSAr1.1-005545",12.0944678865232,7.13949216514178,12.2940537429718,22.5583012564218,11.8334221572955,12.1282029951822,11.0216729987166,9.5109970044841,-0.282967240868695,3.63061493719117,0.417890338313028,1
"5519","PmetTSAr1.1-005546",11.8696636507142,9.48957500283429,11.111933190763,24.3852059356391,12.4159906327315,13.7396425539827,10.9797654968204,10.7281781687484,-0.250552413973342,3.7177012150694,0.46548580513213,1
"5520","PmetTSAr1.1-005548",16.095983283923,13.8327660699622,17.4953841726907,18.2425699127637,18.2416753870924,18.8566699249103,15.5895907054091,14.4080282002453,0.0308568263493508,4.05792488513366,0.91627899163089,1
"5521","PmetTSAr1.1-005549",14.4324319389366,17.2240248484046,15.4148520008032,9.26690779313103,14.9647277127644,10.7712012614555,12.6560655726708,12.7945554941274,-0.137862076469976,3.75448187061587,0.65296580369127,1
"5522","PmetTSAr1.1-005550",28.5051771005788,30.6700684260882,29.7894379156625,23.935098985687,31.7135713815518,26.9421385883652,29.7962338482416,30.5710618001275,0.0763715854494241,4.86049682152287,0.790375635666726,1
"5523","PmetTSAr1.1-005551",5.08057572928297,6.5445344847133,3.45179201244979,4.31573134365817,4.29644250634112,4.74950606804339,4.73554771427749,5.91606658909874,0.0197733529712578,2.30798892656919,0.950086493016678,1
"5524","PmetTSAr1.1-005552",18.2990647948511,10.2035242193485,27.9453298542168,41.4627931544091,22.6473494825778,26.9138677189125,10.0578004551026,15.1156916678408,-0.390531734769819,4.43546331101905,0.352423429803203,1
"5525","PmetTSAr1.1-005553",15.6463748123051,11.0959607399912,23.0749931791164,19.5928907626199,17.0401279065055,13.9092677706985,9.28251167002181,11.2376958654172,-0.431813355265184,3.9221039506805,0.188841480600211,1
"5526","PmetTSAr1.1-005554",47.0290461312389,49.7979578518639,34.4706353024095,23.5908995533707,50.0644783577885,32.2287911760087,38.5968092464564,38.1855207114555,0.0385099927136629,5.29655863861522,0.908909140115666,1
"5527","PmetTSAr1.1-005555",34.9345782447157,36.7683846504802,30.4514254248995,27.6948158617573,36.2648875958962,35.5082120325148,39.5606817900704,37.8741487857135,0.200620063593612,5.12705186733213,0.493291196202794,1
"5528","PmetTSAr1.1-005556",39.6105063495425,41.1413236016295,35.0853379895581,33.228483658227,38.4859299084963,33.8119598653565,40.3778780770475,42.8844061362899,0.0615917464719349,5.25324683412903,0.836340290492384,1
"5529","PmetTSAr1.1-005557",19.3331642795724,25.0477183460391,18.1573716819276,19.036876295032,20.8632335265548,22.4470703453955,26.7160324588664,22.5886178856497,0.182910017253336,4.44897861942179,0.524633386514045,1
"5530","PmetTSAr1.1-005558",15.4215705764961,17.253772732426,14.2800162706827,13.6355928956071,15.2560119504825,18.573961230384,22.4205135144996,18.4558632348918,0.302660653793645,4.08577749348079,0.296860593039661,1
"5531","PmetTSAr1.1-005559",9.84642552843337,10.1440284513056,13.2870350068273,11.4115350252556,11.6513695087217,10.3471382196659,10.8540429911316,10.2186604720796,-0.0528422482155495,3.46322690737693,0.854463172965712,1
"5532","PmetTSAr1.1-005560",34.3051263844505,24.7799873898463,22.7912842465863,21.5786567182908,30.5120239009649,25.1893446823015,24.5577961112089,28.2782321651179,0.0694763758140857,4.73099353230623,0.815983253808242,1
"5533","PmetTSAr1.1-005561",17.7595346289095,10.1142805672842,13.0033260742971,12.4176564427956,16.7852541985022,12.1847447340875,4.65173271048497,14.3514151228376,-0.152491681419775,3.6675373764565,0.685206167520579,1
"5534","PmetTSAr1.1-005562",11.1502900961255,9.9952890311985,13.0978957184738,13.5561622573802,12.0154748058692,10.3471382196659,5.95086526926906,10.7281781687484,-0.293704079205327,3.4474855391078,0.349907727401374,1
"5535","PmetTSAr1.1-005563",45.0957297032816,53.4866954705205,13.0506108963855,30.5013650791056,34.0074347535814,40.6817811423478,88.8229502691252,59.5286508941371,0.649897174588537,5.5150229879877,0.135124031445439,1
"5536","PmetTSAr1.1-005564",42.0833529434413,48.5782946069856,35.3217620999999,47.4200910214219,41.6172354639653,52.4424628346457,64.1603854031756,54.0371823855957,0.291546675267102,5.59331974165366,0.362882501360722,1
"5537","PmetTSAr1.1-005565",36.7779729783493,36.827880418523,38.9626934008031,44.3752498893932,40.0879932159456,38.0525902832524,38.1567804765456,39.9122195723886,-0.00697572085496723,5.29302138193618,0.982029071897344,1
"5538","PmetTSAr1.1-005566",8.94720858519745,8.32940752599875,9.03140101887547,10.0876910548083,9.83084302298392,8.48126083579176,8.36054662830407,8.63349430466562,-0.044936077244722,3.17363104243413,0.877402100449119,1
"5539","PmetTSAr1.1-005567",25.1780744106059,13.6542787658337,34.4706353024095,17.2099716158148,21.8827283585679,12.7218912536876,5.84609651452841,11.9170527943089,-0.78975726995955,4.16133235992295,0.0508908742815374,1
"5540","PmetTSAr1.1-005568",5.53018420090094,5.0571402836421,5.53232418433733,10.5113211253515,4.29644250634112,8.93359474703399,8.59103788873351,9.17131854003824,0.217029663645525,2.86333730590929,0.536158343094334,1
"5541","PmetTSAr1.1-005569",13.3084107598917,15.1416729669049,12.4359082092369,15.4624975748243,10.8503378549971,16.9907925410362,17.5801970454815,13.8702039648726,0.0734838394208826,3.8603024865492,0.805563756766905,1
"5542","PmetTSAr1.1-005570",29.8540025154327,24.8097352738677,74.0007465682728,30.0512581291535,33.7525610455781,38.3070281083261,27.1141537268809,24.8248344432516,-0.355399169777376,5.14497661789361,0.344706985566203,1
"5543","PmetTSAr1.1-005571",10.0712297642424,10.5307509435841,16.1241243321285,14.0592229661502,13.1442012270267,17.471397321731,17.7687808040147,12.5681031844968,0.264219416138289,3.81072933712744,0.387832290241714,1
"5544","PmetTSAr1.1-005572",42.9376090395154,49.0245128673069,28.2290387867469,36.7763854990257,34.1894874021552,31.6351029175033,44.2124145005554,44.1015873005542,-0.0263552290005843,5.28370823877816,0.934458513860601,1
"5545","PmetTSAr1.1-005573",55.7064896334655,55.836778308213,46.0081318919677,73.288002203962,56.2906789390116,65.3905210439545,45.9096683273539,52.0274181376243,-0.0722567500000781,5.81688718876916,0.831295900628344,1
"5546","PmetTSAr1.1-005574",12.2293504280086,11.6909184204197,13.9490225160642,15.3565900571886,12.3795801030168,14.4464142902986,14.3533193994694,14.1532693519109,0.0560532575248039,3.76909919248891,0.846034624385375,1
"5547","PmetTSAr1.1-005576",16.5905526027028,17.9082261808973,6.24159651566263,11.9940263722524,14.5278013561874,15.8882286323832,15.8410357167867,14.8892393582102,0.212368572533812,3.83831036426739,0.530792144108975,1
"5548","PmetTSAr1.1-005577",13.3084107598917,13.8625139539836,11.7739207,12.1528876487061,9.90366408241343,15.6055199378568,15.6734057092016,15.3704505161752,0.147101774367699,3.75733327411215,0.620953836603442,1
"5549","PmetTSAr1.1-005578",23.6943664542666,8.77562578632011,18.2519413261043,15.4360206954154,16.0206330744923,8.87705300812871,4.73554771427749,10.2186604720796,-0.731931078711056,3.73216232570113,0.0635530553524853,1
"5550","PmetTSAr1.1-005579",15.1967663406871,16.2125967916761,26.6686396578312,9.90235289894573,18.5329596248104,13.2590377732878,13.7037531200773,14.6910935872835,-0.174265581855934,4.00618757554758,0.603147036157478,1
"5551","PmetTSAr1.1-005580",76.4334401750536,85.1681919533372,57.7820525919677,67.0129817840418,85.0185868839536,78.4233918616211,111.830168810172,91.6565723229747,0.35745305240687,6.35288262554582,0.355680804777132,1
"5552","PmetTSAr1.1-005581",52.3793869434926,50.1251845760996,69.6978277582327,40.059518545735,62.6989321688086,41.7843450510007,40.6083693374769,42.3748884396211,-0.179079845658291,5.64432420993819,0.594639971685662,1
"5553","PmetTSAr1.1-005582",3.77671116159088,4.75966144342786,2.50609557068272,4.68640765538341,2.29386337202958,6.50229997410702,5.84609651452841,4.44412657650001,0.276878014474563,2.14654026246226,0.428964761750882,1
"5554","PmetTSAr1.1-005584",36.4632470482167,24.0065424052892,72.6767715497989,37.8884144342014,37.2115613684799,23.6909886013117,15.9248507205792,18.257717463965,-0.847025183033232,5.05746536099035,0.0297744514615055,1
"5555","PmetTSAr1.1-005585",41.9035095547941,34.7752764210448,29.6948682714858,53.5362501648884,70.4907855277662,44.4983485184541,36.5223879025915,30.2596898743854,0.184078811589675,5.41859346267201,0.601094471604501,1
"5556","PmetTSAr1.1-005586",39.8802714325133,47.8643453904714,50.4056203461845,36.3262785490736,44.5300778411457,36.8934846356942,41.6141493829872,46.5076430903791,-0.0412259745381306,5.42832016406846,0.892461970337896,1
"5557","PmetTSAr1.1-005587",22.4804235808981,18.8304105855615,26.7632093020079,16.124419560048,20.7540019374105,21.5989442618163,20.5137221782198,17.5783605350733,-0.0644460866757182,4.36701156088735,0.826325614536699,1
"5558","PmetTSAr1.1-005588",24.7734267861497,28.0820025162243,20.5216127863453,28.0654921734825,24.7227496763188,19.7047960084895,24.0549060884538,26.4949202267771,-0.0957564573094338,4.62155032498592,0.74252722402686,1
"5559","PmetTSAr1.1-005589",16.2308658254084,14.9929335467977,19.9541949212851,20.1224283507988,19.0062965111023,17.5562099300889,12.0903142970713,17.2103755319236,-0.115170549538208,4.10454338867224,0.701488965586362,1
"5560","PmetTSAr1.1-005590",27.3361950743721,30.2238501657669,24.5408226638553,27.1652782735784,26.2519919243386,23.2386546900694,24.8301948735346,28.4480713973408,-0.088810799778435,4.73151263004264,0.754703746095331,1
"5561","PmetTSAr1.1-005591",41.4539010831761,30.9972951503239,130.978957184738,55.4161086029236,25.3781392111844,27.7619938024917,35.328024098548,41.92198382036,-0.988610532912827,5.60558153983104,0.0223353385181844,1
"5562","PmetTSAr1.1-005592",36.5981295897021,43.699641627472,36.409313008032,30.8455645114219,38.9592667947881,33.7271472569986,39.8749880542923,38.0722945566402,0.0298512453002843,5.22245551887311,0.92066314080692,1
"5563","PmetTSAr1.1-005593",106.826972856428,108.639272446241,86.2002306670679,94.760751404617,94.9950720257965,93.6896613660463,109.902423722944,123.558041442182,0.0906820532124529,6.67787254456948,0.816469335743536,1
"5564","PmetTSAr1.1-005594",53.4134864282139,37.9880478953586,21.8455878048192,76.703519647716,73.5856805535204,55.1281954326464,16.1134344791124,47.2153065579746,0.0150928199290509,5.57926912807818,0.973563045110294,1
"5565","PmetTSAr1.1-005596",149.494816812972,165.368487275097,103.411905907229,99.9237428893614,139.597970926372,114.610104760999,144.895187806322,139.636155425953,0.0560764406996958,7.04635939002478,0.89169377490732,1
"5566","PmetTSAr1.1-005597",28.909824725035,26.7433477352603,23.3114172895581,27.5359545853036,24.5771075574598,30.9283311811873,31.0115514032331,29.3538806358631,0.121748483212933,4.80021112694211,0.671612900989321,1
"5567","PmetTSAr1.1-005598",15.6014139651433,18.1164613690473,10.6863697919678,16.0185120424122,13.0349696378824,18.2912525358576,22.6719585258772,15.9648878289554,0.211163451228701,4.03299627118286,0.498003052227985,1
"5568","PmetTSAr1.1-005599",16.8603176856736,20.2285611345684,12.6250474975903,15.5419282130512,16.9308963173612,20.1854007891844,19.591757136502,19.5598182443408,0.224291144404534,4.15041091071842,0.443417109861734,1
"5569","PmetTSAr1.1-005600",55.7064896334655,64.4339167904046,54.2829757574295,51.2327616563101,49.7367835903557,43.9894728683066,60.9754152590598,54.0937954630033,-0.11195185774628,5.76470058521108,0.730502292072734,1
"5570","PmetTSAr1.1-005601",8.76736519655026,8.03192868578451,12.1994840987951,7.67829502859428,9.72161143383966,9.24457431101302,9.72254043993255,9.99220816244907,0.0794136139579583,3.24443297128254,0.793076968604381,1
"5571","PmetTSAr1.1-005602",16.9052785328354,26.5053646630889,13.1451805405622,14.7476218307828,14.4185697670431,14.8987482015409,17.8316420568591,16.2479532159937,-0.170157740474149,4.07921991808317,0.58819390061712,1
"5572","PmetTSAr1.1-005603",43.2073741224862,43.6103979754077,40.7595166401605,39.5035040781471,40.9254353993849,43.1696176541801,45.7210845688208,43.818521913516,0.05561863516856,5.41454073128539,0.851182692249965,1
"5573","PmetTSAr1.1-005604",6.24955775548968,4.28369529908507,20.0014797433734,8.31374013440898,9.83084302298392,8.62261518305496,5.72037400883963,5.77453389557963,-0.373447087684765,3.11100976775981,0.37952409274574,1
"5574","PmetTSAr1.1-005605",27.6958818516665,34.6562848849591,17.3535297064256,18.9839225362141,21.6278546505646,27.1400346745336,38.0939192237013,29.0142021714173,0.231743439201752,4.74905975337373,0.481365626930563,1
"5575","PmetTSAr1.1-005607",18.2091431005275,18.6221753974115,24.5881074859437,36.4057091873005,18.5693701545252,23.0124877344483,10.7073667344947,19.9561097861943,-0.438522211311295,4.41404057480497,0.199575368663463,1
"5576","PmetTSAr1.1-005608",11.5549377205816,11.8694057245482,4.3502036321285,21.6316104771087,10.704695736138,22.7580499093746,19.4660346308132,17.7481997672962,0.514241383769212,3.9157730536205,0.210497635816985,1
"5577","PmetTSAr1.1-005609",16.9502393799972,16.5695713999332,15.131143068273,11.1467662311662,14.6006224156169,12.5805369064244,13.7456606219736,14.4080282002453,-0.1111046013078,3.85283603810184,0.70191858902347,1
"5578","PmetTSAr1.1-005610",31.8772406377135,28.9149432688242,32.2482486642569,22.2141018241055,29.601760658096,22.8994042566378,26.2969574399038,27.9668602393759,-0.109852350212093,4.79740023348229,0.707603028207306,1
"5579","PmetTSAr1.1-005612",24.8633484804733,27.1300702275388,24.3989681975903,15.3301131777796,22.3560652448597,21.4293190451005,26.4226799455926,23.0981355823185,0.0255770628493922,4.53532397823433,0.934334240582986,1
"5580","PmetTSAr1.1-005613",85.830257231869,91.4747433658791,231.506488944577,65.9009528488661,93.575061366921,71.694924931893,79.2261323348814,86.0235711209142,-0.522116568238849,6.65382481193184,0.257569900986831,1
"5581","PmetTSAr1.1-005614",11.8247028035524,18.5924275133901,5.72146347269074,14.0062692073323,9.28468507726259,14.0506221179617,31.0953664070257,17.9746520769268,0.529085905110558,3.94521770764426,0.197854136148911,1
"5582","PmetTSAr1.1-005615",55.7514504806273,48.7567819111141,61.3284142485941,37.8619375547925,45.5495726731588,44.4700776490015,47.1878471351899,38.7233449468281,-0.210961472373479,5.57007171179303,0.508313933419891,1
"5583","PmetTSAr1.1-005616",28.7299813363878,25.7914154465747,62.3213955124496,23.5379457945528,35.4638559421716,30.7021642255662,29.2514363235902,28.900976016602,-0.174401870706725,5.05023283803884,0.620163621848105,1
"5584","PmetTSAr1.1-005617",10.2510731528895,7.88318926567739,7.66014117831322,23.4849920357349,5.97132687321986,8.70742779141287,7.79479535270455,13.1908470359809,-0.468243242811599,3.41797343943815,0.239222702593674,1
"5585","PmetTSAr1.1-005618",12.5890372053029,9.34083558272717,8.22755904337346,26.7681250824442,9.02981136925931,10.262325611308,8.71676039442229,17.8048128447039,-0.315239072327558,3.69068961852432,0.430657814483175,1
"5586","PmetTSAr1.1-005620",46.6693593539445,46.6744300296144,47.8522399534135,41.4892700338181,45.9136779703064,37.3458185469364,42.7456519341862,45.4603011583377,-0.0913583912981241,5.47012259894186,0.760885138597724,1
"5587","PmetTSAr1.1-005621",51.1204832229623,67.3194615404827,43.2183273887549,56.7399525733709,52.5768049081066,54.2517984796146,58.7333639076098,61.6233347582199,0.0566565841393963,5.80128957079046,0.864345735380389,1
"5588","PmetTSAr1.1-005622",9.486738751139,10.9472213198841,8.0857045771084,9.4787228284026,8.629295542397,10.3188673502133,11.0007192477685,10.5583389365255,0.091782779205244,3.30444723961575,0.750333537338052,1
"5589","PmetTSAr1.1-005623",11.7797419563906,11.571926884334,12.1994840987951,14.2975148808307,11.1052115630004,18.4326068831208,16.7210932566081,15.6252093645096,0.312154992021197,3.81102316293977,0.291779076179365,1
"5590","PmetTSAr1.1-005624",12.9037631354355,13.118816853448,12.2467689208835,15.9920351630033,11.1052115630004,20.5246512226161,16.5534632490231,16.4744055256242,0.252607469894159,3.90055123597714,0.403000517814075,1
"5591","PmetTSAr1.1-005625",70.9482168213144,88.7081901518867,49.4126390823291,42.3100532954954,58.2204370138937,65.8145840857441,91.5469378923822,71.9835279238186,0.1941035419676,6.07544120503098,0.63040023006048,1
"5592","PmetTSAr1.1-005626",26.4369781311362,28.2307419363315,35.1799076337348,32.6989460700481,30.0750975443879,32.5680416094404,32.7297589809798,31.9297756579109,0.0550633139076916,4.96779075246657,0.849235783064691,1
"5593","PmetTSAr1.1-005627",29.3144723494911,27.9332630961172,29.7894379156625,29.1775211086583,29.2376553609485,31.2110398757137,29.1257138179014,30.0615441034587,0.0419441583366934,4.884727224508,0.882700147168622,1
"5594","PmetTSAr1.1-005628",39.1159370307627,37.0063677226516,37.5914335602408,37.5177381224762,39.6146563296537,39.7771133198634,39.3930517824853,39.7423803401657,0.0680140697194695,5.27729735459607,0.815451498961045,1
"5595","PmetTSAr1.1-005629",12.7239197467883,22.9653664645394,19.7177708108433,9.39929219017576,5.42516892749854,4.38198476515908,27.8056275081692,30.2030767969778,0.0664452241883782,4.05725271802557,0.902226580418848,1
"5596","PmetTSAr1.1-005630",2.60772913538418,4.37293895114934,4.96490631927709,1.58861276453675,1.49283171830497,1.01775130029501,6.6632928015055,6.79356928891721,0.244397730650946,1.90916037506742,0.651794267995788,1
"5597","PmetTSAr1.1-005631",25.4478394935767,21.4779722634682,28.2290387867469,20.7843503360225,28.6550868855124,26.6594298938388,19.0888671137469,23.9190252047294,0.0356754509707778,4.60511702793621,0.904985038409812,1
"5598","PmetTSAr1.1-005632",33.0012618167584,33.2878822199736,30.5459950690762,38.8415820929235,33.024350451283,33.4161676930195,35.7680528684588,35.411479918481,0.0202456109183666,5.09704947421726,0.944685178102809,1
"5599","PmetTSAr1.1-005633",32.7764575809494,29.0041869208885,27.8507602100401,34.0757437993132,30.5484344306797,34.4621898627672,29.7124188444491,33.8829268284746,0.0558260277475654,4.98194603150773,0.846021673696053,1
"5600","PmetTSAr1.1-005634",51.4801700002567,48.5782946069856,46.8119738674697,53.4832964060705,49.5183204120672,59.5949928061634,50.0375572641356,59.6418770489524,0.12694514855892,5.71306520296657,0.689502721279378,1
"5601","PmetTSAr1.1-005635",59.3932791007328,56.6994669448343,60.5718570951805,66.456967316454,54.1788682155558,64.3444988742068,59.3200689341575,57.8585651106116,-0.044710249900206,5.90484869660956,0.894061193603839,1
"5602","PmetTSAr1.1-005636",40.6446058342638,35.072755261259,41.7052130819276,31.6663477730992,40.7433827508112,39.6640298420528,26.2969574399038,34.5905902960701,-0.0773833625606243,5.18396102149623,0.800280554685441,1
"5603","PmetTSAr1.1-005637",54.942155231715,13.7732703019194,19.7650556329317,22.5583012564218,25.742244508332,12.693620384235,11.0635805006129,22.1357132663886,-0.632167443418924,4.51554263732092,0.137920428439806,1
"5604","PmetTSAr1.1-005638",12.0944678865232,15.9151179514619,18.4410806144578,13.8738848102876,11.5421379195774,15.4641655905936,19.1726821175394,14.8043197420988,0.0170410746420309,3.92861188089201,0.958729433018693,1
"5605","PmetTSAr1.1-005639",36.6430904368639,44.0863641197505,32.9102361734938,44.6929724423005,31.094592376401,68.3589623364816,55.6531625182346,49.5081361929842,0.369790025854874,5.50593919488299,0.269734296773778,1
"5606","PmetTSAr1.1-005642",23.0649145940015,30.4618332379383,43.64389078755,16.7069109070448,17.549875322512,23.2386546900694,38.5549017445601,33.1186502834714,-0.0166691021669551,4.82536343571658,0.962764915428843,1
"5607","PmetTSAr1.1-005643",14.9270012577163,12.4048676369338,19.7650556329317,16.9187259423164,14.3821592373283,23.2669255595221,15.6314982073054,16.983923222293,0.135227007678983,4.07433234575518,0.66014733498933,1
"5608","PmetTSAr1.1-005644",17.4448086987769,16.7480587040618,21.8928726269075,21.9228561506071,18.0596227385186,26.5463464160282,23.3005710543211,19.1635267024873,0.158928328886223,4.37153654831351,0.589620802163768,1
"5609","PmetTSAr1.1-005645",57.6847669085846,35.4297298695161,26.5267851915662,41.9658538631791,41.6172354639653,36.4976924633572,36.6271566573321,43.5354565264778,-0.0300869116991093,5.3235648309555,0.927197937532278,1
"5610","PmetTSAr1.1-005646",15.3766097293343,16.9860417762332,22.4602904919678,16.3891883541374,18.2780859168071,23.2386546900694,26.4436336965407,21.8809544180542,0.336421265549173,4.33609514533319,0.253688920900674,1
"5611","PmetTSAr1.1-005647",18.4789081834982,19.0386457737114,13.0506108963855,13.2384397044729,15.1831908910529,13.089412556572,16.218203233853,16.5876316804395,-0.0629411519425875,3.97011467052042,0.832356123366844,1
"5612","PmetTSAr1.1-005648",22.8850712053543,25.2262056501676,24.0679744429718,24.2528215385944,22.9750442500106,28.2708694526392,31.2420426636626,28.1650060103026,0.198663993811554,4.6977838130213,0.48459912814275,1
"5613","PmetTSAr1.1-005649",21.4912849433386,20.8235188149969,19.2449225899598,17.5012172893132,19.9165597539711,18.5456903609313,21.3099647142487,20.324094789344,0.0191962158346474,4.3187208636572,0.947559138084662,1
"5614","PmetTSAr1.1-005650",59.5281616422182,30.4618332379383,102.371639821285,50.4914090328596,48.8993414069163,35.2537742074411,17.5382895435852,23.664266356395,-0.954069579878276,5.52536071233679,0.0234142842933172,1
"5615","PmetTSAr1.1-005651",22.5253844280599,37.0658634906944,16.8806814855421,32.0899778436423,18.6421912139547,38.1374028916103,42.1170394057423,30.004931026051,0.247160328537319,4.89534968535737,0.48347662879844,1
"5616","PmetTSAr1.1-005652",32.1020448735225,19.1873851938185,157.64759684257,51.8417298827159,52.5403943783919,31.7764572647665,8.75866789631855,19.7579640152676,-1.20868996143732,5.54598415674578,0.0427408152423448,1
"5617","PmetTSAr1.1-005653",17.7145737817477,15.4688996911405,13.8544528718875,16.8392953040895,13.981643410466,21.9099238257954,24.9559173792234,16.7291643739586,0.280973960406864,4.14984966574142,0.356364188185322,1
"5618","PmetTSAr1.1-005654",16.77039599135,14.2789843302836,16.0768395100401,15.5419282130512,14.2729276481841,23.973697295838,19.8851096497758,15.9365812902516,0.242046306657232,4.100738766553,0.418444410582764,1
"5619","PmetTSAr1.1-005655",11.914624497876,14.100497026155,11.2065028349397,14.3239917602397,12.9621485784529,9.951346047329,13.4313543577517,11.1244697106019,-0.120061733070917,3.63699937542704,0.680526466926083,1
"5620","PmetTSAr1.1-005656",31.0229845416394,26.862339271346,150.791297639758,54.0922646324763,34.4807716398732,44.7245154740752,16.70013950566,37.3363245503408,-0.979492406576473,5.63026164566659,0.0524393247886732,1
"5621","PmetTSAr1.1-005657",15.2417271878489,10.5010030595627,12.8141867859437,10.4054136077157,13.3626644053152,10.4036799585712,11.1473955044054,11.747213562086,-0.0681820767464937,3.58586713490865,0.815813412033644,1
"5622","PmetTSAr1.1-005658",8.00303079479973,9.07310462653435,9.40967959558229,6.85751176691696,8.01031653724616,5.71071562943312,5.80418901263215,6.36897120835989,-0.365218574906829,2.89876085257651,0.213182956315688,1
"5623","PmetTSAr1.1-005659",28.1904511704462,20.2880569026112,33.9032174373493,46.7846459156072,27.7084131129288,32.5680416094404,19.5498496346058,28.0517798554873,-0.260352489129477,4.89189229944712,0.432699009661366,1
"5624","PmetTSAr1.1-005660",26.5718606726216,21.2994849593397,31.1134129341364,24.0410065033228,26.6525077512009,29.6278711863659,25.5426224057711,24.0888644369523,0.0405637049876932,4.71010637534575,0.890400723328758,1
"5625","PmetTSAr1.1-005661",15.6014139651433,18.5031838613258,12.3413385650602,17.2099716158148,15.2924224801972,19.7330668779422,17.7897345549628,17.8331193834077,0.14936298710644,4.07519353382613,0.607994319788774,1
"5626","PmetTSAr1.1-005662",15.1518054935253,17.6404952247045,17.0225359518072,18.6661999833068,16.2755067824956,17.7541060162574,19.3822196270207,18.0029586156306,0.0602702068291095,4.13357971359763,0.83191963555758,1
"5627","PmetTSAr1.1-005663",14.0727451616422,12.6725985931267,11.6793510558232,13.8209310514697,10.41341149842,15.8034160240253,10.5606904778578,11.3509220202325,-0.118607425619439,3.65624940703788,0.687409583073583,1
"5628","PmetTSAr1.1-005664",20.3223029171319,24.6312479697392,21.8928726269075,25.0471279208627,20.82682299684,25.076261204491,27.2608299835178,25.8155632978854,0.106948117495066,4.5805172053111,0.706441879520387,1
"5629","PmetTSAr1.1-005665",12.1843895808468,12.8808337812766,18.3937957923694,19.3810757273483,9.43032719612162,25.1328029433962,19.0260058609025,12.9077816489427,0.0822046682399183,4.02101495749589,0.815948814101845,1
"5630","PmetTSAr1.1-005666",12.0045461921996,11.8991536085696,19.2922074120481,21.5521798388819,10.8139273252823,24.4260312070803,18.4183470834067,12.5964097232007,0.0335457589642472,4.03931152630807,0.925279067526704,1
"5631","PmetTSAr1.1-005667",9.93634722275697,11.363691696184,11.3010724791164,11.4909656634825,7.86467441838714,12.4957242980665,10.7073667344947,11.747213562086,-0.0419800070687761,3.44986857200832,0.887473569059557,1
"5632","PmetTSAr1.1-005669",20.8618330830734,19.3361246139257,21.278169939759,21.3933185624282,24.4678759683155,20.0440464419212,21.7080859822632,22.0224871115733,0.0905062293034542,4.42290529527732,0.746904080339837,1
"5633","PmetTSAr1.1-005670",13.4432933013771,11.9289014925911,12.577762675502,13.3443472221087,15.0375487721939,11.5627856061294,13.4104006068035,12.4831835683854,0.0330703879683248,3.70421792465378,0.908922719280337,1
"5634","PmetTSAr1.1-005672",79.7155820178647,49.381487475564,35.4163317441766,34.6052813874922,40.2700458645193,30.1367468365134,32.3944989658098,40.4217372690574,-0.475150876726547,5.42095667924895,0.171912831180103,1
"5635","PmetTSAr1.1-005673",32.9563009695966,23.4115847248608,26.101221792771,41.1980243603197,30.5120239009649,35.1972324685358,31.0115514032331,31.6750168095765,0.0537758794770778,4.98059818492137,0.859822406291943,1
"5636","PmetTSAr1.1-005674",35.4291475634954,24.6015000857177,27.6616209216866,43.7133279041695,34.4443611101585,35.0558781212726,32.436406467706,34.2792183703281,0.0514823108060649,5.06680492136376,0.866596018704554,1
"5637","PmetTSAr1.1-005675",48.6925974762253,58.2463569139484,35.3690469220882,31.7193015319171,43.5105830091325,21.9099238257954,29.3562050783308,33.4300222092134,-0.44120520683709,5.24159788957035,0.192082563231301,1
"5638","PmetTSAr1.1-005677",71.2179819042852,91.4152475978363,57.7347677698793,81.072204750192,81.7052286799108,91.3431792014773,92.3850879303074,91.5716527068632,0.243912511997213,6.36413630749145,0.525980347101354,1
"5639","PmetTSAr1.1-005678",37.4523856857763,36.262670622116,46.1499863582328,51.4975304503996,44.8941831382933,48.2301032862025,40.9645831035951,43.3656172942549,0.0502170061850068,5.44839074222786,0.86986545777828,1
"5640","PmetTSAr1.1-005679",11.8696636507142,12.4941112889981,15.2729975345381,16.3362345953196,14.0544644698955,16.4253751519834,13.5780306143886,15.3138374387675,0.0845464484293456,3.85612108845762,0.769410636576183,1
"5641","PmetTSAr1.1-005680",34.8896173975539,44.0268683517077,44.9678658060239,40.4301948574602,39.3597826216504,37.8546941970839,51.6300423361936,44.4412657650001,0.0768316467467448,5.40138570169361,0.801074824572314,1
"5642","PmetTSAr1.1-005681",53.8181340526701,59.7337511150196,39.1991175112448,43.7927585423964,48.061899223477,48.9651458919711,88.0476614840444,71.4740102271498,0.384471480972936,5.82549475272123,0.282946271489097,1
"5643","PmetTSAr1.1-005682",26.257134742489,26.3863731270032,29.7894379156625,31.9840703260065,32.0412661489846,39.7205715809581,38.21964172939,34.8736556831084,0.340293259504461,5.0213135127881,0.238123858546194,1
"5644","PmetTSAr1.1-005683",13.3983324542153,13.6245308818122,11.8212055220883,10.273029210671,10.9231589144266,13.1742251649299,12.7608343274115,11.9736658717166,-0.00746035166461663,3.62115379284441,0.980096953196838,1
"5645","PmetTSAr1.1-005684",33.3609485940528,20.2285611345684,27.2833423449798,23.8291914680512,28.8735500638009,24.4260312070803,23.9710910846613,39.9405261110924,0.163404878401862,4.79683679914717,0.602551814847219,1
"5646","PmetTSAr1.1-005685",1.52866880350107,1.87411669334972,2.74251968112449,1.9063353174441,3.05848449603944,2.62919085909545,3.20592389506397,2.32113617371338,0.484450237734067,1.30609926030804,0.0854928385983412,1
"5647","PmetTSAr1.1-005686",9.80146468127158,7.82369349763454,56.3162231072287,29.1775211086583,14.127285529325,21.7402986090795,4.92413147281067,7.10494121465925,-1.10613425743628,4.24106150116836,0.0500706786534863,1
"5648","PmetTSAr1.1-005687",4.36120217469423,3.98621645887083,26.8577789461846,17.07758721877,7.71903229952812,10.6015760447397,2.34682010619062,3.39678464445861,-1.11960940505373,3.26008325387186,0.0521106315941029,1
"5649","PmetTSAr1.1-005688",37.2275814499673,44.1458598877934,32.2955334863453,29.0186598322046,35.4274454124569,26.5746172854808,31.0953664070257,35.3265603023695,-0.152112933620228,5.08525832159567,0.613703709779615,1
"5650","PmetTSAr1.1-005689",72.5668073191391,68.7473599735111,41.8470675481926,56.0515537087383,58.6573633704707,59.1143880254686,63.9927553955906,65.897622102497,0.0500160723679139,5.92892870292264,0.887089420904314,1
"5651","PmetTSAr1.1-005690",5.12553657644477,5.14638393570637,5.76874829477909,5.374806520016,4.44208462520014,6.4174873657491,3.72976766876723,5.09517696668791,-0.121880118177434,2.37743636162793,0.675887469395782,1
"5652","PmetTSAr1.1-005691",36.4182862010549,41.1115757176081,33.8086477931726,34.9759576992174,31.5315187329781,39.6640298420528,41.3207968697133,38.6950384081243,0.0475748322256375,5.21938831356123,0.872684087932337,1
"5653","PmetTSAr1.1-005692",8.54256096074128,5.02739239962067,26.9996334124497,17.0511103393611,7.35492700238057,15.3510821127831,13.326585603011,8.94486623040766,-0.355418163281962,3.68672185978407,0.423288355736453,1
"5654","PmetTSAr1.1-005693",19.198281738087,17.2835206164474,10.4026608594377,27.853677138211,16.8216647282169,35.1972324685358,22.0223922464852,15.6252093645096,0.261556738236116,4.3662658328749,0.472739474737809,1
"5655","PmetTSAr1.1-005694",8.81232604371206,6.69327390482042,4.91762149718874,5.6660521935144,4.33285303605588,5.11702737092769,4.23265769152236,4.67057888613058,-0.506217044404887,2.4879493036555,0.0881825258047848,1
"5656","PmetTSAr1.1-005696",2.06819896944263,2.64756167790674,1.70225359518072,2.75359545853036,1.27436854001643,2.2333986867585,2.55635761567192,3.14202579612421,0.00178706218912724,1.24345118480936,1,1
"5657","PmetTSAr1.1-005697",2.15812066376622,2.26083918562823,1.65496877309236,3.23017928789139,1.60206330744923,2.62919085909545,2.66112637041257,2.80234733167835,0.0519772874760552,1.29019837072651,0.869770266843203,1
"5658","PmetTSAr1.1-005699",1.52866880350107,2.32033495367108,1.5131143068273,3.07131801143771,1.92975807488203,2.71400346745336,2.6820801213607,2.94388002519746,0.267363238153597,1.27012811979,0.357450865919237,1
"5659","PmetTSAr1.1-005700",2.51780744106059,2.94504051812099,1.98596252771084,3.1242717702556,1.92975807488203,2.8836286841692,3.24783139696023,3.651543492793,0.14365580479402,1.51407221646684,0.628577756266365,1
"5660","PmetTSAr1.1-005701",1.88835558079544,1.6063857371569,1.60768395100401,2.91245673498404,1.27436854001643,2.62919085909545,2.99638638558266,3.05710618001275,0.310338746588468,1.21415065430907,0.34188588162443,1
"5661","PmetTSAr1.1-005702",2.02323812228083,2.52857014182105,1.60768395100401,2.72711857912142,2.0389896640263,3.10979563979031,2.93352513273827,2.94388002519746,0.30103464544879,1.35665036251304,0.274959749316114,1
"5662","PmetTSAr1.1-005703",3.05733760700214,4.13495587897795,3.35722236827308,4.02448567015976,3.13130555546895,3.81656737610629,3.33164640075275,4.41582003779619,0.00692571493091293,1.89689357949758,0.981705979287217,1
"5663","PmetTSAr1.1-005704",44.0616302185603,53.4569475864991,33.2412299281123,51.9211605209427,41.9813407611128,54.3366110879725,69.4826381440007,69.9737636758473,0.367845683348608,5.7109660175562,0.281578658834965,1
"5664","PmetTSAr1.1-005705",32.866379275273,32.1872105111809,28.9855959401605,27.2182320323963,31.0581818466862,39.2399668002632,33.9450765359714,33.4017156705096,0.183076315123858,5.01908524377169,0.525546223445916,1
"5665","PmetTSAr1.1-005706",35.7888343407898,37.3633423309087,27.4724816333332,24.8353128855912,32.2961398569879,30.7869768339241,33.6517240226976,33.1752633608791,0.0504125291682298,4.99922844914703,0.865506863219263,1
"5666","PmetTSAr1.1-005707",29.7640808211091,23.4413326088822,30.2622861365461,27.6683389823484,27.3078972860665,41.840886789906,28.2037487761837,27.7404079297453,0.171096495775173,4.88703209453247,0.568891809073942,1
"5667","PmetTSAr1.1-005708",25.2230352577677,23.6495677970322,22.1292967373493,19.9900439537541,20.7540019374105,25.6416785935438,24.9559173792234,22.390472114723,0.0435641230135248,4.53315800239412,0.879580121520977,1
"5668","PmetTSAr1.1-005710",47.9282630744748,47.6263623183,48.8452212172689,56.157461226374,46.9695833320343,55.3260915188149,51.8814873475711,50.81023697336,0.0314596213810628,5.66553265747363,0.920405294411848,1
"5669","PmetTSAr1.1-005711",8.00303079479973,7.5262146574203,13.4288894730923,6.96341928455275,8.81134819097078,8.56607344414968,8.19291662071903,7.72768506614333,-0.106247367766456,3.12183521131414,0.731008324571368,1
"5670","PmetTSAr1.1-005712",48.3778715460927,39.4159463283869,35.8418951429718,38.4179520223804,41.362361755962,35.02760725182,36.0823591326807,41.8936772816561,-0.0701114270296369,5.30783140253276,0.815502974763575,1
"5671","PmetTSAr1.1-005713",49.8166186552702,43.0154402949792,33.2412299281123,35.4525415285784,40.7797932805259,37.1761933302205,34.8670415776892,44.2148134553695,-0.0406805179243708,5.31757710186834,0.894804355762517,1
"5672","PmetTSAr1.1-005714",40.374840751293,41.2603151377152,54.4248302236946,32.2753159995049,53.4870681509755,38.5331950639472,41.4674731263503,44.9790900003727,0.0846077754989516,5.43981592795243,0.788753322340061,1
"5673","PmetTSAr1.1-005716",10.7456424716693,9.37058346674859,16.2659787983935,19.6987982802557,14.4913908264726,16.5667294992466,5.04985397849945,9.68083623670703,-0.294213387464687,3.67681801931552,0.44695647799606,1
"5674","PmetTSAr1.1-005717",10.0262689170806,12.4346155209553,7.51828671204816,12.8412865133387,7.71903229952812,14.8422064626356,13.5151693615442,12.4548770296816,0.179366113329035,3.52252477691635,0.574568939819022,1
"5675","PmetTSAr1.1-005718",10.1611514585659,14.6062110545192,8.65312244216864,14.3239917602397,7.79185335895763,17.7258351468048,15.4638681997203,17.8048128447039,0.298884615652237,3.74324345973558,0.378204449780562,1
"5676","PmetTSAr1.1-005719",11.5998985677434,11.9883972606339,10.4972305036144,13.6091160161981,10.5226430875643,11.67586908394,10.9378579949241,11.3509220202325,-0.101460387306738,3.53432193351144,0.720635762545174,1
"5677","PmetTSAr1.1-005720",20.0974986813229,22.4894003201966,23.3114172895581,18.1896161539458,22.6837600122925,16.7080838465098,20.4718146763235,19.1352201637835,-0.0898989083629349,4.35359299242122,0.754010072967869,1
"5678","PmetTSAr1.1-005721",6.20459690832788,6.39579506460618,17.8736627493975,9.95530665776362,7.10005329437728,8.28336474962329,11.0635805006129,7.84091122095862,-0.234296118829124,3.23174555717632,0.520655916137457,1
"5679","PmetTSAr1.1-005722",5.48522335373914,5.35461912385634,6.00517240522086,9.82292226071889,6.62671640808546,8.42471909688648,6.72615405434989,8.37873545633123,0.173865381679578,2.84226494516073,0.575011984984367,1
"5680","PmetTSAr1.1-005723",7.95806994763793,9.31108769870574,6.5725902702811,9.16100027549525,8.26519024524945,11.3931603894136,12.4046205612933,13.5871385778344,0.466673975105642,3.30806284789601,0.120559181323825,1
"5681","PmetTSAr1.1-005724",7.95806994763793,8.24016387393447,6.47802062610439,8.92270836081473,9.10263242868882,10.6298469141923,11.2521642591461,13.7003647326497,0.49841950956401,3.26399678674166,0.0890353358864066,1
"5682","PmetTSAr1.1-005725",31.8322797905517,39.4754420964298,28.6546021855421,37.597168760703,37.3936140170537,41.9256993982639,44.4638595119329,54.9146850854141,0.377036945042913,5.30752074436023,0.21908240259348,1
"5683","PmetTSAr1.1-005726",42.3980788735738,41.7065333980366,31.2079825783131,33.8904056434506,40.4156879833783,47.6364150276971,40.9017218507507,34.8736556831084,0.134844789576294,5.29249471504633,0.656913376496426,1
"5684","PmetTSAr1.1-005727",7.23869639304919,8.98386097447008,8.22755904337346,7.09580368159747,8.19236918581994,6.78500866863341,6.9356915638312,7.61445891132804,-0.0962880850892914,2.9436451434206,0.738893231125644,1
"5685","PmetTSAr1.1-005728",22.1656976507655,16.3613362117833,22.9804235349397,26.4239256501279,21.5186230614204,40.0315511449371,32.6459439771873,27.5988752362262,0.47035262206869,4.7161800567418,0.132580492662358,1
"5686","PmetTSAr1.1-005729",15.6014139651433,14.516967402455,12.2940537429718,15.1977287807349,9.13904295840357,19.2241912277947,20.4718146763235,15.3704505161752,0.157237161127671,3.93514283956729,0.623898989315572,1
"5687","PmetTSAr1.1-005730",117.977262952553,122.561282168267,96.7920308148591,103.074491539026,98.344840759554,103.527923935565,111.432047542158,129.672253802207,0.0084033923152821,6.78771813170641,0.983151489708479,1
"5688","PmetTSAr1.1-005731",40.6895666814256,39.0887196041513,80.6679064827306,46.5728308803357,57.4922264195986,31.578561178598,38.9530230125746,40.7331091947995,-0.294644376143029,5.55520879401712,0.408196382397431,1
"5689","PmetTSAr1.1-005732",13.9378626201568,11.4529353482483,21.1363154734939,14.165130483786,14.5642118859021,17.2452303661099,11.6293317762124,14.4080282002453,-0.0681294094172787,3.89445002926544,0.824959762030889,1
"5690","PmetTSAr1.1-005733",34.0803221486415,29.5693967172956,52.7225766285139,31.1897639437382,36.4105297147553,37.5154437636522,35.1184865890667,35.5530126120001,-0.0285799471676873,5.19276035267042,0.926721673631067,1
"5691","PmetTSAr1.1-005734",26.257134742489,11.3339438121626,13.4288894730923,6.24854354051121,17.6955174413711,8.3681773579812,10.8959504930279,9.56761008189174,-0.298337619416819,3.70213568456477,0.462992674263481,1
"5692","PmetTSAr1.1-005735",34.1252829958033,38.9399801840441,35.5109013883533,31.772255290735,33.2428136295716,37.4023602858417,31.8287476902102,28.3631517812294,-0.101261002461022,5.08568204419167,0.72825603230804,1
"5693","PmetTSAr1.1-005736",58.9436706291149,64.5529083264903,44.5895872293171,39.3181659222845,55.3075946367133,41.7560741815481,54.4587987141912,54.8014589305988,-0.00751866539740236,5.69423303948847,0.982404965797397,1
"5694","PmetTSAr1.1-005737",75.8039883147884,66.0700504115829,64.7802062610439,50.9679928622207,71.6559224786384,73.2780936212408,71.1379844689031,64.4256820898982,0.12286946226956,6.07306125656924,0.741873137973296,1
"5695","PmetTSAr1.1-005738",12.4091938166558,14.1599927941979,16.596972553012,12.4706102016135,14.4913908264726,8.79224039977079,10.4559217231171,9.2562381561497,-0.372271092862057,3.6301617672688,0.216777597171712,1
"5696","PmetTSAr1.1-005739",16.77039599135,18.9196542376257,8.88954655261041,8.23430949618214,11.1416220927151,8.53780257469704,9.17774291528116,16.8140839900701,-0.209973069279293,3.62866201351721,0.560570951598353,1
"5697","PmetTSAr1.1-005740",15.5564531179815,18.7114190494758,10.7336546140562,10.0347372959905,11.9426537464397,9.32938691937094,8.94725165485172,17.7481997672962,-0.199017102222857,3.69310366793819,0.556551170349274,1
"5698","PmetTSAr1.1-005741",9.35185620965362,12.4048676369338,5.43775454016062,6.85751176691696,8.37442183439371,6.04996606286479,5.80418901263215,11.3509220202325,-0.111212253027403,3.04716778713538,0.754222170006509,1
"5699","PmetTSAr1.1-005742",16.545591755541,17.9677219489402,18.4410806144578,14.1916073631949,18.1324437979481,14.6725812459197,16.3858332414381,15.1156916678408,-0.0620221134317513,4.04348342167377,0.82903599705271,1
"5700","PmetTSAr1.1-005743",16.77039599135,19.00889788969,14.2800162706827,14.3769455190576,18.0232122088039,15.4076238516884,26.0664661794743,16.8706970674777,0.245467934032282,4.14311203095267,0.418312220796362,1
"5701","PmetTSAr1.1-005744",16.2308658254084,16.0936052555904,11.5374965895582,10.8290436782588,16.2390962527809,14.9552899404461,19.7384333931389,15.9648878289554,0.291234365956066,3.93206560848029,0.327573986839576,1
"5702","PmetTSAr1.1-005745",13.4882541485389,13.4460435776837,19.1503529457831,13.0001477897924,15.1831908910529,12.7501621231403,18.1669020720291,13.7852843487612,0.0210813965111429,3.90017854419524,0.947536656766078,1
"5703","PmetTSAr1.1-005746",43.8817868299131,38.7317449958942,57.7820525919677,46.7316921567893,40.5977406319521,50.8875650147506,59.1314851756243,47.5832915611243,0.0833955474052372,5.59180232844872,0.795809233621505,1
"5704","PmetTSAr1.1-005747",30.888102000154,21.4184764954253,28.2763236088352,18.2160930333547,27.7448236426435,15.0401025488041,14.3952269013657,17.7198932285924,-0.399483780543887,4.44343611091548,0.219245801496713,1
"5705","PmetTSAr1.1-005748",38.9360936421155,35.280990449409,20.8998913630521,27.1652782735784,31.5315187329781,41.9539702677166,46.4754196029535,49.8761211961339,0.474003215791751,5.19319000549919,0.143068286216555,1
"5706","PmetTSAr1.1-005749",6.47436199129866,8.47814694610587,6.52530544819275,7.51943375214061,6.22620058122315,6.9263630158966,8.63294539062977,7.72768506614333,0.0248231246521971,2.88377928707773,0.935167695741531,1
"5707","PmetTSAr1.1-005750",44.9158863146344,38.7317449958942,29.8840075598392,52.6625131443932,43.6926356577063,51.0571902314664,45.0296107875324,43.507149987774,0.140820558912011,5.4512864442052,0.65407804953085,1
"5708","PmetTSAr1.1-005751",50.1313445854028,50.7796380245709,40.5230925297187,34.3140357139938,46.423425386313,38.6745494112104,42.6827906813418,42.0635165138791,-0.0492228414535329,5.43488889779484,0.872771191750867,1
"5709","PmetTSAr1.1-005753",14.342510244613,14.1897406782193,18.1573716819276,16.8657721834985,14.8554961236202,16.6798129770571,19.2774508722801,14.4929478163567,0.0399963533444288,4.01530385449679,0.892536655997104,1
"5710","PmetTSAr1.1-005754",81.7388201401455,77.3742463397241,153.34467803253,101.009294945128,83.8534499330814,98.2695422173739,92.8879779530625,79.6829064512581,-0.221050426437352,6.58607942371526,0.588301811539436,1
"5711","PmetTSAr1.1-005755",20.9067939302352,26.0888942867889,13.4761742951807,24.0145296239138,18.4965490950957,26.8855968494599,27.3865524892066,23.4661205854682,0.187001828950485,4.5022271696704,0.548039141526886,1
"5712","PmetTSAr1.1-005756",2.24804235808981,3.06403205420668,1.79682323935742,2.14462723212461,2.14822125317056,1.21564738646349,2.57731136662005,2.37774925112102,-0.157316727603293,1.17701131558058,0.612022959987992,1
"5713","PmetTSAr1.1-005757",27.8757252403137,12.7023464771481,15.6512761112449,32.9107611053196,33.9346136941519,40.0315511449371,16.2810644866974,31.4768710386497,0.448661266497802,4.72366680520846,0.2331428652591,1
"5714","PmetTSAr1.1-005758",3.37206353713472,4.87865297951355,4.16106434377508,4.26277758484027,3.64105297147553,4.35371389570644,4.14884268772984,4.21767426686944,-0.0297128179758165,2.0683399154237,0.918944986054022,1
"5715","PmetTSAr1.1-005759",4.36120217469423,5.02739239962067,3.68821612289155,4.31573134365817,3.8231056200493,5.03221476256978,4.63077895953684,4.24598080557326,0.0266132532971862,2.15565843940589,0.932147664226648,1
"5716","PmetTSAr1.1-005760",20.9067939302352,15.082177198862,21.1836002955822,10.749613040032,18.3873175059514,10.6298469141923,7.06141406951998,11.6056808685669,-0.510492588026282,3.85712552118079,0.148247164643703,1
"5717","PmetTSAr1.1-005761",8.04799164196152,7.02050062905609,6.14702687148592,7.2281880786422,6.48107428922644,7.60486388275995,8.02528661313398,8.80333353688855,0.120793170922164,2.90386472296609,0.677997833730949,1
"5718","PmetTSAr1.1-005762",77.6024222012603,74.1614748654103,60.099008874297,71.6993894394252,66.4856272591431,72.8540305794512,82.6415937394267,94.628758886876,0.159039880483343,6.23049828143292,0.674661001987777,1
"5719","PmetTSAr1.1-005763",27.0214691442395,18.4734359773044,23.027708357028,17.7395092039937,23.1206863688696,17.0190634104888,13.7666143729217,18.3143305413727,-0.25611019575715,4.31179080892763,0.39946017664808,1
"5720","PmetTSAr1.1-005764",22.3905018865745,20.3773005546755,32.9575209955822,19.7252751596646,25.0504444437516,19.5068999223211,20.4508609253754,21.8526478793504,-0.135237223547639,4.51357217552274,0.65170707298783,1
"5721","PmetTSAr1.1-005765",45.4104556334142,52.9214856741135,47.8522399534135,29.786489335064,35.2089822341683,19.5068999223211,22.4624210163959,66.7185117249078,-0.290278034128581,5.32323694245229,0.46577923350475,1
"5722","PmetTSAr1.1-005766",16.0510224367613,20.7342751629326,9.22054030722888,12.708902116294,12.1611169247283,14.8422064626356,35.2232553438074,31.3919514225383,0.67295811450963,4.25716995451664,0.0831962858958202,1
"5723","PmetTSAr1.1-005767",5.21545827076836,6.36604718058476,4.06649469959838,3.65380935843452,3.02207396632469,4.26890128734852,17.4125670378964,13.3889928069077,0.982109302807965,2.85995771230902,0.0365167615876048,1
"5724","PmetTSAr1.1-005768",12.8588022882737,11.2149522760769,14.0908769823293,13.5561622573802,11.4693168601479,11.7606816922979,14.3323656485213,12.2850377974586,-0.0520708721968416,3.67323676685205,0.854970002381973,1
"5725","PmetTSAr1.1-005769",6.42940114413686,6.33629929656333,6.19431169357427,5.21594524356232,5.57081104635756,6.02169519341215,5.95086526926906,4.72719196353823,-0.116428308213749,2.55205499483671,0.67705777983206,1
"5726","PmetTSAr1.1-005770",9.08209112668284,9.45982711881286,12.6250474975903,16.7863415452716,13.2170222864562,16.0013121101938,11.5036092705236,11.4924547137516,0.121174940016581,3.65378036072165,0.697892137814753,1
"5727","PmetTSAr1.1-005771",58.1343753802025,55.1525769757203,56.0797989967869,49.5117644947286,62.5532900499496,52.9796093542459,56.9732488279668,58.2831631911689,0.0765040833399424,5.81425385434958,0.813646546484796,1
"5728","PmetTSAr1.1-005772",50.6259139041826,46.436446957443,107.194691674297,88.4857309846969,66.0851114322808,73.8717818797462,78.7232423121263,67.3412555763919,-0.0333812785154875,6.17802080751537,0.935473992190532,1
"5729","PmetTSAr1.1-005773",2.96741591267855,4.10520799495653,3.40450719036143,3.4684712025719,4.07797932805259,2.31821129511641,3.45736890644153,2.94388002519746,-0.129750823017526,1.76723334401627,0.659485068710547,1
"5730","PmetTSAr1.1-005774",5.71002758954812,5.89008103624197,3.07351343574296,7.81067942563901,5.06106363035098,4.21235954844324,2.87066387989388,6.08590582132167,-0.310042412501578,2.36547976056484,0.374795455158957,1
"5731","PmetTSAr1.1-005775",15.4215705764961,14.0410012581122,17.8736627493975,24.0145296239138,14.0544644698955,21.2031520894794,20.4508609253754,16.7291643739586,0.0217102939540315,4.17317525400412,0.945319239405636,1
"5732","PmetTSAr1.1-005776",3.68678946726729,3.80772915474228,5.48503936224898,3.7597168760703,3.13130555546895,4.63642259023283,5.44797524651393,4.35920696038854,0.078364041142104,2.12159882867559,0.806295367590554,1
"5733","PmetTSAr1.1-005777",26.3020955896508,26.3863731270032,21.8928726269075,20.7843503360225,22.0283704774269,17.2735012355626,18.2507170758217,20.6071601763822,-0.287245493519112,4.44275083634207,0.314508878423783,1
"5734","PmetTSAr1.1-005778",27.1563516857249,25.4344408383176,59.8152999417668,11.1467662311662,24.1401812008827,11.3083477810557,12.0903142970713,14.0683497357994,-1.00349201385563,4.53428244522733,0.0215815916195922,1
"5735","PmetTSAr1.1-005779",23.9191706900756,21.2399891912968,26.5267851915662,22.002286788834,22.9386337202958,26.0374707658807,22.7138660277735,23.0132159662071,0.0161149380927538,4.56119422487437,0.956461537263334,1
"5736","PmetTSAr1.1-005780",6.51932283846045,5.89008103624197,8.7949769084337,7.12228056100642,7.06364276466252,8.82051126922343,8.59103788873351,8.69010738207327,0.230067817513901,2.95405831744816,0.434613377020789,1
"5737","PmetTSAr1.1-005781",2.15812066376622,3.39125877844235,4.91762149718874,3.99800879075082,3.8231056200493,5.00394389311714,4.69364021238123,3.05710618001275,0.197778513224902,1.98017554520976,0.53280978038865,1
"5738","PmetTSAr1.1-005782",2.47284659389879,3.27226724235665,5.20133042971886,3.7597168760703,3.53182138233126,4.57988085132755,4.52601020479619,4.50073965390765,0.224865862271192,2.01586173497122,0.463233202037097,1
"5739","PmetTSAr1.1-005783",14.2975493974512,14.6657068225621,12.3886233871485,9.1345233960863,12.3067590435873,10.2057838724028,10.434967972169,11.3509220202325,-0.188199539577126,3.57335031747562,0.524278874011211,1
"5740","PmetTSAr1.1-005785",28.9997464193586,30.0453628616383,30.9715584678714,28.7274141587062,28.0725184100763,32.4549581316298,30.1943551162561,30.004931026051,0.0240583392188753,4.90667708787842,0.933438912745566,1
"5741","PmetTSAr1.1-005786",7.91310910047614,7.37747523731318,7.80199564457828,7.25466495805115,7.06364276466252,10.7429303920029,7.98337911123772,7.78429814355097,0.146976410128493,3.00950921526921,0.616846769215984,1
"5742","PmetTSAr1.1-005787",19.1083600437634,17.8487304128545,20.0487645654618,15.4360206954154,17.0765384362202,15.435894721141,21.7080859822632,19.5598182443408,0.0276723005220691,4.19678895314203,0.927216882960827,1
"5743","PmetTSAr1.1-005788",11.4200551790962,12.2263803328053,8.03841975502005,10.0082604165815,9.83084302298392,10.7146595225503,11.5455167724199,10.0771277785605,0.0158400926474775,3.39883186217139,0.958847614246023,1
"5744","PmetTSAr1.1-005789",8.81232604371206,10.3522636394556,8.27484386546182,9.02861587845052,10.704695736138,9.32938691937094,10.2463842136358,9.22793161744588,0.11420862592082,3.25717653221003,0.686686022798362,1
"5745","PmetTSAr1.1-005790",5.26041911793016,5.8008373841777,4.39748845421685,5.98377474642175,5.8620952840756,6.78500866863341,7.98337911123772,7.04832813725161,0.366474399139156,2.63475846654581,0.200047483501486,1
"5746","PmetTSAr1.1-005792",22.5703452752217,21.7754511036824,22.082011915261,21.6580873565177,20.3534861105482,25.2741572906594,28.1199337723911,22.8433767339841,0.133547188944171,4.53290400492423,0.637949447832525,1
"5747","PmetTSAr1.1-005793",3.91159370307627,4.78940932744928,2.41152592650602,1.74747404099042,3.31335820404273,2.71400346745336,5.04985397849945,4.13275465075797,0.245351335295813,1.83813269518767,0.485286496417347,1
"5748","PmetTSAr1.1-005794",28.685020489226,31.0865388023882,20.8053217188754,10.8290436782588,26.4340445729123,20.0157755724686,37.1719541819835,30.4012225679045,0.319735059317384,4.68611210020137,0.372289216023821,1
"5749","PmetTSAr1.1-005795",32.4167708036551,42.9856924109578,22.6967146024096,36.2203710314379,37.939771962775,40.4556141867267,50.0585110150838,39.0347168725702,0.317835284283552,5.24025562880167,0.315288290577855,1
"5750","PmetTSAr1.1-005796",33.6756745241854,13.535287229748,3.87735541124497,2.88597985557509,5.06106363035098,2.26166955621114,1.29913255878409,59.5286508941371,0.336783928791031,3.93725865517036,0.713268508635896,1
"5751","PmetTSAr1.1-005797",32.1470057206843,15.0226814308192,5.0594759634538,3.09779489084666,5.35234786806902,1.63971042825307,1.36199381162848,61.9064001452581,0.345007260509448,3.97755405627204,0.706743418286456,1
"5752","PmetTSAr1.1-005798",26.481938978298,34.8942679571305,11.4429269453815,24.438159694457,19.6252755162531,37.9677776748944,37.9262892161162,38.0156814792326,0.456727020573742,4.85430464213197,0.212584626890965,1
"5753","PmetTSAr1.1-005799",12.364232969494,12.8213380132338,10.4972305036144,11.9145957340256,12.8893275190234,13.089412556572,13.7666143729217,11.6622939459745,0.110667943736614,3.63691130945495,0.695462945289643,1
"5754","PmetTSAr1.1-005800",8.3627175720941,6.09831622439194,47.7103854871484,26.2915412530832,12.4524011624463,20.7225473087845,4.10693518583358,5.46316196983759,-1.04914220205759,4.03873098515596,0.0755548580123708,1
"5755","PmetTSAr1.1-005801",28.909824725035,20.7045272789112,30.782419179518,31.6133940142813,29.5289395986665,30.3629137921345,27.617043749636,30.5427552614236,0.0759924364701021,4.84889172704074,0.795698969107031,1
"5756","PmetTSAr1.1-005802",32.1470057206843,34.1803187406163,76.1285635622487,42.1247151396328,37.4664350764832,36.8086720273362,44.9457957837399,32.2128410449491,-0.28493685879917,5.39417387717243,0.412111164592274,1
"5757","PmetTSAr1.1-005803",33.4508702883764,34.6562848849591,27.7561905658633,36.7763854990257,32.5146030352765,41.7560741815481,49.8699272565506,35.5530126120001,0.267729123246902,5.19424245068312,0.378963349208831,1
"5758","PmetTSAr1.1-005804",16.8153568385118,19.2468809618614,20.1433342096385,15.2771594189617,19.5888649865383,17.3017721050152,14.6257181617951,15.4836766709905,-0.093579582460402,4.11827289401779,0.747224990909501,1
"5759","PmetTSAr1.1-005805",20.7269505415881,16.5398235159118,8.88954655261041,11.7822113369809,20.3534861105482,11.6475982144874,10.9378579949241,21.5695824923121,0.154167489101405,3.94150561493316,0.663988160880086,1
"5760","PmetTSAr1.1-005806",35.4741084106572,38.1070394314443,36.0310344313252,30.8190876320129,37.5756666656274,32.2005203065561,41.6141493829872,34.8736556831084,0.0589257548345479,5.16586195512477,0.842222468216408,1
"5761","PmetTSAr1.1-005807",10.1611514585659,9.90604537913423,9.59881888393571,7.09580368159747,10.0493062012725,7.80275996892842,8.29768537545968,10.6998716300446,0.00422808560526206,3.21080984577451,0.993259509216201,1
"5762","PmetTSAr1.1-005808",93.6984054851833,124.465146745638,71.7783599301202,70.2696379513421,84.1811447005142,117.182753881189,129.01224458764,98.7332069989301,0.252503595278487,6.62548137817358,0.536549180940037,1
"5763","PmetTSAr1.1-005809",32.866379275273,40.3083828490296,28.4181780751003,36.8028623784347,38.6679825570701,31.5220194396927,41.0693518583358,36.0059172312612,0.0891569525855271,5.16084283795826,0.765341065196794,1
"5764","PmetTSAr1.1-005810",99.0487462974371,99.3281847475351,103.270051440963,105.007303735879,96.8884195709638,100.729107859753,92.8879779530625,98.1387696861499,-0.0653636807000815,6.63623167283709,0.864438766588814,1
"5765","PmetTSAr1.1-005811",18.3440256420129,18.7114190494758,22.6967146024096,19.2486913303036,20.972465115699,18.6870447081945,20.4927684272716,17.5783605350733,-0.0230494990277941,4.29652007087631,0.93565889552598,1
"5766","PmetTSAr1.1-005812",24.054053231561,22.6083918562823,33.0993754618473,22.1876249446966,25.5601918597582,27.0552220661757,26.485541198437,26.3250809945542,0.0492635693673598,4.69931688472798,0.867459026493447,1
"5767","PmetTSAr1.1-005813",33.1361443582438,36.4114100422231,26.905063768273,28.6744603998883,34.1530768724404,28.5535781471656,41.739871888676,35.6379322281115,0.162906757605431,5.05386261666628,0.585198008790899,1
"5768","PmetTSAr1.1-005814",113.526139083535,121.668845647625,98.3051451216864,108.952358767812,104.425399221918,100.191961340153,121.343171740624,118.972382172163,0.00805722517529612,6.79424825244622,0.983750189197348,1
"5769","PmetTSAr1.1-005815",36.9578163669965,27.635784255903,33.335799572289,25.9473418207669,34.517182169588,30.1367468365134,27.9942112667024,30.4578356453122,-0.00855470956244207,4.95084881494077,0.9769648916581,1
"5770","PmetTSAr1.1-005816",15.9611007424377,14.1302449101764,32.6738120630521,22.452393738786,18.1324437979481,17.7823768857101,19.9479709026202,18.6823155445223,-0.191944267653087,4.32373067536463,0.55200800744649,1
"5771","PmetTSAr1.1-005817",2.78757252403137,3.95646857484941,3.12079825783131,1.74747404099042,3.78669509033455,2.742274336906,3.58309141213032,1.92484463185988,0.0536274768675812,1.592551182227,0.873886195398874,1
"5772","PmetTSAr1.1-005818",23.7842881485902,28.6472123126314,31.0188432899597,19.2222144508947,26.6525077512009,28.3274111915445,23.0700797938917,28.2782321651179,0.0508717957927576,4.71056215955478,0.864777141742723,1
"5773","PmetTSAr1.1-005819",13.2184890655681,13.2675562735551,13.6653135835341,12.6029945986582,16.0570436042071,17.1321468882994,14.604764410847,14.7760132033949,0.246193510057027,3.85581233296779,0.377889509495801,1
"5774","PmetTSAr1.1-005820",37.5872682272616,32.9904033797593,28.2290387867469,36.0879866343931,32.6966556838502,33.1334589984931,39.979756809033,39.0064103338663,0.102392515230823,5.13048021568376,0.729005560228154,1
"5775","PmetTSAr1.1-005821",81.6488984458219,77.3444984557026,68.5629920281122,69.2899934132112,82.6154919227797,68.245878858671,70.9913082122661,77.3334637388409,0.0112965470223564,6.22040826414736,0.976127534665498,1
"5776","PmetTSAr1.1-005822",40.0601148211604,37.9583000113372,30.4987102469878,32.1958853612781,38.3766983193521,32.4549581316298,40.9226756016989,34.1942987542166,0.0527623509696058,5.16571327879242,0.859676561315025,1
"5777","PmetTSAr1.1-005825",76.8380877995098,90.9392814534935,51.3513167879516,54.4099871853836,68.7430801014579,72.7409471016407,79.3309010896221,71.8703017690033,0.0975711701669554,6.14655612505378,0.801666041562784,1
"5778","PmetTSAr1.1-005826",49.3670101836523,43.9971204676862,44.0221693642569,42.5483452101759,46.3506043268835,36.2149837688308,34.4898740606228,46.1113515485256,-0.141222081936596,5.42439400696982,0.641278933997851,1
"5779","PmetTSAr1.1-005827",38.2616809346886,33.7043525962735,36.3147433638553,36.0615097549842,36.301298125611,41.0210315757795,36.3966653969027,40.5915765012803,0.0964681099712742,5.22470363549721,0.740478905298954,1
"5780","PmetTSAr1.1-005828",28.909824725035,29.3314136451242,25.2028101730923,25.4442811119969,25.7058339786172,19.5068999223211,24.7463798697421,27.9951667780797,-0.152731628626785,4.69570854358562,0.596011153956164,1
"5781","PmetTSAr1.1-005829",47.8383413801512,65.9213109914758,44.0694541863452,46.1756776892015,46.569067505172,43.3957846098012,55.8627000277159,52.3104835246625,-0.042203958910309,5.65342948408771,0.896599161882767,1
"5782","PmetTSAr1.1-005830",31.2028279302866,37.4525859829729,25.7229432160642,27.4830008264857,29.5653501283813,22.2491742592271,34.5108278115709,30.6559814162389,-0.0590575312887871,4.90299443673183,0.845229371385146,1
"5783","PmetTSAr1.1-005831",21.7160891791476,28.3497334724172,21.8928726269075,36.7763854990257,23.9217180225942,47.6081441582444,52.824406140237,37.6476964760829,0.574656607624235,5.08413058603566,0.0897440643374173,1
"5784","PmetTSAr1.1-005832",58.1343753802025,66.0700504115829,26.2903610811244,48.9822269065497,49.1542151149196,59.708076283974,77.8431847723048,64.5106017060097,0.332523437488996,5.81787886103418,0.370704616942142,1
"5785","PmetTSAr1.1-005833",6.06971436684249,7.91293714969881,4.20834916586344,6.11615914346648,6.11696899207889,7.77448909947578,8.19291662071903,8.54857468855416,0.331105603665879,2.79468236121399,0.277062470364716,1
"5786","PmetTSAr1.1-005834",69.6443522536224,77.4634899917884,65.9150419911644,67.1718430604955,67.7964063288743,63.6094562684382,68.2882743399573,66.520365953981,-0.0738744796833233,6.09513710193436,0.840733156967462,1
"5787","PmetTSAr1.1-005835",74.2303586641256,63.8687069939975,95.9409040172687,76.1475051801281,79.9575232536026,73.8717818797462,107.408927360117,73.99329217179,0.112200616524585,6.33519674548702,0.773171307065752,1
"5788","PmetTSAr1.1-005836",10.5208382358603,8.68638213425584,5.67417865060239,10.4583673665336,8.41083236410847,9.21630344156038,13.4104006068035,10.8980174009714,0.24642713349952,3.28248332679173,0.436149820373204,1
"5789","PmetTSAr1.1-005838",29.1795898080058,17.818982528833,82.4174448999997,35.3995877697605,47.3700991588966,29.3168916223869,13.2008630973222,19.8711901700828,-0.586487819769281,5.10243307024623,0.210167265876844,1
"5790","PmetTSAr1.1-005839",46.4895159652973,56.4019881046201,34.801629057028,48.373258680144,39.2141405027914,69.3767136367766,69.9855281667559,46.5359496290829,0.274737047130809,5.68565645695556,0.426747373279872,1
"5791","PmetTSAr1.1-005840",21.0416764717206,16.5993192839546,20.3797583200802,23.6173764327797,23.1935074282991,20.4115677448055,15.9248507205792,18.8804613154491,-0.0588548917218053,4.32655839057774,0.842091038048645,1
"5792","PmetTSAr1.1-005841",19.3331642795724,3.03428417018526,6.95086884698793,100.003173527588,41.5808249342505,32.5680416094404,2.45158886093127,3.39678464445861,-0.693634463593593,4.71360755482176,0.434118682070106,1
"5793","PmetTSAr1.1-005842",15.6014139651433,14.308732214305,26.7632093020079,21.6845642359266,20.2442545214039,21.7120277396269,16.1972494829049,15.7101289806211,-0.0849633325679226,4.25428079221008,0.785947321642017,1
"5794","PmetTSAr1.1-005843",22.5253844280599,25.880659098639,20.3324734979919,20.6784428183867,22.3560652448597,23.0690294733536,24.4530273564683,22.4187786534268,0.0456091312457591,4.50956049454158,0.871889101912453,1
"5795","PmetTSAr1.1-005844",13.3533716070535,12.6428507091052,66.8134536108431,9.4257690695847,9.83084302298392,9.1597617026551,12.4046205612933,11.4075350976402,-1.25420460273303,4.18185099943355,0.0142097079941098,1
"5796","PmetTSAr1.1-005845",27.8757252403137,27.5167927198173,30.2622861365461,16.8922490629074,24.5406970277451,19.6765251390369,23.3634323071655,20.3524013280478,-0.220948171290779,4.57670394962554,0.462234157749349,1
"5797","PmetTSAr1.1-005846",13.1285673712445,13.5650351137694,9.59881888393571,9.37281531076681,13.1806117567414,13.71137168453,15.4848219506684,11.0678566331943,0.227330763993107,3.63851006571458,0.445013472778886,1
"5798","PmetTSAr1.1-005848",3.46198523145831,3.48050243050662,3.26265272409637,2.25053474976039,2.62155813946238,2.34648216456905,2.43063510998314,2.85896040908599,-0.275040576398916,1.53315387326879,0.305094986481355,1
"5799","PmetTSAr1.1-005853",86.7294741751049,94.6577669561715,55.2286721991966,50.9944697416296,75.6974912769762,60.8389110620796,71.4103832312287,74.5028098684588,-0.0261375359115115,6.15619623553247,0.947463211462529,1
"5800","PmetTSAr1.1-005854",6.83404876859303,5.71159373211343,5.1540456076305,5.374806520016,5.20670574921,5.71071562943312,5.34320649177328,5.94437312780256,-0.0541988051016424,2.51598575560247,0.849961711373157,1
"5801","PmetTSAr1.1-005855",27.0214691442395,30.8188078461954,26.8104941240963,26.847555720671,35.6459085907454,32.9355629123247,32.5830827243429,31.0805794967962,0.245886713410796,4.93225627381855,0.386711710941265,1
"5802","PmetTSAr1.1-005856",79.9853471008355,77.4039942237455,59.8625847638552,61.1880683140737,74.241070088386,69.4897971145872,60.2420339758752,98.7049004602263,0.120372112425962,6.18390213517653,0.754878714106737,1
"5803","PmetTSAr1.1-005857",13.6680975371861,16.1828489076547,10.3553760373494,15.3036362983707,12.4888116921611,13.7396425539827,13.640891867233,15.7667420580287,0.00190562873963443,3.80321018709633,0.995296563070632,1
"5804","PmetTSAr1.1-005858",11.1952509432873,14.100497026155,12.0103448104417,10.9879049547125,11.2872642115741,10.7429303920029,9.51300293045125,11.2376958654172,-0.175728715931846,3.51647314630689,0.537055742318049,1
"5805","PmetTSAr1.1-005859",38.3516026290122,46.436446957443,33.0520906397589,26.2915412530832,36.0828349473225,34.631815079483,38.9320692616265,36.6852741601529,0.0219662274164191,5.18466667603396,0.943852577522581,1
"5806","PmetTSAr1.1-005860",8.67744350222667,9.48957500283429,9.26782512931723,11.8086882163898,7.71903229952812,10.1492421334975,15.1076544336021,11.8038266394937,0.190768306797852,3.40246608050787,0.538371237175685,1
"5807","PmetTSAr1.1-005861",20.8618330830734,21.953938407811,19.008498479518,16.2832808365017,20.5719492888367,17.3865847133731,20.7442134386492,17.0405362997007,-0.0440661463591946,4.26987176720622,0.878070362946957,1
"5808","PmetTSAr1.1-005862",20.9067939302352,9.22184404664147,88.5171869493973,31.1632870643292,23.8853074928795,21.0335268727636,5.30129898987702,8.74672045948091,-1.34513769048423,4.70686614921104,0.0205889134739022,1
"5809","PmetTSAr1.1-005863",31.8322797905517,30.2535980497883,18.7247895469879,22.3464862211503,28.0361078803616,19.7613377473948,24.7673336206903,24.7965279045478,-0.0837209847546005,4.65105353887625,0.784685212418988,1
"5810","PmetTSAr1.1-005864",11.914624497876,10.8877255518412,8.13298939919676,9.08156963726841,9.3575061366921,11.3931603894136,7.56430409227511,10.0205147011529,-0.0625476031042145,3.30065255025825,0.836368660373839,1
"5811","PmetTSAr1.1-005865",33.8555179128326,38.1367873154657,32.8156665293171,26.5298331677637,35.3910348827421,30.7304350950188,37.0252779253466,32.382680277172,0.045506084098138,5.06262215116902,0.878023086559735,1
"5812","PmetTSAr1.1-005866",5.44026250657734,6.4255429486276,5.0594759634538,4.50106949952079,5.71645316521658,4.60815172078019,6.09754152590598,5.23670966020702,0.0158359673604753,2.44567364110008,0.964059098877243,1
"5813","PmetTSAr1.1-005867",5.84491013103351,6.81226544090612,6.24159651566263,6.35445105814699,4.40567409548539,9.86653343897108,7.27095157900128,7.98244391447772,0.226211147600283,2.78978337278448,0.472815789337246,1
"5814","PmetTSAr1.1-005868",5.66506674238632,7.46671888937745,4.87033667510038,6.43388169637383,4.36926356577063,9.38592865827622,7.69002659796389,6.93510198243632,0.214819788600731,2.73838305190404,0.501963692102444,1
"5815","PmetTSAr1.1-005869",5.03561488212118,5.35461912385634,5.72146347269074,5.50719091706073,4.26003197662637,8.5095317052444,6.36994028823167,5.80284043428345,0.20793592169124,2.55737613725045,0.495663562551003,1
"5816","PmetTSAr1.1-005870",5.12553657644477,6.21730776047764,4.96490631927709,5.87786722878597,5.27952680863951,9.13149083320246,7.29190532994942,6.0009862052102,0.319303484812715,2.65666191726036,0.28750753873456,1
"5817","PmetTSAr1.1-005871",40.0151539739986,30.6403205420668,48.5142274626504,27.4565239470768,40.7433827508112,28.836286841692,30.0057713577229,29.5803329454937,-0.182389338082755,5.10950016921132,0.561962581698414,1
"5818","PmetTSAr1.1-005872",22.6602669695453,23.8280551011607,21.7037333385541,19.5134601243931,20.4263071699777,22.9842168649957,25.374992398186,25.9854025301083,0.112235598851959,4.5155809868832,0.692824740240389,1
"5819","PmetTSAr1.1-005873",12.364232969494,12.8510858972552,11.6793510558232,11.0938124723483,10.7411062658528,11.7324108228453,13.0751405916334,13.2757666520924,0.0255929209698985,3.6045948804189,0.931295090028574,1
"5820","PmetTSAr1.1-005874",11.5998985677434,12.137136680741,11.4429269453815,9.87587601953678,11.4329063304332,11.3931603894136,14.2066431428325,12.3133443361624,0.132310025852558,3.56848010616612,0.643939150599901,1
"5821","PmetTSAr1.1-005875",39.9252322796751,30.4023374698954,39.5301112658633,30.8720413908308,33.4612768078601,26.5746172854808,28.7275925498869,31.3636448838345,-0.227946534533875,5.02946693451255,0.438660448573847,1
"5822","PmetTSAr1.1-005876",18.973477502278,9.43007923479144,13.9490225160642,20.8902578536582,15.4380645990562,10.7429303920029,5.36416024272141,9.22793161744588,-0.635227318902626,3.70611078370042,0.0845408432633153,1
"5823","PmetTSAr1.1-005877",68.7451353103864,68.3011417131897,68.2792830955821,70.8786061777479,68.3061537448809,68.4437749448395,70.4255569366666,65.0201194026785,-0.0210950359575399,6.10038158283954,0.954343398606269,1
"5824","PmetTSAr1.1-005878",60.7870653627485,57.9488780737341,43.9275997200802,40.1124723045529,55.7081104635756,45.4878289492965,54.5635674689318,54.4334739274492,0.0519056306567372,5.69157964231811,0.874246785096085,1
"5825","PmetTSAr1.1-005879",5.57514504806273,10.2927678714127,10.7809394361445,10.2200754518531,7.28210594295105,12.5522660369718,13.1380018444778,12.2850377974586,0.295621201386046,3.36976848030384,0.365363774874023,1
"5826","PmetTSAr1.1-005880",39.6105063495425,37.2146029108015,41.5160737935741,48.3997355595529,43.292119830844,54.8737576075727,57.7694913639958,51.914191982809,0.317941877476884,5.55127116110815,0.308577896492371,1
"5827","PmetTSAr1.1-005881",6.56428368562225,6.69327390482042,7.09272331325299,4.89822269065497,7.10005329437728,5.79552823779104,7.08236782046811,6.48219736317517,0.0700688014049241,2.70544427829216,0.819394164514854,1
"5828","PmetTSAr1.1-005882",24.1439749258846,28.8851953848028,22.082011915261,20.9696884918851,25.4873708003287,22.7863207788272,23.8872760808688,23.8057990499141,-0.00199908423391627,4.58902406291839,0.995980738050555,1
"5829","PmetTSAr1.1-005883",8.54256096074128,8.47814694610587,5.91060276104415,6.88398864632591,8.26519024524945,7.54832214385467,7.66907284701576,8.15228314670065,0.0843921195620225,2.95307954848028,0.772062879673138,1
"5830","PmetTSAr1.1-005884",5.48522335373914,4.22419953104222,13.523459117269,6.08968226405753,6.22620058122315,6.53057084355966,6.70520030340176,5.43485543113377,-0.231074933796903,2.77099083885651,0.520109580706925,1
"5831","PmetTSAr1.1-005885",22.3455410394127,16.837302356126,41.7052130819276,22.5583012564218,21.1181072345581,26.7725133716493,20.9537509481305,24.5700755949172,-0.145918062725233,4.62401993335424,0.657825570374674,1
"5832","PmetTSAr1.1-005886",8.58752180790308,12.1073887967196,10.8282242582329,14.1916073631949,10.4862325578495,12.3260990813507,11.0216729987166,14.1532693519109,0.0680684827747349,3.55828243302396,0.818600607355979,1
"5833","PmetTSAr1.1-005887",9.21697366816823,10.4712551755413,11.7266358779116,14.3769455190576,9.10263242868882,12.9480582093088,12.530343066982,13.8418974261688,0.0801244600865908,3.56610700655489,0.790884127724108,1
"5834","PmetTSAr1.1-005888",27.2462733800485,25.3154493022319,21.7983029827308,27.2711857912142,23.4847916660171,31.1544981368084,54.7311974765169,30.7125944936466,0.463343905083747,4.92073473148225,0.156824805993719,1
"5835","PmetTSAr1.1-005889",30.8431411529922,27.3085575316673,25.439234283534,29.3363823851119,30.0022764849583,30.9848729200926,34.2384290492452,31.3636448838345,0.164815375677737,4.90709024921621,0.562781824848822,1
"5836","PmetTSAr1.1-005890",52.6491520264634,56.7292148288558,24.9191012405622,39.6623653546008,40.0515826862308,40.6252394034425,44.3800445081404,45.8282861614874,-0.0259741825450978,5.43199594613766,0.938752293713848,1
"5837","PmetTSAr1.1-005891",24.9982310219587,15.4094039230977,92.0635486060237,59.7318399465817,43.0372461228407,70.366194067619,29.5238350859159,22.6169244243536,-0.215231005192179,5.48437768189831,0.666214406541882,1
"5838","PmetTSAr1.1-005892",30.8431411529922,34.2695623926806,35.747325498795,36.7499086196168,36.7018139524733,42.3780333095062,53.1177586535108,48.6306334931657,0.394121568218424,5.31738780172156,0.191853289869835,1
"5839","PmetTSAr1.1-005893",12.0495070393614,12.7618422451909,16.8333966634538,28.9921829527957,10.6318746767085,27.6771811941338,20.1156009102053,15.7950485967325,0.0707729019227193,4.18427980993769,0.850292036408023,1
"5840","PmetTSAr1.1-005894",9.89138637559517,11.8694057245482,16.4551180867469,24.3057752974122,9.21186401783308,22.5318829537534,15.4010069468759,12.0302789491242,-0.0798738241715857,3.93373018158997,0.829220817867379,1
"5841","PmetTSAr1.1-005895",21.2215198603678,16.3018404437404,21.6564485164658,19.0103994156231,18.4965490950957,19.8178794863001,18.145948321081,17.4085213028504,-0.0812426451819412,4.25282901053977,0.773345154014102,1
"5842","PmetTSAr1.1-005896",30.9330628473158,31.0865388023882,26.101221792771,28.9127523145688,28.7279079449419,26.5746172854808,35.2023015928592,31.6184037321689,0.0614944012869042,4.90491991632962,0.831872600961277,1
"5843","PmetTSAr1.1-005897",22.0308151092802,17.9974698329616,23.5478413999999,137.150235338339,17.3678226739383,38.476653325042,10.6235517307022,115.235919063258,-0.144010669720945,5.58152658267035,0.83712732208606,1
"5844","PmetTSAr1.1-005898",24.5486225503407,20.2285611345684,260.539369706826,28.2243534499362,25.0504444437516,30.0519342281555,25.7940674171486,25.9854025301083,-1.64138165779173,5.78287099992166,0.0134616348798297,1
"5845","PmetTSAr1.1-005899",4.63096725766501,5.71159373211343,5.24861525180721,6.32797417873805,4.62413727377392,5.85206997669631,7.77384160175642,6.45389082447135,0.172410916916643,2.56016937725752,0.56131528798293,1
"5846","PmetTSAr1.1-005900",7.41853978169638,8.65663425023441,6.90358402489957,7.59886439036744,6.5903058783707,7.63313475221258,8.50722288494098,8.35042891762741,0.0234278134484367,2.9583960518482,0.938723713531579,1
"5847","PmetTSAr1.1-005901",14.9719621048781,5.41411489189919,20.1433342096385,39.582934716374,29.2012448312337,37.7133398498207,2.93352513273827,6.70864967280575,-0.0663131138354795,4.29582576394732,0.919069726150371,1
"5848","PmetTSAr1.1-005902",52.0197001661982,44.7110696842004,51.8241650088351,42.7866371248564,47.9526676343327,48.3149158945604,50.896661053009,43.6203761425893,-0.00390730283840943,5.57968147656783,0.990068322759259,1
"5849","PmetTSAr1.1-005903",21.850971720633,24.1552818253964,18.6302199028112,26.87403260008,19.4068123379646,25.8113038102596,19.591757136502,31.590097193465,0.0743025949190972,4.55797534279799,0.805778800203765,1
"5850","PmetTSAr1.1-005904",19.2432425852488,12.8213380132338,15.131143068273,32.5136079141854,30.6576660198239,24.5391146848908,19.9689246535684,17.9746520769268,0.223045463899409,4.43777539744288,0.51809003697557,1
"5851","PmetTSAr1.1-005905",4.8108106463122,3.3317630103995,3.73550094497991,7.8636331844569,6.37184270008217,6.44575823520174,6.16040277875037,5.06687042798409,0.279387525194857,2.47055793228244,0.390682818984651,1
"5852","PmetTSAr1.1-005906",12.4991155109794,11.8991536085696,13.8071680497991,12.8412865133387,12.6708643407348,18.884940794363,20.9118434462342,18.569089389707,0.477908541723926,3.93828453522366,0.103723287751527,1
"5853","PmetTSAr1.1-005907",13.3533716070535,11.8396578405268,12.719617141767,13.662069775016,12.4159906327315,17.0473342799414,20.4299071744272,16.6442447578472,0.368444191199569,3.89075273226685,0.208422581898404,1
"5854","PmetTSAr1.1-005908",46.5344768124591,56.1640050324487,34.9907683453814,58.2756115790897,49.3726782932081,54.1387150018041,49.5346672413805,60.4344601326594,0.123048024641155,5.67945612543431,0.707626239835069,1
"5855","PmetTSAr1.1-005909",81.7837809873073,91.0285251055577,72.156638506827,83.9317077263582,79.9211127238878,86.1413392221916,100.326559539649,89.703421152411,0.11457353925135,6.42106376510163,0.763677924158812,1
"5856","PmetTSAr1.1-005910",12.7688805939501,14.873942010712,8.32212868755017,13.5826391367892,13.4354854647447,14.8987482015409,16.8887232641932,16.191340138586,0.308274338498839,3.80128966845682,0.303905703800557,1
"5857","PmetTSAr1.1-005911",13.2634499127299,14.9036898947335,9.31510995140559,15.1977287807349,13.6175381133185,17.471397321731,17.8316420568591,16.0498074450669,0.301209072507755,3.88533032530749,0.311337433046418,1
"5858","PmetTSAr1.1-005912",12.6339980524647,13.4757914617051,7.70742600040158,13.3178703426997,13.544717053889,15.0401025488041,17.1401682755708,14.7194001259873,0.357330306424472,3.75689996005385,0.236348574396029,1
"5859","PmetTSAr1.1-005913",13.2184890655681,14.2194885622407,7.94385011084334,14.0592229661502,13.2170222864562,15.3793529822357,16.5953707509194,15.7667420580287,0.300635116103481,3.79399246242272,0.320619881047812,1
"5860","PmetTSAr1.1-005914",27.6059601573429,50.3929155322924,5.24861525180721,32.5930385524123,16.3483278419251,23.5496342540485,91.5469378923822,70.5398944499237,0.801675755737327,5.31549467254604,0.169243023525011,1
"5861","PmetTSAr1.1-005915",18.2541039476893,14.100497026155,13.6653135835341,17.2629253746327,14.0180539401808,13.2307669038351,12.2788980556045,16.983923222293,-0.163614588406926,3.91010562713463,0.573287532512735,1
"5862","PmetTSAr1.1-005916",10.3409948472131,12.9403295493195,13.523459117269,16.5745265100001,12.4888116921611,15.0401025488041,16.5534632490231,17.1254559158121,0.196690186385137,3.84722817907665,0.506474405562228,1
"5863","PmetTSAr1.1-005917",14.2975493974512,13.7732703019194,11.4902117674698,14.1121767249681,15.5108856584857,14.0506221179617,17.8106883059109,15.9082747515478,0.237231327996867,3.87633528439199,0.40272313142571,1
"5864","PmetTSAr1.1-005918",42.1283137906031,30.2833459338097,15.131143068273,11.0143818341215,16.2755067824956,6.10650780177007,28.6018700441981,63.6330990061912,0.218200545229516,4.73925383809925,0.695096181966976,1
"5865","PmetTSAr1.1-005919",17.6696129345859,14.9631856627763,17.8736627493975,17.4217866510863,15.4380645990562,21.1466103505741,17.6849658002221,16.3045662934013,0.055777426597554,4.11889621636794,0.848463551209184,1
"5866","PmetTSAr1.1-005920",15.1967663406871,12.2858761008482,21.3727395839357,13.9268385691055,17.8775700899448,16.849438193773,13.6827993691292,16.1347270611784,0.0410661439936436,3.99731211679273,0.894687599009355,1
"5867","PmetTSAr1.1-005921",3.28214184281112,5.0571402836421,6.24159651566263,7.17523431982431,4.33285303605588,8.14201040236009,8.61199163968164,9.39777084966881,0.485630780004101,2.72345126024113,0.158279108921732,1
"5868","PmetTSAr1.1-005922",3.5519069257819,4.10520799495653,5.53232418433733,5.56014467587862,4.8061899223477,6.55884171301229,7.10332157141624,7.303086985586,0.459415293976185,2.49441862636293,0.127084613743376,1
"5869","PmetTSAr1.1-005923",2.92245506551675,3.65898973463516,3.83007058915661,4.89822269065497,2.94925290689518,5.28665258764353,5.92991151832093,5.71792081817199,0.37604623592537,2.161071644269,0.231444334974239,1
"5870","PmetTSAr1.1-005924",3.19222014848753,3.77798127072086,3.16808307991967,4.20982382602238,2.65796866917713,3.6752130288431,4.40028769910741,5.01025735057644,0.132528058262272,1.93766929241582,0.651556004479239,1
"5871","PmetTSAr1.1-005925",39.5655455023807,51.9398055014065,32.0118245538151,21.6845642359266,35.5730875313159,38.3352989777788,42.9761431946157,34.7038164508854,0.0622886221056788,5.21574331914335,0.851436150666082,1
"5872","PmetTSAr1.1-005926",20.4571854586173,21.8349468717253,22.885853890763,26.4768794089458,22.3560652448597,28.7797451027867,30.8020138937518,26.0986286849236,0.237180503734266,4.64556571821951,0.410862681726439,1
"5873","PmetTSAr1.1-005927",10.7906033188311,4.87865297951355,10.308091215261,32.1694084818691,21.1909282939876,15.7751451545727,4.1907501896261,6.82187582762103,-0.279611305169921,3.73637832443018,0.605995757425351,1
"5874","PmetTSAr1.1-005928",28.5950987949024,25.7319196785318,37.9224273148593,34.2875588345848,34.7720558775913,33.9815850820723,34.3222440530378,32.2694541223568,0.0972996385023973,5.03545120543427,0.741893268230214,1
"5875","PmetTSAr1.1-005929",5.12553657644477,5.56285431200631,4.63391256465862,5.24242212297127,4.66054780348867,6.21959127958062,5.40606774461767,4.72719196353823,0.030453117056365,2.39549159978326,0.917887561860677,1
"5876","PmetTSAr1.1-005930",26.03233050668,39.6241815165369,18.0628020377509,24.2792984180033,20.6447703482662,33.6423346486406,45.5115470593394,30.7409010323504,0.273305843605944,4.90171654679462,0.427223803796292,1
"5877","PmetTSAr1.1-005931",128.992670507193,133.627495024237,100.338392471486,118.457558475624,110.287494505994,136.774466411868,138.043311246284,150.788931675258,0.154653494403976,6.99129568626765,0.698615754194115,1
"5878","PmetTSAr1.1-005932",15.4665314236579,16.5398235159118,17.1643904180722,13.4237778603355,12.4888116921611,20.8639016560477,29.6076500897084,19.5881247830446,0.400740798461222,4.18695292895891,0.211577866948106,1
"5879","PmetTSAr1.1-005933",18.2091431005275,17.2240248484046,15.6039912891566,20.6519659389777,20.8996440562695,28.8645577111446,30.9486901503888,24.1171709756561,0.548013605936363,4.46841048101726,0.0603360638007987,1
"5880","PmetTSAr1.1-005934",27.4261167686957,32.0087232070523,19.1976377678714,23.3790845180991,26.7981498700599,24.2846768598171,26.3807724436963,24.9380605980669,0.00498302423245433,4.67895166907968,0.987049351728679,1
"5881","PmetTSAr1.1-005935",10.3859556943749,3.95646857484941,14.0908769823293,11.6233500605272,11.0323905035708,9.32938691937094,2.28395885334622,4.41582003779619,-0.566867746899385,3.07557355931537,0.225852028980613,1
"5882","PmetTSAr1.1-005936",75.1295756073615,27.4572969517744,46.0554167140561,29.4687667821567,38.8864457353586,32.4549581316298,30.0895863615154,28.2499256264141,-0.457161361685374,5.26737435058194,0.205871434814158,1
"5883","PmetTSAr1.1-005937",25.6726437293856,25.8509112146175,45.2988595606424,30.4219344408787,32.5146030352765,38.9289872362842,32.1221002034841,29.9483179486434,0.0699413675807778,5.02913079161524,0.823803968067586,1
"5884","PmetTSAr1.1-005938",21.5362457905004,15.3201602710334,38.3007058915661,17.4747404099042,23.3391495471581,21.6837568701743,18.7116995966805,22.1357132663886,-0.107942114225139,4.4829019380835,0.745296363357387,1
"5885","PmetTSAr1.1-005939",13.8479409258332,10.9472213198841,6.05245722730921,23.4849920357349,19.0062965111023,14.8704773320882,13.7456606219736,12.3699574135701,0.140084505893379,3.84409294122512,0.706788442794079,1
"5886","PmetTSAr1.1-005940",32.0121231791989,32.8416639596522,29.0801655843372,30.7396569937861,23.6668443145909,25.3306990295647,25.4588074019786,28.3065387038217,-0.278802822990395,4.83233708328567,0.323167595742727,1
"5887","PmetTSAr1.1-005941",15.0618837992017,5.77108950015627,14.2327314485943,16.9452028217253,16.8216647282169,9.55555387499205,2.43063510998314,6.2557450535446,-0.570689690148243,3.44981915647642,0.232904992093401,1
"5888","PmetTSAr1.1-005942",12.1843895808468,9.81680172706995,13.4288894730923,13.7679772926518,13.7267697024627,19.2524620972473,11.1683492553536,10.0205147011529,0.138735173594159,3.69837412546174,0.65883345197616,1
"5889","PmetTSAr1.1-005943",11.2402117904491,9.69781019098426,11.9630599883534,13.211962825064,11.6149589790069,16.0861247185517,10.3511529683765,10.2752735494873,0.0673097886545498,3.56884379770048,0.823245236520922,1
"5890","PmetTSAr1.1-005944",15.5564531179815,16.8670502401475,12.6250474975903,19.3016450891215,15.328833009912,19.1676494888894,26.3598186927482,21.8526478793504,0.36159378913821,4.20601001887344,0.23415039760981,1
"5891","PmetTSAr1.1-005945",48.3329106989309,44.7110696842004,44.447732763052,47.7642904537382,42.3454460582604,52.4424628346457,48.6127021996628,44.6677180746307,0.0218130355262884,5.54622402690814,0.943919729821308,1
"5892","PmetTSAr1.1-005946",39.9252322796751,42.3907347305293,35.1326228116465,31.8781628083707,34.6264137587323,36.1301711604729,42.4313456699643,41.6106118946179,0.0521421088297219,5.25090948517618,0.862460734003108,1
"5893","PmetTSAr1.1-005947",42.9825698866772,43.6103979754077,50.6420444566263,62.8561117168373,45.6588042623031,49.7850011060976,59.2781614322612,56.7829166398664,0.0799651022169025,5.6869528080643,0.80580843348948,1
"5894","PmetTSAr1.1-005948",34.0353613014797,34.9835116091947,23.1222780012047,32.3547466377318,26.7981498700599,37.2610059385785,40.0216643109293,38.0156814792326,0.190667398997264,5.06148117334209,0.532357792974585,1
"5895","PmetTSAr1.1-005949",29.6741591267855,33.6746047122521,22.5548601361445,23.5379457945528,32.8058872729945,25.8678455491649,34.8041803248448,29.2689610197517,0.165356826386979,4.8623682630544,0.579883607381816,1
"5896","PmetTSAr1.1-005950",26.9765082970777,27.1300702275388,28.7018870076304,31.0044257878755,32.8058872729945,29.9105798808923,30.026725108671,36.7135806988568,0.18553893422509,4.92942637088162,0.516159761014754,1
"5897","PmetTSAr1.1-005951",71.1730210571234,30.7890599621739,20.0014797433734,20.4931046625241,32.0048556192699,12.9763290787614,18.94219085711,41.6389184333217,-0.432176436946228,4.95636317597848,0.337638991682388,1
"5898","PmetTSAr1.1-005952",38.2616809346886,38.7614928799156,34.943483523293,40.4037179780513,40.1608142753751,37.0348389829574,39.6444967938629,40.648189578688,0.0474612176536526,5.27782003134497,0.871243377586857,1
"5899","PmetTSAr1.1-005953",11.8696636507142,15.2011687349477,7.3764322457831,10.8555205576678,7.06364276466252,19.3655455750579,24.3273048507795,16.6159382191433,0.572443456772118,3.82420328263839,0.127861056601829,1
"5900","PmetTSAr1.1-005954",18.0742605590421,24.2147775934392,9.40967959558229,17.2364484952237,12.9257380487381,27.0834929356284,36.5433416535396,27.2875033104841,0.590545733609714,4.43814327655838,0.110573452508409,1
"5901","PmetTSAr1.1-005955",11.1502900961255,12.2858761008482,13.9963073381526,14.1121767249681,13.8724118213218,16.0295829796464,14.290458146625,14.3231085841338,0.182713861897317,3.78888000054547,0.518996721046548,1
"5902","PmetTSAr1.1-005956",14.0727451616422,14.5764631704978,10.970078724498,12.0999338898882,14.0544644698955,13.1742251649299,14.2066431428325,14.0683497357994,0.101483402183691,3.75128966225052,0.722045286457787,1
"5903","PmetTSAr1.1-005957",40.0151539739986,48.1023284626428,4.01920987751002,31.0838564261024,31.8956240301256,16.6798129770571,45.3648708027025,29.8350917938281,0.00613464566858077,4.95180765323312,0.990762929974084,1
"5904","PmetTSAr1.1-005958",36.2834036595696,37.5418296350372,45.9608470698793,30.5013650791056,40.1972248050898,36.045358552115,41.111259360232,36.4305153118186,0.0336416785144242,5.25047632008198,0.912326110032989,1
"5905","PmetTSAr1.1-005959",20.951754777397,17.7892346448116,11.1592180128514,12.9207171515656,15.1467803613382,16.2840208047202,14.2066431428325,12.9360881876465,-0.100952889970551,3.92918399085429,0.743447449736349,1
"5906","PmetTSAr1.1-005960",32.5516533451405,28.2902377043743,28.0871843204818,29.4158130233388,29.9294554255288,24.7935525099646,26.0664661794743,28.4763779360446,-0.115227246619685,4.83338798445553,0.684857515046605,1
"5907","PmetTSAr1.1-005961",11.9595853450378,10.382011523477,13.8071680497991,17.0246334599521,13.2534328161709,12.0716612562769,6.1813565296985,11.4075350976402,-0.311323506423347,3.59295263158635,0.340563563240347,1
"5908","PmetTSAr1.1-005962",13.1285673712445,12.8213380132338,22.5548601361445,18.7191537421247,16.9308963173612,23.3234672984273,25.5426224057711,20.3524013280478,0.358890050873162,4.26591018462808,0.249553992434974,1
"5909","PmetTSAr1.1-005963",15.8711790481141,12.9998253173623,40.6176621738954,60.7909151229396,26.2884024540533,34.7731694267462,16.7420470075563,18.7955416993376,-0.432071088102131,4.82887762036401,0.334974928495956,1
"5910","PmetTSAr1.1-005964",72.2071205418447,65.9213109914758,41.7052130819276,54.5688484618373,60.2958372076347,61.8566623623746,57.1408788355519,52.7633881439237,-0.0146023746642994,5.86714116537704,0.966850507814167,1
"5911","PmetTSAr1.1-005965",25.2230352577677,27.3383054156887,26.0539369706826,20.4136740242972,26.2155813946238,16.8777090632256,17.1611220265189,24.5417690562134,-0.224175117283439,4.52559790008032,0.453276323109393,1
"5912","PmetTSAr1.1-005966",19.0184383494398,22.1919214799824,60.4772874510038,12.6294714780671,16.1298646636366,9.32938691937094,6.9356915638312,33.5432483640287,-0.793239526830264,4.49588920194527,0.121816211771289,1
"5913","PmetTSAr1.1-005967",27.0664299914013,17.1347811963403,32.6265272409637,49.1675650624124,34.6992348181618,47.9473945916761,21.7080859822632,20.4656274828631,-0.014052036118623,4.97330866828728,0.971912427165253,1
"5914","PmetTSAr1.1-005968",8.63248265506487,9.96554114717707,4.87033667510038,8.2078326167732,7.53697965095434,9.04667822484454,8.40245413020033,8.2088962241083,0.0652086862755777,3.03149092120599,0.832619730551063,1
"5915","PmetTSAr1.1-005969",46.1747900351647,41.2900630217366,57.2619195489958,41.2509781191376,47.4793307480409,48.4562702418236,45.9725295801983,47.8946634868663,0.0297126987014868,5.55551232587031,0.924952579429327,1
"5916","PmetTSAr1.1-005970",8.3177567249323,13.5947829977908,14.6582948473895,16.8657721834985,8.3016007749642,18.0933564496891,11.88077678759,11.9170527943089,-0.0909218271610536,3.70273909960542,0.788601919477145,1
"5917","PmetTSAr1.1-005971",17.0401610743208,69.6695443781752,9.07868584096382,13.9268385691055,28.8371395340862,15.6055199378568,14.7933481693801,15.5685962871019,-0.553775332087165,4.53189455792247,0.281227324479114,1
"5918","PmetTSAr1.1-005972",10.1161906114042,19.6633513381613,3.92464023333332,11.5174425428914,17.2950016145088,18.2347107969523,5.38511399366954,7.18986083077072,0.0860260140591494,3.55243117334612,0.85270012354169,1
"5919","PmetTSAr1.1-005973",17.8494563232331,20.7342751629326,15.4148520008032,14.668191192556,18.5693701545252,14.5312268986566,20.6184909329604,17.465134380258,0.0519577148574919,4.13296427424815,0.860916192933588,1
"5920","PmetTSAr1.1-005974",9.62162129262439,11.1257086240126,6.5725902702811,7.83715630504796,9.06622189897406,7.54832214385467,9.97398545131012,9.48269046578027,0.0361229514413557,3.16483387717851,0.906076774444122,1
"5921","PmetTSAr1.1-005975",8.27279587777051,10.9472213198841,6.99815366907628,8.31374013440898,9.28468507726259,8.02892692454953,9.86921669656947,9.17131854003824,0.0724268180039132,3.15812506498908,0.804205372130933,1
"5922","PmetTSAr1.1-005976",2.96741591267855,3.62924185061374,1.93867770562248,3.33608680552717,2.22104231260007,3.59040042048518,2.80780262704949,2.83065387038217,-0.059093371411702,1.57669129971985,0.848799789983361,1
"5923","PmetTSAr1.1-005978",36.4182862010549,37.9880478953586,34.5179201244979,45.6196632216136,36.6654034227586,39.0703415835474,47.208800886138,35.7794649216306,0.0383517561642329,5.293709446883,0.899039502361406,1
"5924","PmetTSAr1.1-005980",22.3455410394127,25.8509112146175,25.5810887497991,20.0694745919809,23.3027390174434,20.5811929615213,22.797681031566,21.909260956758,-0.0829127683623978,4.51499065632892,0.76926203886846,1
"5925","PmetTSAr1.1-005981",18.7037124193072,17.1347811963403,18.5356502586345,16.627480268818,18.8606543922432,22.5601538232061,22.5043285182922,22.4753917308344,0.283922953877062,4.30302106412093,0.310556510726438,1
"5926","PmetTSAr1.1-005982",14.9270012577163,4.8191572114707,24.5881074859437,14.9859137454633,18.2780859168071,11.0821808254346,3.58309141213032,6.34066466965606,-0.595029523427309,3.62753935128799,0.226588000260508,1
"5927","PmetTSAr1.1-005983",38.2616809346886,33.882839900402,26.7159244799196,27.3241395500321,33.3520452187158,28.2425985831866,29.6495575916047,31.0522729580924,-0.0451468364258783,4.95973350769873,0.878211083487858,1
"5928","PmetTSAr1.1-005984",13.5332149957007,14.9036898947335,14.0435921602409,17.6600785657668,13.3262538756004,15.8882286323832,15.421960697824,17.6632801511848,0.0502023787113164,3.94212924884418,0.861499637283591,1
"5929","PmetTSAr1.1-005985",25.0431918691205,17.6999909927473,13.9490225160642,13.662069775016,16.3847383716399,23.662717731859,18.7745608495249,13.9551235809841,0.0497992772800651,4.16600275692493,0.878821300188963,1
"5930","PmetTSAr1.1-005986",28.5501379477406,18.0569656010044,12.2940537429718,15.3036362983707,16.3119173122104,23.7758012096696,17.1401682755708,14.5495608937644,-0.0473639885034955,4.19427232113101,0.887454540097686,1
"5931","PmetTSAr1.1-005987",38.7112894063065,42.7774572228079,35.0380531674697,36.2998016696647,39.5054247405095,41.9539702677166,43.0390044474601,35.2699472249619,0.0640284755092887,5.29050038609524,0.829212641018247,1
"5932","PmetTSAr1.1-005988",30.7981803058304,27.5167927198173,29.2693048726907,44.5605880452558,29.3832974798075,46.618663727402,36.7319254120728,38.3553599436784,0.192938765372906,5.14864706718997,0.538924056522597,1
"5933","PmetTSAr1.1-005989",18.9285166551162,23.6495677970322,8.74769208634535,18.6661999833068,16.2390962527809,21.7402986090795,47.8164596636338,33.7980072123631,0.772327311813253,4.57183089126876,0.0473994082933678,1
"5934","PmetTSAr1.1-005990",42.8926481923536,42.5989699186793,20.7107520746987,45.6461401010226,38.9592667947881,50.463501972961,44.1914607496072,48.8287792640925,0.264262952647546,5.38740662251395,0.427005139233049,1
"5935","PmetTSAr1.1-005991",4.22631963320885,5.14638393570637,2.26967146024096,3.70676311725241,3.31335820404273,5.34319432654881,3.9812126801448,4.21767426686944,0.130729392575671,2.03350352006646,0.674292582006155,1
"5936","PmetTSAr1.1-005992",8.00303079479973,9.45982711881286,6.24159651566263,7.46647999332272,11.2144431521446,9.69690822225525,10.0787542060508,9.08639892392677,0.360313478386176,3.16551545540227,0.213342340386733,1
"5937","PmetTSAr1.1-005993",30.2586501398889,29.3611615291456,26.243076259036,26.4768794089458,30.5484344306797,24.1998642514592,21.2471034614043,29.2689610197517,-0.0942712752471229,4.76861972364816,0.745973543717342,1
"5938","PmetTSAr1.1-005994",13.2634499127299,12.9998253173623,15.0838582461847,16.097942680639,13.3626644053152,15.4924364600463,13.3684931049073,15.4270635935828,0.00494479785657835,3.8529048551869,0.988155227504408,1
"5939","PmetTSAr1.1-005995",25.5377611879003,24.8097352738677,27.3779119891565,26.7946019618532,24.395054908886,26.3201794604071,26.7998474626589,28.419764858637,0.0196033332844766,4.72075730735739,0.945635379753224,1
"5940","PmetTSAr1.1-005996",32.5066924979787,29.2719178770813,30.2150013144577,33.8374518846327,30.2207396632469,35.2537742074411,37.737705457583,38.100601095344,0.167537031134942,5.06428874355223,0.562973139820353,1
"5941","PmetTSAr1.1-005997",82.952763013514,80.2597910898022,61.044705316064,61.3734064699364,81.2683023233338,47.7494985055076,67.0310492830695,65.5579436380511,-0.126800363193837,6.09724626275268,0.742107091428941,1
"5942","PmetTSAr1.1-005998",9.93634722275697,12.4048676369338,10.3553760373494,15.3301131777796,7.02723223494777,15.5489781989516,16.5115557471268,12.4548770296816,0.101743924277967,3.64607876110806,0.760587041942627,1
"5943","PmetTSAr1.1-005999",39.2508195722481,35.3702341014733,36.5511674742971,34.6317582669011,41.7628775828243,39.9184676671265,38.7434855030933,40.3368176529459,0.140982730268715,5.26235269857627,0.629227605338707,1
"5944","PmetTSAr1.1-006000",36.1035602709224,22.3109130160681,18.2992261481927,19.0898300538499,25.7786550380467,18.3477942747628,15.0238394298096,21.5412759536083,-0.247715979035406,4.46681263531995,0.447110741778482,1
"5945","PmetTSAr1.1-006001",11.7347811092288,10.3225157554342,7.70742600040158,7.78420254623007,10.704695736138,7.23734257987564,6.01372652211345,9.45438392707645,-0.169926133876034,3.15778345585902,0.590431833924915,1
"5946","PmetTSAr1.1-006002",25.2679961049295,25.0774662300605,42.7454791678713,42.018807621997,35.6094980610307,38.5331950639472,26.2131424361113,26.6647594590001,-0.0893138775275639,5.0367075163895,0.783691522655218,1
"5947","PmetTSAr1.1-006003",17.1750436158062,15.7068827633119,11.7739207,13.9533154485144,14.2001065887546,12.0999321257296,13.7456606219736,15.5969028258058,-0.075204278726995,3.84221678536375,0.796794547906546,1
"5948","PmetTSAr1.1-006004",11.8247028035524,5.14638393570637,38.7735541124497,10.723136160623,23.8853074928795,11.7606816922979,4.1907501896261,6.45389082447135,-0.521712738801847,3.81955910897526,0.357846393460226,1
"5949","PmetTSAr1.1-006005",14.4773927860984,14.4574716344121,17.2589600622489,17.8983704804474,14.7462645344759,16.0295829796464,14.1018743880918,14.3231085841338,-0.114753775891547,3.95158385360874,0.686119639496229,1
"5950","PmetTSAr1.1-006006",13.3533716070535,12.4643634049767,15.5094216449799,14.9329599866454,14.8190855939054,16.6515421076045,15.2333769392909,16.5310186030319,0.168919030328062,3.90685516778178,0.549013632615041,1
"5951","PmetTSAr1.1-006007",13.4432933013771,13.6840266498551,17.4953841726907,16.3362345953196,16.2026857230661,18.489148622026,16.218203233853,15.879968212844,0.131941549390809,4.00279035063726,0.644428132921361,1
"5952","PmetTSAr1.1-006008",32.5966141923023,25.3154493022319,25.0136708847389,38.6827208164698,29.8930448958141,40.6252394034425,30.5715226333224,24.8814475206593,0.0504934948158735,4.95476489554114,0.870678940703793,1
"5953","PmetTSAr1.1-006009",30.438493528536,33.1986385679093,35.3217620999999,35.3995877697605,35.4274454124569,36.8086720273362,37.2138616838798,37.1947918568217,0.126177506921706,5.13705931274547,0.662575060671079,1
"5954","PmetTSAr1.1-006010",23.9641315372374,24.5420043176749,24.1625440871485,25.1000816796806,28.2181605289353,27.0552220661757,27.0303387230883,26.1552417623313,0.14950092496711,4.69162671296485,0.591304551100348,1
"5955","PmetTSAr1.1-006011",30.4834543756978,34.4777975808305,20.1433342096385,26.3444950119011,28.8735500638009,28.3274111915445,32.2059152072766,31.3636448838345,0.115495706743521,4.86263869520493,0.699451070107087,1
"5956","PmetTSAr1.1-006012",66.1374061750023,68.3011417131897,24.7772467742971,44.7194493217095,42.0177512908276,42.7455546123905,55.2759950011683,64.9918128639747,0.0076237205371189,5.67773121989702,0.984224339001694,1
"5957","PmetTSAr1.1-006013",24.27885746737,25.7914154465747,20.0014797433734,18.58676934508,21.0088756454138,18.9414825332683,20.1994159139978,19.8994967087867,-0.147364449353987,4.40242776420699,0.604600538904689,1
"5958","PmetTSAr1.1-006014",9.80146468127158,10.0845326832628,6.00517240522086,9.18747715490419,9.06622189897406,10.1492421334975,11.4197942667311,10.4168062430064,0.225644946976285,3.26079255498207,0.448779477055145,1
"5959","PmetTSAr1.1-006015",9.98130806991876,11.7206663044411,8.13298939919676,9.31986155194892,7.93749547781665,9.24457431101302,9.63872543614003,10.8697108622675,-0.0554173368247315,3.27351945930377,0.852085893583696,1
"5960","PmetTSAr1.1-006016",10.7006816245075,13.8922618380051,7.32914742369475,16.4156652335464,10.0857167309872,10.6863886530976,18.7116995966805,15.1156916678408,0.174205904311919,3.69415160072,0.607671974574277,1
"5961","PmetTSAr1.1-006017",21.2215198603678,29.390909413167,14.3745859148594,8.79032396377001,15.7293488367743,25.8395746797122,7.31285908089755,8.18058968540448,-0.371139331784214,4.03638411711763,0.400608226387475,1
"5962","PmetTSAr1.1-006018",21.5362457905004,17.7892346448116,45.2988595606424,33.7580212464059,22.2104231260007,25.2176155517542,22.8186347825141,16.6442447578472,-0.445564837223282,4.68430549587969,0.192645567092632,1
"5963","PmetTSAr1.1-006019",27.9656469346373,11.2149522760769,36.6930219405621,18.08370863631,35.0633401153093,14.3050599430354,16.1134344791124,15.7384355193249,-0.209634295079133,4.4552720637192,0.601945567669843,1
"5964","PmetTSAr1.1-006020",62.8552643321911,53.7246785426919,56.8363561502006,52.3712674708948,57.1645316521658,44.6962446046226,52.3215161174819,49.2816838833536,-0.15010328116132,5.74721089061011,0.639054559512519,1
"5965","PmetTSAr1.1-006021",36.5082078953785,43.4021627872578,30.5932798911645,38.3385213841535,39.3233720919357,45.8553502521808,48.7384247053515,42.3182753622135,0.243463093211666,5.34707678335834,0.419245581141765,1
"5966","PmetTSAr1.1-006022",75.7140666204648,91.3854997138148,75.3247215867467,108.978835647221,86.7662923102618,110.708724776535,116.838115286776,110.933325180277,0.275062453560553,6.60217766605151,0.485116484093303,1
"5967","PmetTSAr1.1-006023",23.1098754411633,22.8761228124751,27.1887727008031,25.9738187001758,23.9217180225942,23.4365507762379,27.9103962629098,24.0039448208408,0.00213189406099915,4.63602683784396,0.995843681517838,1
"5968","PmetTSAr1.1-006024",44.1515519128839,38.4937619237228,54.3775454016062,69.7930541219811,45.4767516137293,69.5180679840398,50.8547535511127,51.7160462118823,0.0729957051818845,5.73099072038455,0.831716972930714,1
"5969","PmetTSAr1.1-006025",16.2308658254084,17.3430163844902,10.2135215710843,12.3647026839777,11.7241905681512,19.3938164445105,28.4342400366131,18.2860240026688,0.471701869594476,4.07243579769033,0.160695478150073,1
"5970","PmetTSAr1.1-006026",14.8370795633928,27.6655321399244,11.4902117674698,16.8128184246806,13.7631802321775,27.1965764134389,49.4718059885361,26.7496790751115,0.726301802736911,4.55974392670728,0.0650440496361348,1
"5971","PmetTSAr1.1-006027",21.9408934149566,19.9013344103327,40.0029594867468,23.3261307592812,32.4417819758469,31.4937485702401,23.4262935600099,24.5700755949172,0.0905177408420616,4.76509336828683,0.779181564753921,1
"5972","PmetTSAr1.1-006028",58.4940621574969,49.5302268956711,32.2955334863453,40.4831486162781,48.207541342336,42.8303672207484,45.8048995726133,42.9127126749937,-0.00843430132237941,5.4960422241005,0.979529729271063,1
"5973","PmetTSAr1.1-006029",6.83404876859303,5.14638393570637,10.0243822827309,6.96341928455275,6.9180006458035,9.21630344156038,2.70303387230883,7.10494121465925,-0.158868865736992,2.78947655848536,0.671415404393142,1
"5974","PmetTSAr1.1-006030",14.1626668559658,11.7801620724839,13.1924653626506,15.0388675042812,12.9621485784529,13.2024960343825,13.808521874818,13.7286712713535,-0.0124997520103963,3.75982698038072,0.966509707072225,1
"5975","PmetTSAr1.1-006031",14.8370795633928,11.4826832322697,7.56557153413652,15.8066970071406,12.3795801030168,19.8178794863001,14.4790419051582,14.2381889680223,0.2925770346826,3.79654265125672,0.363933724437705,1
"5976","PmetTSAr1.1-006032",43.6120217469423,41.9742643542294,31.3025522224898,40.033041666326,44.8941831382933,47.2123519859075,56.0931912881454,54.2636346952262,0.367523436183706,5.49159335627931,0.231294568378913,1
"5977","PmetTSAr1.1-006033",23.4695622184576,28.1414982842672,10.5918001477911,27.6418621029394,21.8099072991384,30.6173516172083,34.678457819156,28.108392932895,0.357818798852244,4.68418786930744,0.297739741190519,1
"5978","PmetTSAr1.1-006034",39.6554671967043,48.3700594188356,22.6967146024096,49.7765332888181,39.1049089136472,52.6686297902668,63.8879866408499,49.3099904220574,0.352383745567597,5.51601153032398,0.306538587654007,1
"5979","PmetTSAr1.1-006035",30.6183369171832,27.6060363718816,42.4617702353412,32.9107611053196,44.8941831382933,32.5680416094404,29.9429101048785,30.486142184016,0.0456654760450676,5.0871015774827,0.882709527801669,1
"5980","PmetTSAr1.1-006036",16.1409441310848,14.9334377787549,15.2729975345381,15.4095438160065,14.8554961236202,17.8954603635206,19.0679133627988,16.8140839900701,0.152948741121618,4.03238097225126,0.590314131513047,1
"5981","PmetTSAr1.1-006037",16.6355134498646,16.9562938922117,15.6039912891566,16.7863415452716,15.1467803613382,15.4924364600463,17.5592432945334,15.5969028258058,-0.0485183754472796,4.02546170069324,0.863779454487517,1
"5982","PmetTSAr1.1-006038",14.6572361747456,14.4872195184335,14.6110100253011,15.144775021917,13.6175381133185,17.8954603635206,17.978318313496,16.8423905287739,0.171923282160916,3.9745068164749,0.544604770863318,1
"5983","PmetTSAr1.1-006039",16.3657483668938,14.8441941266906,12.8141867859437,16.4156652335464,14.3093381778988,17.160417757752,16.218203233853,14.6344805098758,0.0440127718432488,3.94575235290517,0.878284731435338,1
"5984","PmetTSAr1.1-006040",23.5145230656194,11.9883972606339,20.616182430522,11.3056275076199,27.7812341723583,13.3438503816457,8.80057539821481,12.0302789491242,-0.121928034711799,4.01914426303277,0.755544681835001,1
"5985","PmetTSAr1.1-006041",21.176559013206,21.3589807273825,21.5145940502007,21.7110411153356,20.535538759122,20.6660055698793,19.4660346308132,20.8619190247166,-0.0731244747120865,4.39037324889808,0.791759740351398,1
"5986","PmetTSAr1.1-006042",16.9052785328354,17.2835206164474,6.66715991445781,15.9390814041854,17.6226963819416,18.9132116638156,30.7391526409074,17.8048128447039,0.582150601147479,4.15478741172918,0.100024365087223,1
"5987","PmetTSAr1.1-006043",53.9080557469937,58.3653484500341,44.6368720514055,50.3590246358149,53.9968155669821,52.6403589208142,59.1733926775205,51.3763677474364,0.0673507352389033,5.73122062051128,0.832962592182995,1
"5988","PmetTSAr1.1-006044",26.03233050668,15.0226814308192,68.5157072060238,27.4300470676679,38.7772141462144,32.4549581316298,27.0303387230883,16.0215009063631,-0.260889018550981,4.97506776572121,0.543367612030109,1
"5989","PmetTSAr1.1-006045",20.4571854586173,22.0134341758538,12.9087564301204,23.0878388446007,15.8749909556333,26.8290551105546,28.0780262704949,24.4851559788058,0.279345536547343,4.44560729758028,0.37777410171653,1
"5990","PmetTSAr1.1-006046",41.9934312491177,41.736281282058,36.6457371184738,45.6461401010226,37.1387403090504,47.2688937248127,62.6307615839621,50.7253173572485,0.252491378387028,5.50916322300626,0.421723290265993,1
"5991","PmetTSAr1.1-006047",50.086383738241,59.2875328546982,41.4687889714858,56.183938105783,47.2244570400376,53.3471306571302,73.380035820353,66.8034313410192,0.217647818435446,5.80847457561648,0.520861518924386,1
"5992","PmetTSAr1.1-006048",50.2212662797264,41.9742643542294,31.1606977562248,32.4606541553675,39.3233720919357,30.4477264004924,33.714585275542,32.4959064319873,-0.19642826789131,5.19106724217562,0.523968909829271,1
"5993","PmetTSAr1.1-006049",20.9067939302352,10.382011523477,14.9420037799196,13.0001477897924,17.8411595602301,9.89480430842372,8.48626913399285,11.2943089428249,-0.318022682222603,3.74302761934185,0.348158602976575,1
"5994","PmetTSAr1.1-006050",10.4758773886985,9.96554114717707,12.4359082092369,15.3565900571886,11.6877800384364,19.3090038361526,14.2066431428325,13.0493143424618,0.271812397924909,3.74184587952835,0.375745850360866,1
"5995","PmetTSAr1.1-006051",32.1020448735225,39.0589717201298,20.6634672526104,28.9392291939778,26.8345603997746,31.182769006261,35.7261453665625,40.1952849594268,0.149044839445785,4.99578923082521,0.633597923825548,1
"5996","PmetTSAr1.1-006052",12.0495070393614,14.0707491421336,14.2327314485943,16.9981565805432,13.2534328161709,16.2557499352675,16.9515845170376,15.8516616741402,0.119204788381817,3.90930842224272,0.678211171145763,1
"5997","PmetTSAr1.1-006053",18.1192214062039,21.5969637995539,15.79313057751,17.6600785657668,18.1688543276629,20.6660055698793,21.9595309936408,18.4841697735956,0.115398774893247,4.2571743770469,0.685335530935899,1
"5998","PmetTSAr1.1-006054",16.6355134498646,13.8327660699622,14.7055796694779,13.8209310514697,16.6760226093579,16.764625585415,17.3497057850521,19.6164313217485,0.255825237571494,4.02129532003275,0.366335563504332,1
"5999","PmetTSAr1.1-006055",1.97827727511903,3.48050243050662,3.30993754618473,4.84526893183708,2.40309496117385,4.04273433172741,3.68786016687097,3.02879964130892,-0.0541658704410726,1.77298421835293,0.878960039009407,1
"6000","PmetTSAr1.1-006056",18.5688298778218,19.1576373097971,15.5567064670682,18.58676934508,17.6955174413711,20.1854007891844,21.8547622389001,18.73892862193,0.126693301408874,4.23718965554094,0.652758010099215,1
"6001","PmetTSAr1.1-006057",34.5299306202595,33.8233441323592,34.4706353024095,43.6074203865337,38.1582351410635,43.7067641737802,39.3720980315372,37.2797114729332,0.114133828095009,5.25488239326606,0.700897791166247,1
"6002","PmetTSAr1.1-006058",14.567314480422,26.7433477352603,5.67417865060239,8.52555516968055,10.559053617279,9.49901213608677,101.143755826626,16.3894859095128,1.30930286542996,4.59949650377757,0.0473991264858751,1
"6003","PmetTSAr1.1-006059",14.7471578690692,15.7961264153762,13.5707439393574,15.7802201277317,13.3626644053152,22.9842168649957,17.8945033097034,14.8609328195064,0.206208806664763,4.0172089916035,0.490396714566058,1
"6004","PmetTSAr1.1-006060",6.87900961575482,10.1142805672842,9.78795817228912,9.18747715490419,7.68262176981336,13.1459542954772,7.75288785080829,6.45389082447135,-0.0387145612921162,3.16003673220459,0.907221204037521,1
"6005","PmetTSAr1.1-006061",3.46198523145831,4.61092202332074,3.45179201244979,3.1772255290735,3.8231056200493,2.94017042307448,4.33742644626301,3.48170426057007,-0.0122579966476637,1.89683430120954,0.972901770390488,1
"6006","PmetTSAr1.1-006062",41.0042926115582,37.80956059123,42.3199157690761,34.8965270609906,39.2505510325062,36.5825050717151,31.4306264221958,35.8077714603345,-0.12498987917655,5.226651620204,0.670186623076661,1
"6007","PmetTSAr1.1-006063",4.13639793888525,4.96789663157782,4.82305185301203,3.54790184079874,4.11438985776735,2.742274336906,3.03829388747892,3.59493041538536,-0.374803827054285,1.97259343240621,0.186702730189785,1
"6008","PmetTSAr1.1-006064",3.46198523145831,1.30890689694266,4.53934292048191,4.13039318779555,2.25745284231483,4.38198476515908,1.29913255878409,2.37774925112102,-0.379560052601471,1.59442074087296,0.347146606710405,1
"6009","PmetTSAr1.1-006065",33.3609485940528,38.4640140397014,25.297379817269,28.5950297616615,31.5315187329781,39.8619259282213,48.968915965781,34.1093791381052,0.297206876070034,5.13313689502984,0.336763435893138,1
"6010","PmetTSAr1.1-006066",29.4943157381383,24.3635170135463,36.4565978301203,28.9921829527957,26.2884024540533,29.1755372751237,27.5332287458435,26.042015607516,-0.129174124729314,4.83793454004435,0.65559227495102,1
"6011","PmetTSAr1.1-006067",78.8163650746288,82.0744120151091,56.0325141746986,58.7786722878597,74.1682490289565,76.16172230541,81.5310449391758,78.5506449031053,0.171065594059098,6.19630654133692,0.651298110057174,1
"6012","PmetTSAr1.1-006068",11.2402117904491,14.1897406782193,8.98411619678711,9.02861587845052,11.906243216725,10.7146595225503,13.4732618596479,11.266002404121,0.124115418260756,3.51294425298343,0.676607145782155,1
"6013","PmetTSAr1.1-006069",7.1038138515638,4.75966144342786,6.00517240522086,5.85139034937702,7.02723223494777,5.25838171819089,3.16401639316771,5.18009658279937,-0.203450985137071,2.48416943149408,0.5270642705781,1
"6014","PmetTSAr1.1-006070",4.04647624456166,3.3317630103995,4.58662774257026,3.25665616730033,3.49541085261651,4.04273433172741,3.45736890644153,3.93460887983122,-0.0211767845137002,1.93572553524882,0.937105745758815,1
"6015","PmetTSAr1.1-006071",3.01237675984035,4.0754601109351,5.53232418433733,3.07131801143771,4.33285303605588,3.10979563979031,3.26878514790836,2.74573425427071,-0.219838448163289,1.88623697081275,0.466774879742883,1
"6016","PmetTSAr1.1-006072",39.1159370307627,29.4801530652313,41.894352370281,35.9291253579394,42.3090355285456,32.6245833483456,35.6632841137181,33.7130875962517,-0.0206907855096661,5.18577136902952,0.945355303786785,1
"6017","PmetTSAr1.1-006073",40.5097232927784,38.5532576917656,19.3394922341365,24.7823591267733,32.0776766786994,23.8888846874801,27.5122749948953,28.9575890940096,-0.131992261539695,4.88325301469067,0.684133592782741,1
"6018","PmetTSAr1.1-006074",10.5657990830221,7.25848370122748,16.2659787983935,13.6091160161981,14.9647277127644,10.5450343058344,8.80057539821481,9.59591662059556,-0.11968672495897,3.52394098827838,0.719273435876498,1
"6019","PmetTSAr1.1-006075",82.5031545418961,93.6463388994431,93.1510995140559,88.6975460199684,87.8221976719897,88.6574466034765,92.6993941945293,94.6004523481722,0.0231102058470518,6.49640854097461,0.951691985434619,1
"6020","PmetTSAr1.1-006076",35.29426502201,36.9766198386301,17.1643904180722,24.4646365738659,33.2428136295716,29.2603498834816,36.8576479177616,30.0615441034587,0.184023107806171,4.92988258090981,0.568071188992572,1
"6021","PmetTSAr1.1-006077",40.9143709172346,41.7957770501009,17.6845234610441,26.397448770719,28.4730342369386,31.4937485702401,41.9913169000535,39.2894757209045,0.155731655655557,5.06924481171949,0.648059311258996,1
"6022","PmetTSAr1.1-006079",21.3564024018532,13.535287229748,25.8647976823292,34.4728969904474,24.8683917951778,25.698220332449,15.8619894677348,19.5598182443408,-0.147952565944809,4.5052981415758,0.66130615380767,1
"6023","PmetTSAr1.1-006080",44.4662778430165,46.3472033053787,52.5334373401604,41.2509781191376,42.8187829445522,43.6502224348749,44.4638595119329,46.9605477096402,-0.0531408549305776,5.5036789757543,0.860278955789737,1
"6024","PmetTSAr1.1-006081",41.9484704019559,34.4183018127877,32.2955334863453,31.9840703260065,39.2141405027914,28.7232033638814,32.1640077053803,36.9400330084873,-0.0374405075275488,5.11971992670184,0.900486138673113,1
"6025","PmetTSAr1.1-006082",62.001008236117,61.5483720403265,68.4684223839355,41.8334694661344,62.5532900499496,56.2307593412994,67.5758468077209,58.8209874265415,0.0685429693092126,5.90538265467713,0.843787297494141,1
"6026","PmetTSAr1.1-006083",8.67744350222667,7.2882315852489,6.09974204939757,7.44000311391377,6.51748481894119,6.78500866863341,5.9089577673728,8.54857468855416,-0.0885446701810243,2.85168576891225,0.766782647852735,1
"6027","PmetTSAr1.1-006084",8.90224773803565,6.21730776047764,6.47802062610439,8.31374013440898,6.62671640808546,7.0677173631598,6.32803278633541,7.9541373757739,-0.0964960115236496,2.86709171599599,0.743181853360058,1
"6028","PmetTSAr1.1-006085",7.86814825331434,6.99075274503466,7.47100188995981,9.08156963726841,7.13646382409203,7.83103083838106,6.91473781288307,7.38800660169747,-0.102748998196258,2.93481165723954,0.720414492732843,1
"6029","PmetTSAr1.1-006086",8.90224773803565,6.96100486101324,7.23457777951804,9.1345233960863,7.86467441838714,9.07494909429718,6.99855281667559,8.40704199503505,0.00423859177042651,3.02387644228423,0.991341807377626,1
"6030","PmetTSAr1.1-006087",46.5344768124591,57.6811471175413,28.0398994983935,45.0106949952079,40.4156879833783,60.8389110620796,48.7803322072478,48.4607942609428,0.16283966492024,5.55580913347474,0.62864171380533,1
"6031","PmetTSAr1.1-006088",22.7951495110307,23.8875508692036,26.5267851915662,28.5685528822525,24.9048023248926,26.5746172854808,30.3619851238411,35.7511583829268,0.208348098383416,4.78070432423109,0.473856391877974,1
"6032","PmetTSAr1.1-006089",43.2972958168098,41.528046093908,38.4898451799195,48.5321199565977,49.4090888229229,46.4773093801388,42.4732531718605,47.2153065579746,0.110553204537722,5.48353119308649,0.712571876944417,1
"6033","PmetTSAr1.1-006090",43.9267476770749,42.8369529908507,45.251574738554,43.0778827983548,43.1828882416998,47.8625819833182,46.3287433463165,49.3382969607613,0.0928053265756954,5.50105736407186,0.756872350017751,1
"6034","PmetTSAr1.1-006091",21.0416764717206,19.9608301783756,24.5408226638553,22.4259168593771,22.0647810071417,23.3234672984273,24.7463798697421,19.7013509378599,0.0307619657838199,4.47813126658601,0.915105924982788,1
"6035","PmetTSAr1.1-006092",41.2740576945289,21.9241905237896,9.12597066305217,17.8189398422205,19.188349159676,29.5713294474606,22.965311039151,20.9468386408281,0.0403665126154583,4.51805079890889,0.919235142640026,1
"6036","PmetTSAr1.1-006093",24.3238183145318,34.5967891169162,29.2693048726907,21.9228561506071,25.3781392111844,21.2031520894794,29.062852565057,27.938553700672,-0.088011400126318,4.74272201617101,0.768702749626512,1
"6037","PmetTSAr1.1-006094",4.58600641050321,3.30201512637807,8.74769208634535,4.65993077597446,5.82568475436084,4.1840886789906,3.45736890644153,3.59493041538536,-0.316991239068683,2.27505287186647,0.354219990475839,1
"6038","PmetTSAr1.1-006095",40.8694100700728,25.9401548666818,67.2863018317267,35.4525415285784,38.2674667302078,35.7909207270412,28.6437775460944,32.7223587416179,-0.323601494889436,5.25425665342947,0.345543275651584,1
"6039","PmetTSAr1.1-006096",9.71154298694798,8.1509202218702,22.1765815594377,13.6355928956071,14.6734434750464,13.089412556572,9.09392791148864,9.9072885463376,-0.19811618801379,3.65580706528073,0.575448880056542,1
"6040","PmetTSAr1.1-006097",11.1952509432873,10.9769692039055,9.64610370602406,10.6437055223962,11.3964958007184,9.92307517787636,9.15678916433303,11.8604397169013,-0.00532558711660065,3.4141920081414,0.989304301280278,1
"6041","PmetTSAr1.1-006098",19.2882034324106,15.3201602710334,25.0136708847389,17.9778011186742,19.6980965756826,23.3234672984273,19.8432021478796,16.5593251417357,0.0346867367527519,4.29903056902747,0.90996179061476,1
"6042","PmetTSAr1.1-006100",20.3223029171319,13.7732703019194,31.5389763329316,19.0898300538499,21.5186230614204,20.5529220920687,14.3742731504175,14.917545896914,-0.246775303224122,4.28974750945247,0.450594894175134,1
"6043","PmetTSAr1.1-006101",24.1889357730464,18.6519232814329,27.708905743775,25.8414343031311,26.1427603351943,25.1893446823015,20.6394446839085,23.7208794338026,-0.0103706137240302,4.58903529122127,0.972356027041504,1
"6044","PmetTSAr1.1-006102",8.04799164196152,5.94957680428482,12.1521992767068,10.6966592812141,7.71903229952812,14.6160395070145,7.92051785839333,7.10494121465925,0.0211598277394847,3.22264215323407,0.955299481353126,1
"6045","PmetTSAr1.1-006103",14.342510244613,14.2789843302836,10.0243822827309,8.60498580790738,9.6852009041249,8.25509388017065,13.0541868406853,13.813590887465,-0.0752887800483358,3.53213881000905,0.811864701681962,1
"6046","PmetTSAr1.1-006104",54.492546760097,47.9238411585142,36.1728888975902,40.3242873398245,46.4598359160277,53.0926928320564,50.4566322830983,46.196271164637,0.133166167414651,5.55314812303791,0.672669193714166,1
"6047","PmetTSAr1.1-006106",25.4028786464149,29.390909413167,21.2308851176706,18.9044918979873,22.0647810071417,19.8461503557527,25.521668654823,24.2587036691752,-0.0498588149663402,4.5477900018208,0.865521033101066,1
"6048","PmetTSAr1.1-006109",28.1005294761226,35.0430073772376,17.0225359518072,21.8963792711982,28.8735500638009,24.3129477292697,33.714585275542,29.1840414036402,0.185295032495769,4.77274923935622,0.555437562090337,1
"6049","PmetTSAr1.1-006110",30.5733760700214,33.5853610601878,20.6634672526104,23.8291914680512,32.9515293918535,26.0657416353333,33.9031690340752,30.7692075710542,0.186729954764448,4.8633365156643,0.535657724619307,1
"6050","PmetTSAr1.1-006111",17.4897695459387,16.3018404437404,15.7458457554216,34.4728969904474,19.8801492242564,36.4694215939046,36.8576479177616,35.9776106925574,0.619776042905202,4.74031669033987,0.0764760778316744,1
"6051","PmetTSAr1.1-006112",8.81232604371206,8.83512155436296,13.7598832277108,9.34633843135787,11.1052115630004,9.8099917000658,9.21965041717742,10.3318866268949,-0.00896465835588151,3.35171072836367,0.977029994263818,1
"6052","PmetTSAr1.1-006113",9.98130806991876,9.34083558272717,8.7949769084337,8.8432777225879,8.92057978011504,9.18803257210774,11.1893030063017,10.0771277785605,0.0923928275150932,3.26385979139947,0.74730200407191,1
"6053","PmetTSAr1.1-006115",13.8029800786714,12.8510858972552,14.3745859148594,16.3097577159106,14.4185697670431,17.9237312329733,14.290458146625,15.8233551354363,0.122988238371323,3.91052922423905,0.664790960243286,1
"6054","PmetTSAr1.1-006116",17.0851219214826,18.0569656010044,10.1662367489959,11.6498269399362,14.2365171184693,10.7712012614555,12.5932043198264,13.5305255004268,-0.156352069157317,3.76248747184169,0.613427448951951,1
"6055","PmetTSAr1.1-006117",16.995200227159,14.7549504746264,20.1906190317268,18.057231756901,17.6955174413711,28.6383907555235,20.7861209405455,20.2957882506402,0.321281826155765,4.30312814109475,0.278515670574233,1
"6056","PmetTSAr1.1-006118",112.042431127196,102.927678714127,104.499456815261,96.1905028927001,113.819315888325,101.096629162638,111.285371285521,115.971889069558,0.0892371450668405,6.74537120537875,0.817726335280181,1
"6057","PmetTSAr1.1-006119",11.3750943319344,13.7732703019194,15.2729975345381,9.92882977835468,10.0493062012725,11.5345147366768,12.048406795175,10.4168062430064,-0.191209614550281,3.56773192696074,0.511695993092726,1
"6058","PmetTSAr1.1-006120",5.30537996509196,4.75966144342786,3.35722236827308,4.13039318779555,3.38617926347224,3.95792172336949,4.37933394815927,4.64227234742676,-0.099477313539295,2.10514105934296,0.723335144307383,1
"6059","PmetTSAr1.1-006121",30.7532194586686,29.6586403693598,40.2393835971886,23.4055613975081,31.4586976735486,31.578561178598,33.8612615321789,32.863891435137,0.0657456003421047,4.99026186845092,0.827426790586046,1
"6060","PmetTSAr1.1-006122",24.7734267861497,24.4527606656106,35.4163317441766,22.1611480652876,26.179170864909,25.783032940807,30.0057713577229,23.7491859725064,-0.0137365260206173,4.73457530907399,0.962662108891413,1
"6061","PmetTSAr1.1-006123",33.2260660525674,32.0682189750952,37.0713005172689,27.6153852235305,37.8669509033455,28.7797451027867,26.5484024512813,30.2030767969778,-0.074933448639909,4.98765012847044,0.799569801733489,1
"6062","PmetTSAr1.1-006124",30.888102000154,34.8942679571305,24.8245315963854,32.4341772759586,34.4443611101585,35.02760725182,45.9725295801983,37.8458422470096,0.316862930792821,5.11317970472818,0.287181196469712,1
"6063","PmetTSAr1.1-006125",18.2541039476893,17.4917558045974,26.0066521485943,20.8637809742493,18.8242438625285,18.2629816664049,19.2145896194357,19.050300547672,-0.132107313154847,4.30768287539071,0.645292507137614,1
"6064","PmetTSAr1.1-006126",32.8214184281112,29.8668755575098,33.5722236827308,26.6622175648084,33.8982031644372,25.0479903350383,26.7369862098145,25.7023371430701,-0.142052616760558,4.87497185226092,0.626237517700048,1
"6065","PmetTSAr1.1-006127",21.1315981660442,21.745703219661,20.616182430522,18.0042779980831,23.3027390174434,17.0190634104888,19.1307746156431,18.4841697735956,-0.0645930989470187,4.32101578984492,0.821459914853446,1
"6066","PmetTSAr1.1-006128",14.567314480422,12.8510858972552,18.204656504016,14.0856998455592,16.3483278419251,19.0828368805315,18.627884592888,19.3050593960064,0.298431658425474,4.06149365329466,0.30070090714303,1
"6067","PmetTSAr1.1-006129",11.3750943319344,11.9586493766125,17.3062448843373,14.3504686396486,10.5226430875643,17.0756051493941,10.1625692098433,13.021007803758,-0.114357210018454,3.73117646371987,0.712507716487136,1
"6068","PmetTSAr1.1-006130",33.6756745241854,31.5922528307524,25.7229432160642,35.2142496138979,32.2233187975584,28.8080159722393,29.8800488520341,35.8360779990383,0.00573952856749172,4.98560896157686,0.98467503295081,1
"6069","PmetTSAr1.1-006131",39.2058587250863,39.2374590242584,37.0713005172689,49.5647182535465,43.8018672468506,49.9828971922661,53.5368336724734,51.4046742861402,0.267410765859033,5.50919737937035,0.380656571510185,1
"6070","PmetTSAr1.1-006132",18.6137907249836,19.9310822943541,29.4111593389557,17.8983704804474,19.0062965111023,19.7047960084895,21.9176234917445,18.4841697735956,-0.116711545166339,4.36996923249631,0.693368593836269,1
"6071","PmetTSAr1.1-006133",47.2988112142096,41.5577939779295,55.7015204200801,38.7886283341056,46.8239412131753,38.3070281083261,32.3735452148616,36.9400330084873,-0.247350247004523,5.40174377338649,0.423183105440557,1
"6072","PmetTSAr1.1-006134",21.3564024018532,22.5786439722609,21.9874422710843,23.8291914680512,22.1011915368565,21.6837568701743,27.9732575157542,26.7213725364077,0.133945125508307,4.56038749181747,0.636195955820936,1
"6073","PmetTSAr1.1-006135",39.6554671967043,48.1023284626428,31.728115621285,35.5584490462142,30.3663817821059,53.7429228294671,48.1936271807002,57.3490474139428,0.290641175775075,5.43151730063134,0.373498075997646,1
"6074","PmetTSAr1.1-006136",12.9487239825973,12.7320943611695,48.6087971068271,18.9044918979873,18.2780859168071,32.1439785676508,28.7066387989388,19.4748986282293,0.0828789982975312,4.58668244325792,0.845166886428379,1
"6075","PmetTSAr1.1-006137",24.3687791616936,15.082177198862,39.5301112658633,19.8311826773004,36.8110455416176,16.7080838465098,17.1611220265189,16.4744055256242,-0.180772828231225,4.54153894960603,0.631165199867433,1
"6076","PmetTSAr1.1-006138",26.3470564368126,25.672423910489,23.4532717558232,23.6173764327797,24.3222338494565,17.2735012355626,19.5708033855539,21.4563563374969,-0.26253506664228,4.50912051231151,0.355632177148188,1
"6077","PmetTSAr1.1-006139",30.5733760700214,34.4183018127877,21.0890306514055,49.7765332888181,28.0361078803616,47.4102480720759,50.6033085397352,39.9688326497963,0.288646200774125,5.2407489085113,0.4036925193228,1
"6078","PmetTSAr1.1-006140",15.2866880350107,3.39125877844235,78.4928046666664,77.1271497182591,31.7863924409814,51.6791493594245,1.17341005309531,7.52953929521658,-0.919312142510399,5.05967865116015,0.282380019167556,1
"6079","PmetTSAr1.1-006141",21.0866373188824,9.72755807500568,86.1529458449796,45.3548944275242,33.9710242238667,34.0663976904302,13.494215610596,17.7481997672962,-0.709141930371647,5.03279651110746,0.174812784080509,1
"6080","PmetTSAr1.1-006142",22.6602669695453,20.4070484386969,14.5164403811244,26.2385874942653,20.9360545859843,29.147266405671,39.9378493071367,24.6833017497325,0.452229064074581,4.63757679280653,0.159942663575392,1
"6081","PmetTSAr1.1-006143",38.8461719477919,39.1184674881727,27.0469182345381,35.637879684441,35.6094980610307,29.147266405671,42.8294669379787,36.5720480053377,0.0354244894132428,5.15649328365818,0.907884634923929,1
"6082","PmetTSAr1.1-006144",21.9408934149566,15.4391518071191,38.2061362473894,24.7558822473643,21.0088756454138,23.9171555569328,17.182075777467,17.6632801511848,-0.33015562893147,4.49590645810349,0.313861590456356,1
"6083","PmetTSAr1.1-006145",13.8029800786714,12.4346155209553,12.3886233871485,9.87587601953678,13.0713801675971,13.4569338594563,13.6199381162848,12.0302789491242,0.106681383860182,3.6605173893208,0.711278901825022,1
"6084","PmetTSAr1.1-006146",17.3099261572915,21.3887286114039,14.7528644915662,36.8293392578436,16.3119173122104,30.9000603117346,24.6625648659496,22.2772459599077,0.0593198985140515,4.53164885076763,0.86407606646023,1
"6085","PmetTSAr1.1-006147",16.2308658254084,15.9746137195047,19.9541949212851,17.104064098179,16.967306847076,16.9059799326782,18.6488383438361,16.1630335998822,-0.0114192709789191,4.11302697481582,0.968498055370596,1
"6086","PmetTSAr1.1-006148",2.47284659389879,1.6063857371569,1.56039912891566,1.45622836749202,1.89334754516727,1.21564738646349,1.80202258153922,1.64177924482166,-0.103937559198005,0.817558814972434,0.703110025747609,1
"6087","PmetTSAr1.1-006149",1.84339473363365,1.63613362117833,1.70225359518072,1.64156652335464,1.45642118859021,1.07429303920029,1.32008630973222,1.50024655130255,-0.348718437183847,0.658399281959059,0.197969609397757,1
"6088","PmetTSAr1.1-006151",10.3859556943749,11.571926884334,8.98411619678711,10.8025667988499,12.5980432813053,14.107163856867,17.0982607736745,14.9741589743217,0.493126431371726,3.65951817891411,0.0852143605515909,1
"6089","PmetTSAr1.1-006152",16.0060615895995,20.4367963227184,18.0155172156626,17.7395092039937,18.2780859168071,21.0335268727636,23.2586635524249,20.2108686345287,0.197290065813923,4.28089585744637,0.48626454826364,1
"6090","PmetTSAr1.1-006153",14.1626668559658,13.5650351137694,8.88954655261041,13.0001477897924,12.9985591081676,13.5417464678142,13.9971056333512,13.1342339585733,0.112418316740587,3.69786933595918,0.700843821305177,1
"6091","PmetTSAr1.1-006154",15.8711790481141,18.0867134850259,21.5618788722891,13.211962825064,18.4601385653809,14.5312268986566,20.9537509481305,18.6823155445223,0.0807472969498833,4.14807810450281,0.790605628722177,1
"6092","PmetTSAr1.1-006155",16.77039599135,19.5741076860971,20.3797583200802,13.0266246692013,16.7488436687874,15.124915157162,20.9956584500268,18.5124763122994,0.0345549347023456,4.14584995792427,0.910887908888053,1
"6093","PmetTSAr1.1-006156",31.0229845416394,34.091075088552,25.297379817269,22.955454447556,32.6966556838502,24.0019681652907,20.2832309177903,23.3528944306529,-0.176761098199523,4.74247084177235,0.561057111835455,1
"6094","PmetTSAr1.1-006157",7.05885300440201,8.62688636621299,9.55153406184735,9.769968501901,8.77493766125602,10.4602216974765,9.45014167760686,9.9072885463376,0.139983829051495,3.21177413488591,0.626782629468808,1
"6095","PmetTSAr1.1-006158",15.1967663406871,18.3544444412187,22.082011915261,16.9452028217253,18.2780859168071,19.9309629641106,20.5137221782198,16.2762597546975,0.0479269336295816,4.21011836972866,0.870393982707247,1
"6096","PmetTSAr1.1-006159",4.22631963320885,2.17159553356396,20.2851886759035,8.94918524022368,5.82568475436084,4.1840886789906,4.81936271807002,2.80234733167835,-1.01264057274814,2.74219528287726,0.0490529778837863,1
"6097","PmetTSAr1.1-006160",7.1487746987256,7.16924004916321,10.7336546140562,8.4990782902716,8.52006395325273,9.1597617026551,9.17774291528116,8.32212237892358,0.0700339439329405,3.11298062535473,0.815479246463337,1
"6098","PmetTSAr1.1-006161",26.7966649084306,29.0339348049099,24.1625440871485,25.6031423884506,24.6499286168893,27.3379307607021,32.1640077053803,30.4295291066083,0.117924691069614,4.78596140523529,0.680289578381991,1
"6099","PmetTSAr1.1-006162",18.4789081834982,10.6497424796698,9.17325548514053,11.2791506282109,11.4693168601479,12.4957242980665,11.713146780005,9.82236893022614,-0.122805385016428,3.57801505106757,0.694651612830148,1
"6100","PmetTSAr1.1-006163",4.90073234063579,5.94957680428482,5.62689382851404,6.16911290228437,4.22362144691161,4.46679737351699,7.77384160175642,4.9536442731688,-0.0782756903892616,2.47900618890696,0.794337984714802,1
"6101","PmetTSAr1.1-006164",24.5486225503407,21.8944426397681,28.8910262959838,29.4952436615656,25.596602389473,28.7232033638814,24.7882873716384,26.4949202267771,0.0106450424003328,4.72055042137864,0.971588855044839,1
"6102","PmetTSAr1.1-006165",93.9681705681541,94.0330613917216,94.7114986429715,69.2899934132112,102.167946379603,70.4227358065242,80.0433286218585,81.4945249283027,-0.075156281082668,6.42327747103241,0.846620653294823,1
"6103","PmetTSAr1.1-006166",73.4210634152132,59.4065243907839,75.5138608751001,55.5749698793772,59.3491634350511,48.6258954585394,51.6929035890379,54.4334739274492,-0.301600316556587,5.9021811238121,0.375601829708958,1
"6104","PmetTSAr1.1-006167",22.6153061223835,18.1462092530687,157.316603087951,47.7378135743293,36.155656006752,28.9493703195025,19.109820864695,22.4187786534268,-1.2046477354011,5.46199898056338,0.0276064947925138,1
"6105","PmetTSAr1.1-006168",36.7779729783493,42.7774572228079,35.5581862104416,44.95774123639,44.3116146628572,60.8106401926269,70.5722331933035,54.0654889242995,0.521268552212624,5.60888564450458,0.105540993888118,1
"6106","PmetTSAr1.1-006169",31.2028279302866,27.6952800239458,34.943483523293,30.3160269232429,30.2935607226764,29.8257672725344,30.0686326105673,28.419764858637,-0.0656218519629105,4.92619078780583,0.81754011856127,1
"6107","PmetTSAr1.1-006170",22.0308151092802,24.6609958537606,20.0960493875501,23.1672694828276,20.972465115699,24.4825729459855,25.3959461491342,22.0791001889809,0.046754619242086,4.51891125979829,0.868842245735899,1
"6108","PmetTSAr1.1-006171",32.7764575809494,33.317630103995,13.9963073381526,44.4282036482111,36.1192454770372,35.2255033379884,48.2145809316483,30.4578356453122,0.267957811008832,5.10401316894362,0.454412060157264,1
"6109","PmetTSAr1.1-006172",61.1917129872047,15.5283954591834,19.7177708108433,14.1121767249681,29.7109922472403,13.4286629900036,7.29190532994942,14.7760132033949,-0.761629796721201,4.45931266351651,0.120370832212839,1
"6110","PmetTSAr1.1-006173",4.09143709172346,28.2902377043743,23.689695866265,22.981931326965,8.629295542397,11.5345147366768,4.02312018204106,155.572736716204,1.18474808864102,5.01926796391886,0.156041166329152,1
"6111","PmetTSAr1.1-006174",29.7640808211091,31.0270430343453,37.0713005172689,30.3425038026519,31.9684450895551,33.8685016042618,32.5830827243429,33.8829268284746,0.0456726004874364,5.02785527957405,0.874892334764379,1
"6112","PmetTSAr1.1-006176",11.1053292489637,9.78705384304853,11.7266358779116,11.3321043870288,11.4693168601479,9.75344996116053,9.51300293045125,9.79406239152231,-0.117055480854526,3.40840700511645,0.679934408869839,1
"6113","PmetTSAr1.1-006177",14.0277843144804,10.590246711627,18.4883654365461,16.6804340276359,12.1611169247283,20.6377347004266,12.9284643349965,15.0307720517293,0.0241032324065014,3.91911868620263,0.941712916482344,1
"6114","PmetTSAr1.1-006178",6.15963606116608,5.11663605168494,7.2818626016064,7.51943375214061,5.31593733835427,8.96186561648663,5.28034523892889,6.96340852114014,0.0248077626801151,2.73031593149134,0.94127173180499,1
"6115","PmetTSAr1.1-006179",18.52386903066,21.4482243794468,34.5179201244979,37.5706918812941,29.6745817175255,38.6462785417578,38.848254257834,38.581812253309,0.379092621310842,5.01327615726909,0.241612475884776,1
"6116","PmetTSAr1.1-006180",19.0184383494398,15.1416729669049,16.8333966634538,17.607124806949,16.2026857230661,17.0756051493941,19.2145896194357,16.983923222293,0.0190094133209323,4.11447998452639,0.949349690349102,1
"6117","PmetTSAr1.1-006181",26.7517040612688,2.40957860573535,13.6653135835341,3.68028623784347,26.4704551026271,2.68573259800072,1.08959504930279,1.81161847704459,-0.53712210981827,3.29729949181117,0.518359791324305,1
"6118","PmetTSAr1.1-006182",39.0260153364391,25.4939366063604,32.531957596787,24.8353128855912,27.8540552317878,22.8711333871851,27.1141537268809,29.6369460229013,-0.180695916755366,4.84416924172537,0.544355082519143,1
"6119","PmetTSAr1.1-006183",25.4928003407385,30.3130938178312,20.1906190317268,29.5746742997925,24.6135180871746,27.818535541397,29.9429101048785,28.5046844747485,0.0701652563245905,4.7615212791111,0.810141714782915,1
"6120","PmetTSAr1.1-006184",3.32710268997292,3.77798127072086,3.78278576706826,4.58050013774762,4.26003197662637,4.38198476515908,4.56791770669245,4.24598080557326,0.170772808619692,2.06409379126366,0.527743003438986,1
"6121","PmetTSAr1.1-006185",3.95655455023807,3.48050243050662,4.68119738674697,4.79231517301919,4.44208462520014,4.89086041530658,4.02312018204106,3.62323695408918,0.00544777785073597,2.10320402092225,0.992180332428517,1
"6122","PmetTSAr1.1-006186",3.10229845416394,3.74823338669944,3.78278576706826,4.47459262011184,4.29644250634112,4.77777693749603,3.01734013653079,4.07614157335033,0.0907255399409722,1.99000747857,0.746449852227275,1
"6123","PmetTSAr1.1-006187",3.68678946726729,4.10520799495653,4.82305185301203,5.16299148474443,3.56823191204602,5.06048563202242,3.54118391023405,3.73646310890447,-0.162117279176146,2.09483941093635,0.567992918615299,1
"6124","PmetTSAr1.1-006188",4.00151539739986,3.30201512637807,3.97192505542167,5.13651460533548,3.93233720919357,3.73175476774837,3.68786016687097,3.651543492793,-0.132215967948197,1.99571900565665,0.63775212686753,1
"6125","PmetTSAr1.1-006189",4.7658497991504,4.52167837125646,5.10676078554215,6.08968226405753,5.42516892749854,4.57988085132755,3.75072141971536,3.87799580242358,-0.220695459218001,2.26994499924281,0.445989525749142,1
"6126","PmetTSAr1.1-006190",3.5519069257819,3.27226724235665,4.39748845421685,4.31573134365817,4.58772674405916,4.15581780953796,3.45736890644153,3.651543492793,0.0268544962832666,1.99382651463096,0.931857023164025,1
"6127","PmetTSAr1.1-006191",56.7405891181868,58.4248442180769,70.0288215128511,54.6218022206552,66.3035746105693,62.054558448543,69.7969444082227,61.1421236002549,0.112819031500433,5.96462941872365,0.743570552275171,1
"6128","PmetTSAr1.1-006192",57.4599626727756,54.2006446870347,58.491324923293,56.157461226374,60.6235319750675,54.0821732628988,52.8034523892889,53.8673431533727,-0.0318104214401493,5.80786856461319,0.921692017332723,1
"6129","PmetTSAr1.1-006193",11.3750943319344,6.72302178884185,26.3376459032128,10.4318904871246,14.8190855939054,5.96515345450687,4.73554771427749,8.35042891762741,-0.695793579742925,3.47556974469868,0.11410754137634,1
"6130","PmetTSAr1.1-006194",15.7812573537905,13.9815054900693,23.4059869337349,13.4502547397445,18.7878333328137,19.7896086168474,17.7687808040147,15.5969028258058,0.112500698919546,4.11905299802105,0.714441291687653,1
"6131","PmetTSAr1.1-006195",30.2136892927271,14.7252025906049,29.2220200506023,49.6441488917734,64.6651007734054,48.7107080668973,18.6069308419399,18.2294109252612,0.278225827916422,5.10054398310231,0.538154009933581,1
"6132","PmetTSAr1.1-006196",10.9254858603165,11.7504141884625,15.8404153995983,10.3789367283068,13.981643410466,13.7396425539827,12.8236955802559,11.4075350976402,0.0886975603297234,3.66266885027319,0.765147312199549,1
"6133","PmetTSAr1.1-006197",12.8588022882737,10.3225157554342,12.0103448104417,11.3321043870288,11.6149589790069,12.7784329925929,8.57008413778538,9.31285123355734,-0.138133063234933,3.47973031992989,0.636941109070838,1
"6134","PmetTSAr1.1-006198",38.7112894063065,17.7892346448116,27.1887727008031,26.2121106148563,25.0868549734664,26.6877007632914,18.3345320796142,18.0312651543344,-0.317852144500498,4.6325518938791,0.323714751367988,1
"6135","PmetTSAr1.1-006199",9.66658213978619,7.37747523731318,10.7336546140562,10.9084743164857,8.84775872068553,11.1669934337925,9.24060416812555,8.52026814985034,-0.0335070117966097,3.26569268796005,0.910387494438385,1
"6136","PmetTSAr1.1-006200",9.26193451533002,7.94268503372023,5.8633179389558,5.48071403765178,8.22877971553469,7.23734257987564,7.10332157141624,10.4168062430064,0.209051948674776,2.95469608437631,0.500934256752151,1
"6137","PmetTSAr1.1-006201",18.9285166551162,10.9769692039055,48.7979363951805,29.4952436615656,29.8930448958141,25.9809290269754,13.6827993691292,25.1928194464013,-0.191195693547043,4.66756676335413,0.64483543421208,1
"6138","PmetTSAr1.1-006203",47.3887329085332,43.1344318310649,38.3479907136545,37.120584931342,40.4885090428079,21.7402986090795,31.0744126560775,34.1659922155128,-0.381101972052232,5.19914903126249,0.223410763137666,1
"6139","PmetTSAr1.1-006204",23.1997971354869,21.5672159155325,21.3727395839357,20.016520833163,21.0088756454138,26.3201794604071,27.4075062401547,22.0507936502771,0.168513706613782,4.51929480233582,0.552780519690723,1
"6140","PmetTSAr1.1-006205",20.3223029171319,19.3956203819685,18.4410806144578,19.4869832449841,19.8437386945416,22.8711333871851,19.2355433703838,25.4758848334395,0.171050966996107,4.37137097698469,0.545678825068749,1
"6141","PmetTSAr1.1-006206",3.46198523145831,3.06403205420668,3.6409313008032,5.42776027883389,4.4784951549149,4.77777693749603,3.35260015170088,3.56662387668154,0.045785695274489,2.01249392178044,0.875593384785335,1
"6142","PmetTSAr1.1-006207",21.2215198603678,19.2468809618614,31.8226852654617,39.8477035104634,29.3468869500927,39.9467385365792,27.7008587534285,25.1078998302899,0.122413318799162,4.87503889883526,0.711024176146238,1
"6143","PmetTSAr1.1-006208",41.5438227774997,36.4411579262445,37.213154983534,40.9862093250481,43.4013514199883,55.1281954326464,63.5736803766279,47.158693480567,0.422248268083852,5.51569824910759,0.171824066767888,1
"6144","PmetTSAr1.1-006209",22.1207368036037,18.1462092530687,21.420024406024,24.9676972826359,23.3755600768729,33.2182716068511,37.7796129594793,27.1742771556688,0.488540563075751,4.70576925830987,0.102044576561958,1
"6145","PmetTSAr1.1-006210",34.7996957032303,37.244350794823,31.0188432899597,25.86791118254,33.169992570142,25.1610738128489,25.6054836586155,30.2596898743854,-0.175213506849925,4.9282452468072,0.553167995340967,1
"6146","PmetTSAr1.1-006212",10.0712297642424,11.7504141884625,7.80199564457828,10.8290436782588,12.4524011624463,10.658117783645,7.35476658279381,9.99220816244907,-0.00318160418619757,3.34702601550132,0.99890969947638,1
"6147","PmetTSAr1.1-006213",33.5857528298618,33.7043525962735,33.8559326152609,39.1857815252398,39.9787616268013,39.1268833224527,35.3699316004443,38.3270534049746,0.122496956728363,5.19790874464014,0.673726105664284,1
"6148","PmetTSAr1.1-006214",38.5764068648212,35.6379650576661,34.5179201244979,34.7376657845369,31.6771608518371,30.9848729200926,31.3887189202995,33.5715549027326,-0.168781438148869,5.08514493158157,0.554571348128817,1
"6149","PmetTSAr1.1-006215",7.55342232318177,6.63377813677757,6.14702687148592,12.6029945986582,7.06364276466252,6.44575823520174,6.1813565296985,11.1244697106019,-0.0993718716137056,3.006399559181,0.77465419692081,1
"6150","PmetTSAr1.1-006216",4.67592810482681,4.52167837125646,8.18027422128511,6.77808112869012,5.31593733835427,5.7672573683384,7.18713657520876,6.05759928261785,0.0133371374152344,2.61401079166909,0.97051631774918,1
"6151","PmetTSAr1.1-006217",4.85577149347399,5.74134161613485,9.55153406184735,7.8636331844569,6.95441117551826,7.15252997151772,7.50144283943072,6.05759928261785,-0.0168781298871858,2.81154219644482,0.961726671948876,1
"6152","PmetTSAr1.1-006218",15.8262182009523,20.4070484386969,13.8544528718875,16.2832808365017,15.6929383070595,18.6022320998366,20.4089534234791,19.4465920895255,0.159407336215722,4.14023095495852,0.584183267448483,1
"6153","PmetTSAr1.1-006219",16.77039599135,18.5329317453472,17.7790931052208,22.6642087740576,15.5108856584857,18.3195234053102,19.3612658760726,20.4939340215669,-0.0402189119359329,4.22840886233338,0.889913388817161,1
"6154","PmetTSAr1.1-006220",7.68830486466715,8.59713848219156,2.50609557068272,4.7393614142013,6.62671640808546,8.67915692196024,10.0578004551026,10.2186604720796,0.595041051621107,2.8998303257653,0.107077137454143,1
"6155","PmetTSAr1.1-006221",37.7671116159088,42.1824995423794,35.1326228116465,51.3651460533549,35.9007822987487,48.5693537196342,58.5866876509729,47.3285327127899,0.193688472838643,5.48141130808587,0.540525516195009,1
"6156","PmetTSAr1.1-006222",6.38444029697506,5.94957680428482,4.58662774257026,8.44612453145371,5.06106363035098,7.60486388275995,9.01011290769612,7.41631314040129,0.196346392266556,2.78234703856567,0.534462389522559,1
"6157","PmetTSAr1.1-006223",29.4943157381383,31.354269758581,26.243076259036,46.5463540009267,26.179170864909,59.0295754171106,47.4183383956193,37.47785724386,0.347704873739824,5.24954888326933,0.3117623505247,1
"6158","PmetTSAr1.1-006224",35.8787560351134,42.0635080062937,27.1887727008031,23.8027145886423,33.2792241592863,20.0440464419212,29.1466675688495,30.3446094904969,-0.192833689362548,4.92014578624586,0.543796690558117,1
"6159","PmetTSAr1.1-006225",16.1859049782466,13.118816853448,72.7240563718873,30.6337494761503,29.0191921826599,40.823135489611,19.2564971213319,18.0595716930383,-0.307465359278806,4.90783986964502,0.517065121240977,1
"6160","PmetTSAr1.1-006226",15.3766097293343,11.3339438121626,68.1847134514054,28.7803679175241,28.6914974152272,39.409592016979,16.9725382679857,16.8706970674777,-0.278241606082855,4.81987784164401,0.566001062524879,1
"6161","PmetTSAr1.1-006228",34.6198523145831,36.0246875499446,26.3849307253011,31.5339633760544,31.0581818466862,37.6850689803681,45.762992070717,34.2792183703281,0.210824406161076,5.11839893974591,0.483785495568101,1
"6162","PmetTSAr1.1-006229",30.5733760700214,42.0635080062937,45.5825684931725,78.3186092916617,77.0446808764221,110.878349993251,61.3944902780224,54.8580720080065,0.629594227901587,5.96952505359728,0.123424033630758,1
"6163","PmetTSAr1.1-006230",10.0262689170806,6.69327390482042,43.3601818550199,20.5725353007509,23.3755600768729,14.3616016819407,2.93352513273827,10.0771277785605,-0.668642486875183,4.04057880927932,0.240649277766123,1
"6164","PmetTSAr1.1-006231",14.2975493974512,12.1966324487839,16.1241243321285,10.0347372959905,14.5278013561874,10.4884925669291,9.59681793424377,9.45438392707645,-0.256153120641825,3.60167192938289,0.400283737476814,1
"6165","PmetTSAr1.1-006232",1.66355134498646,1.13041959281412,1.65496877309236,1.13850581458467,1.56565277773448,2.0920443394953,2.64017261946444,1.18887462556051,0.449659893532364,0.764856936296441,0.165676833372465,1
"6166","PmetTSAr1.1-006233",109.479662838974,119.824476838296,99.9601138947787,103.286306574298,100.165367245292,109.464806520619,120.505021702699,114.896240598812,0.0410460589811115,6.77823245595921,0.916125610692912,1
"6167","PmetTSAr1.1-006234",24.9083093276351,23.8875508692036,20.1433342096385,30.8985182702397,23.7032548443057,29.4017042307448,36.3338041440583,32.3543737384682,0.286477717695493,4.79572083690266,0.340069821720368,1
"6168","PmetTSAr1.1-006235",9.84642552843337,9.10285251055577,22.4130056698794,11.5703963017093,11.5785484492922,8.6508860525076,25.4588074019786,7.72768506614333,0.0158085696795523,3.73924360074993,0.97375814195205,1
"6169","PmetTSAr1.1-006236",5.03561488212118,3.4507545464852,2.26967146024096,3.07131801143771,3.02207396632469,2.57264912019017,3.10115514032331,4.61396580872294,-0.0532418268148616,1.7874415383516,0.871358170545249,1
"6170","PmetTSAr1.1-006237",20.2323812228083,12.6428507091052,7.2818626016064,11.7557344575719,10.122127260702,7.09598823261244,10.4140142212209,16.0498074450669,-0.248659431635451,3.58581875347314,0.492347407794379,1
"6171","PmetTSAr1.1-006238",24.27885746737,24.5717522016963,22.6967146024096,22.1081943064697,26.7617393403451,18.7718573165524,21.0794734538193,23.9190252047294,-0.0492947924449086,4.52871500700176,0.864126030583193,1
"6172","PmetTSAr1.1-006239",17.2649653101297,21.1209976552111,13.0033260742971,23.2996538798723,14.0544644698955,30.7021642255662,30.3619851238411,24.6833017497325,0.417478565883589,4.4520947120744,0.209833840514294,1
"6173","PmetTSAr1.1-006240",27.3811559215339,32.2764541632451,38.9154085787147,23.6968070710065,30.5848449603944,29.0907246667657,31.304903916507,25.1928194464013,-0.0732146187734107,4.90025669656476,0.806544728505601,1
"6174","PmetTSAr1.1-006242",28.7299813363878,27.0110786914531,31.9172549096384,26.1591568560385,31.1310029061158,23.8040720791222,25.5426224057711,25.1362063689937,-0.107790301494089,4.78058216859932,0.706526069445958,1
"6175","PmetTSAr1.1-006243",11.2402117904491,11.4231874642269,12.2467689208835,14.641714313147,9.90366408241343,18.489148622026,15.8200819658385,15.0307720517293,0.257805169355107,3.77279485618454,0.398366299774936,1
"6176","PmetTSAr1.1-006244",33.1811052054056,38.2855267355728,35.8891799650601,28.6744603998883,33.5340978672896,28.525307277713,39.6025892919667,33.9112333671784,-0.00454275827580712,5.08796990355281,0.988107414025141,1
"6177","PmetTSAr1.1-006245",8.00303079479973,5.02739239962067,5.20133042971886,7.38704935509588,4.98824257092147,6.70019606027549,7.27095157900128,7.67107198873568,0.0574813918362693,2.72150408726919,0.858928018784931,1
"6178","PmetTSAr1.1-006246",11.8247028035524,9.22184404664147,12.577762675502,6.03672850523964,11.2872642115741,7.63313475221258,7.01950656762372,7.9541373757739,-0.225035625771744,3.20811096117583,0.488851229884077,1
"6179","PmetTSAr1.1-006247",28.5501379477406,21.8349468717253,21.2308851176706,23.7232839504154,32.0776766786994,28.6383907555235,24.0968135903501,30.8541271871657,0.27867270893368,4.72449529024893,0.335464739539318,1
"6180","PmetTSAr1.1-006248",15.6463748123051,15.4688996911405,28.2763236088352,13.6091160161981,18.1324437979481,16.0578538490991,17.3287520341039,17.776506306,-0.0734895463268931,4.1570023447164,0.815260095638734,1
"6181","PmetTSAr1.1-006249",137.400348926449,135.382620181501,119.867023993975,187.668121250608,142.838508070985,178.191290159985,187.28462597439,172.415127244978,0.230184859230755,7.30104838511293,0.576531008520146,1
"6182","PmetTSAr1.1-006250",19.647890209705,19.9608301783756,23.5005565779116,31.0573795466934,21.8099072991384,30.5325390088503,27.1770149797253,26.9195183073345,0.176326702797646,4.6521254695105,0.556468968607585,1
"6183","PmetTSAr1.1-006251",71.3978252929324,68.7473599735111,48.8925060393572,59.0434410819491,63.9368901791103,56.4851971663731,64.1813391541237,65.7843959476817,0.013289194360929,5.96281055107658,0.969957228634096,1
"6184","PmetTSAr1.1-006252",22.1656976507655,17.2240248484046,12.577762675502,16.7333877864537,18.1324437979481,17.0473342799414,17.3077982831558,17.8897324608153,0.0346380360713795,4.12485385817234,0.908229139899966,1
"6185","PmetTSAr1.1-006253",74.0055544283166,32.9011597276951,45.7244229594376,41.4892700338181,47.4065096886114,29.3734333612921,28.5390087913537,33.2884895156943,-0.485805810075048,5.37974930856722,0.159551991315573,1
"6186","PmetTSAr1.1-006254",15.6463748123051,7.82369349763454,10.5445153257028,10.8819974370767,10.6318746767085,6.47402910465438,6.53757029581672,7.07663467595543,-0.547544803585736,3.24780235861122,0.0901148637057295,1
"6187","PmetTSAr1.1-006255",11.5998985677434,8.59713848219156,19.6704859887549,17.5276941687221,17.404233203653,23.5496342540485,10.0997079569989,14.5495608937644,0.192770783486491,3.94791021892513,0.588175433651321,1
"6188","PmetTSAr1.1-006256",23.0199537468397,12.4643634049767,30.3568557807228,27.6153852235305,28.1089289397911,27.3662016301547,15.2962381921353,21.8809544180542,-0.0124464873647501,4.54330426172827,0.972005836290121,1
"6189","PmetTSAr1.1-006257",12.6339980524647,14.1599927941979,14.185446626506,15.5948819718691,12.1247063950135,18.489148622026,15.1495619354984,15.5119832096943,0.11499840359854,3.88723730104687,0.6923971600433,1
"6190","PmetTSAr1.1-006258",3.05733760700214,3.98621645887083,2.17510181606425,2.99188737321088,2.29386337202958,3.56212955103254,2.6820801213607,2.57589502204778,-0.141002278605542,1.57568957190952,0.63895479187585,1
"6191","PmetTSAr1.1-006259",14.9270012577163,15.290412387012,28.2290387867469,16.3891883541374,20.0257913431154,19.902692094658,18.7955146004731,17.3802147641465,0.0254595050649899,4.24206821959219,0.937372954743245,1
"6192","PmetTSAr1.1-006260",31.112906235963,28.4687250085029,23.3114172895581,39.2122584046487,37.1751508387651,32.0308950898402,41.425565624454,29.1557348649364,0.194553935633442,5.03584604058311,0.525511948183494,1
"6193","PmetTSAr1.1-006261",10.5208382358603,12.7618422451909,7.66014117831322,7.30761871686904,10.0128956715577,12.5805369064244,19.109820864695,12.8794751102389,0.513723502035422,3.54564195089178,0.11270436319918,1
"6194","PmetTSAr1.1-006262",19.9626161398375,16.9860417762332,21.278169939759,15.7272663689138,15.0739593019087,21.1183394811215,21.037565951923,20.0976424797134,0.0659552827487371,4.24570013330431,0.824073379937705,1
"6195","PmetTSAr1.1-006263",22.3005801922509,18.027217716983,20.3324734979919,20.4136740242972,19.6252755162531,19.5634416612263,22.483374767344,20.012722863602,0.011448469042261,4.35091457996752,0.969940281517344,1
"6196","PmetTSAr1.1-006264",15.9611007424377,16.6290671679761,12.9560412522088,11.1732431105751,13.3990749350299,15.0118316793514,26.7369862098145,18.7955416993376,0.383882228914335,4.03590888648982,0.231417650092039,1
"6197","PmetTSAr1.1-006265",15.5114922708197,17.253772732426,15.6039912891566,13.2649165838818,14.3821592373283,16.0013121101938,29.0838063160051,21.6545021084236,0.39751708706418,4.16312410964228,0.207504980708594,1
"6198","PmetTSAr1.1-006266",34.6198523145831,37.7500648231872,31.1606977562248,25.0206510414538,32.878708332424,26.5746172854808,29.9848176067747,32.8072783577294,-0.0724768678786588,4.97306889655258,0.806291554352233,1
"6199","PmetTSAr1.1-006267",64.2940114413686,60.9831622439194,44.1640238305219,70.4020223483869,53.3050155024017,76.1334514359574,86.9999739366378,80.0791979931116,0.305957334682915,6.06860404269614,0.428464512072059,1
"6200","PmetTSAr1.1-006268",17.8944171703949,15.8258742993976,12.0103448104417,15.3565900571886,15.4380645990562,13.6548299456247,15.6314982073054,15.398757054879,-0.0232644274090896,3.92728437075045,0.93766624356471,1
"6201","PmetTSAr1.1-006269",111.772666044225,118.932040317654,82.7957234767065,113.903535217285,85.0914079433831,135.558819025405,130.269469644527,107.338394764892,0.100544123422249,6.79150576185341,0.80324329794535,1
"6202","PmetTSAr1.1-006270",48.108106463122,33.7935962483378,36.5511674742971,29.3363823851119,31.5679292626928,29.2038081445763,40.294063073255,39.1479430273854,-0.0751478205451655,5.17224009396992,0.807701552958301,1
"6203","PmetTSAr1.1-006271",31.562514707581,27.0110786914531,35.7946103208834,32.6459923112302,32.5146030352765,34.8579820351041,32.1011464525359,32.9205045125447,0.0601273080799634,5.02175390426711,0.835420187523317,1
"6204","PmetTSAr1.1-006272",24.7284659389879,22.7571312763894,25.0136708847389,22.1081943064697,24.2858233197418,24.369489468175,29.859095101086,24.8531409819555,0.128421316669168,4.63282356835569,0.650860388561904,1
"6205","PmetTSAr1.1-006276",56.2909806465689,57.9488780737341,173.346157775903,76.677042768307,65.0292060705529,59.2557423727318,64.1394316522275,74.8424883329046,-0.468211849571248,6.29436399354434,0.293750622007981,1
"6206","PmetTSAr1.1-006277",13.6231366900243,10.173776335327,19.81234045502,21.022642250703,12.8893275190234,22.1643616508691,16.1972494829049,18.6257024671147,0.112983991001278,4.0770020624506,0.732459447881282,1
"6207","PmetTSAr1.1-006278",21.401363249015,17.8784782968759,24.9191012405622,27.7477696205752,21.4093914722761,28.8645577111446,19.8641558988277,27.2025836943727,0.08211756917953,4.56821944247482,0.784247130207992,1
"6208","PmetTSAr1.1-006279",23.2897188298104,22.0729299438967,15.7458457554216,12.8677633927477,24.5406970277451,14.3898725513934,20.7232596877011,19.1069136250797,0.0905652647672343,4.25933952676758,0.775784175140102,1
"6209","PmetTSAr1.1-006280",44.2864344543693,45.5142625527789,42.036206836546,34.0227900404954,42.3454460582604,38.6745494112104,48.5498409468184,45.2338488487071,0.0760531886858676,5.41428677595976,0.80199647032422,1
"6210","PmetTSAr1.1-006281",23.5594839127812,23.3818368408393,23.8788351546184,20.2018589890256,25.1232655031811,22.7015081704693,25.7731136662005,22.6169244243536,0.0804408141647736,4.55246551927757,0.775002514741432,1
"6211","PmetTSAr1.1-006282",6.87900961575482,10.9472213198841,6.95086884698793,8.52555516968055,6.66312693780021,12.6370786453297,10.8121354892353,10.2752735494873,0.276868570801836,3.21465751331694,0.380662860857922,1
"6212","PmetTSAr1.1-006283",7.37357893453458,9.57881865489856,6.19431169357427,7.06932680218853,6.29902164065266,13.0328708176667,9.09392791148864,8.43534853373887,0.286048115642861,3.07966572000933,0.368787841141885,1
"6213","PmetTSAr1.1-006284",8.04799164196152,9.66806230696283,5.81603311686745,8.36669389322687,6.5903058783707,12.2695573424454,10.0158929532064,10.5300323978217,0.303599758411964,3.16740791820979,0.3317014157189,1
"6214","PmetTSAr1.1-006285",6.33947944981327,8.62688636621299,6.09974204939757,7.28114183746009,5.64363210578707,10.3471382196659,8.61199163968164,8.71841392077709,0.232186327668913,2.95950416290889,0.451372929679663,1
"6215","PmetTSAr1.1-006286",29.0447072665204,27.1003223435174,29.5057289831324,28.1449228117094,32.5510135649912,34.1794811682408,30.9486901503888,29.8067852551243,0.163980777229637,4.91753402328273,0.563551256929692,1
"6216","PmetTSAr1.1-006287",19.1083600437634,17.7594867607902,16.596972553012,15.7537432483228,16.7488436687874,18.884940794363,18.5440695890955,16.8423905287739,0.0375980081485058,4.13679186874744,0.896148290964172,1
"6217","PmetTSAr1.1-006288",36.4182862010549,32.6631766555237,32.531957596787,36.8822930166615,34.9176979964503,29.6278711863659,26.9255699683477,30.1181571808663,-0.188173202697323,5.0254117230338,0.51446834883899,1
"6218","PmetTSAr1.1-006289",28.8648638778732,33.109394915845,193.347637519276,28.6744603998883,26.0699392757648,34.4339189933145,32.9602502414093,28.9575890940096,-1.21340791293315,5.66738108105535,0.0267921664606544,1
"6219","PmetTSAr1.1-006290",9.35185620965362,11.4231874642269,15.1784278903614,14.8270524690096,15.1831908910529,11.5345147366768,11.2312105081979,11.0395500944905,-0.0530567053936542,3.64739519253261,0.864079052914731,1
"6220","PmetTSAr1.1-006291",12.2293504280086,14.4574716344121,13.2870350068273,8.97566211963263,11.1780326224299,10.5167634363818,10.602597979754,10.7847912461561,-0.183445136785459,3.53115866646024,0.527660403551974,1
"6221","PmetTSAr1.1-006292",17.7595346289095,16.8967981241689,21.1836002955822,28.6215066410704,51.1567942492312,27.8750772803023,12.4884355650858,20.2957882506402,0.403339863310108,4.6201136108522,0.305107467704451,1
"6222","PmetTSAr1.1-006293",8.85728689087386,4.31344318310649,13.9963073381526,42.7072064866296,13.0349696378824,27.1683055439863,8.15100911882277,20.3524013280478,-0.0255914321507066,4.12072179397557,0.964531775996499,1
"6223","PmetTSAr1.1-006294",24.9982310219587,16.063857371569,51.0676078554215,27.9066308970289,31.9684450895551,22.0512781730586,9.26155791907368,18.4558632348918,-0.554517848963827,4.65876525175853,0.17782837800983,1
"6224","PmetTSAr1.1-006295",33.0462226639202,33.8530920163806,28.7018870076304,34.3669894728116,31.6407503221223,38.5897368028525,41.0693518583358,33.4583287479173,0.155447056651553,5.10465402578549,0.594675747084295,1
"6225","PmetTSAr1.1-006296",18.3889864891747,21.4779722634682,20.8526065409638,19.7517520390736,17.7683385008006,29.0341829278605,27.6379975005841,20.0693359410096,0.232416820210035,4.45551283575629,0.433703115324314,1
"6226","PmetTSAr1.1-006297",61.9560473889552,51.1663605168494,60.9974204939757,59.9966087406712,55.7445209932903,59.5101801978055,55.1502724954795,60.009862052102,-0.0229024118105981,5.86111267949269,0.944960751655292,1
"6227","PmetTSAr1.1-006298",74.140436969802,77.3742463397241,87.3350663971884,65.477322778323,79.6298284861698,63.7225397462488,74.3858158658633,78.2958860547709,-0.0397845803325502,6.23079938122034,0.915783482192291,1
"6228","PmetTSAr1.1-006299",46.2647117294883,46.644682145593,55.9379445305219,45.5667094627957,46.9331728023195,44.4418067795488,47.690737157945,50.6120912024332,-0.0353951560874003,5.58708275177257,0.908829032754115,1
"6229","PmetTSAr1.1-006300",27.6958818516665,23.8280551011607,29.9312923819276,31.5604402554634,26.3248129837681,42.151866353885,43.6257094740077,29.2689610197517,0.323410923898433,4.99398720611448,0.292427661563894,1
"6230","PmetTSAr1.1-006301",23.6494056071048,29.1231784569742,52.9590007389556,32.8048535876838,23.5576127254467,33.1051881290405,29.3352513273827,27.145970616965,-0.291388057439945,4.97796208305671,0.371060364477549,1
"6231","PmetTSAr1.1-006302",8.54256096074128,7.70470196154884,8.03841975502005,11.1467662311662,7.02723223494777,11.6475982144874,12.9284643349965,10.2752735494873,0.241377615808581,3.28312747065212,0.435951975396732,1
"6232","PmetTSAr1.1-006303",12.8588022882737,12.137136680741,10.7336546140562,14.0856998455592,11.5421379195774,15.2379986349725,18.2507170758217,16.1064205224746,0.295541411990701,3.80105569272352,0.314418606254984,1
"6233","PmetTSAr1.1-006304",15.4665314236579,19.6930992221828,30.2622861365461,16.9716797011343,18.9334754516727,19.4503581834158,25.0187786320678,19.8145770926752,0.0157114866224092,4.37576065342935,0.962844451630401,1
"6234","PmetTSAr1.1-006305",7.68830486466715,10.1440284513056,11.7739207,9.79644538130995,9.21186401783308,10.2905964807607,10.8749967420797,12.0868920265319,0.108483635371233,3.36415432843643,0.712773240437457,1
"6235","PmetTSAr1.1-006306",10.7906033188311,9.8762974951128,16.5024029088353,10.8025667988499,9.53955878526588,11.8172234312032,13.7037531200773,13.3606862682038,0.0161891669838286,3.59792203996072,0.963668034387708,1
"6236","PmetTSAr1.1-006307",28.8648638778732,27.3680532997102,43.8330300759035,28.5685528822525,33.9710242238667,28.1012442359234,22.2738372578627,26.353387533258,-0.216432228205659,4.90534259877725,0.481803580280803,1
"6237","PmetTSAr1.1-006308",3.41702438429651,5.56285431200631,2.78980450321284,6.19558978169332,3.34976873375749,7.32215518823355,8.71676039442229,8.80333353688855,0.645029467553603,2.54894434204208,0.0797175198324025,1
"6238","PmetTSAr1.1-006309",28.9997464193586,33.7341004802949,39.482826443775,23.1143157240097,30.948950257542,29.1189955362184,39.4349592843816,31.7316298869841,0.067196094928692,5.00588410708039,0.827114160006312,1
"6239","PmetTSAr1.1-006310",8.09295248912332,7.49646677339887,10.8282242582329,7.20171119923326,8.66570607211175,5.23011084873825,7.31285908089755,8.09567006929301,-0.196510902388535,2.98527388949531,0.519751062210379,1
"6240","PmetTSAr1.1-006312",18.4789081834982,9.07310462653435,119.205036484738,41.1715474809107,35.4274454124569,18.5174194914787,2.09537509481305,9.96390162374524,-1.50977498310041,4.98892968776676,0.0367081818855015,1
"6241","PmetTSAr1.1-006313",5.71002758954812,5.89008103624197,6.47802062610439,4.87174581124603,7.13646382409203,6.64365432137021,6.76806155624615,5.40654889242995,0.179225361120352,2.62612422256818,0.534160894341557,1
"6242","PmetTSAr1.1-006314",18.1641822533657,18.6816711654543,31.3025522224898,18.2425699127637,21.1181072345581,19.195920358342,19.8222483969315,18.8238482380414,-0.128699935311589,4.37313796141842,0.669754558643171,1
"6243","PmetTSAr1.1-006315",19.6029293625432,26.1186421708104,15.3675671787148,18.3220005509905,18.6057806842399,23.2669255595221,29.9638638558266,24.5417690562134,0.279140389619066,4.46238031696046,0.360073806279351,1
"6244","PmetTSAr1.1-006316",18.9285166551162,25.8509112146175,14.7528644915662,18.2690467921726,17.1493594956497,22.8711333871851,28.6856850479907,21.4563563374969,0.21248774493432,4.39690262734506,0.489903447415507,1
"6245","PmetTSAr1.1-006317",11.6448594149052,16.0043616035262,7.32914742369475,14.6152374337381,9.53955878526588,10.2057838724028,17.4544745397927,21.9658740341657,0.253331640061568,3.77298092944804,0.481255972507858,1
"6246","PmetTSAr1.1-006318",4.31624132753244,7.70470196154884,2.03324734979919,5.26889900238021,2.84002131775091,3.47731694267462,7.45953533753446,11.1244697106019,0.362802737002622,2.48754377175076,0.419826153360567,1
"6247","PmetTSAr1.1-006319",26.3470564368126,25.3749450702748,32.4373879526103,30.8190876320129,29.2012448312337,25.5285951157332,25.2911773943935,29.9483179486434,-0.0643182536466296,4.81646957905343,0.823754806548829,1
"6248","PmetTSAr1.1-006320",11.5099768734198,14.308732214305,6.76172955863451,13.211962825064,10.2313588498462,20.6377347004266,23.5729698166468,15.5685962871019,0.611296558733366,3.86347442441969,0.0776397936380374,1
"6249","PmetTSAr1.1-006321",23.7393273014284,25.1369619981034,19.4813467004015,21.7639948741534,20.681180877981,25.8678455491649,26.1293274323187,23.664266356395,0.096331450889839,4.54679770305469,0.735499621985159,1
"6250","PmetTSAr1.1-006322",55.1219986203622,65.5940842672401,52.7225766285139,51.5504842092175,54.9798998692805,59.3688258505423,65.354749207219,56.0186400948632,0.0672368556647833,5.84933188518667,0.839864432505935,1
"6251","PmetTSAr1.1-006323",11.8696636507142,12.9105816652981,10.0243822827309,10.6966592812141,8.48365342353798,12.0151195173717,12.5932043198264,10.2469670107835,-0.0694752752086082,3.4814801596176,0.812422785591132,1
"6252","PmetTSAr1.1-006324",39.2957804194099,23.5305762609465,22.6021449582328,26.2650643736742,27.1622551672074,30.5325390088503,27.2398762325697,25.5324979108472,-0.0154723854653387,4.79849168863366,0.959744931587024,1
"6253","PmetTSAr1.1-006325",1.84339473363365,1.07092382477127,1.70225359518072,1.32384397044729,1.74770542630825,1.38527260317932,2.64017261946444,1.24548770296816,0.26605958067314,0.750406658392276,0.43427931525864,1
"6254","PmetTSAr1.1-006326",80.4349555724534,11.4826832322697,29.8840075598392,11.0143818341215,34.4807716398732,9.75344996116053,3.52023015928592,10.2752735494873,-1.1948110256285,4.57694589875145,0.0645983721042929,1
"6255","PmetTSAr1.1-006327",92.7092668476238,35.5189735215804,64.2127883959837,67.0659355428597,110.760831392286,84.5298996633912,12.9494180859447,22.5603113469459,-0.169277328911472,5.93852903703999,0.76267516986695,1
"6256","PmetTSAr1.1-006328",16.1859049782466,14.6954547065835,13.2397501847389,12.6294714780671,14.7098540047611,16.9907925410362,18.6697920947843,17.2386820706274,0.253464758583609,3.96437960462054,0.374500244229398,1
"6257","PmetTSAr1.1-006329",24.9083093276351,25.8509112146175,23.1222780012047,21.2874110447924,23.9217180225942,20.4963803531634,24.7673336206903,22.2772459599077,-0.0571335095164679,4.54778182752381,0.839563223552358,1
"6258","PmetTSAr1.1-006331",17.4897695459387,22.2811651320466,12.9087564301204,14.0856998455592,17.258591084794,18.0085438413312,21.4566409708856,19.3333659347102,0.187636910230735,4.16351712702129,0.532711343965633,1
"6259","PmetTSAr1.1-006332",21.401363249015,14.5764631704978,33.193945106024,17.0246334599521,22.0283704774269,16.7363547159624,11.6293317762124,17.3236016867389,-0.347404842913702,4.2692352329864,0.303918558746726,1
"6260","PmetTSAr1.1-006333",21.5362457905004,25.5534323744033,20.0960493875501,26.9534632383068,27.0166130483484,32.4266872621772,32.8345277357205,27.4856490814109,0.346670213750638,4.74459534485622,0.230379557951994,1
"6261","PmetTSAr1.1-006334",7.41853978169638,6.5445344847133,6.90358402489957,6.0102516258307,6.66312693780021,7.83103083838106,8.46531538304472,5.88776005039492,0.104854360939088,2.81305168971109,0.72268517574431,1
"6262","PmetTSAr1.1-006335",14.5223536332602,17.0157896602546,24.493537841767,14.0592229661502,16.0206330744923,17.3865847133731,17.2868445322077,14.8609328195064,-0.0951611490162266,4.08846896603732,0.752007855504174,1
"6263","PmetTSAr1.1-006336",7.28365724021099,8.03192868578451,7.32914742369475,6.24854354051121,7.42774806181008,7.7179473605705,8.48626913399285,7.5578458339204,0.111469395410855,2.92090309339269,0.697934430177839,1
"6264","PmetTSAr1.1-006338",18.7037124193072,20.4070484386969,23.1222780012047,30.9249951496487,22.1376020665712,29.0059120584078,31.3677651693514,27.5988752362262,0.24080592177935,4.67121918155696,0.423769676429128,1
"6265","PmetTSAr1.1-006339",32.4167708036551,16.3315883277618,6.09974204939757,6.98989616396169,9.53955878526588,6.78500866863341,11.2312105081979,12.0302789491242,-0.642117802658571,3.66956050081261,0.158345263474489,1
"6266","PmetTSAr1.1-006340",18.7037124193072,19.6336034541399,25.0609557068272,18.2690467921726,18.2780859168071,15.124915157162,19.6127108874501,19.7296574765637,-0.16605549245565,4.27490624580355,0.564198759333059,1
"6267","PmetTSAr1.1-006341",20.0525378341611,18.9494021216472,23.2168476453814,19.2222144508947,18.7878333328137,15.5489781989516,20.7442134386492,19.050300547672,-0.134895276820954,4.28575704951164,0.634402171913305,1
"6268","PmetTSAr1.1-006342",14.8370795633928,13.6840266498551,12.5304778534136,17.8454167216295,16.6032015499284,16.1992081963623,13.4313543577517,14.3231085841338,0.0386081784948581,3.90640140546792,0.893152701501662,1
"6269","PmetTSAr1.1-006343",67.0815839654,59.7337511150196,52.1551587634536,74.8501380890898,70.8548908249138,66.8323353860391,52.5520073779113,59.1606658909874,-0.0255943739531653,5.97646071199955,0.942656487336917,1
"6270","PmetTSAr1.1-006344",17.8044954760713,19.6930992221828,42.1307764807227,23.6703301915975,19.042707040817,22.4187994759429,27.4075062401547,25.3060456012166,-0.132117050895847,4.6287855712188,0.6916480399188,1
"6271","PmetTSAr1.1-006345",6.15963606116608,6.12806410841336,8.55855279799194,6.88398864632591,8.08313759667567,7.74621823002314,6.49566279392046,6.05759928261785,0.0339730960635644,2.82214516292737,0.910534561271483,1
"6272","PmetTSAr1.1-006346",4.8108106463122,4.78940932744928,5.57960900642568,5.34832964060705,5.8620952840756,5.25838171819089,6.07658777495785,6.11421236002549,0.183932359042262,2.47070061228197,0.512982724206928,1
"6273","PmetTSAr1.1-006347",2.29300320525161,2.29058706964966,2.26967146024096,1.61508964394569,2.14822125317056,2.37475303402169,2.28395885334622,1.83992501574841,0.0397341274161184,1.13675235669553,0.902525427113267,1
"6274","PmetTSAr1.1-006349",12.3192721223322,10.0547847992413,12.8141867859437,22.9025006887381,13.836001291607,20.1005881808265,12.2369905537082,14.2098824293185,0.0542024199844984,3.89493272431781,0.870632594456269,1
"6275","PmetTSAr1.1-006350",13.7580192315096,14.6062110545192,12.5304778534136,16.627480268818,11.9426537464397,18.6022320998366,18.8164683514212,15.7101289806211,0.177719679558008,3.94426486855304,0.548265656971326,1
"6276","PmetTSAr1.1-006351",4.18135878604705,3.51025031452804,8.18027422128511,3.23017928789139,3.0948950257542,4.66469345968547,5.00794647660319,4.50073965390765,-0.135032062848367,2.20117000548528,0.690596581609512,1
"6277","PmetTSAr1.1-006352",45.7701424107086,45.6035062048431,41.3269345052207,43.3426515924443,44.8941831382933,38.5331950639472,44.1076457458147,44.299733071481,-0.0349621115098124,5.44446720429128,0.90668714957186,1
"6278","PmetTSAr1.1-006353",12.2743112751704,10.7389861317341,16.8333966634538,11.8616419752077,13.544717053889,14.0506221179617,16.3229719885937,15.7101289806211,0.207595319888885,3.80509390228609,0.482616779853311,1
"6279","PmetTSAr1.1-006354",7.68830486466715,8.29965964197732,11.6793510558232,8.55203204908949,9.46673772583637,9.10321996374982,10.4140142212209,10.5866454752293,0.12940321067464,3.25318095329122,0.661064366972652,1
"6280","PmetTSAr1.1-006355",13.8479409258332,14.6359589385407,12.2940537429718,11.6763038193451,15.765759366489,16.142666457457,10.7492742363909,13.3040731907962,0.0925288210756693,3.76677697002941,0.752649035862677,1
"6281","PmetTSAr1.1-006356",4.8108106463122,4.70016567538501,3.73550094497991,5.21594524356232,4.4784951549149,6.36094562684382,5.1546227332401,6.08590582132167,0.255742795211281,2.36045422547244,0.369257374633732,1
"6282","PmetTSAr1.1-006357",10.5208382358603,11.2447001600983,7.18729295742969,14.8535293484186,9.53955878526588,11.7324108228453,12.9075105840484,14.606173971172,0.15324876138685,3.54173898624321,0.624929733466518,1
"6283","PmetTSAr1.1-006358",16.5006309083792,17.6107473406831,15.4148520008032,14.3504686396486,19.4432228676793,16.7080838465098,14.9609781769652,17.8897324608153,0.11084511582625,4.05920964320218,0.697633005941355,1
"6284","PmetTSAr1.1-006359",2.3829248995752,2.76655321399244,2.60066521485943,6.72512736987223,3.60464244176077,5.65417389052784,2.89161763084201,4.27428734427708,0.171321077781552,1.97633790022279,0.632433166505715,1
"6285","PmetTSAr1.1-006360",2.69765082970777,2.40957860573535,2.74251968112449,3.04484113202877,3.422589793187,3.5338586815799,2.80780262704949,3.28355848964332,0.256407148954574,1.61152522313872,0.328766770276037,1
"6286","PmetTSAr1.1-006361",22.3005801922509,23.6793156810536,18.1573716819276,13.2649165838818,17.8411595602301,12.0716612562769,12.6560655726708,14.8043197420988,-0.432214795826386,4.0788670578959,0.163129786929897,1
"6287","PmetTSAr1.1-006362",53.0537996509195,48.608042491007,55.1341025550199,63.9416637726041,53.4870681509755,50.9158358842032,46.2030208406278,53.8390366146689,-0.110765647977435,5.73357359455257,0.729534683320255,1
"6288","PmetTSAr1.1-006363",16.3657483668938,17.3727642685117,11.111933190763,14.8535293484186,15.6565277773448,16.4819168908887,19.4450808798651,16.9273101448854,0.198016029420826,4.00850347818256,0.498651824285308,1
"6289","PmetTSAr1.1-006364",17.3548870044533,8.03192868578451,92.5836816489956,39.9271341486903,28.7279079449419,31.2393107451663,12.7817880783596,13.5871385778344,-0.870690823699234,4.93355777323553,0.121349222503978,1
"6290","PmetTSAr1.1-006365",11.465016026258,9.81680172706995,7.32914742369475,11.8881188546167,8.48365342353798,9.01840735539191,10.8959504930279,11.8604397169013,-0.00921080817610138,3.34493313900818,0.979149075731812,1
"6291","PmetTSAr1.1-006366",10.0262689170806,11.2744480441197,11.7739207,12.1528876487061,11.4329063304332,13.9092677706985,13.2637243501666,11.2093893267134,0.139261172985753,3.57838408371187,0.624790340728057,1
"6292","PmetTSAr1.1-006367",11.7347811092288,10.6199945956484,11.9630599883534,12.1793645281151,10.4498220281348,15.6903325462148,14.6885794146395,10.954630478379,0.156362905325551,3.62645873490261,0.59553074122693,1
"6293","PmetTSAr1.1-006368",11.3750943319344,11.8396578405268,11.0173635465863,12.9207171515656,12.2703485138725,13.8244551623406,14.2275968937806,12.5114901070892,0.163679256564964,3.65125885172411,0.560377577355334,1
"6294","PmetTSAr1.1-006369",10.5208382358603,11.3934395802054,12.6250474975903,13.185485945655,11.3600852710036,15.3228112433304,13.5361231124923,12.4548770296816,0.142334765859904,3.65706769997309,0.620376474646917,1
"6295","PmetTSAr1.1-006370",2.427885746737,1.96336034541399,1.93867770562248,1.35032084985624,2.07540019374105,1.21564738646349,1.2362713059397,1.35871385778344,-0.384014521583757,0.803984889424877,0.197231412014791,1
"6296","PmetTSAr1.1-006371",8.18287418344691,8.50789483012729,7.56557153413652,8.18135573736425,9.28468507726259,8.48126083579176,8.44436163209659,7.69937852743951,0.0629181385066536,3.06275737909602,0.824672972978808,1
"6297","PmetTSAr1.1-006372",6.02475351968069,4.96789663157782,4.25563398795179,6.22206666110226,4.98824257092147,5.03221476256978,4.54696395574432,6.36897120835989,-0.0387705645811727,2.42313079549818,0.898344670612307,1
"6298","PmetTSAr1.1-006373",3.91159370307627,3.3317630103995,3.21536790200802,4.31573134365817,3.56823191204602,3.98619259282213,4.00216643109293,3.59493041538536,0.0348495715759608,1.92785820681165,0.899114456031645,1
"6299","PmetTSAr1.1-006374",32.8214184281112,33.0796470318236,25.0136708847389,34.684712025719,31.6407503221223,41.1058441841374,44.5476745157254,38.3553599436784,0.309288363596252,5.1385771245771,0.303577157111362,1
"6300","PmetTSAr1.1-006375",18.973477502278,9.7573059590271,12.7669019638554,12.8148096339298,14.7098540047611,11.8172234312032,5.51083649935832,10.1903539333758,-0.363750865356711,3.59865412116551,0.298339903497866,1
"6301","PmetTSAr1.1-006376",16.0060615895995,16.5100756318904,11.5847814116465,14.9594368660544,16.7488436687874,13.5134755983615,11.8598230366419,21.7394217245351,0.111472021359118,3.94746742063406,0.717474998651502,1
"6302","PmetTSAr1.1-006377",11.4200551790962,12.5238591730195,22.4130056698794,13.9797923279234,13.690359172748,16.764625585415,12.7608343274115,13.0493143424618,-0.099598551614805,3.8708924192994,0.749999997258922,1
"6303","PmetTSAr1.1-006378",23.9641315372374,22.4894003201966,27.8507602100401,25.391327353179,25.887886627191,25.5285951157332,23.1119872957879,23.0415225049109,-0.030991066359702,4.62743913837313,0.913185156585062,1
"6304","PmetTSAr1.1-006379",54.8971943845532,49.2624959394783,31.2079825783131,46.2551083274283,44.7485410194342,48.0887489389393,56.9732488279668,56.1601727883823,0.181422090935325,5.60040142282365,0.577789643240287,1
"6305","PmetTSAr1.1-006380",9.486738751139,7.13949216514178,14.4691555590361,10.0876910548083,11.1780326224299,12.4957242980665,4.21170394057423,10.7281781687484,-0.0928661238599969,3.3254797212561,0.801395298468463,1
"6306","PmetTSAr1.1-006381",20.4571854586173,17.4322600365545,20.1906190317268,24.914743523818,19.9165597539711,18.0368147107838,16.5115557471268,17.1254559158121,-0.213898994017961,4.27666463644093,0.454851766645469,1
"6307","PmetTSAr1.1-006382",16.1859049782466,14.6657068225621,18.6302199028112,19.1427838126678,16.2026857230661,14.5877686375618,13.7247068710255,13.4739124230191,-0.243246505882215,3.9895077961472,0.394758897322822,1
"6308","PmetTSAr1.1-006384",7.68830486466715,9.19209616262005,28.8437414738955,5.69252907292335,6.40825322979693,3.6752130288431,3.12210889127144,13.6154451165382,-0.93730443143682,3.2940075352638,0.0740343896312809,1
"6309","PmetTSAr1.1-006385",10.9704467074783,12.6131028250838,8.51126797590358,10.1935985724441,12.343169573302,9.18803257210774,12.3836668103451,12.5964097232007,0.136137514344674,3.48092905204819,0.642417367799196,1
"6310","PmetTSAr1.1-006386",34.4400089259359,31.6517485987952,45.0624354502006,27.4565239470768,36.8838666010471,29.9953924892502,31.8706551921065,32.8072783577294,-0.0747890863609908,5.08001407599285,0.803596904099672,1
"6311","PmetTSAr1.1-006387",10.9704467074783,11.3934395802054,8.74769208634535,11.4115350252556,11.3964958007184,10.2905964807607,11.566470523368,13.2474601133886,0.127777532529507,3.48457148634105,0.654540960674933,1
"6312","PmetTSAr1.1-006388",9.66658213978619,11.363691696184,7.80199564457828,11.226196869393,9.75802196355441,11.6193273450347,12.8027418293077,13.021007803758,0.235297473500648,3.4564553778573,0.421108367792207,1
"6313","PmetTSAr1.1-006389",6.20459690832788,5.77108950015627,6.33616615983933,7.04284992277958,5.60722157607231,6.61538345191757,7.24999782805315,6.31235813095224,0.0252082879044781,2.69074981706154,0.933927979221209,1
"6314","PmetTSAr1.1-006390",6.92397046291662,7.85344138165596,8.98411619678711,7.94306382268374,7.13646382409203,7.91584344673898,8.33959287735594,7.02002159854779,-0.0590332394677581,2.96827692333602,0.837059314081404,1
"6315","PmetTSAr1.1-006391",25.7176045765474,24.2742733614821,23.9261199767067,18.0307548774921,22.5017073637188,17.471397321731,20.0108321554646,21.7111151858313,-0.17012861301341,4.44367320560278,0.555096001198683,1
"6316","PmetTSAr1.1-006392",48.6925974762253,57.2051809731985,44.447732763052,41.9393769837701,44.6757199600047,48.8237915447079,55.4436250087533,48.8853923415001,0.0410751038995008,5.60964336678482,0.896856761095275,1
"6317","PmetTSAr1.1-006393",17.6246520874241,21.5969637995539,22.7439994244979,19.9370901949362,22.2832441854302,23.9454264263854,35.64233036277,27.0044379234459,0.411210758167957,4.57997264079469,0.163609664855863,1
"6318","PmetTSAr1.1-006394",19.3331642795724,22.9058706964966,15.0838582461847,14.1386536043771,18.5329596248104,19.4220873139631,24.7044723678459,20.012722863602,0.210477989581275,4.27301687141057,0.480827567587016,1
"6319","PmetTSAr1.1-006395",60.0676918081598,38.5235098077442,35.9364647871485,55.5749698793772,43.1828882416998,32.1722494371034,3.14306264221958,20.5222405602707,-0.941604953598105,5.17731290399038,0.0730249014986849,1
"6320","PmetTSAr1.1-006396",22.0757759564419,23.6495677970322,17.1171055959839,22.6906856534666,21.8099072991384,25.3306990295647,25.7312061643043,24.2587036691752,0.182958455083211,4.51729675184072,0.520597341621012,1
"6321","PmetTSAr1.1-006397",33.8105570656708,37.4228380989515,55.41781148755,71.3287131277,41.508003874821,59.0861171560159,39.5397280391223,37.1664853181179,-0.159423014191562,5.55377455676889,0.650351948172821,1
"6322","PmetTSAr1.1-006398",34.7547348560685,39.981156124794,26.2903610811244,33.2814374170449,31.0217713169715,33.5575220402827,34.7413190720004,36.3739022344109,0.0145121881042074,5.07961681549179,0.961287890859325,1
"6323","PmetTSAr1.1-006399",25.8974479651946,24.4230127815892,43.5966059654617,28.7009372792972,25.1596760328959,29.7126837947238,29.1047600669533,25.4475782947357,-0.163354587939829,4.86100186013315,0.593234376007609,1
"6324","PmetTSAr1.1-006400",21.7160891791476,22.935618580518,18.3465109702811,20.4136740242972,23.2663284877286,26.715971632744,24.2853973488833,22.9282963500956,0.220351738839703,4.50088566386742,0.432379493375786,1
"6325","PmetTSAr1.1-006401",18.8835558079544,18.5626796293686,18.2992261481927,15.7007894895049,18.9698859813875,17.4996681911837,16.8887232641932,14.1532693519109,-0.0815388923151223,4.12331281603594,0.776204350942996,1
"6326","PmetTSAr1.1-006402",35.0244999390393,35.6082171736446,24.5881074859437,26.9799401177158,26.4340445729123,30.9848729200926,49.0736847205216,37.308018011637,0.235195540572683,5.05830096684002,0.459300623880192,1
"6327","PmetTSAr1.1-006403",26.706743214107,22.519148204218,15.0365734240963,47.1288453479235,29.8566343660993,23.9454264263854,9.19869666622929,15.6818224419172,-0.503266574605703,4.57414751069407,0.220364761077973,1
"6328","PmetTSAr1.1-006404",28.8199030307114,25.1667098821248,33.5249388606424,46.5993077597446,33.6797399861486,33.1617298679458,31.0325051541813,27.3724229265956,-0.0991368828849116,5.0215951907809,0.748770572870432,1
"6329","PmetTSAr1.1-006405",5.53018420090094,5.26537547179207,10.1189519269076,6.14263602287543,4.58772674405916,6.33267475739118,7.92051785839333,5.74622735687581,-0.132236685654365,2.70338957191103,0.679882741093607,1
"6330","PmetTSAr1.1-006406",10.2960340000513,6.4255429486276,7.47100188995981,11.0408587135304,13.4718959944594,7.32215518823355,2.09537509481305,4.89703119576116,-0.346195909956766,2.98659166930333,0.436573528531423,1
"6331","PmetTSAr1.1-006407",55.4367245504947,49.8574536199068,57.7347677698793,44.7724030805273,55.8173420527198,42.9717215680116,59.1524389265724,58.5096155007995,0.0590977700266423,5.73039218845667,0.856015005524955,1
"6332","PmetTSAr1.1-006408",21.2664807075296,19.2766288458828,25.3446646393573,21.5257029594729,23.8488969631647,23.0973003428062,25.8988361718893,22.8716832726879,0.131551446478447,4.52058341155927,0.641852843447961,1
"6333","PmetTSAr1.1-006409",10.1161906114042,16.9860417762332,6.33616615983933,16.5480496305911,9.06622189897406,14.3050599430354,26.3179111908519,10.0205147011529,0.255395804138617,3.786107800711,0.526411118135779,1
"6334","PmetTSAr1.1-006410",10.2510731528895,15.2309166189691,6.24159651566263,13.3973009809266,8.99340083954455,16.7080838465098,23.9501373337132,12.0868920265319,0.45119714501708,3.74835814737187,0.224039550436892,1
"6335","PmetTSAr1.1-006411",28.9547855721968,16.0043616035262,23.027708357028,26.87403260008,25.5601918597582,28.8080159722393,20.0317859064128,19.9844163248981,-0.00715980746568696,4.56761272119885,0.982464722999117,1
"6336","PmetTSAr1.1-006412",30.0338459040799,48.3700594188356,30.2622861365461,53.6156808031152,37.9033614330602,48.2583741556551,56.7637113184855,58.6511481943186,0.312215067844066,5.50963043896458,0.352446866689195,1
"6337","PmetTSAr1.1-006413",31.8322797905517,36.8873761865659,24.9663860626505,29.6011511792014,34.1166663427257,24.7652816405119,31.7658864373658,32.382680277172,-0.0034736945748332,4.94733640801719,0.992197349908084,1
"6338","PmetTSAr1.1-006414",24.054053231561,16.8075544721046,17.3062448843373,16.2303270776838,18.6421912139547,14.8139355931829,12.6979730745671,14.6910935872835,-0.290071105095416,4.08384767211649,0.330227253201643,1
"6339","PmetTSAr1.1-006415",7.91310910047614,7.46671888937745,4.53934292048191,11.0143818341215,7.5733901806691,12.0433903868243,8.19291662071903,6.6520365953981,0.152474094506854,3.0435233171314,0.650398390925456,1
"6340","PmetTSAr1.1-006416",8.45263926641769,10.2035242193485,16.8333966634538,11.6233500605272,10.9231589144266,10.7994721309082,11.6083780252643,11.4924547137516,-0.070551991504328,3.52982689806438,0.817707456643516,1
"6341","PmetTSAr1.1-006418",30.0338459040799,31.9789753230309,43.1237577445781,40.9067786868213,26.3248129837681,39.098612453,36.6271566573321,32.552519509395,-0.117372686767537,5.13516363052822,0.701147441138673,1
"6342","PmetTSAr1.1-006419",26.706743214107,14.4277237503907,43.1237577445781,39.7417959928276,30.7304870792534,28.0729733664707,26.0245586775781,17.4368278415542,-0.277805529046443,4.82458119123594,0.443608461084641,1
"6343","PmetTSAr1.1-006420",24.0990140787228,20.5260399747826,26.9996334124497,29.2834286262941,24.0673601414532,25.1045320739436,18.94219085711,22.0507936502771,-0.162722145763905,4.58148396844822,0.573953191262317,1
"6344","PmetTSAr1.1-006421",30.6183369171832,23.1736016526894,17.4953841726907,26.8210788412621,37.3572034873389,32.3418746538192,19.2355433703838,18.8521547767453,0.134832059855818,4.68907984738332,0.68530419088194,1
"6345","PmetTSAr1.1-006422",7.41853978169638,7.31797946927033,8.65312244216864,12.8677633927477,9.83084302298392,13.0611416871193,11.2102567572498,9.48269046578027,0.263664343520105,3.32905935600889,0.391657640398834,1
"6346","PmetTSAr1.1-006423",24.27885746737,13.0890689694266,10.4499456815261,23.8027145886423,30.6940765495387,8.79224039977079,10.0787542060508,36.9683395471912,0.27190313268528,4.30951590001722,0.550666000874091,1
"6347","PmetTSAr1.1-006424",22.1207368036037,10.9769692039055,10.6390849698795,23.0348850857828,30.5848449603944,6.36094562684382,6.8728303109868,35.6096256894077,0.249439392077577,4.19630150906681,0.623233774406893,1
"6348","PmetTSAr1.1-006425",17.3548870044533,17.0157896602546,24.3989681975903,19.7252751596646,20.6083598185515,20.7508181782372,22.1690685031221,18.7672351606338,0.0689025140464599,4.33336875327023,0.81300523082991,1
"6349","PmetTSAr1.1-006426",28.909824725035,9.69781019098426,30.3568557807228,34.9230039403995,20.6083598185515,10.4884925669291,4.71459396332936,10.6715650913408,-1.16149896266353,4.23535159636925,0.00939997291858228,1
"6350","PmetTSAr1.1-006427",8.67744350222667,9.72755807500568,7.47100188995981,16.3097577159106,8.3016007749642,15.8882286323832,16.8468157622969,16.983923222293,0.457834126588399,3.6558469893289,0.186132479332289,1
"6351","PmetTSAr1.1-006428",11.5998985677434,11.0662128559698,8.41669833172688,16.0449889218212,10.0857167309872,15.124915157162,15.6524519582535,18.2294109252612,0.325049396689954,3.73883927104183,0.308520576834197,1
"6352","PmetTSAr1.1-006429",11.689820262067,12.0776409126982,13.9963073381526,9.58463034603838,12.197527454443,10.0361586556869,11.5455167724199,13.2191535746847,-0.00948897893190685,3.5669263693545,0.974583911446919,1
"6353","PmetTSAr1.1-006430",14.0727451616422,17.5809994566616,13.2870350068273,16.4950958717732,15.5837067179153,15.8034160240253,21.4356872199375,15.9082747515478,0.16139794187706,4.03032211107292,0.581272299198066,1
"6354","PmetTSAr1.1-006431",17.4897695459387,18.9196542376257,14.4691555590361,17.07758721877,17.112948965935,16.3688334130781,21.6033172275225,17.1254559158121,0.0874810308380617,4.13642605238605,0.761882112710259,1
"6355","PmetTSAr1.1-006432",86.3697873978106,18.0867134850259,17.400814528514,16.124419560048,30.3663817821059,6.04996606286479,2.55635761567192,7.02002159854779,-1.58575631668593,4.5242877382397,0.017552869012588,1
"6356","PmetTSAr1.1-006433",11.5099768734198,12.2858761008482,11.2537876570281,10.6966592812141,13.7631802321775,14.1919764652249,15.8200819658385,13.5871385778344,0.32673415861484,3.69538921252693,0.244809264075417,1
"6357","PmetTSAr1.1-006434",38.3066417818504,34.5967891169162,66.1987509236945,56.7134756939619,45.0034147274375,47.5798732887918,33.714585275542,40.9312549657262,-0.227653719647679,5.50574431714502,0.493864745034304,1
"6358","PmetTSAr1.1-006435",27.1563516857249,23.7388114490964,34.8961987012047,38.3649982635625,27.963286820932,34.4904607322198,26.6112637041257,34.5905902960701,-0.00592982680752441,4.95596558896575,0.985402832647241,1
"6359","PmetTSAr1.1-006436",45.2755730919288,40.3083828490296,32.9102361734938,34.8170964227637,38.8864457353586,21.2596938283847,30.5505688823743,33.2884895156943,-0.306475665187115,5.11759858053909,0.326530440327865,1
"6360","PmetTSAr1.1-006438",43.8368259827513,35.6677129416875,54.7085391562247,45.6990938598405,49.2270361743491,42.3780333095062,31.8706551921065,39.1479430273854,-0.145768024238877,5.42191651300152,0.641946801619227,1
"6361","PmetTSAr1.1-006439",47.5685762971804,56.81845848092,48.6560819289155,50.1736864799523,51.630131135523,64.1183319185857,69.7759906572746,61.6516412969237,0.282514956224608,5.81678717538844,0.388340327156549,1
"6362","PmetTSAr1.1-006440",51.6600133889039,47.9238411585142,54.8031088004014,47.2347528655593,47.4793307480409,47.2123519859075,47.7116909088932,50.3573323540988,-0.064665253232443,5.62516830344016,0.834405718575575,1
"6363","PmetTSAr1.1-006442",14.342510244613,18.235452905133,8.700407264257,6.14263602287543,8.48365342353798,4.29717215680116,9.65967918708816,11.8038266394937,-0.469165312310902,3.35968432904307,0.231722385221893,1
"6364","PmetTSAr1.1-006443",11.914624497876,10.7984818997769,18.1100868598393,10.6172286429873,12.7072748704496,11.1952643032451,11.88077678759,9.96390162374524,-0.167258947050854,3.60894568144505,0.579509009069257,1
"6365","PmetTSAr1.1-006444",34.9345782447157,28.61746442861,271.793157363854,44.9047874775721,43.7290461874211,79.1301635979371,23.5729698166468,32.6657456642103,-1.08596173387005,6.12794834859477,0.0964869103951134,1
"6366","PmetTSAr1.1-006445",45.455416480576,45.2465315965861,45.7717077815259,39.1063508870129,40.5977406319521,39.4378628864317,44.7781657761549,42.5164211331402,-0.0691854301065603,5.42369608479767,0.815602425057037,1
"6367","PmetTSAr1.1-006446",20.1424595284847,23.3818368408393,18.5356502586345,20.5990121801598,23.1935074282991,26.9138677189125,29.0838063160051,22.6169244243536,0.300395124621716,4.53148379937302,0.290509172636389,1
"6368","PmetTSAr1.1-006447",48.1530673102838,47.5966144342786,40.8068014622488,45.3548944275242,46.7511201537458,49.0216876308764,48.5498409468184,44.1865069166657,0.0513389496368828,5.53498282419424,0.866202023782298,1
"6369","PmetTSAr1.1-006448",18.2990647948511,21.2994849593397,8.0857045771084,11.252673748802,14.3821592373283,9.01840735539191,15.9877119734236,14.0117366583917,-0.142817901206429,3.81823140822132,0.686155357380627,1
"6370","PmetTSAr1.1-006449",43.8817868299131,43.6103979754077,35.1326228116465,44.95774123639,38.5951614976406,42.236678962243,51.3366898229197,55.1128308563409,0.160279980136868,5.47330848397597,0.603220630288641,1
"6371","PmetTSAr1.1-006450",29.4493548909765,22.1919214799824,39.5773960879517,27.5889083441215,29.4925290689518,34.6883568183883,23.8034610770762,30.8541271871657,0.000984242011947402,4.89532149901115,0.999275599254074,1
"6372","PmetTSAr1.1-006451",28.9547855721968,26.5946083151531,27.1887727008031,25.391327353179,28.0361078803616,26.2353668520492,41.3207968697133,29.7218656390128,0.213422339527637,4.87017531899491,0.47207091076636,1
"6373","PmetTSAr1.1-006452",10.3409948472131,9.9952890311985,11.5374965895582,8.71089332554317,12.7436854001643,6.98290475480188,7.64811909606763,8.83164007559238,-0.165358671916813,3.27078033067828,0.591632462422451,1
"6374","PmetTSAr1.1-006453",60.6521828212631,69.8480316823038,45.1570050943773,62.3265741286584,57.3829948304543,68.1045245114078,68.3511355928017,72.6062717753027,0.162815772047572,5.98006246299842,0.644775879261717,1
"6375","PmetTSAr1.1-006454",36.4632470482167,28.4687250085029,38.3007058915661,35.3731108903516,36.7746350119028,36.4976924633572,29.9848176067747,38.1855207114555,0.0293707904223033,5.13192124006704,0.921833593462208,1
"6376","PmetTSAr1.1-006455",18.5688298778218,19.9310822943541,17.1171055959839,15.9655582835943,16.6396120796432,14.7008521153724,16.6372782528156,17.776506306,-0.122456552823296,4.10659759031565,0.666912134523557,1
"6377","PmetTSAr1.1-006456",17.1750436158062,16.9562938922117,25.2028101730923,22.6906856534666,21.8099072991384,21.1466103505741,19.2145896194357,18.6823155445223,-0.0207117826514377,4.35183479358218,0.944637398581782,1
"6378","PmetTSAr1.1-006457",5.53018420090094,5.8008373841777,6.24159651566263,7.25466495805115,5.46157945721329,8.00065605509689,9.68063293803629,6.93510198243632,0.277645161185265,2.79356695033815,0.358561317260474,1
"6379","PmetTSAr1.1-006458",20.7269505415881,19.7525949902256,33.4303692164657,19.2486913303036,18.3144964465219,16.1992081963623,27.3655987382584,23.0981355823185,-0.130958137161793,4.48049237414301,0.678451142587187,1
"6380","PmetTSAr1.1-006459",14.3874710917748,11.6611705363982,9.69338852811241,10.8555205576678,12.0154748058692,10.9408264781714,11.0216729987166,11.9736658717166,-0.020060651584482,3.53958324418854,0.946500752104313,1
"6381","PmetTSAr1.1-006460",34.9345782447157,32.4549414673737,35.0380531674697,30.7396569937861,35.6823191204602,28.3839529304498,22.2738372578627,25.1645129076975,-0.256434053830517,4.93722496593922,0.387320393786063,1
"6382","PmetTSAr1.1-006461",22.4804235808981,25.1072141140819,20.4270431421686,25.8149574237222,22.465296834004,23.0690294733536,30.0057713577229,25.0229802141784,0.0997572159818164,4.60683318845706,0.728214679705966,1
"6383","PmetTSAr1.1-006462",19.6029293625432,22.7868791604109,19.4813467004015,23.432038276917,19.9893808134006,24.4543020765329,28.6228237951463,22.8716832726879,0.169350632229858,4.50612970077111,0.554947988922018,1
"6384","PmetTSAr1.1-006464",4.18135878604705,4.43243471919219,6.00517240522086,5.40128339942494,4.22362144691161,5.31492345709617,5.99277277116532,4.38751349909237,-0.00417054547308616,2.33784844553744,0.993645682377058,1
"6385","PmetTSAr1.1-006465",5.57514504806273,4.64066990734216,6.76172955863451,6.19558978169332,5.42516892749854,6.81327953808605,6.09754152590598,5.94437312780256,0.0696421821633742,2.58322537975374,0.817999575654588,1
"6386","PmetTSAr1.1-006466",15.1068446463635,15.1119250828834,11.7266358779116,13.6355928956071,15.3652435396267,15.2379986349725,22.1690685031221,15.087385129137,0.288254465959776,3.95407897446052,0.328420457374629,1
"6387","PmetTSAr1.1-006467",37.7671116159088,43.5806500913863,44.5423024072287,29.2039979880672,36.0828349473225,41.2754694008532,43.1018657003044,36.3455956957071,0.0162941604113326,5.28715973913113,0.958756661420713,1
"6388","PmetTSAr1.1-006468",16.9502393799972,18.8304105855615,11.1592180128514,15.9126045247764,15.328833009912,14.8987482015409,22.7348197787216,18.5407828510032,0.185708762568131,4.0758990075138,0.544685490831167,1
"6389","PmetTSAr1.1-006469",13.5332149957007,8.03192868578451,19.7177708108433,28.6479835204794,17.258591084794,18.6587738387419,7.35476658279381,14.8326262808026,-0.268496128136909,4.00557281021717,0.50445208952605,1
"6390","PmetTSAr1.1-006470",15.7362965066287,15.082177198862,12.4359082092369,16.7069109070448,21.2273388237023,17.0190634104888,14.8771631731727,15.0307720517293,0.183197120657773,4.00694554665303,0.529561250949105,1
"6391","PmetTSAr1.1-006471",1.93331642795724,1.45764631704978,2.88437414738955,3.38904056434506,3.16771608518371,3.22287911760087,2.4725426118794,2.03807078667516,0.168829991989179,1.39659403274664,0.584349588716624,1
"6392","PmetTSAr1.1-006472",3.23718099564933,3.24251935833523,52.1551587634536,12.1264107692972,9.10263242868882,19.2241912277947,8.71676039442229,4.58565927001912,-0.764093275299209,3.81515553479718,0.266784203667541,1
"6393","PmetTSAr1.1-006473",15.6913356594669,16.5398235159118,13.0506108963855,15.3565900571886,15.7293488367743,14.4464142902986,14.1647356409362,14.7760132033949,-0.0375484798948915,3.90990581532674,0.896257570211972,1
"6394","PmetTSAr1.1-006474",37.2275814499673,45.2167837125646,67.3808714759034,31.9840703260065,31.4586976735486,47.8060402444129,63.2384203614579,46.6208692451944,0.0576734272850232,5.53690869286205,0.87225658699217,1
"6395","PmetTSAr1.1-006476",16.8153568385118,23.1438537686679,14.5164403811244,11.1202893517572,19.333991278535,17.4148555828257,14.0180593842993,13.9551235809841,-0.0200719631669061,4.031139300338,0.951868920726389,1
"6396","PmetTSAr1.1-006478",17.1300827686444,16.9860417762332,33.6667933269075,24.2792984180033,20.1350229322597,21.5706733923637,22.4414672654478,19.3050593960064,-0.140800457818506,4.45916846044902,0.652538566760165,1
"6397","PmetTSAr1.1-006479",11.3301334847726,11.9289014925911,19.1030681236947,18.9574456568052,14.6370329453316,12.2695573424454,12.1531755499157,13.3606862682038,-0.226730122927611,3.8354797804577,0.460410785070405,1
"6398","PmetTSAr1.1-006480",323.4033736348,44.5325823800719,50.8784685670681,22.6906856534666,114.219831715187,9.01840735539191,1.9906063400724,25.9570959914045,-1.54620874164966,6.21120460155843,0.0948832919842889,1
"6399","PmetTSAr1.1-006481",15.6463748123051,18.6816711654543,22.4130056698794,20.7049196977956,18.4601385653809,18.8566699249103,22.001438495537,21.6261955697198,0.0639457880251528,4.31197484872481,0.824916457944326,1
"6400","PmetTSAr1.1-006482",34.5299306202595,36.7683846504802,28.9383111180722,36.4321860667094,30.8761291981125,41.218927661948,41.7608256396241,43.4222303716625,0.202511520448746,5.20208455553453,0.499185763844046,1
"6401","PmetTSAr1.1-006483",62.9901468736765,20.8830145830397,84.734401182329,56.157461226374,61.8250794556544,47.9473945916761,25.8778824209412,63.6047924674874,-0.173623103270071,5.72918967292214,0.688059749197555,1
"6402","PmetTSAr1.1-006484",46.5344768124591,45.4845146687574,44.9205809839356,57.8519815085466,51.6665416652377,55.6936128216992,59.8020052059645,55.5374289368982,0.193025615644652,5.70745046121715,0.54331090390302,1
"6403","PmetTSAr1.1-006485",24.5036617031789,24.7799873898463,33.6667933269075,19.0898300538499,25.3053181517549,21.0900686116688,22.5252822692403,20.6920797924937,-0.186543808858627,4.58552648919811,0.529153707677384,1
"6404","PmetTSAr1.1-006486",47.3437720613714,45.4845146687574,45.1570050943773,47.8172442125561,45.221877905726,49.2195837170448,40.5874155865288,50.2724127379874,-0.00398565725769426,5.53757309946105,0.99026320319358,1
"6405","PmetTSAr1.1-006487",8.22783503060871,9.69781019098426,6.66715991445781,7.65181814918534,8.33801130467896,9.47074126663413,9.6177716851919,9.17131854003824,0.181744593682176,3.11633490442458,0.527972422999663,1
"6406","PmetTSAr1.1-006488",11.1053292489637,11.1852043920555,8.36941350963852,10.1406448136262,8.73852713154126,10.5167634363818,11.1264417534573,10.0771277785605,-0.012083371746716,3.3535977521204,0.969070697489828,1
"6407","PmetTSAr1.1-006489",1.57362965066287,1.7253772732426,1.65496877309236,1.40327460867413,1.78411595602301,2.34648216456905,2.72398762325697,2.3494427124172,0.543753612344979,1.01004709111015,0.0435596670080252,1
"6408","PmetTSAr1.1-006490",2.56276828822238,3.39125877844235,2.1278169939759,1.98576595567094,1.78411595602301,2.96844129252712,3.20592389506397,2.57589502204778,0.0696523629140568,1.40177221144867,0.830297192306087,1
"6409","PmetTSAr1.1-006491",71.1280602099616,71.3651737673964,58.0657615244978,78.5833780857511,65.6845956054185,83.9927531437911,82.9559000036487,76.9088656582836,0.149069923442918,6.20267228718599,0.691582664927983,1
"6410","PmetTSAr1.1-006492",17.3548870044533,16.7480587040618,22.6967146024096,19.6193676420288,24.8683917951778,19.5634416612263,18.2088095739254,22.5603113469459,0.156817341507995,4.34068135848964,0.5887246483215,1
"6411","PmetTSAr1.1-006493",8.54256096074128,8.74587790229868,6.66715991445781,7.09580368159747,7.35492700238057,7.18080084097036,7.73193409986016,7.72768506614333,-0.0500420080632188,2.9434760065283,0.863666251911383,1
"6412","PmetTSAr1.1-006494",5.08057572928297,4.43243471919219,4.3502036321285,3.54790184079874,4.07797932805259,4.1840886789906,4.56791770669245,3.9063023411274,-0.0522114397807505,2.11344289583945,0.851189838627908,1
"6413","PmetTSAr1.1-006495",14.9719621048781,8.3889032940416,31.3971218666665,19.7782289184825,20.1350229322597,12.5239951675192,8.71676039442229,11.6906004846784,-0.490103183147163,3.99926949851773,0.21576251115078,1
"6414","PmetTSAr1.1-006496",6.38444029697506,7.19898793318463,4.68119738674697,5.69252907292335,6.5903058783707,5.79552823779104,5.25939148798076,6.53881044058282,0.0103371399548034,2.60406330565657,0.973677641334439,1
"6415","PmetTSAr1.1-006497",21.9408934149566,20.2583090185898,24.6826771301204,22.1081943064697,25.4145497408992,20.5246512226161,22.0852534993295,25.4475782947357,0.0710186201803421,4.51521539825528,0.802675510633702,1
"6416","PmetTSAr1.1-006498",23.3346796769722,28.7662038487171,14.5637252032128,25.7090499060864,22.1376020665712,23.8040720791222,34.846087826741,27.5705686975224,0.229635367107436,4.65332457979097,0.468613203312308,1
"6417","PmetTSAr1.1-006499",19.9626161398375,18.9196542376257,23.3587021116465,14.2445611220128,22.319654715145,15.8882286323832,13.4104006068035,15.9365812902516,-0.178937565544541,4.17438178408145,0.560029597860844,1
"6418","PmetTSAr1.1-006500",17.8944171703949,18.5329317453472,13.9490225160642,14.165130483786,14.7098540047611,17.1886886272046,20.3251384196866,17.2103755319236,0.105951310154803,4.0714298303528,0.717780197112674,1
"6419","PmetTSAr1.1-006501",19.3331642795724,18.1164613690473,16.5496877309236,18.4543849480352,18.9334754516727,17.3583138439205,17.6011507964296,19.9561097861943,0.0272234417936306,4.19766954872539,0.923892148079869,1
"6420","PmetTSAr1.1-006502",27.5160384630193,31.7707401348809,21.8455878048192,22.2670555829234,26.03352874605,20.0440464419212,28.0361187685986,25.7306436817739,-0.0505850900616996,4.6706131636364,0.864947860047296,1
"6421","PmetTSAr1.1-006503",18.2541039476893,10.7984818997769,51.0676078554215,23.5114689151439,32.878708332424,14.8422064626356,7.1452290733125,10.5866454752293,-0.663222607231717,4.40371642526487,0.177464931904287,1
"6422","PmetTSAr1.1-006504",7.95806994763793,9.43007923479144,9.40967959558229,9.87587601953678,8.70211660182651,9.61209561389733,14.45808815421,10.1054343172644,0.22620558763212,3.32383551645883,0.449119278404542,1
"6423","PmetTSAr1.1-006505",15.4215705764961,30.4618332379383,19.7650556329317,6.53978921400961,5.42516892749854,4.69296432913811,42.4313456699643,36.5720480053377,0.304631710102822,4.33914494593658,0.618416874857263,1
"6424","PmetTSAr1.1-006506",58.6739055461441,80.1110516696951,185.687496340963,22.1876249446966,31.5679292626928,33.5009803013775,111.432047542158,58.6228416556148,-0.559636512456344,6.18520404002248,0.333781278931439,1
"6425","PmetTSAr1.1-006507",47.4786546028568,41.7065333980366,47.4266765546183,67.3571812163581,48.5352361097688,74.9178040494939,62.8822065953396,58.5662285782071,0.263722223337205,5.81192842831662,0.441275284583166,1
"6426","PmetTSAr1.1-006508",17.4897695459387,20.4962920907612,14.8474341357429,23.5644226739618,19.0791175705318,20.3550260059002,24.0968135903501,21.3148236439778,0.150291401940835,4.33809698967078,0.607342993200336,1
"6427","PmetTSAr1.1-006509",6.60924453278405,6.60403025275615,5.53232418433733,9.4787228284026,7.42774806181008,10.3754090891186,12.0903142970713,9.48269046578027,0.478396356232764,3.09165997043918,0.12020240235429,1
"6428","PmetTSAr1.1-006511",25.0431918691205,28.1712461682886,31.6808307991967,21.1550266477477,26.5432761620566,22.8145916482798,33.1069264980462,27.1176640782612,0.0480658946729286,4.75567484059141,0.873375537934607,1
"6429","PmetTSAr1.1-006512",6.42940114413686,12.2263803328053,4.39748845421685,8.10192509913741,4.55131621434441,12.7784329925929,21.833808487952,12.8228620328312,0.737279729336993,3.38963683069684,0.0855440009003204,1
"6430","PmetTSAr1.1-006513",17.6696129345859,8.18066810589163,33.9505022594376,17.3688328922684,21.8827283585679,11.1669934337925,8.50722288494098,10.8697108622675,-0.557528154189385,4.021082094675,0.181582204609471,1
"6431","PmetTSAr1.1-006514",13.6680975371861,12.5833549410624,18.9139288353413,16.2832808365017,19.1155281002465,22.0795490425112,13.6827993691292,13.9834301196879,0.164276839520139,4.03101801262758,0.594101089623599,1
"6432","PmetTSAr1.1-006515",6.65420537994584,7.02050062905609,11.9630599883534,9.71701474308311,10.0128956715577,10.8560138698135,7.33381283184568,7.92583083707008,0.0311563990132416,3.16883550108001,0.923837958749433,1
"6433","PmetTSAr1.1-006516",4.09143709172346,5.26537547179207,8.700407264257,7.38704935509588,8.88416925040029,12.2978282118981,6.91473781288307,9.62422315929938,0.567427170244881,2.99296082548309,0.086159727818685,1
"6434","PmetTSAr1.1-006518",54.267742524288,33.9720835524663,26.3376459032128,35.187772734489,34.5900032290175,30.4194555310398,29.3562050783308,29.8917048712357,-0.269316761999487,5.10048491756826,0.394540867692111,1
"6435","PmetTSAr1.1-006519",19.1533208909252,19.8715865263113,16.2659787983935,20.5990121801598,17.0037173767907,16.1992081963623,17.5592432945334,20.8902255634204,-0.0834560727627129,4.20991878022634,0.770959847280427,1
"6436","PmetTSAr1.1-006520",6.96893131007841,4.40268683517077,6.90358402489957,7.75772566682112,6.62671640808546,7.01117562425452,7.12427532236437,7.69937852743951,0.129914364057255,2.78111106890208,0.666431560663969,1
"6437","PmetTSAr1.1-006521",55.1219986203622,56.1342571484273,42.3199157690761,49.0087037859587,50.9383310709426,48.9934167614237,61.6668890403481,58.8776005039492,0.122083232958189,5.72650613204983,0.704837482625036,1
"6438","PmetTSAr1.1-006522",143.739828376263,88.5594507317795,70.6908090220881,109.984957064761,88.1498924394225,86.7350274806971,74.5953533753446,83.7307414859046,-0.309635278830979,6.54426813160704,0.443141881248232,1
"6439","PmetTSAr1.1-006523",61.9560473889552,78.5344138165596,57.4037740152608,61.2410220728916,56.8732474144477,58.0966367251736,59.1733926775205,64.5672147834173,-0.118540335622241,5.96100869441919,0.732129428865058,1
"6440","PmetTSAr1.1-006524",13.3983324542153,7.58571042546314,11.3483573012048,32.222362240687,12.6708643407348,32.6245833483456,5.19653023513636,9.53930354318792,-0.106106432580975,3.96724339525609,0.838655951805582,1
"6441","PmetTSAr1.1-006525",69.6893131007841,76.6305492391885,80.3841975502005,60.9232995199843,69.4712906957531,55.4957167355307,64.8937666863602,71.8703017690033,-0.136052168476672,6.10280788613938,0.715411264847261,1
"6442","PmetTSAr1.1-006526",32.9113401224348,27.6952800239458,26.0066521485943,38.3385213841535,32.6602451541355,37.2892768080311,29.5028813349677,38.2421337888631,0.139618246180408,5.03982309721588,0.640712181507076,1
"6443","PmetTSAr1.1-006527",7.01389215724021,3.77798127072086,34.5179201244979,23.1407926034186,16.6396120796432,15.9164995018359,2.6820801213607,8.01075045318155,-0.66270648397189,3.8074753511261,0.270698045089987,1
"6444","PmetTSAr1.1-006528",24.4587008560171,26.6243561991746,33.7140781489959,36.5910473431631,24.7591602060336,39.9750094060318,31.6401639316771,24.456849440102,-0.00661524451950972,4.92324215016576,0.983862668965601,1
"6445","PmetTSAr1.1-006529",43.7019434412659,29.7478840214241,36.8821612289155,12.0469801310703,28.2545710586501,17.7541060162574,21.7709472351076,47.5549850224205,-0.0847555421110315,4.89538371593984,0.836159645998558,1
"6446","PmetTSAr1.1-006530",38.396563476174,40.7248532253296,23.9734047987951,37.7030762783388,34.9905190558798,53.7994645683724,60.3048952287196,49.3949100381689,0.495230781683462,5.40889752073731,0.128874874924558,1
"6447","PmetTSAr1.1-006531",36.7779729783493,36.7088888824373,41.0432255726906,32.5400847935944,36.2284770661815,37.7416107192733,39.2044680239522,36.9400330084873,0.0299217237635731,5.21754713122615,0.919511468755377,1
"6448","PmetTSAr1.1-006533",22.4354627337363,27.4572969517744,30.2150013144577,19.5928907626199,21.5550335911351,22.1643616508691,27.617043749636,24.9380605980669,-0.0495799544143352,4.61804806225538,0.865792302459039,1
"6449","PmetTSAr1.1-006534",42.2631963320885,45.454766784736,42.2253461248994,39.6358884751919,43.0372461228407,52.9230676153406,52.9082211440295,51.1499154378058,0.23829091048783,5.53185522776444,0.433537627542901,1
"6450","PmetTSAr1.1-006535",12.9487239825973,6.36604718058476,33.6195085048192,19.9370901949362,22.3560652448597,13.7961842928879,3.68786016687097,12.6247162619045,-0.474311189572253,3.97307166050213,0.347143646147153,1
"6451","PmetTSAr1.1-006536",8.04799164196152,5.23562758777064,21.8455878048192,11.6763038193451,12.7436854001643,7.94411431619162,1.29913255878409,8.01075045318155,-0.642477194721428,3.26831203968342,0.228138406294707,1
"6452","PmetTSAr1.1-006537",14.7471578690692,13.118816853448,15.5094216449799,10.0612141753994,16.4211489013546,7.57659301330731,7.39667408469007,10.2752735494873,-0.359608158683955,3.57713319882934,0.282865327157799,1
"6453","PmetTSAr1.1-006538",25.9873696595182,15.2606645029906,19.7650556329317,23.432038276917,22.610938952863,17.9237312329733,13.8923368786105,16.5310186030319,-0.251478821384024,4.28383302194824,0.413052956189869,1
"6454","PmetTSAr1.1-006539",38.8461719477919,40.2786349650082,24.7299619522087,31.242717702556,37.1387403090504,39.409592016979,39.6864042957592,36.8834199310797,0.180418338615204,5.17363505698901,0.5523716749284,1
"6455","PmetTSAr1.1-006540",38.8012111006301,45.6332540888646,26.3376459032128,28.0125384146647,30.1115080741026,35.4799411630622,39.1625605220559,33.3167960543982,-0.00741040493100678,5.11568870165205,0.981715668027678,1
"6456","PmetTSAr1.1-006541",32.5966141923023,37.8690563592729,36.409313008032,35.3201571315337,31.5315187329781,37.6002563720101,37.2976766876723,40.7614157335033,0.0498605448166754,5.17939575129871,0.865390329503544,1
"6457","PmetTSAr1.1-006542",25.2679961049295,25.2559535341891,26.6686396578312,27.0858476353516,28.1817499992206,25.2458864212068,25.3330848962898,27.1742771556688,0.0225443338749234,4.71905760613122,0.936527600728747,1
"6458","PmetTSAr1.1-006543",46.1747900351647,50.8986295606566,59.8152999417668,34.7906195433548,51.775773254382,33.925043343167,51.9653023513636,48.5740204157581,-0.0411919567489506,5.56365823662819,0.900764839204847,1
"6459","PmetTSAr1.1-006544",28.010607781799,23.7685593331179,23.4059869337349,21.2609341653835,25.4145497408992,24.9349068572278,22.4205135144996,23.1547486597262,-0.00754847164096593,4.59123724573125,0.979415594843105,1
"6460","PmetTSAr1.1-006545",36.4632470482167,36.1436790860303,30.4514254248995,39.4770271987382,31.3494660844043,54.1387150018041,43.2066344550451,36.6003545440415,0.21364203370894,5.26854721163245,0.492723250566213,1
"6461","PmetTSAr1.1-006546",22.1656976507655,23.5900720289893,19.7177708108433,18.6661999833068,30.0022764849583,21.0052560033109,33.0650189961499,24.2303971304714,0.364296205522309,4.59224160764266,0.215236485983034,1
"6462","PmetTSAr1.1-006547",41.6787053189851,49.7682099678425,12.7669019638554,26.5563100471726,27.963286820932,34.9710655129147,82.4530099808935,51.6311265957708,0.591225237132901,5.35949055926535,0.176500211707395,1
"6463","PmetTSAr1.1-006549",4.45112386901783,3.80772915474228,8.700407264257,4.15687006720449,4.44208462520014,3.25114998705351,6.83092280909054,3.9063023411274,-0.187859083354717,2.32104020351657,0.591185555658403,1
"6464","PmetTSAr1.1-006550",32.1470057206843,32.0384710910738,28.7018870076304,33.705067487588,33.5705083970044,35.5930246408728,34.678457819156,32.6374391255064,0.108280741289963,5.04212866831372,0.705767247514537,1
"6465","PmetTSAr1.1-006551",30.5284152228596,34.1505708565949,33.2412299281123,33.8639287640417,33.6797399861486,27.9881607581128,32.4573602186541,33.1186502834714,-0.0507704012145294,5.01970245792425,0.859658188033768,1
"6466","PmetTSAr1.1-006552",3.10229845416394,3.83747703876371,4.39748845421685,3.68028623784347,3.56823191204602,5.11702737092769,5.4270214955658,4.92533773446498,0.345485149821396,2.11252203518602,0.227551064196912,1
"6467","PmetTSAr1.1-006553",40.4647624456166,27.9035152120958,17.2116752401606,23.0348850857828,25.8514760974762,42.9151798291063,31.3258576674551,19.842883631379,0.143343817489128,4.83954653970483,0.682579052479616,1
"6468","PmetTSAr1.1-006554",13.5781758428625,11.4231874642269,3.6409313008032,11.1467662311662,14.2001065887546,16.8211673243203,10.602597979754,13.3889928069077,0.465220862472098,3.57520076689992,0.209937409568496,1
"6469","PmetTSAr1.1-006555",10.5208382358603,6.78251755688469,11.915775166265,7.09580368159747,8.15595865610518,6.95463388534924,6.85187656003867,6.70864967280575,-0.337778721599154,3.03056111270266,0.270176335279843,1
"6470","PmetTSAr1.1-006556",30.6183369171832,26.0591464027675,36.8821612289155,24.4646365738659,23.3391495471581,29.5713294474606,28.0780262704949,25.0512867528822,-0.153414568545782,4.81062697112129,0.602413168474905,1
"6471","PmetTSAr1.1-006557",28.3702945590934,27.844019444053,16.738827019277,18.58676934508,23.8488969631647,17.6127516689942,21.2680572123525,21.4846628762007,-0.120585390188926,4.46132422237476,0.693542340172042,1
"6472","PmetTSAr1.1-006558",22.9300320525161,15.2309166189691,26.5267851915662,22.0552405476519,24.7227496763188,21.5141316534584,14.8352556712764,19.9278032474905,-0.0986799702249967,4.39371435705229,0.748699307696369,1
"6473","PmetTSAr1.1-006559",13.892901772995,21.953938407811,30.4514254248995,20.3607202654793,23.0842758391548,26.3484503298597,29.4609738330715,25.5891109882548,0.270413697570099,4.58240061126479,0.386369294980695,1
"6474","PmetTSAr1.1-006560",120.225305310643,23.2330974207322,42.2253461248994,17.3688328922684,51.5937206058082,5.90861171560159,0.880057539821481,28.5896040908599,-1.22336121429361,5.18053316435235,0.126740894975513,1
"6475","PmetTSAr1.1-006561",21.5362457905004,14.516967402455,50.0746265915661,24.0674833827317,21.3001598831318,17.8954603635206,19.8641558988277,18.7955416993376,-0.499996753913,4.55762468615901,0.166796294993165,1
"6476","PmetTSAr1.1-006562",21.1315981660442,29.9263713255526,25.7702280381525,34.5258507492653,20.535538759122,54.0256315239935,35.3070703475999,30.5144487227198,0.333819257759129,4.97912656753264,0.329661317937178,1
"6477","PmetTSAr1.1-006563",23.604444759943,24.9287268099534,34.5652049465862,22.2405787035145,29.7109922472403,25.7264912019017,28.5390087913537,27.6837948523376,0.0847436182876453,4.76462923694452,0.77442229289129,1
"6478","PmetTSAr1.1-006564",14.8820404105546,16.1531010236333,13.8544528718875,11.1732431105751,13.5083065241742,16.5667294992466,14.3952269013657,15.5969028258058,0.100122457685262,3.86571703681911,0.729698094003839,1
"6479","PmetTSAr1.1-006565",33.4508702883764,14.516967402455,26.101221792771,29.8659199732909,31.6407503221223,23.9171555569328,24.725426118794,25.5891109882548,0.026912087587695,4.7160069463011,0.934750870905198,1
"6480","PmetTSAr1.1-006566",22.1656976507655,20.198813250547,9.74067335020077,19.3545988479394,20.1350229322597,23.4365507762379,21.8757159898482,22.2772459599077,0.294939983138231,4.31954999322418,0.35107056450944,1
"6481","PmetTSAr1.1-006567",33.091183511082,27.6060363718816,17.1643904180722,25.4442811119969,29.8566343660993,33.4161676930195,30.1524476143598,33.6847810575478,0.298885648498315,4.85140147982142,0.325899825846687,1
"6482","PmetTSAr1.1-006568",31.8772406377135,32.2169583952023,33.1466602839356,35.7437872020768,30.4756133712502,36.1301711604729,32.7088052300317,32.0146952740224,-0.0181189063939138,5.04883729119929,0.950461861156168,1
"6483","PmetTSAr1.1-006569",24.4137400088553,26.5946083151531,25.8175128602409,24.8617897650001,23.6304337848762,25.1045320739436,28.5180550404056,26.6364529202962,0.0311208637083393,4.68708565821916,0.913155072112934,1
"6484","PmetTSAr1.1-006570",15.1068446463635,12.7320943611695,10.4499456815261,16.5215727511822,17.9139806196596,13.7961842928879,10.7283204854428,14.5212543550605,0.0533779293013723,3.81070339826786,0.860012606310304,1
"6485","PmetTSAr1.1-006571",7.37357893453458,8.83512155436296,12.3413385650602,7.38704935509588,9.28468507726259,4.55160998187491,4.79840896712189,6.0009862052102,-0.545945259151755,2.9294833263698,0.101716673738903,1
"6486","PmetTSAr1.1-006572",49.9065403495938,54.3493841071418,45.1570050943773,44.8253568393452,47.1516359806081,49.8980845839082,52.028163604208,47.6682111772358,0.0185220424451874,5.61281975981004,0.953009838301925,1
"6487","PmetTSAr1.1-006573",30.4834543756978,29.4801530652313,22.3184360257027,25.894388061949,29.2012448312337,27.5358268468706,25.8778824209412,28.7594433230829,0.0417050787452976,4.78166040911966,0.884658270117331,1
"6488","PmetTSAr1.1-006574",8.00303079479973,8.06167656980593,7.32914742369475,9.26690779313103,8.33801130467896,7.09598823261244,9.07297416054051,9.05809238522295,0.0383110394708507,3.06054165229738,0.895533583097736,1
"6489","PmetTSAr1.1-006575",24.9982310219587,29.4801530652313,22.3184360257027,26.3444950119011,21.4822125317056,20.5811929615213,26.4226799455926,24.2020905917676,-0.154335030958506,4.61721508153971,0.589721177128674,1
"6490","PmetTSAr1.1-006576",14.0277843144804,17.2240248484046,21.5145940502007,25.4972348708148,10.5226430875643,35.5647537714201,24.4949348583646,22.4753917308344,0.249815520006164,4.4253982506096,0.494151260376518,1
"6491","PmetTSAr1.1-006577",24.9083093276351,21.7754511036824,11.915775166265,15.2771594189617,19.9893808134006,18.7153155776472,23.929183582765,18.4275566961879,0.134071380633955,4.28034737909245,0.672141401878623,1
"6492","PmetTSAr1.1-006578",13.7130583843478,13.8030181859408,20.0960493875501,11.0673355929393,14.9283171830497,13.089412556572,12.5722505688783,12.0302789491242,-0.155853681511173,3.80373170560881,0.604697098630591,1
"6493","PmetTSAr1.1-006580",2.427885746737,2.26083918562823,4.3502036321285,2.99188737321088,2.22104231260007,3.84483824555893,2.66112637041257,2.63250809945542,-0.0742302832420301,1.57592782602543,0.803924773216353,1
"6494","PmetTSAr1.1-006582",19.2432425852488,22.9653664645394,19.5286315224899,15.7802201277317,20.2806650511187,16.9907925410362,19.591757136502,20.1825620958249,-0.00872389766696021,4.2765578128664,0.976997414545404,1
"6495","PmetTSAr1.1-006583",37.4074248386145,40.8140968773939,27.6143360995983,38.0207988312462,35.2818032935979,37.4306311552943,50.3309097774095,42.9976322911052,0.206750038467812,5.27823523036452,0.50126799613748,1
"6496","PmetTSAr1.1-006584",18.973477502278,18.9791500056686,20.5216127863453,27.7212927411663,21.0088756454138,20.7790890476898,22.6090972730328,23.4661205854682,0.0270024819528341,4.44776490664375,0.926034686376083,1
"6497","PmetTSAr1.1-006585",7.05885300440201,7.07999639709894,4.06649469959838,5.79843659055913,6.33543217036742,4.49506824296963,5.92991151832093,6.0009862052102,-0.0789994769660514,2.56273090587576,0.80497883711325,1
"6498","PmetTSAr1.1-006586",18.3440256420129,16.837302356126,11.7739207,14.165130483786,16.8944857876464,13.1176834260246,14.2275968937806,15.2006112839523,-0.0408335016367036,3.91938022007549,0.891564143685443,1
"6499","PmetTSAr1.1-006587",47.1189678255624,46.3472033053787,36.7403067626505,34.3405125934027,44.7485410194342,41.3320111397585,42.6827906813418,45.9698188550065,0.0866996992590266,5.40841342313642,0.774819072799211,1
"6500","PmetTSAr1.1-006588",31.9671623320371,30.7593120781525,29.6475834493975,44.6929724423005,42.6367302959784,33.8685016042618,26.171234934215,30.9390468032771,-0.0377489595788847,5.08308066593443,0.904772029439063,1
"6501","PmetTSAr1.1-006589",23.7393273014284,26.6838519672174,32.7210968851404,18.6926768627157,19.9893808134006,23.0690294733536,31.9754239468471,29.0991217875287,0.0334492754023881,4.68968436532596,0.916770055171353,1
"6502","PmetTSAr1.1-006590",24.0990140787228,22.5488960882395,25.5338039277107,28.1449228117094,25.0140339140369,21.3445064367426,23.9082298318169,22.3338590373153,-0.115808299946204,4.59552175600642,0.680779063951671,1
"6503","PmetTSAr1.1-006591",19.9176552926757,21.3589807273825,17.4480993506023,19.0898300538499,24.7227496763188,24.1433225125539,32.2478227091728,26.4100006106657,0.466507031227385,4.53835747696653,0.101970906145303,1
"6504","PmetTSAr1.1-006592",14.8370795633928,16.5398235159118,13.9963073381526,19.8311826773004,13.981643410466,18.9980242721735,15.6734057092016,16.9556166835892,0.00791365443791884,4.03721076182641,0.979006714581753,1
"6505","PmetTSAr1.1-006593",26.3920172839744,34.8050243050662,21.5618788722891,17.9778011186742,25.8514760974762,21.8533820868901,26.967477470244,22.8716832726879,-0.0465435324045747,4.63500074882138,0.880595226911291,1
"6506","PmetTSAr1.1-006594",15.5114922708197,12.9998253173623,21.6091636943774,18.2955236715815,16.8944857876464,30.1367468365134,13.3475393539591,16.7574709126625,0.173408004017512,4.19010408331127,0.603149469166054,1
"6507","PmetTSAr1.1-006595",8.3177567249323,6.09831622439194,19.2922074120481,16.3891883541374,13.1442012270267,14.4464142902986,3.28973889885649,5.29332273761466,-0.470766704869779,3.43701159791616,0.316893969504814,1
"6508","PmetTSAr1.1-006596",4.04647624456166,4.78940932744928,8.74769208634535,5.374806520016,5.27952680863951,5.11702737092769,5.74132775978776,5.46316196983759,-0.0840768792304263,2.49224969282971,0.78583743460757,1
"6509","PmetTSAr1.1-006597",49.9964620439174,51.2853520529351,115.564105183935,58.3815190967255,57.0553000630215,54.9868410853832,65.7109629733373,57.4056604913504,-0.226629718091048,5.99661109730045,0.56114482711028,1
"6510","PmetTSAr1.1-006598",11.3750943319344,10.2630199873913,12.3413385650602,12.5765177192493,13.6539486430332,15.5207073294989,12.9075105840484,13.5588320391306,0.257151999371314,3.6823528577042,0.363054977594053,1
"6511","PmetTSAr1.1-006599",11.0603684018019,10.5604988276056,11.7739207,11.5703963017093,10.9231589144266,12.0999321257296,11.7341005309531,10.3035800881911,0.00351154030846765,3.50012966724959,0.993757232052687,1
"6512","PmetTSAr1.1-006600",20.8168722359117,23.6495677970322,27.8034753879517,15.4889744542333,20.535538759122,15.0401025488041,19.9689246535684,19.9844163248981,-0.215619212310709,4.3550836020312,0.475762528079625,1
"6513","PmetTSAr1.1-006601",4.27128048037064,4.01596434289225,2.17510181606425,7.73124878741217,4.26003197662637,7.43523866604411,5.46892899746206,3.62323695408918,0.185902668365557,2.30676688244401,0.616333862179796,1
"6514","PmetTSAr1.1-006602",4.7208889519886,4.9381487475564,2.45881074859437,8.79032396377001,3.49541085261651,9.18803257210774,6.95664531477933,5.03856388928027,0.234826923277466,2.53030145117592,0.550791127829196,1
"6515","PmetTSAr1.1-006603",29.0896681136822,29.8668755575098,23.5005565779116,24.6764516091375,25.9242971569058,32.0026242203876,29.544788836864,27.4290360040032,0.101025634840295,4.79795969901349,0.725684209659331,1
"6516","PmetTSAr1.1-006604",17.5796912402623,18.7411669334972,23.1695628232931,28.3037840881631,20.681180877981,24.7935525099646,32.6249902262392,25.7306436817739,0.241991967186003,4.58635388256641,0.425236387871911,1
"6517","PmetTSAr1.1-006605",26.9765082970777,30.580824774024,25.297379817269,24.5175903326838,29.0191921826599,32.3701455232719,32.750712731928,30.004931026051,0.209404996159998,4.85822071337605,0.461658900300834,1
"6518","PmetTSAr1.1-006606",13.6231366900243,13.118816853448,10.4026608594377,10.8025667988499,11.906243216725,13.2590377732878,14.1018743880918,13.3889928069077,0.135613831552847,3.65985889284152,0.636104453109052,1
"6519","PmetTSAr1.1-006607",34.7097740089067,37.4525859829729,37.4495790939758,29.4687667821567,34.9905190558798,37.1196515913153,37.8634279632718,34.5339772186625,0.0555245370081989,5.1501309856295,0.850303240056981,1
"6520","PmetTSAr1.1-006608",26.9765082970777,29.7478840214241,29.1274504064256,23.2467001210544,27.0166130483484,27.7337229330391,28.2037487761837,25.7306436817739,-0.00516308048048015,4.76993770676981,0.986029031535344,1
"6521","PmetTSAr1.1-006610",18.1641822533657,19.0683936577328,41.232364861044,21.1020728889298,23.1206863688696,25.8961164186175,31.9125626940028,25.4475782947357,0.0968365008323391,4.68934531885882,0.773674511252265,1
"6522","PmetTSAr1.1-006611",21.176559013206,24.6312479697392,17.4480993506023,16.8128184246806,21.0088756454138,23.2669255595221,26.820801213607,23.18305519843,0.235841421791661,4.4502281050351,0.417201036353946,1
"6523","PmetTSAr1.1-006612",20.9067939302352,23.500828376925,17.6845234610441,17.8983704804474,20.9360545859843,20.7225473087845,27.5541824967916,25.079593291586,0.237461569653208,4.44971365194382,0.411864384583055,1
"6524","PmetTSAr1.1-006613",10.3859556943749,9.28133981468432,10.4026608594377,24.0939602621407,23.0842758391548,14.8704773320882,9.05202040959238,8.01075045318155,0.0195016344780634,3.77727090889975,0.960504690612826,1
"6525","PmetTSAr1.1-006615",1.93331642795724,1.87411669334972,1.56039912891566,4.60697701715657,2.22104231260007,2.91189955362184,2.59826511756818,2.63250809945542,0.0399893915627935,1.38704714077867,0.893597746079702,1
"6526","PmetTSAr1.1-006616",21.5812066376622,14.3682279823478,20.616182430522,22.8760238093292,20.2078439916892,20.4681094837108,19.906063400724,20.3807078667516,0.0276668052993892,4.32989708594693,0.926115273848556,1
"6527","PmetTSAr1.1-006617",37.4973465329381,37.5418296350372,37.4495790939758,31.9575934465976,35.8279612393192,36.9217555051468,44.8829345308955,39.6291541853504,0.123009526126714,5.23941804446882,0.677965860792526,1
"6528","PmetTSAr1.1-006618",8.3177567249323,7.61545830948457,8.84226173052206,6.19558978169332,8.26519024524945,8.90532387758135,9.40823417571059,8.77502699818473,0.193909834536004,3.0620228290119,0.504520545297152,1
"6529","PmetTSAr1.1-006619",24.6385442446643,23.0248622325823,16.2659787983935,49.5382413741376,23.3391495471581,33.1617298679458,23.9501373337132,29.9483179486434,-0.0407598774102309,4.81022095164829,0.911224029774948,1
"6530","PmetTSAr1.1-006620",7.82318740615254,2.37983072171393,23.6424110441766,9.95530665776362,6.00773740293462,6.21959127958062,2.01156009102053,3.96291541853504,-1.26611803745089,2.95882239043172,0.0166931671170462,1
"6531","PmetTSAr1.1-006621",8.81232604371206,1.99310822943541,32.7210968851404,10.9349511958946,8.19236918581994,7.35042605768619,2.01156009102053,3.45339772186625,-1.3739347147452,3.24044328493539,0.024877542166086,1
"6532","PmetTSAr1.1-006622",40.150036515484,36.6196452303731,35.9837496092368,30.5013650791056,37.2843824279094,32.3418746538192,32.3735452148616,40.4217372690574,-0.00825192429803364,5.16058241694495,0.97825556496752,1
"6533","PmetTSAr1.1-006623",38.6663285591448,34.9835116091947,29.3638745168674,29.9983043703356,34.4807716398732,39.805384189316,41.4465193754021,41.129400736653,0.238166517310476,5.18185889612754,0.420816243795911,1
"6534","PmetTSAr1.1-006624",33.8105570656708,40.8438447614153,20.0960493875501,31.2956714613739,30.1843291335321,31.6916446564085,39.6864042957592,35.9209976151498,0.124898289706733,5.04485689359363,0.692137061510732,1
"6535","PmetTSAr1.1-006625",15.6014139651433,21.1507455392325,9.36239477349394,13.2384397044729,16.2755067824956,14.5312268986566,18.3135783286661,17.3236016867389,0.161634532536788,3.98123367380734,0.608670121050132,1
"6536","PmetTSAr1.1-006626",14.1626668559658,18.5626796293686,9.504249239759,14.6946680719649,14.6370329453316,14.4746851597513,18.4393008343548,16.7008578352548,0.173406034166473,3.92762826155511,0.568946400212461,1
"6537","PmetTSAr1.1-006628",55.3018420090094,53.099972978242,53.9046971807227,54.4894178236105,55.7809315230051,58.4924288975105,52.6358223817038,55.8488008626402,0.0391224133654398,5.78150340136477,0.902639065305063,1
"6538","PmetTSAr1.1-006629",49.2321276421669,35.9949396659232,48.325088174297,53.6156808031152,46.8239412131753,52.1314832706667,43.6047557230596,44.2148134553695,-0.00299982491104539,5.54852620403075,0.99289887341633,1
"6539","PmetTSAr1.1-006630",3.91159370307627,1.90386457737114,19.1976377678714,38.2855676253356,16.5303804904989,21.627215131269,2.91257138179014,3.39678464445861,-0.510441344375206,3.75838409393998,0.492372748494179,1
"6540","PmetTSAr1.1-006631",15.2417271878489,11.6909184204197,25.7229432160642,20.2018589890256,15.5837067179153,12.7784329925929,12.6560655726708,14.1815758906147,-0.399863703135668,4.00525102609636,0.207883382160017,1
"6541","PmetTSAr1.1-006632",12.7239197467883,9.16234827859862,10.7336546140562,11.3850581458467,10.9959799738561,7.37869692713883,9.11488166243677,10.6715650913408,-0.205475059442952,3.36832595255043,0.485758367704293,1
"6542","PmetTSAr1.1-006633",10.0262689170806,7.85344138165596,9.92981263855418,10.0876910548083,9.21186401783308,7.46350953549675,6.95664531477933,8.12397660799683,-0.25549864110778,3.13126144158512,0.376116783737959,1
"6543","PmetTSAr1.1-006634",31.6524364019045,7.91293714969881,2.31695628232931,9.24043091372208,11.9790642761545,5.17356910983297,6.78901530719428,12.1151985652357,-0.503250236734564,3.4516042261907,0.364280489498465,1
"6544","PmetTSAr1.1-006635",100.262689170806,61.3996326202193,34.2814960140561,54.5688484618373,36.0828349473225,55.4674458660781,58.7124101566617,75.6350714166116,-0.149011857657957,5.89753737991617,0.712781620879984,1
"6545","PmetTSAr1.1-006636",23.1997971354869,22.7868791604109,18.1573716819276,17.9513242392653,21.7006757099941,19.7613377473948,21.5614097256263,22.390472114723,0.0572327844642428,4.39233589565523,0.841067174807219,1
"6546","PmetTSAr1.1-006637",26.1672130481654,27.6655321399244,20.616182430522,17.7924629628116,26.1427603351943,16.2840208047202,19.9689246535684,22.8716832726879,-0.113677820572358,4.47546066521091,0.708529078695441,1
"6547","PmetTSAr1.1-006638",15.6913356594669,15.7366306473333,17.1171055959839,23.0348850857828,14.8554961236202,19.6199834001316,23.5729698166468,19.1352201637835,0.108641864696888,4.22222490577203,0.717124805373191,1
"6548","PmetTSAr1.1-006639",14.9270012577163,18.7411669334972,9.74067335020077,10.3259829694889,10.9595694441413,12.8349747314982,25.4797611529267,15.1723047452484,0.262963472650223,3.89197414303587,0.453088939414599,1
"6549","PmetTSAr1.1-006640",15.3766097293343,13.3865478096408,10.5445153257028,10.723136160623,12.8893275190234,7.12425910206508,6.85187656003867,10.4451127817102,-0.424745204876112,3.45540293303472,0.183557037765755,1
"6550","PmetTSAr1.1-006641",27.9206860874755,23.6495677970322,35.7946103208834,28.330260967572,33.9710242238667,24.3412185987224,25.5845299076673,31.2504187290192,-0.00664072791504622,4.85355040263979,0.982872729413795,1
"6551","PmetTSAr1.1-006642",45.3654947862524,53.6354348906276,55.1813873771082,59.8642243436265,49.6275520012114,91.1170122458561,74.3858158658633,60.4061535939555,0.364299917927272,5.93706207573237,0.309769077558455,1
"6552","PmetTSAr1.1-006643",10.0262689170806,9.22184404664147,12.577762675502,12.9736709103834,11.9426537464397,11.6193273450347,10.2673379645839,11.2943089428249,0.00994367148459168,3.49835530812878,0.9747862621783,1
"6553","PmetTSAr1.1-006644",33.6756745241854,24.0362902893107,26.7159244799196,19.3281219685304,21.6278546505646,29.8823090114396,29.062852565057,26.4666136880733,0.0462273110416277,4.72290563058933,0.88102709900816,1
"6554","PmetTSAr1.1-006645",24.7284659389879,24.2742733614821,16.6915421971887,23.9880527445049,20.0622018728302,31.2393107451663,34.678457819156,25.0512867528822,0.308054897084366,4.65309965885485,0.316698979293342,1
"6555","PmetTSAr1.1-006646",8.13791333628512,7.70470196154884,6.90358402489957,8.86975460199684,9.28468507726259,7.32215518823355,9.09392791148864,8.06736353058919,0.0935742851995058,3.04212857676146,0.74451915540358,1
"6556","PmetTSAr1.1-006647",12.364232969494,7.16924004916321,2.55338039277107,17.2629253746327,16.5303804904989,16.5950003686992,3.9812126801448,11.8321331781975,0.311777389004094,3.4727766111176,0.53393858190371,1
"6557","PmetTSAr1.1-006648",22.3905018865745,14.1897406782193,54.5193998678713,41.4627931544091,36.7746350119028,22.3622577370376,8.19291662071903,15.9365812902516,-0.671381312653015,4.75589494873793,0.148289413175921,1
"6558","PmetTSAr1.1-006649",1.84339473363365,1.7253772732426,6.09974204939757,1.77395092039937,5.64363210578707,2.43129477292697,1.92774508722801,2.43436232852867,0.124798322818085,1.59770442843903,0.792991343402295,1
"6559","PmetTSAr1.1-006650",25.9424088123564,26.862339271346,24.635392308032,20.5990121801598,24.6135180871746,20.9769851338583,24.1177673412982,22.4753917308344,-0.0885839688850504,4.57510932726007,0.753878689694164,1
"6560","PmetTSAr1.1-006651",8.67744350222667,8.65663425023441,8.60583762008029,6.0102516258307,8.26519024524945,5.85206997669631,5.78323526168402,6.39727774706371,-0.280792234233352,2.87451753934919,0.34795539806827,1
"6561","PmetTSAr1.1-006652",8.09295248912332,6.4255429486276,6.09974204939757,6.16911290228437,8.52006395325273,6.19132041012799,6.57947779771298,6.39727774706371,0.0474858529777289,2.77981834094769,0.875283419426514,1
"6562","PmetTSAr1.1-006653",63.8444029697506,35.0132594932162,54.2829757574295,33.5197293317254,52.2126996109591,36.2997963771887,41.5512881301428,36.4871283892262,-0.163926641019164,5.46597417375865,0.62401273482679,1
"6563","PmetTSAr1.1-006654",27.2013125328867,26.5351125471103,36.4565978301203,28.2243534499362,32.4053714461322,28.8645577111446,28.413286285665,29.1557348649364,0.00541816412749799,4.89310811399395,0.986586588293056,1
"6564","PmetTSAr1.1-006655",25.2230352577677,23.9767945212678,25.2500949951806,29.3628592645209,27.1986656969222,30.1367468365134,27.5960899986879,33.6847810575478,0.192078342106591,4.80055964239974,0.50161828080421,1
"6565","PmetTSAr1.1-006656",63.5296770396181,66.1890419476686,45.2988595606424,48.6380274742334,54.8342577504214,55.4391749966255,65.1242579467896,55.6223485530097,0.0467645503489801,5.83031549092223,0.88969396480759,1
"6566","PmetTSAr1.1-006657",35.1144216333629,32.8714118436736,25.7229432160642,29.0716135910225,31.6407503221223,28.3556820609971,28.0570725195467,28.9292825553058,-0.0699950636016002,4.90836073392271,0.80911133515115,1
"6567","PmetTSAr1.1-006658",22.8850712053543,26.2078858228746,19.3394922341365,18.2690467921726,21.0088756454138,21.6837568701743,26.5693562022295,21.2865171052739,0.0628875758994801,4.47382166446445,0.82956850289666,1
"6568","PmetTSAr1.1-006659",6.42940114413686,7.82369349763454,7.94385011084334,6.77808112869012,6.80876905665924,7.94411431619162,6.16040277875037,7.07663467595543,-0.0502041956328034,2.84412554638334,0.860341652700141,1
"6569","PmetTSAr1.1-006660",39.2508195722481,42.5692220346579,30.120431670281,32.5400847935944,33.0971715107125,29.543058578008,35.7890066194069,39.0064103338663,-0.0721853064804577,5.14167167097017,0.810154358299465,1
"6570","PmetTSAr1.1-006661",34.1702438429651,30.8783036142382,36.5038826522087,30.8190876320129,34.371540050729,32.596312478893,29.8171875991897,32.6940522029141,-0.0316737693918114,5.03514047387429,0.912734423851397,1
"6571","PmetTSAr1.1-006662",41.2290968473671,41.8552728181437,33.8559326152609,35.7702640814858,38.1218246113488,42.1235954844324,43.6885707268521,40.8746418883186,0.110028203310491,5.31302807901056,0.710659445753738,1
"6572","PmetTSAr1.1-006663",32.7764575809494,33.1688906838879,22.3657208477911,26.6622175648084,27.2350762266369,25.8395746797122,26.1293274323187,28.4480713973408,-0.0951946442642693,4.80165849732231,0.745437917757408,1
"6573","PmetTSAr1.1-006664",11.1053292489637,10.7687340157555,8.84226173052206,8.52555516968055,11.1780326224299,8.22682301071801,8.31863912640781,8.80333353688855,-0.104283937686587,3.25225408534933,0.72299242253658,1
"6574","PmetTSAr1.1-006665",25.7176045765474,11.1852043920555,7.75471082248993,5.98377474642175,11.1416220927151,4.66469345968547,4.40028769910741,9.70914277541085,-0.759278982985459,3.33716826203026,0.0942091414303011,1
"6575","PmetTSAr1.1-006666",32.4617316508169,11.0959607399912,6.99815366907628,5.58662155528756,13.1442012270267,4.57988085132755,2.99638638558266,9.31285123355734,-0.90280607283704,3.43318545095221,0.0918817072997475,1
"6576","PmetTSAr1.1-006668",44.4213169958547,44.7705654522433,38.0642817811244,55.5484929999683,50.3193520657918,51.2833571870875,52.1957936117931,53.499358150223,0.181069987909268,5.60969577722648,0.56466306427578,1
"6577","PmetTSAr1.1-006669",6.24955775548968,4.58117413929931,4.16106434377508,6.46035857578278,8.92057978011504,6.81327953808605,1.67630007585044,4.6988854248344,0.0384260800456348,2.45933651563694,0.926176565084769,1
"6578","PmetTSAr1.1-006670",11.4200551790962,10.3522636394556,4.91762149718874,12.5235639604314,7.46415859152483,9.55555387499205,6.43280154107606,12.3416508748663,-0.134072555956401,3.23908717382898,0.706347182946775,1
"6579","PmetTSAr1.1-006671",28.0555686289608,33.2581343359521,28.9383111180722,43.2102671953995,33.1335820404273,42.0387828760745,50.8547535511127,43.025938829809,0.340644693299053,5.24365182027119,0.275190264745033,1
"6580","PmetTSAr1.1-006672",14.7471578690692,13.535287229748,16.6915421971887,13.7415004132429,15.0011382424792,15.8034160240253,14.2485506447287,17.776506306,0.0984411013327774,3.93101347312513,0.730525112288425,1
"6581","PmetTSAr1.1-006673",19.0633991966016,16.0936052555904,13.9017376939759,15.3036362983707,12.8529169893086,22.8428625177325,23.1748485486323,17.6066670737771,0.24979360723106,4.1434561094599,0.417830148389082,1
"6582","PmetTSAr1.1-006674",43.3872175111334,14.9929335467977,88.753611059839,22.5318243770129,52.2855206703886,23.35173816788,9.63872543614003,19.8145770926752,-0.690962006430417,5.10288745206792,0.195658136808328,1
"6583","PmetTSAr1.1-006675",29.134628960844,31.4435134106453,34.5652049465862,27.8801540176199,31.2038239655453,24.0867807736486,29.2514363235902,32.6091325868026,-0.0703922217546972,4.91075015223782,0.808561711510663,1
"6584","PmetTSAr1.1-006676",29.4943157381383,31.4435134106453,30.2622861365461,26.2121106148563,26.7981498700599,22.0230073036059,27.4075062401547,33.2035698995829,-0.101356145880654,4.82858337457208,0.728148375490619,1
"6585","PmetTSAr1.1-006677",26.706743214107,29.6288924853384,22.5075753140561,25.2589429561343,28.6550868855124,27.3662016301547,31.4515801731439,30.7692075710542,0.183497912008538,4.80005823176483,0.52013931080977,1
"6586","PmetTSAr1.1-006678",9.21697366816823,8.89461732240581,6.71444473654616,7.91658694327479,10.0128956715577,9.21630344156038,12.2160368027601,10.5017258591179,0.357330329441658,3.23325680891105,0.217938122009582,1
"6587","PmetTSAr1.1-006679",23.5594839127812,22.6976355083466,23.6424110441766,24.0145296239138,26.3248129837681,25.5568659851858,29.1885750707458,31.1654991129077,0.25723684009638,4.69117892637846,0.360387355326472,1
"6588","PmetTSAr1.1-006680",8.94720858519745,7.55596254144172,7.04543849116463,9.45224594899365,7.31851647266581,8.96186561648663,9.65967918708816,9.14301200133441,0.0883593558494088,3.1003514939985,0.762620526501684,1
"6589","PmetTSAr1.1-006681",4.49608471617962,4.10520799495653,5.10676078554215,4.42163886129395,4.29644250634112,3.47731694267462,4.71459396332936,3.96291541853504,-0.136700766567211,2.13132986539031,0.61972353549113,1
"6590","PmetTSAr1.1-006682",9.39681705681541,8.74587790229868,20.3797583200802,12.708902116294,11.4329063304332,8.93359474703399,9.91112419846573,9.85067546892996,-0.350980852545534,3.51981357738193,0.286118104396488,1
"6591","PmetTSAr1.1-006683",8.90224773803565,7.49646677339887,22.082011915261,10.3524598488978,11.2144431521446,7.43523866604411,7.48048908848259,7.52953929521658,-0.535345610192994,3.3720344251574,0.142489733086733,1
"6592","PmetTSAr1.1-006685",14.117706008804,17.4917558045974,13.6653135835341,11.252673748802,16.2755067824956,14.022351248509,14.8981169241208,14.0683497357994,0.0679894254177315,3.86149040609897,0.815664434646637,1
"6593","PmetTSAr1.1-006686",17.3998478516151,15.2309166189691,15.6039912891566,13.7415004132429,16.6032015499284,11.7889525617505,12.6141580707746,14.8043197420988,-0.151175402648112,3.8854649504375,0.601093387393113,1
"6594","PmetTSAr1.1-006687",7.95806994763793,19.6633513381613,3.40450719036143,6.83103488750802,6.26261111093791,8.05719779400217,16.9306307660894,16.1347270611784,0.322471150195325,3.42455852323167,0.49229157841958,1
"6595","PmetTSAr1.1-006688",9.89138637559517,12.2561282168267,25.2028101730923,13.7150235338339,13.836001291607,25.1045320739436,10.4140142212209,10.7564847074523,-0.0218962882791207,3.9260824030475,0.954700406103857,1
"6596","PmetTSAr1.1-006689",14.567314480422,15.9151179514619,16.596972553012,12.205841407524,15.9114014853481,13.1742251649299,13.8294756257661,12.6247162619045,-0.0937754209691984,3.84901321754624,0.744407634959485,1
"6597","PmetTSAr1.1-006691",2.15812066376622,0.892436520642723,2.03324734979919,1.64156652335464,1.45642118859021,2.14858607840058,1.92774508722801,1.55685962871019,0.0998392071198091,0.835684253641204,0.792304569466813,1
"6598","PmetTSAr1.1-006692",10.9704467074783,12.3751197529124,5.95788758313251,14.2975148808307,10.6682852064233,18.0933564496891,16.0924807281642,17.2952951480351,0.509122232973588,3.73284356651322,0.128268388728842,1
"6599","PmetTSAr1.1-006693",10.2061123057277,13.4162956936623,5.81603311686745,14.641714313147,9.50314825555113,17.5844807995416,15.1076544336021,17.7481997672962,0.441022645526345,3.70932517448342,0.203842043708786,1
"6600","PmetTSAr1.1-006694",3.64182862010549,3.30201512637807,4.11377952168673,4.55402325833868,4.76977939263294,4.72123519859075,4.23265769152236,4.21767426686944,0.198557828866839,2.08990511081445,0.467775596858819,1
"6601","PmetTSAr1.1-006695",4.36120217469423,3.09377993822811,4.77576703092368,4.76583829361024,4.00515826862308,5.37146519600145,3.9812126801448,4.04783503464651,0.0365828586445204,2.12439470180981,0.910669727782518,1
"6602","PmetTSAr1.1-006696",5.30537996509196,2.76655321399244,4.96490631927709,4.81879205242814,4.87901098177721,4.69296432913811,3.45736890644153,4.67057888613058,-0.0107575285674664,2.16979673880271,0.979497032265236,1
"6603","PmetTSAr1.1-006697",3.14725930132574,2.79630109801387,4.49205809839356,4.47459262011184,4.76977939263294,4.80604780694866,4.40028769910741,5.03856388928027,0.35051587282791,2.10588107806272,0.221906981613756,1
"6604","PmetTSAr1.1-006698",19.198281738087,25.2857014182105,29.0328807622489,24.0939602621407,23.4847916660171,27.3662016301547,33.9031690340752,26.9195183073345,0.194616103954721,4.71296922646844,0.510347147047456,1
"6605","PmetTSAr1.1-006699",14.0727451616422,11.6314226523768,15.3675671787148,9.82292226071889,14.1636960590398,10.9973682170766,10.9588117458723,9.22793161744588,-0.16528639162616,3.59481117485552,0.582554130076402,1
"6606","PmetTSAr1.1-006700",28.9547855721968,36.0246875499446,33.7613629710842,36.0879866343931,31.6771608518371,40.2859889700109,42.9970969455638,40.95956150443,0.209605840802467,5.18632354641706,0.480628628989139,1
"6607","PmetTSAr1.1-006701",31.9222014848753,29.1529263409956,10.5445153257028,22.5053474976039,17.258591084794,26.1222833742386,30.3829388747892,30.2596898743854,0.144175176606026,4.63453133262179,0.689880648577747,1
"6608","PmetTSAr1.1-006702",35.7888343407898,36.5304015783088,30.3568557807228,32.4077003965497,32.733066213565,42.7455546123905,39.2673292767966,34.930268760516,0.148041854706254,5.15623452367572,0.615437892136259,1
"6609","PmetTSAr1.1-006703",12.8588022882737,7.02050062905609,10.6390849698795,15.7007894895049,11.3964958007184,16.6798129770571,4.02312018204106,6.08590582132167,-0.276882955996648,3.40667763563875,0.506983021641153,1
"6610","PmetTSAr1.1-006704",12.2743112751704,6.5445344847133,11.915775166265,15.2771594189617,11.1780326224299,16.5101877603413,3.14306264221958,5.6046946633567,-0.337844969698336,3.37264894958515,0.446045567198258,1
"6611","PmetTSAr1.1-006705",8.13791333628512,7.10974428112036,6.71444473654616,4.68640765538341,5.60722157607231,3.59040042048518,4.52601020479619,6.14251889872931,-0.422124908186302,2.55224476060524,0.172712006845056,1
"6612","PmetTSAr1.1-006706",22.7951495110307,29.0041869208885,16.738827019277,14.7740987101918,16.4211489013546,14.3333308124881,26.5693562022295,20.9468386408281,-0.0895115853762583,4.3407580003789,0.785826839958477,1
"6613","PmetTSAr1.1-006707",12.5440763581411,13.5055393457265,7.2818626016064,6.85751176691696,8.81134819097078,7.88757257728634,14.3533193994694,10.8130977848599,0.060222355844598,3.36772296762299,0.862124079722796,1
"6614","PmetTSAr1.1-006708",12.6789588996265,13.4757914617051,19.8596252771084,11.2791506282109,8.55647448296749,12.4391825591612,9.51300293045125,16.7574709126625,-0.275823957394334,3.71405863030314,0.397215360589036,1
"6615","PmetTSAr1.1-006709",5.75498843670992,5.38436700787776,8.22755904337346,5.71900595233229,7.64621124009861,6.13477867122271,5.9089577673728,5.49146850854141,0.00705698814540518,2.66424314407687,0.985174837113856,1
"6616","PmetTSAr1.1-006710",5.9348318253571,5.32487123983491,10.0243822827309,5.374806520016,7.50056912123959,7.32215518823355,5.63655900504711,5.88776005039492,-0.0137891716457593,2.73943087943498,0.964873893043984,1
"6617","PmetTSAr1.1-006711",41.3190185416907,14.6359589385407,47.1902524441765,34.9230039403995,35.1361611747388,29.4865168391027,15.3800531959278,21.1732909504586,-0.448368545450171,4.90435456794285,0.244863904247987,1
"6618","PmetTSAr1.1-006712",31.8772406377135,24.6312479697392,115.280396251405,39.1328277664219,43.9110988359949,37.5154437636522,28.0780262704949,34.6472033734778,-0.548671334881459,5.47313267014263,0.212626986762091,1
"6619","PmetTSAr1.1-006713",10.2960340000513,11.4826832322697,8.7949769084337,13.662069775016,10.0857167309872,13.004599948214,12.2160368027601,14.1532693519109,0.159367783402175,3.55839025620531,0.588600245932471,1
"6620","PmetTSAr1.1-006714",9.75650383410978,11.9289014925911,9.504249239759,13.9533154485144,8.81134819097078,12.382640820256,12.8027418293077,13.4456058843153,0.070512767707459,3.54135819729043,0.81423581241154,1
"6621","PmetTSAr1.1-006715",36.5531687425403,40.4273743851153,47.3321069104416,28.330260967572,36.5197613038995,34.0663976904302,39.665450544811,39.9688326497963,-0.0225418311657921,5.2447164542504,0.941247192118541,1
"6622","PmetTSAr1.1-006716",70.9032559741526,77.5527336438526,73.1969045927708,62.7766810786105,81.7416392096256,88.2333835616869,101.751414604122,85.5706665016531,0.329120135767893,6.32700300345263,0.382785072403723,1
"6623","PmetTSAr1.1-006717",24.4587008560171,27.1003223435174,20.3324734979919,17.6600785657668,23.3755600768729,17.1886886272046,17.9154570606516,19.1069136250797,-0.207278890333781,4.38880966111844,0.4813597023179,1
"6624","PmetTSAr1.1-006718",26.0772913538418,29.0636826889313,22.0347270931726,18.5073387068531,24.1401812008827,15.74687428512,17.6849658002221,22.1923263437962,-0.262876255692453,4.45855031960188,0.38397657804986,1
"6625","PmetTSAr1.1-006719",5.21545827076836,6.81226544090612,3.73550094497991,3.89210127311503,4.76977939263294,2.79881607581128,3.45736890644153,4.6988854248344,-0.326117928341514,2.16381365267722,0.304226249286196,1
"6626","PmetTSAr1.1-006720",37.2275814499673,44.681321800179,23.0749931791164,33.9433594022685,33.024350451283,50.1242515395293,56.0722375371972,50.5837846637294,0.449950781343299,5.363365068081,0.172621757117176,1
"6627","PmetTSAr1.1-006721",36.0136385765988,33.3771258720378,38.0642817811244,37.0146774137062,34.9176979964503,39.2399668002632,34.7832265738966,37.4212441664523,0.0188759949450517,5.18645399190671,0.949113813681074,1
"6628","PmetTSAr1.1-006722",30.0788067512417,28.3497334724172,23.4059869337349,24.8882666444091,31.1674134358305,31.578561178598,40.6083693374769,31.0522729580924,0.332974968895138,4.91687695138525,0.255052055892264,1
"6629","PmetTSAr1.1-006723",18.9285166551162,8.12117233784878,119.15775166265,46.1227239303836,36.8110455416176,69.6876932007556,3.96025892919667,18.0312651543344,-0.581784271370033,5.32672862654707,0.42196608030159,1
"6630","PmetTSAr1.1-006724",13.5781758428625,11.8694057245482,13.9963073381526,11.6763038193451,14.5278013561874,11.5345147366768,12.7817880783596,12.0868920265319,-0.00469310830123694,3.67965732723673,0.988139311438666,1
"6631","PmetTSAr1.1-006725",23.829248995752,9.90604537913423,21.3254547618473,15.2242056601438,22.2468336557155,14.0788929874143,12.9703718368928,12.2850377974586,-0.189931782165814,4.04694036901314,0.583102338413104,1
"6632","PmetTSAr1.1-006726",26.5268998254598,10.9769692039055,24.2571137313252,16.6804340276359,26.179170864909,16.5950003686992,13.8923368786105,12.3982639522739,-0.183073400809387,4.20813347601059,0.607240310887422,1
"6633","PmetTSAr1.1-006727",27.1563516857249,27.1300702275388,22.2711512036144,21.472749200655,26.7617393403451,23.7192594707643,26.6322174550739,27.9102471619682,0.0994736870348458,4.66923898684485,0.727517167488287,1
"6634","PmetTSAr1.1-006728",12.5440763581411,13.327052041598,15.3675671787148,13.0531015486103,14.0180539401808,13.4286629900036,12.3417593084489,12.9643947263503,-0.0413778315136184,3.7484014858859,0.88487226725845,1
"6635","PmetTSAr1.1-006729",8.67744350222667,6.30655141254191,12.1049144546184,7.49295687273166,7.90108494810189,9.3011160499183,8.63294539062977,6.28405159224842,-0.102834157201168,3.06893482050213,0.74036834186602,1
"6636","PmetTSAr1.1-006730",41.5438227774997,27.0110786914531,79.8167796851403,89.385944884601,66.2307535511398,87.0742779141287,22.6300510239809,28.108392932895,-0.220813544104541,5.78865281122868,0.647824879441345,1
"6637","PmetTSAr1.1-006731",21.0866373188824,23.1438537686679,26.0539369706826,13.4767316191534,22.9750442500106,18.2064399274996,21.2471034614043,19.8711901700828,-0.0244415625900998,4.37940899395338,0.935854675291724,1
"6638","PmetTSAr1.1-006732",11.5099768734198,3.62924185061374,5.91060276104415,24.4646365738659,21.1181072345581,13.1742251649299,2.51445011377566,3.39678464445861,-0.181432910807265,3.42940284547275,0.772311825422441,1
"6639","PmetTSAr1.1-006733",4.58600641050321,4.84890509549213,4.82305185301203,5.69252907292335,4.55131621434441,4.35371389570644,4.98699272565506,4.41582003779619,-0.12535656473104,2.2765083828778,0.647820228059816,1
"6640","PmetTSAr1.1-006734",16.1409441310848,20.0500738304398,15.5094216449799,18.2955236715815,15.2196014207677,21.7120277396269,31.8077939392621,21.5129694149045,0.36686843640092,4.3294768137777,0.237678176851649,1
"6641","PmetTSAr1.1-006735",17.0851219214826,20.9127624670611,15.1784278903614,17.4482635304953,16.8216647282169,14.418143420846,17.2658907812595,16.6442447578472,-0.117090889511377,4.09041633502795,0.683869739016483,1
"6642","PmetTSAr1.1-006736",14.342510244613,16.1828489076547,14.1381618044176,14.1386536043771,12.9985591081676,13.3721212510983,15.8200819658385,14.5778674324682,-0.0505413136758807,3.85891535321468,0.858318299363007,1
"6643","PmetTSAr1.1-006737",19.0184383494398,20.7342751629326,15.2729975345381,17.8454167216295,19.9893808134006,20.7225473087845,22.3786060126034,19.6447378604523,0.182779828109354,4.28664695230232,0.518613929388176,1
"6644","PmetTSAr1.1-006738",14.2975493974512,13.327052041598,11.0646483686747,14.5887605543291,14.9283171830497,16.1992081963623,14.8143019203283,13.1059274198695,0.147528497206722,3.81818732596124,0.604554806679848,1
"6645","PmetTSAr1.1-006739",13.3084107598917,9.19209616262005,33.3830843943774,19.7252751596646,19.333991278535,20.4115677448055,16.9725382679857,18.5973959284109,-0.00444313841738906,4.24168491793195,0.990459595802862,1
"6646","PmetTSAr1.1-006740",63.0351077208383,63.3034971975905,62.7469589112447,43.0514059189459,71.3282277112056,53.1775054404143,62.0231028064663,60.491073210067,0.089777067935197,5.90575020301416,0.795973093658261,1
"6647","PmetTSAr1.1-006741",63.1250294151619,50.7796380245709,45.5825684931725,47.6054291772845,50.1008888875033,42.0387828760745,50.8337998001646,43.8751349909237,-0.148280521989152,5.62354454508749,0.639364244938629,1
"6648","PmetTSAr1.1-006742",22.4354627337363,21.3292328433611,19.9069100991967,24.5705440915017,21.3729809425613,23.3234672984273,21.5614097256263,22.7584571178727,0.0122190040134135,4.47382434340485,0.966081920491546,1
"6649","PmetTSAr1.1-006743",21.626167484824,20.8532666990183,15.4621368228915,15.9390814041854,17.3678226739383,16.6798129770571,15.9877119734236,18.7955416993376,-0.102227264779045,4.16176584681418,0.725085592442188,1
"6650","PmetTSAr1.1-006744",57.594845214261,56.6399711767915,59.43702136506,52.1329755562143,58.1476159544642,57.0506145554259,61.7926115460369,62.5291439967422,0.0851834778791307,5.86361709001515,0.796174280270122,1
"6651","PmetTSAr1.1-006746",19.9176552926757,16.3018404437404,18.6302199028112,12.7883327545208,16.6396120796432,16.453646021436,18.5859770909918,14.6910935872835,-0.0256809949506197,4.07108006178069,0.929525502552273,1
"6652","PmetTSAr1.1-006747",20.2773420699701,16.1233531396119,19.3394922341365,12.1528876487061,19.6616860459678,16.1709373269096,19.8641558988277,13.3606862682038,0.0260289227667785,4.1022148430495,0.936037519892958,1
"6653","PmetTSAr1.1-006748",7.82318740615254,9.84654961109138,9.03140101887547,6.83103488750802,8.99340083954455,7.15252997151772,8.6538991415779,7.84091122095862,-0.0385491467816831,3.05855562356874,0.896994420019951,1
"6654","PmetTSAr1.1-006749",27.5160384630193,20.0500738304398,33.335799572289,20.9696884918851,27.7812341723583,12.6653495147824,20.8908896952861,31.7882429643918,-0.128883279135128,4.61032455328279,0.705320516656591,1
"6655","PmetTSAr1.1-006750",28.460216253417,27.9332630961172,23.6424110441766,32.5665616730033,28.9463711232304,31.4372068313348,28.6647312970425,32.6940522029141,0.112064563226786,4.87570520849947,0.697367222273676,1
"6656","PmetTSAr1.1-006751",17.0851219214826,12.2858761008482,26.7632093020079,20.7313965772046,26.5796866917713,19.7896086168474,16.6582320037638,19.3333659347102,0.0998690189496257,4.31888405580131,0.757523221989974,1
"6657","PmetTSAr1.1-006752",16.095983283923,16.7778065880832,17.2589600622489,14.8800062278275,16.2390962527809,14.9552899404461,16.7210932566081,15.5119832096943,-0.0351813088332628,4.01033988507563,0.900801996223899,1
"6658","PmetTSAr1.1-006753",46.9840852840771,55.3310642798488,22.9331387128513,35.6908334432589,35.6823191204602,35.6778372492307,40.7340918431657,38.6950384081243,-0.0942692358553151,5.28657450586293,0.778185102347118,1
"6659","PmetTSAr1.1-006754",57.9545319915553,62.4110606769478,98.9671326309233,58.3285653379076,51.630131135523,64.174873657491,56.8265725713299,58.7643743491339,-0.262682737260932,5.99289798501192,0.469322044050715,1
"6660","PmetTSAr1.1-006755",20.9067939302352,5.23562758777064,9.92981263855418,11.0938124723483,8.9569903098298,7.80275996892842,8.82152914916294,6.2557450535446,-0.564798029762389,3.31044350242264,0.134697036226036,1
"6661","PmetTSAr1.1-006756",36.5082078953785,8.3889032940416,17.8736627493975,19.4340294861662,17.7319279710858,13.9092677706985,15.254330690239,12.228424720051,-0.474397098603313,4.14656958676102,0.217248494900219,1
"6662","PmetTSAr1.1-006757",4.13639793888525,3.98621645887083,4.91762149718874,5.50719091706073,3.8231056200493,3.73175476774837,3.56213766118219,3.73646310890447,-0.322229425284334,2.0820018640532,0.238908458180984,1
"6663","PmetTSAr1.1-006758",5.17049742360657,3.59949396659232,3.12079825783131,5.48071403765178,4.87901098177721,4.35371389570644,4.04407393298919,4.3025938829809,0.0127500299822275,2.14782216839682,0.96422499928196,1
"6664","PmetTSAr1.1-006759",5.48522335373914,4.25394741506365,4.39748845421685,5.50719091706073,5.20670574921,4.12754694008532,5.00794647660319,4.38751349909237,-0.0695262639017516,2.28019437394363,0.804079283100478,1
"6665","PmetTSAr1.1-006760",21.9858542621184,19.3063767299042,15.0365734240963,20.8373040948403,20.1350229322597,21.1183394811215,20.555629680116,24.3436232852867,0.158465726073445,4.35613498365528,0.582295493111259,1
"6666","PmetTSAr1.1-006762",27.1113908385631,32.3062020472666,30.4514254248995,33.4667755729075,26.8709709294894,34.4904607322198,37.3395841895686,36.6286610827453,0.133854698027441,5.01794128054704,0.647345168496492,1
"6667","PmetTSAr1.1-006763",28.5051771005788,10.4415072915199,18.4410806144578,14.5887605543291,18.5693701545252,10.6298469141923,11.2102567572498,14.0117366583917,-0.402517078851208,3.98577746687561,0.252143164122981,1
"6668","PmetTSAr1.1-006764",4.99065403495938,5.08688816766352,3.83007058915661,4.18334694661344,3.8231056200493,3.90137998446421,4.33742644626301,5.15179004409555,-0.0714648931726568,2.16198062251843,0.801605077987287,1
"6669","PmetTSAr1.1-006765",6.87900961575482,6.09831622439194,4.58662774257026,4.395161981885,4.73336886291819,5.25838171819089,5.99277277116532,5.94437312780256,0.000793163621286897,2.47184355245884,1,1
"6670","PmetTSAr1.1-006766",12.5890372053029,18.2057050211115,10.970078724498,20.8902578536582,14.8919066533349,22.333986867585,25.1864086396529,24.1171709756561,0.464125596701151,4.2269419437651,0.147864842783595,1
"6671","PmetTSAr1.1-006767",11.8247028035524,16.9562938922117,10.1662367489959,21.472749200655,13.5083065241742,21.0335268727636,24.5158886093127,22.7584571178727,0.435636121631748,4.15851096466451,0.190989655325942,1
"6672","PmetTSAr1.1-006768",18.9285166551162,30.0453628616383,15.0838582461847,23.5908995533707,17.2950016145088,25.0479903350383,22.797681031566,20.1825620958249,-0.0397891700973364,4.43905877494486,0.900910231234665,1
"6673","PmetTSAr1.1-006770",18.1641822533657,12.3156239848696,30.3568557807228,17.5276941687221,21.9919599477122,18.6305029692892,13.6827993691292,15.4836766709905,-0.166346313822203,4.21466434384676,0.618273010048177,1
"6674","PmetTSAr1.1-006771",7.77822655899075,7.46671888937745,9.69338852811241,8.26078637559109,10.0857167309872,8.19855214126537,6.57947779771298,7.89752429836626,-0.0198916866684468,3.05336284913274,0.950301540453708,1
"6675","PmetTSAr1.1-006772",23.0649145940015,15.7366306473333,28.2290387867469,49.8824408064539,35.2818032935979,30.5042681393977,12.677019323619,12.9360881876465,-0.356295919707805,4.70579140984892,0.399367587732904,1
"6676","PmetTSAr1.1-006773",15.3316488821725,18.8899063536043,10.9227939024096,11.5968731811183,16.2755067824956,13.2873086427404,18.9840983590062,17.8897324608153,0.227200716466186,3.95085324144505,0.458189420293005,1
"6677","PmetTSAr1.1-006774",5.75498843670992,6.24705564449906,5.91060276104415,5.82491346996808,6.00773740293462,6.02169519341215,7.06141406951998,5.26501619891084,0.037741396779136,2.60289055779763,0.902163913320539,1
"6678","PmetTSAr1.1-006775",17.8044954760713,16.063857371569,10.308091215261,34.3669894728116,35.7187296501749,42.9717215680116,3.4364151554934,25.2777390625128,0.450161066902741,4.54285183958285,0.40480218615068,1
"6679","PmetTSAr1.1-006776",4.63096725766501,4.64066990734216,4.06649469959838,4.47459262011184,3.85951614976406,4.41025563461172,4.60982520858871,3.76476964760829,-0.0970948866624949,2.12747138758898,0.721375074282607,1
"6680","PmetTSAr1.1-006778",26.706743214107,29.182674225017,22.082011915261,22.6906856534666,20.4263071699777,25.5003242462806,30.3619851238411,31.5051775773536,0.0990499819040649,4.70724869076844,0.739113329514867,1
"6681","PmetTSAr1.1-006779",5.88987097819531,5.11663605168494,10.6863697919678,7.73124878741217,7.68262176981336,8.76396953031815,6.1813565296985,6.82187582762103,0.0028486526557613,2.89046051707529,0.998749463806547,1
"6682","PmetTSAr1.1-006780",17.4897695459387,16.0936052555904,17.4953841726907,13.0266246692013,20.2442545214039,16.453646021436,15.1286081845502,15.4553701322867,0.0701261692628578,4.04265256656142,0.811357707926543,1
"6683","PmetTSAr1.1-006781",19.198281738087,22.3406609000895,10.308091215261,13.8209310514697,12.2339379841578,19.1111077499841,17.8316420568591,19.7296574765637,0.0692343992266166,4.07804736702571,0.833865612755797,1
"6684","PmetTSAr1.1-006782",15.7812573537905,19.9310822943541,10.6390849698795,13.2384397044729,12.197527454443,16.3971042825307,17.7897345549628,18.2860240026688,0.117693446375005,3.96357163883518,0.705387052138351,1
"6685","PmetTSAr1.1-006783",9.12705197384463,11.2744480441197,4.91762149718874,11.8881188546167,8.01031653724616,16.2840208047202,12.1112680480194,13.4456058843153,0.419402749845748,3.45394846886807,0.225123838029127,1
"6686","PmetTSAr1.1-006784",7.1487746987256,8.18066810589163,3.97192505542167,11.2791506282109,6.69953746751497,13.5700173372668,10.7073667344947,10.8414043235637,0.447941471915545,3.19022552369461,0.204456953408774,1
"6687","PmetTSAr1.1-006785",13.9828234673186,14.4574716344121,14.8474341357429,18.057231756901,15.0375487721939,21.0335268727636,22.483374767344,18.6257024671147,0.331190145140136,4.1198292639245,0.258613007016772,1
"6688","PmetTSAr1.1-006786",5.26041911793016,6.12806410841336,6.28888133775098,6.75160424928118,6.88159011608875,9.72517909170788,8.94725165485172,7.78429814355097,0.448003308575942,2.86601718506243,0.120469800869467,1
"6689","PmetTSAr1.1-006787",44.4662778430165,17.253772732426,34.4706353024095,29.4158130233388,25.6330129191877,16.5384586297939,8.57008413778538,19.0219940089682,-0.8486783479024,4.61228456233269,0.0249699341882791,1
"6690","PmetTSAr1.1-006788",12.7688805939501,12.9700774333409,13.6180287614457,10.5377980047604,13.4354854647447,13.4852047289089,13.8923368786105,13.021007803758,0.110631626175085,3.70340544040079,0.697772208346197,1
"6691","PmetTSAr1.1-006789",9.66658213978619,9.9952890311985,14.1381618044176,10.0612141753994,12.197527454443,12.2130156035401,11.5874242743162,10.2469670107835,0.077596878644499,3.50105373045941,0.793439408945412,1
"6692","PmetTSAr1.1-006790",30.888102000154,29.5099009492527,35.4163317441766,31.9311165671886,31.9320345598404,41.8126159204534,37.2976766876723,37.9024553244173,0.22181759431323,5.11478591514098,0.446919561272673,1
"6693","PmetTSAr1.1-006791",19.2432425852488,8.09142445382735,25.9120825044176,19.036876295032,22.7201705420073,15.5489781989516,5.88800401642467,9.08639892392677,-0.441518883197347,3.97554091350778,0.303296087426959,1
"6694","PmetTSAr1.1-006792",57.7297277557464,53.2487123983491,88.2334780168671,50.5178859122686,56.7276052955887,38.1939446305156,46.9783096257086,48.5457138770542,-0.390728860403265,5.78321052177383,0.257206667958054,1
"6695","PmetTSAr1.1-006793",9.44177790397721,6.663526020799,13.7598832277108,14.1121767249681,7.39133753209532,10.262325611308,9.93207794941386,9.9072885463376,-0.228779433630016,3.35659850816272,0.477133477630001,1
"6696","PmetTSAr1.1-006794",7.91310910047614,7.13949216514178,11.8212055220883,14.9594368660544,6.11696899207889,8.79224039977079,9.17774291528116,9.17131854003824,-0.330532729591301,3.24023109166539,0.312574985575055,1
"6697","PmetTSAr1.1-006795",9.44177790397721,7.5262146574203,16.1241243321285,15.1712519013259,8.15595865610518,10.5450343058344,9.32441917191807,10.5300323978217,-0.322988180324927,3.44749037212379,0.318707842757352,1
"6698","PmetTSAr1.1-006796",10.0262689170806,7.19898793318463,15.6985609333333,15.144775021917,7.42774806181008,8.99013648593927,8.54913038683724,9.39777084966881,-0.482928291827711,3.37282744351366,0.133441179013705,1
"6699","PmetTSAr1.1-006797",14.7021970219074,15.9746137195047,11.4902117674698,16.5480496305911,14.3821592373283,17.6975642773521,20.6184909329604,18.9087678541529,0.285724222032938,4.03218218233418,0.331585506811702,1
"6700","PmetTSAr1.1-006798",85.7852963847072,107.300617665277,40.286668419277,43.8457123012142,57.7106895978871,51.792232837235,104.789708491601,85.4857468855416,0.1129199543186,6.17380828554029,0.801085985501183,1
"6701","PmetTSAr1.1-006799",7.05885300440201,6.48503871667045,3.54636165662649,4.42163886129395,4.36926356577063,5.85206997669631,7.73193409986016,7.33139352428982,0.234934740939601,2.56507819844286,0.477716761821407,1
"6702","PmetTSAr1.1-006800",40.9593317643964,38.4342661556799,20.616182430522,28.4626453646167,23.5576127254467,37.4023602858417,42.8923281908231,42.7994865201784,0.191115995357773,5.10683272297488,0.569536796679159,1
"6703","PmetTSAr1.1-006801",17.5347303931005,15.2309166189691,9.26782512931723,9.69053786367416,13.0713801675971,10.6863886530976,12.4255743122414,10.7564847074523,-0.139753088943613,3.63124437317009,0.65652914575883,1
"6704","PmetTSAr1.1-006803",71.038138515638,71.4841653034821,54.5193998678713,69.3959009308469,60.25942667792,70.3379231981663,67.1358180378101,73.512081013825,0.0257369942923756,6.07199668598788,0.944947855621699,1
"6705","PmetTSAr1.1-006804",10.1611514585659,14.873942010712,7.2818626016064,9.69053786367416,8.66570607211175,14.4746851597513,13.4104006068035,12.3982639522739,0.219534310723504,3.51614165392565,0.492471717832319,1
"6706","PmetTSAr1.1-006805",16.3657483668938,15.6176391112477,9.504249239759,10.1935985724441,12.1611169247283,15.2945403738778,17.1611220265189,11.8887462556051,0.129497850908598,3.76432570353355,0.681547406063736,1
"6707","PmetTSAr1.1-006806",18.2091431005275,21.5077201474896,12.8614716080321,13.6355928956071,16.1662751933513,19.7330668779422,23.1958022995805,16.9273101448854,0.199415793270922,4.15764338065651,0.51521830659089,1
"6708","PmetTSAr1.1-006809",42.5329614150592,42.2122474264008,29.7421530935742,30.8985182702397,48.207541342336,39.1268833224527,46.6011421086422,40.5066568851689,0.26279317781495,5.32346078735017,0.392258999981978,1
"6709","PmetTSAr1.1-006810",11.1952509432873,7.76419772959169,4.72848220883532,22.6377318946487,12.7436854001643,8.59434431360232,2.6820801213607,14.8609328195064,-0.25575054902471,3.42178725016938,0.61137808284939,1
"6710","PmetTSAr1.1-006811",39.7453888910279,36.9766198386301,30.120431670281,26.7151713236263,32.587424094706,30.9566020506399,58.125705130114,45.0640096164842,0.320647086262843,5.2328372133243,0.325457416115709,1
"6711","PmetTSAr1.1-006812",12.4091938166558,12.3751197529124,12.0576296325301,9.39929219017576,13.5083065241742,11.8454943006558,15.2752844411871,16.4744055256242,0.305568317721612,3.69840743349593,0.294555496248943,1
"6712","PmetTSAr1.1-006813",14.792118716231,16.0936052555904,15.6512761112449,16.7333877864537,15.1103698316234,17.6127516689942,20.1156009102053,18.8521547767453,0.1803871441881,4.08208781149296,0.525375042170306,1
"6713","PmetTSAr1.1-006814",6.29451860265147,8.62688636621299,12.9560412522088,15.7007894895049,9.94007461212819,16.849438193773,15.421960697824,13.3606862682038,0.350025038631562,3.63990068270908,0.306282087701248,1
"6714","PmetTSAr1.1-006815",6.11467521400429,7.07999639709894,11.1592180128514,11.8086882163898,8.19236918581994,13.8527260317932,11.7341005309531,10.8697108622675,0.304103801328155,3.34626121396039,0.349700841977443,1
"6715","PmetTSAr1.1-006816",22.7951495110307,20.5260399747826,54.9922480887548,35.4790184079874,31.385876614119,38.1656737610629,39.6025892919667,29.1274283262325,0.0483346996043444,5.09031185144566,0.892476221364845,1
"6716","PmetTSAr1.1-006817",11.2851726376109,14.3384800983264,11.111933190763,12.232318286933,12.9985591081676,14.1354347263196,15.4848219506684,13.3889928069077,0.193130069093966,3.72127839758395,0.497408279597473,1
"6717","PmetTSAr1.1-006818",2.24804235808981,3.2127714743138,2.17510181606425,2.43587290562301,2.33027390174434,4.26890128734852,2.72398762325697,2.37774925112102,0.211125847911927,1.47978187124123,0.478058760869929,1
"6718","PmetTSAr1.1-006819",20.0075769869993,18.2652007891544,20.474327964257,20.2283358684346,20.6447703482662,21.1466103505741,18.5440695890955,17.7481997672962,-0.0163990094172424,4.29954636254234,0.954599793151647,1
"6719","PmetTSAr1.1-006820",13.3084107598917,10.7389861317341,12.3413385650602,7.28114183746009,11.4329063304332,7.91584344673898,6.9356915638312,9.73744931411467,-0.276949390462117,3.32337844981047,0.379417234932287,1
"6720","PmetTSAr1.1-006821",3.64182862010549,5.20587970374922,5.39046971807227,3.60085559961663,4.76977939263294,4.41025563461172,3.96025892919667,4.21767426686944,-0.0394133795553181,2.156406677249,0.897863610438056,1
"6721","PmetTSAr1.1-006822",12.9037631354355,15.0226814308192,12.5304778534136,14.4034223984665,16.0570436042071,17.6127516689942,19.3612658760726,19.531511705637,0.402854384976333,3.99974023878864,0.153945698163609,1
"6722","PmetTSAr1.1-006823",4.85577149347399,5.26537547179207,5.48503936224898,6.06320538464859,3.75028456061979,7.74621823002314,8.98915915674799,6.34066466965606,0.309984816412712,2.61681715804255,0.337462880379573,1
"6723","PmetTSAr1.1-006824",37.0926989084819,35.5784692896232,28.4181780751003,25.7620036649043,36.5561718336143,30.6456224866609,29.9638638558266,31.9863887353185,0.025901206421752,5.00267278036768,0.930911655928646,1
"6724","PmetTSAr1.1-006825",46.0399074936793,17.7297388767688,19.8596252771084,15.8596507659585,30.7304870792534,18.6305029692892,27.5122749948953,14.5495608937644,-0.121017368193804,4.57970661031409,0.753430407336469,1
"6725","PmetTSAr1.1-006826",3.23718099564933,3.68873761865659,3.59364647871485,1.77395092039937,7.02723223494777,2.40302390347433,1.7182075777467,2.74573425427071,0.172092080786617,1.73183404434631,0.669204947918378,1
"6726","PmetTSAr1.1-006827",5.08057572928297,4.1944516470208,3.92464023333332,1.74747404099042,8.04672706696092,3.22287911760087,2.15823634765744,3.11371925742039,0.144821790583469,1.99351801078992,0.729596378840219,1
"6727","PmetTSAr1.1-006828",8.94720858519745,12.4048676369338,11.7266358779116,8.81680084317895,11.4329063304332,8.33990648852856,8.92629790390359,8.01075045318155,-0.19141238418856,3.30491442167804,0.521430539388134,1
"6728","PmetTSAr1.1-006829",8.94720858519745,9.48957500283429,8.03841975502005,5.87786722878597,9.86725355269868,8.28336474962329,8.82152914916294,7.27478044688218,0.0828051043027474,3.06767845542369,0.785296400141059,1
"6729","PmetTSAr1.1-006830",3.05733760700214,2.14184764954254,2.2223866381526,1.80042779980831,2.58514760974762,2.742274336906,2.57731136662005,2.23621655760192,0.148073627069453,1.30984449149734,0.607697857484941,1
"6730","PmetTSAr1.1-006831",7.68830486466715,7.91293714969881,8.84226173052206,4.47459262011184,8.44724289382322,8.02892692454953,8.82152914916294,9.19962507874206,0.25795442749954,2.99753917346568,0.404954422957521,1
"6731","PmetTSAr1.1-006832",36.3733253538931,25.7021717945104,22.5075753140561,21.5257029594729,32.1504977381289,25.2741572906594,30.5924763842705,29.693559100309,0.150177101336269,4.80925303361116,0.621037604131911,1
"6732","PmetTSAr1.1-006834",25.9424088123564,27.9332630961172,20.0960493875501,20.9432116124761,22.0647810071417,20.6660055698793,24.9768711301716,23.8057990499141,-0.0526181135511781,4.54634119052711,0.855502747837073,1
"6733","PmetTSAr1.1-006835",22.3005801922509,11.3339438121626,27.2360575228915,22.3464862211503,20.2078439916892,12.9763290787614,3.10115514032331,22.1074067276848,-0.511518242231056,4.14922544410758,0.274933379957574,1
"6734","PmetTSAr1.1-006836",27.5160384630193,14.6954547065835,39.62468091004,29.6276280586104,25.1232655031811,18.8001281860051,5.02890022755132,30.3446094904969,-0.49141291696125,4.57819831368598,0.275857609716839,1
"6735","PmetTSAr1.1-006837",30.6183369171832,24.898978925932,26.243076259036,35.4790184079874,27.8904657615025,45.6291832965597,37.4443529443092,32.2128410449491,0.288293982464534,5.02769720095444,0.346029807381692,1
"6736","PmetTSAr1.1-006838",23.3346796769722,17.818982528833,5.29590007389556,20.4136740242972,16.8944857876464,18.6870447081945,15.6314982073054,15.0024655130255,-0.015152435417699,4.06191892913567,0.97132877235506,1
"6737","PmetTSAr1.1-006839",28.6400596420642,29.9561192095741,14.6110100253011,39.8212266310545,25.3781392111844,40.0032802754845,41.6141493829872,33.8829268284746,0.316972698090204,4.99162563639149,0.356945373432287,1
"6738","PmetTSAr1.1-006840",31.112906235963,39.1482153721941,21.7510181606425,26.0797262178116,28.5458552963681,24.3977603376276,27.2817837344659,38.1855207114555,0.00340679525636191,4.88884694921798,0.99170278537346,1
"6739","PmetTSAr1.1-006841",43.7469042884277,40.1596434289225,45.5352836710842,31.2956714613739,42.9280145336965,22.1926325203218,25.6054836586155,33.7980072123631,-0.368354250135097,5.15813162523105,0.253767439817335,1
"6740","PmetTSAr1.1-006842",34.9345782447157,39.7134251686012,20.474327964257,25.0736048002717,23.0114547797253,17.0756051493941,44.2333682515035,38.9214907177549,0.0363441930927866,4.93067781909764,0.921319072513726,1
"6741","PmetTSAr1.1-006843",18.7936341136308,6.84201332492754,127.432595528112,50.0413020829076,46.1685516783097,38.7310911501157,2.32586635524249,19.4748986282293,-0.928690963780128,5.27609262871107,0.216903297227982,1
"6742","PmetTSAr1.1-006844",8.04799164196152,8.18066810589163,9.69338852811241,8.28726325500003,9.61237984469539,9.35765778882358,10.8959504930279,8.49196161114651,0.166404004497906,3.19120030705513,0.560204499334484,1
"6743","PmetTSAr1.1-006845",17.2649653101297,14.308732214305,14.3745859148594,14.2710380014218,13.690359172748,14.107163856867,15.086700682654,14.6910935872835,-0.0639933448656123,3.88598204876941,0.820043533677026,1
"6744","PmetTSAr1.1-006846",7.82318740615254,6.57428236873473,7.42371706787146,6.06320538464859,6.51748481894119,4.04273433172741,4.69364021238123,5.2084031215032,-0.446446368398707,2.60748943841514,0.12770602972675,1
"6745","PmetTSAr1.1-006847",10.0712297642424,11.1852043920555,6.09974204939757,7.41352623450482,9.75802196355441,6.21959127958062,7.66907284701576,7.78429814355097,-0.147644817706896,3.05922527073877,0.642026399105453,1
"6746","PmetTSAr1.1-006848",36.0585994237606,39.3861984443655,27.7561905658633,36.8558161372526,33.7525610455781,38.5897368028525,41.739871888676,34.6472033734778,0.0864509474192073,5.17652924740478,0.772022382000831,1
"6747","PmetTSAr1.1-006849",3.41702438429651,3.71848550267801,5.53232418433733,3.23017928789139,4.11438985776735,2.85535781471656,4.33742644626301,3.56662387668154,-0.0896380608451337,1.96440080624,0.760044087232126,1
"6748","PmetTSAr1.1-006850",11.5998985677434,4.96789663157782,4.49205809839356,6.91046552573485,7.50056912123959,3.87310911501157,3.96025892919667,4.92533773446498,-0.466569693966361,2.60340510699895,0.200162827436741,1
"6749","PmetTSAr1.1-006853",6.24955775548968,6.87176120894897,7.04543849116463,9.26690779313103,5.31593733835427,9.07494909429718,9.03106665864425,8.49196161114651,0.116405007281973,2.95192931579485,0.70732863826467,1
"6750","PmetTSAr1.1-006854",43.9717085242367,47.4478750141714,34.8961987012047,45.1166025128436,42.7095513554079,46.307684163423,50.1842335207726,52.084031215032,0.15789262550975,5.50483351166922,0.605619114477415,1
"6751","PmetTSAr1.1-006855",23.4695622184576,23.7388114490964,24.1152592650601,30.4748881996966,26.7617393403451,33.7554181264512,29.230482572642,24.6833017497325,0.168360508830744,4.75995304927853,0.561749508756634,1
"6752","PmetTSAr1.1-006856",41.5887836246615,39.6836772845797,39.3409719775099,32.4077003965497,39.9787616268013,38.5331950639472,38.5968092464564,35.6096256894077,-0.00262709047116837,5.25838180285332,0.993307728100876,1
"6753","PmetTSAr1.1-006857",32.1470057206843,30.1941022817455,18.9139288353413,32.0370240848244,21.0452861751285,27.6206394552285,35.7051916156144,31.5051775773536,0.0324871908698902,4.84374576540418,0.918429771710832,1
"6754","PmetTSAr1.1-006859",29.4943157381383,30.3130938178312,23.9261199767067,24.0939602621407,27.1986656969222,22.4753412148482,30.4667538785818,26.4666136880733,-0.0162967107941852,4.74773870949721,0.955981916467414,1
"6755","PmetTSAr1.1-006860",13.8029800786714,16.9860417762332,14.2800162706827,13.2384397044729,14.3093381778988,14.5594977681092,17.6430582983259,17.0405362997007,0.124438425447533,3.93522530370563,0.663424053024474,1
"6756","PmetTSAr1.1-006861",7.55342232318177,5.0571402836421,41.9416371923693,11.6763038193451,12.4888116921611,4.89086041530658,3.01734013653079,7.303086985586,-1.25752033429682,3.5556772994088,0.027489431215741,1
"6757","PmetTSAr1.1-006862",7.95806994763793,8.44839906208444,11.3010724791164,7.91658694327479,10.0128956715577,7.94411431619162,9.97398545131012,9.02978584651913,0.0548035203854379,3.19092210251464,0.856043960768412,1
"6758","PmetTSAr1.1-006863",14.4773927860984,19.9608301783756,7.09272331325299,12.5500408398403,10.8867483847118,13.0328708176667,13.2008630973222,13.7569778100574,-0.0894337476586693,3.7211593559522,0.79219791940436,1
"6759","PmetTSAr1.1-006864",12.8588022882737,12.1073887967196,6.85629920281122,9.00213899904157,9.24827454754784,12.6653495147824,8.98915915674799,11.2943089428249,0.0471220681635957,3.38415538509319,0.881792553545015,1
"6760","PmetTSAr1.1-006865",2.427885746737,2.97478840214241,1.65496877309236,2.03871971448883,2.25745284231483,2.91189955362184,3.28973889885649,2.74573425427071,0.298705176667103,1.38242577670147,0.289261434407458,1
"6761","PmetTSAr1.1-006866",28.1454903232844,27.6952800239458,30.5932798911645,25.3648504737701,23.5940232551614,32.8507503039667,36.1452203855251,28.9858956327134,0.121720914773184,4.86966524087305,0.680457050043159,1
"6762","PmetTSAr1.1-006867",38.396563476174,41.3793066738009,38.3952755357428,41.4363162750002,26.7981498700599,47.6364150276971,40.294063073255,69.7190048275129,0.208727903836139,5.42875133631338,0.539644003957441,1
"6763","PmetTSAr1.1-006868",24.5036617031789,8.44839906208444,44.447732763052,21.5786567182908,33.2792241592863,15.831686893478,5.11271523134384,6.31235813095224,-0.709683325581692,4.31952369761858,0.19308742669711,1
"6764","PmetTSAr1.1-006869",17.220004462968,17.8784782968759,17.400814528514,21.975809909425,17.112948965935,15.5489781989516,19.6965258912427,17.4934409189618,-0.0928629897996833,4.17831140486223,0.746409979044618,1
"6765","PmetTSAr1.1-006870",27.9656469346373,23.7983072171393,30.5459950690762,23.6438533121886,27.8540552317878,29.4299751001974,25.8359749190449,25.5041913721434,0.0364863687894966,4.7484597150008,0.900393472206878,1
"6766","PmetTSAr1.1-006872",11.2402117904491,14.4277237503907,12.9087564301204,13.185485945655,8.01031653724616,20.9769851338583,23.6986923223356,17.6066670737771,0.442130939635324,3.93847225760928,0.197001087782879,1
"6767","PmetTSAr1.1-006873",21.8060108734712,19.3361246139257,24.7299619522087,25.6825730266774,24.1765917305975,27.4510142385127,20.3251384196866,26.0986286849236,0.0987304320859797,4.57057670656552,0.731835799044598,1
"6768","PmetTSAr1.1-006874",19.3331642795724,21.0317540031468,15.3675671787148,18.9309687773962,19.3704018082498,16.453646021436,17.3497057850521,18.1161847704459,-0.067573331679991,4.19427959301052,0.814771514987507,1
"6769","PmetTSAr1.1-006875",13.3533716070535,11.8396578405268,19.2449225899598,14.7211449513739,16.1662751933513,20.1288590502791,14.9819319279133,16.5310186030319,0.197785564160136,3.99373947138558,0.508192428808448,1
"6770","PmetTSAr1.1-006876",11.465016026258,10.3522636394556,17.6845234610441,11.252673748802,11.6513695087217,13.5982882067195,10.8959504930279,11.266002404121,-0.0965138283204305,3.62354492948437,0.747846961816995,1
"6771","PmetTSAr1.1-006877",18.6137907249836,17.2835206164474,9.12597066305217,11.4644887840735,13.0349696378824,13.3438503816457,14.2066431428325,17.6066670737771,0.0428519632604245,3.84780747676552,0.894715285408222,1
"6772","PmetTSAr1.1-006878",33.6756745241854,31.5327570627095,33.193945106024,32.9372379847286,31.0581818466862,32.99210465123,39.015884265419,38.2987468662708,0.10641139553542,5.09388885490069,0.714127455238234,1
"6773","PmetTSAr1.1-006879",12.0944678865232,9.10285251055577,69.6505429361443,28.9921829527957,19.3704018082498,15.8034160240253,17.7897345549628,11.8038266394937,-0.886955672150813,4.53046492169857,0.0754529980779201,1
"6774","PmetTSAr1.1-006880",3.95655455023807,5.59260219602773,12.0576296325301,10.246552331262,8.15595865610518,13.004599948214,12.6141580707746,9.59591662059556,0.446068007972982,3.24369657636034,0.224981132305859,1
"6775","PmetTSAr1.1-006881",6.60924453278405,5.02739239962067,4.11377952168673,7.30761871686904,5.93491634350511,6.13477867122271,6.49566279392046,6.68034313410192,0.128471979286878,2.60986059194387,0.668543266611977,1
"6776","PmetTSAr1.1-006882",53.5034081225375,39.981156124794,225.217607606826,63.1473573903357,93.4658297777768,49.445750672666,20.5765834310642,42.3465819009173,-0.891495070778767,6.19934155170888,0.121508807530717,1
"6777","PmetTSAr1.1-006883",12.0495070393614,9.81680172706995,13.381604651004,3.86562439370609,20.535538759122,6.07823693231743,10.9378579949241,24.2020905917676,0.660409111882822,3.66254560575218,0.138166992335265,1
"6778","PmetTSAr1.1-006884",16.9502393799972,19.6633513381613,19.008498479518,33.705067487588,18.6421912139547,22.9276751260904,18.7116995966805,17.946345538223,-0.192746310436136,4.3931058324581,0.538899408560736,1
"6779","PmetTSAr1.1-006885",24.4587008560171,24.1552818253964,27.6143360995983,24.0939602621407,25.0140339140369,30.5890807477556,33.2116952527868,28.108392932895,0.221518047931007,4.76661400078834,0.437483553420781,1
"6780","PmetTSAr1.1-006886",6.29451860265147,4.46218260321361,6.85629920281122,7.28114183746009,6.69953746751497,7.60486388275995,7.92051785839333,5.37824235372613,0.150669232708556,2.72796862760128,0.621383349508802,1
"6781","PmetTSAr1.1-006887",11.2851726376109,10.7687340157555,18.0628020377509,17.1834947364058,12.9985591081676,16.5950003686992,12.2369905537082,13.3889928069077,-0.0532632038402752,3.82015992912788,0.863770384844564,1
"6782","PmetTSAr1.1-006889",35.1144216333629,34.1505708565949,30.782419179518,23.2467001210544,37.1023297793356,35.1689615990832,40.1892943185143,34.1659922155128,0.250489675518664,5.0790531851526,0.399371156768341,1
"6783","PmetTSAr1.1-006890",64.3839331356922,58.8710624783983,44.4950175851404,48.3203049213261,54.7614366909919,41.1906567924953,43.9819232401259,54.4051673887453,-0.153028365276159,5.68255029844848,0.638659278079306,1
"6784","PmetTSAr1.1-006891",35.6539517993044,17.8784782968759,112.490591748192,20.9167347330672,43.7654567171358,30.7304350950188,8.04624036408211,8.40704199503505,-1.03936716835067,5.1189692658691,0.0855871245706851,1
"6785","PmetTSAr1.1-006892",45.3205339390906,45.9307329290788,56.1270838188753,56.3427993822367,49.6275520012114,49.8980845839082,50.0166035131875,48.1777288739046,-0.0431474233537785,5.65080216679378,0.89081584520787,1
"6786","PmetTSAr1.1-006893",3.32710268997292,3.27226724235665,1.93867770562248,4.71288453479235,2.58514760974762,3.08152477033767,1.63439257395418,2.00976424797134,-0.523024656081285,1.52743634137388,0.107849642393487,1
"6787","PmetTSAr1.1-006895",5.9348318253571,5.47361065994203,6.99815366907628,9.58463034603838,5.06106363035098,13.6265590761721,12.1741293008638,8.80333353688855,0.502887377569975,3.09293892424835,0.153982083697153,1
"6788","PmetTSAr1.1-006896",23.1098754411633,28.7067080806743,25.2500949951806,18.6661999833068,37.1023297793356,21.231422958932,26.3598186927482,20.8902255634204,0.140982686735064,4.65668561251622,0.651693298647431,1
"6789","PmetTSAr1.1-006897",33.3609485940528,32.3062020472666,25.5338039277107,44.7724030805273,29.164834301519,35.8191915964939,40.6083693374769,39.7989934175733,0.0962197193691224,5.13916055661922,0.757073474438165,1
"6790","PmetTSAr1.1-006899",15.1068446463635,16.0936052555904,11.6793510558232,12.5500408398403,15.1831908910529,13.3438503816457,15.4010069468759,13.6720581939459,0.0550660045086585,3.82698009010677,0.849425977997968,1
"6791","PmetTSAr1.1-006900",9.98130806991876,9.90604537913423,14.989288602008,16.3097577159106,13.7995907618922,16.453646021436,11.7760080328493,12.709635878016,0.0960635447502632,3.7336967414039,0.755572077408996,1
"6792","PmetTSAr1.1-006901",33.6756745241854,29.5396488332741,61.848547291566,42.9454984013101,34.2987189912995,33.9815850820723,33.9660302869195,31.759936425688,-0.325771213351455,5.24047999491132,0.314505134072927,1
"6793","PmetTSAr1.1-006902",47.883302227313,12.137136680741,15.5567064670682,15.1712519013259,14.2001065887546,17.2169594966573,14.5419031580026,12.9360881876465,-0.622272438531818,4.22854131305723,0.12344106235541,1
"6794","PmetTSAr1.1-006903",8.67744350222667,8.65663425023441,46.5755497570279,25.8414343031311,11.7241905681512,25.4155116379226,20.5346759291679,10.6715650913408,-0.39197331848037,4.3083809349684,0.422300445775176,1
"6795","PmetTSAr1.1-006904",18.3889864891747,20.1690653665255,19.7650556329317,16.1773733188659,22.610938952863,18.3760651442155,24.7044723678459,22.0224871115733,0.235984944904355,4.34627120094965,0.408173211421548,1
"6796","PmetTSAr1.1-006905",11.8696636507142,12.6725985931267,11.5847814116465,11.3850581458467,12.7800959298791,13.4286629900036,13.3056318520629,12.2001181813472,0.122229917278588,3.63999503670603,0.662776069939691,1
"6797","PmetTSAr1.1-006906",7.91310910047614,9.78705384304853,8.60583762008029,9.45224594899365,7.75544282924287,12.7218912536876,10.6654592325984,9.14301200133441,0.171675631051213,3.25898988004605,0.562798494993178,1
"6798","PmetTSAr1.1-006907",8.94720858519745,9.69781019098426,8.0857045771084,8.15487885795531,7.75544282924287,13.7961842928879,9.78540169277695,9.17131854003824,0.215870475032049,3.24642286328129,0.47404640101387,1
"6799","PmetTSAr1.1-006908",29.0896681136822,20.1095695984827,18.9139288353413,13.9003616896965,14.4913908264726,9.41419952772885,12.844649331204,18.8521547767453,-0.559793399778257,4.10852719648308,0.0925522360341914,1
"6800","PmetTSAr1.1-006910",50.4460705155354,52.7727462540063,55.7488052421685,51.788776123898,47.2244570400376,60.1038684563109,64.5794604221382,58.7360678104301,0.130258091545221,5.78763479884925,0.68762659352891,1
"6801","PmetTSAr1.1-006911",18.6137907249836,17.6702431087259,15.131143068273,17.6600785657668,16.3483278419251,16.8777090632256,21.2890109633006,21.4846628762007,0.138003699852659,4.18587548127879,0.632062879689449,1
"6802","PmetTSAr1.1-006912",11.2402117904491,11.7206663044411,9.92981263855418,13.3443472221087,9.75802196355441,9.55555387499205,12.362713059397,13.6720581939459,-0.0285245208954429,3.52528060456112,0.925247812090422,1
"6803","PmetTSAr1.1-006913",6.11467521400429,5.86033315222055,5.0594759634538,7.75772566682112,5.31593733835427,7.09598823261244,9.03106665864425,7.18986083077072,0.207199810832139,2.75468311147932,0.495568397943603,1
"6804","PmetTSAr1.1-006914",6.15963606116608,6.81226544090612,4.06649469959838,8.12840197854636,5.89850581379035,7.23734257987564,9.78540169277695,8.32212237892358,0.309330317150369,2.83302405581021,0.329258705438996,1
"6805","PmetTSAr1.1-006915",20.2773420699701,18.9196542376257,19.3867770562248,22.8495469299202,20.7540019374105,27.8750772803023,29.6495575916047,28.6179106295638,0.392618313989308,4.56136647341678,0.171990244863596,1
"6806","PmetTSAr1.1-006916",4.13639793888525,3.48050243050662,6.5725902702811,9.71701474308311,5.17029521949525,9.04667822484454,6.32803278633541,5.23670966020702,0.107121392732329,2.65057363575139,0.771013528031073,1
"6807","PmetTSAr1.1-006917",31.7423580962281,28.40922924046,31.0188432899597,32.1958853612781,32.0412661489846,28.9493703195025,28.895222557472,31.759936425688,-0.0203230018091389,4.93953507256442,0.943793182247137,1
"6808","PmetTSAr1.1-006918",42.577922262221,58.9305582464411,46.6228345791163,26.7416482030353,40.6341511616669,47.6646858971497,75.4963646661142,43.7052957587007,0.247218673166459,5.58087474541194,0.489455869014115,1
"6809","PmetTSAr1.1-006919",27.2462733800485,27.1003223435174,14.5637252032128,35.0553883374442,31.3130555546895,34.6883568183883,23.929183582765,28.4480713973408,0.185944235055252,4.80020705326563,0.567893260105669,1
"6810","PmetTSAr1.1-006921",51.6600133889039,98.6439834150423,24.635392308032,53.8804495972047,36.5197613038995,80.8264157650955,93.7051742400396,88.0616419075894,0.386252747670907,6.04598006529885,0.408722830367689,1
"6811","PmetTSAr1.1-006922",32.6415750394641,29.3314136451242,27.708905743775,19.1427838126678,23.6304337848762,19.3090038361526,24.9140098773272,27.4290360040032,-0.190960784085249,4.67631047190599,0.526092214641988,1
"6812","PmetTSAr1.1-006923",42.1283137906031,37.3335944468872,44.2113086526103,33.7844981258148,41.1438985776735,38.3635698472314,32.4154527167579,42.544727671844,-0.0274497618929222,5.28712995079503,0.92743395123126,1
"6813","PmetTSAr1.1-006924",28.460216253417,31.562504946731,40.7122318180721,24.6499747297285,29.8566343660993,23.6061759929537,32.7716664828761,28.900976016602,-0.122313095927644,4.91271443827437,0.685171604624331,1
"6814","PmetTSAr1.1-006925",8.90224773803565,9.45982711881286,9.12597066305217,8.12840197854636,10.9959799738561,8.84878213867607,8.88439040200733,9.96390162374524,0.119024104867613,3.22483015249893,0.676774422844795,1
"6815","PmetTSAr1.1-006926",20.1874203756465,15.9448658354833,20.5688976084337,12.3911795633866,20.681180877981,13.9092677706985,12.4674818141376,14.7194001259873,-0.160920821721099,4.03633957598221,0.606368505810629,1
"6816","PmetTSAr1.1-006928",6.11467521400429,4.22419953104222,3.83007058915661,3.86562439370609,3.85951614976406,5.28665258764353,6.70520030340176,4.75549850224205,0.198552836209349,2.29129152223458,0.521611274076793,1
"6817","PmetTSAr1.1-006929",16.5905526027028,17.045537544276,14.8947189578313,14.8800062278275,13.6539486430332,19.3655455750579,17.9154570606516,17.4368278415542,0.109139464999568,4.04766132160872,0.705683264556516,1
"6818","PmetTSAr1.1-006930",20.5920680001027,22.8166270444323,22.4602904919678,20.016520833163,24.6499286168893,21.627215131269,28.7066387989388,23.7491859725064,0.201407439880626,4.53242519667562,0.476094123542436,1
"6819","PmetTSAr1.1-006931",14.7471578690692,16.3910840958047,15.6512761112449,10.1406448136262,20.4991282294072,12.8632456009508,13.9971056333512,13.813590887465,0.103699120774697,3.88941136614071,0.737182575482478,1
"6820","PmetTSAr1.1-006932",6.87900961575482,3.12352782224953,6.52530544819275,7.65181814918534,5.89850581379035,8.11373953290745,2.05346759291679,2.80234733167835,-0.359497740095817,2.44127939240544,0.393855396401325,1
"6821","PmetTSAr1.1-006933",6.69916622710764,6.09831622439194,8.18027422128511,6.83103488750802,6.37184270008217,7.40696779659147,10.0997079569989,7.69937852743951,0.186884808282688,2.90457661232264,0.533365768863536,1
"6822","PmetTSAr1.1-006935",19.6928510568667,18.8899063536043,20.8053217188754,19.1427838126678,18.2416753870924,22.7580499093746,22.6510047749291,21.2865171052739,0.113774879836871,4.35731704528839,0.68670152604783,1
"6823","PmetTSAr1.1-006936",11.3750943319344,10.2927678714127,10.8755090803212,10.4583673665336,9.83084302298392,12.6088077758771,12.0274530442269,11.6339874072707,0.101526234975593,3.48551948096426,0.721470811363233,1
"6824","PmetTSAr1.1-006937",9.75650383410978,11.0067170879269,12.1521992767068,10.4318904871246,10.9231589144266,13.4852047289089,12.1112680480194,11.3226154815287,0.142930372960591,3.51875511329129,0.615355849248548,1
"6825","PmetTSAr1.1-006938",11.7797419563906,14.3682279823478,12.1994840987951,14.165130483786,14.7826750641906,14.9835608098988,14.2485506447287,14.0966562745032,0.14491110811653,3.79632102964638,0.605397322846784,1
"6826","PmetTSAr1.1-006939",16.995200227159,13.0295732013838,10.308091215261,11.0408587135304,14.6006224156169,9.89480430842372,12.677019323619,10.7281781687484,-0.100799621607674,3.63999550142677,0.741753412272909,1
"6827","PmetTSAr1.1-006940",16.4556700612174,11.2744480441197,14.7055796694779,8.4990782902716,12.8529169893086,8.87705300812871,8.27673162451155,8.57688122725798,-0.399535960663347,3.4899857588827,0.209049237263235,1
"6828","PmetTSAr1.1-006941",43.252334969648,52.8322420220492,23.6424110441766,36.9087698960704,33.6069189267191,64.0052484407751,67.6177543096171,45.7999796227835,0.429890081953817,5.52461871690433,0.230783938327177,1
"6829","PmetTSAr1.1-006942",10.8355641659929,7.43697100535602,8.13298939919676,7.17523431982431,11.1416220927151,8.17028127181273,5.02890022755132,7.89752429836626,-0.0596152833932499,3.04945119784493,0.857066404965783,1
"6830","PmetTSAr1.1-006943",34.2152046901269,34.091075088552,40.1920987751002,25.7620036649043,38.5587509679258,24.3977603376276,25.9407436737856,29.1274283262325,-0.185841431506315,4.98128702693435,0.543933763509108,1
"6831","PmetTSAr1.1-006944",2.65268998254598,1.4873942010712,1.5131143068273,2.1975809909425,2.07540019374105,1.21564738646349,1.29913255878409,1.47194001259873,-0.381393401494463,0.842668547441587,0.208062061541836,1
"6832","PmetTSAr1.1-006945",32.6865358866259,16.9265460081903,19.6704859887549,26.1062030972206,27.7812341723583,20.920443394953,16.8258620113488,16.6159382191433,-0.216049648264085,4.47540152934901,0.503574941763072,1
"6833","PmetTSAr1.1-006946",10.2510731528895,10.3522636394556,12.6250474975903,12.7618558751119,8.59288501268224,16.1143955880043,11.5455167724199,10.0488212398567,0.0103550112281713,3.53606920007381,0.976488778282423,1
"6834","PmetTSAr1.1-006947",18.9285166551162,19.3361246139257,17.542668994779,17.07758721877,16.967306847076,19.4503581834158,25.7521599152524,19.0219940089682,0.156466255178743,4.27245252201139,0.58853027279633,1
"6835","PmetTSAr1.1-006948",6.87900961575482,6.48503871667045,9.31510995140559,8.81680084317895,4.4784951549149,11.6193273450347,8.59103788873351,9.34115777226117,0.113524777119422,3.045482283566,0.739064452591248,1
"6836","PmetTSAr1.1-006949",5.88987097819531,6.90150909297039,9.55153406184735,9.21395403431314,5.5344005166428,11.7889525617505,8.92629790390359,9.2562381561497,0.170953232950183,3.07888387509383,0.600887931316775,1
"6837","PmetTSAr1.1-006950",5.26041911793016,5.71159373211343,9.07868584096382,8.81680084317895,4.55131621434441,12.0151195173717,7.94147160934146,9.2562381561497,0.227002194511552,2.98116264438913,0.518166536703438,1
"6838","PmetTSAr1.1-006951",4.85577149347399,5.8008373841777,7.42371706787146,8.65793956672528,4.66054780348867,10.3188673502133,7.27095157900128,8.12397660799683,0.183481511020877,2.8495487355778,0.582002124828478,1
"6839","PmetTSAr1.1-006952",45.7251815635468,48.0130848105785,83.930559206827,62.4854354051121,66.2671640808546,62.6199758375958,68.2044593361648,49.3382969607613,0.0373769483393703,5.9279446346125,0.918212697570127,1
"6840","PmetTSAr1.1-006953",8.22783503060871,9.1326003945772,7.09272331325299,8.47260141086266,9.06622189897406,8.96186561648663,9.07297416054051,8.66180084336944,0.117743445558232,3.11284872183572,0.676719760123297,1
"6841","PmetTSAr1.1-006954",9.62162129262439,8.80537367034153,6.5725902702811,9.10804651667735,7.60980071038385,8.08546866345481,8.44436163209659,7.61445891132804,-0.103851817779971,3.05238194003033,0.721923423642083,1
"6842","PmetTSAr1.1-006955",7.86814825331434,6.39579506460618,5.24861525180721,5.82491346996808,6.62671640808546,6.81327953808605,7.45953533753446,6.31235813095224,0.10421681466221,2.72926762300356,0.725044980355723,1
"6843","PmetTSAr1.1-006956",22.1656976507655,18.9494021216472,28.7491718297188,21.5521798388819,25.1596760328959,20.1288590502791,21.4147334689894,20.4090144054555,-0.0690164861654343,4.48358868370914,0.812217305255588,1
"6844","PmetTSAr1.1-006957",30.0788067512417,33.109394915845,29.8840075598392,30.9249951496487,31.2766450249748,29.0341829278605,31.0534589051294,35.8643845377421,0.0369440549190729,4.97571995141984,0.897455497105209,1
"6845","PmetTSAr1.1-006958",15.3316488821725,14.2789843302836,15.2729975345381,10.3259829694889,14.2001065887546,8.5095317052444,15.1914694373946,14.4929478163567,-0.0740976308819526,3.7556755688916,0.81106108354489,1
"6846","PmetTSAr1.1-006959",14.9719621048781,10.1142805672842,12.0576296325301,16.9716797011343,13.5811275836037,11.8737651701085,4.96603897470693,11.9453593330128,-0.355113498822478,3.5985999554412,0.309457868447416,1
"6847","PmetTSAr1.1-006960",12.2743112751704,16.7778065880832,10.4026608594377,15.3036362983707,10.5226430875643,13.3155795121931,19.109820864695,18.5407828510032,0.166575963850117,3.86824955342793,0.598514702057913,1
"6848","PmetTSAr1.1-006961",54.5824684544206,20.3475526706541,190.983396414859,83.7198926910866,68.4517958637399,47.7494985055076,6.57947779771298,24.3153167465829,-1.24916310036363,5.95681240111914,0.0560267282486224,1
"6849","PmetTSAr1.1-006962",25.7176045765474,23.5603241449679,25.3446646393573,21.2079804065656,25.4509602706139,24.9914485961331,19.8012946459833,22.8150701952803,-0.0422205379586312,4.56486969980029,0.882354747667031,1
"6850","PmetTSAr1.1-006963",28.010607781799,22.5488960882395,30.7351343574296,24.3322521768212,30.1843291335321,30.3063720532292,30.1314938634117,27.2025836943727,0.158341578704309,4.80689205986632,0.582930732426658,1
"6851","PmetTSAr1.1-006964",6.96893131007841,10.0845326832628,8.36941350963852,18.7721075009426,7.20928488352154,13.4569338594563,10.7283204854428,10.6715650913408,-0.0737091963558938,3.44053501263762,0.840459117692256,1
"6852","PmetTSAr1.1-006965",7.01389215724021,8.98386097447008,8.13298939919676,18.3749543098084,6.84517958637399,14.8139355931829,11.0426267496648,11.3226154815287,0.0483205120272497,3.44511357435194,0.894454514733488,1
"6853","PmetTSAr1.1-006966",5.79994928387171,10.0845326832628,10.1662367489959,18.9309687773962,7.75544282924287,15.3228112433304,12.5093893160339,10.8980174009714,0.0454211131642026,3.52460896745679,0.901592329374109,1
"6854","PmetTSAr1.1-006967",7.37357893453458,10.0547847992413,10.7336546140562,17.7659860834026,7.79185335895763,16.764625585415,11.4407480176793,11.0961631718981,0.0345382959788314,3.54834522673113,0.921314086359142,1
"6855","PmetTSAr1.1-006968",10.8355641659929,9.90604537913423,28.7964566518071,19.8576595567094,14.4913908264726,25.2458864212068,19.2355433703838,18.1444913091497,0.153333133856125,4.19963015453579,0.678823892532571,1
"6856","PmetTSAr1.1-006969",36.0585994237606,35.6677129416875,37.4022942718874,37.8619375547925,33.6797399861486,43.6784933043276,46.9783096257086,43.1108584459205,0.188211340045648,5.29905060793133,0.527748673769634,1
"6857","PmetTSAr1.1-006970",8.00303079479973,6.90150909297039,5.76874829477909,6.08968226405753,5.93491634350511,6.55884171301229,6.57947779771298,5.77453389557963,-0.105842748311659,2.70298664165893,0.712456159165138,1
"6858","PmetTSAr1.1-006971",11.4200551790962,11.7504141884625,11.7266358779116,12.2852720457509,13.0713801675971,19.1676494888894,18.3135783286661,13.502218961723,0.441378862674171,3.80467618479339,0.130716705800994,1
"6859","PmetTSAr1.1-006972",22.0757759564419,23.5900720289893,23.027708357028,27.37709330885,21.9191388882827,26.9138677189125,24.6416111150015,27.4290360040032,0.0704952135138132,4.62567644171552,0.80439315309566,1
"6860","PmetTSAr1.1-006973",12.6789588996265,12.1073887967196,9.64610370602406,11.5439194223004,9.21186401783308,16.9342508021309,17.6849658002221,12.0585854878281,0.282504904158216,3.6784593453458,0.365574326259489,1
"6861","PmetTSAr1.1-006974",3.5519069257819,2.37983072171393,4.82305185301203,6.24854354051121,3.16771608518371,7.8593017078337,5.2174839860845,3.19863887353185,0.194066689755763,2.2090595292912,0.610977745591741,1
"6862","PmetTSAr1.1-006975",3.23718099564933,2.08235188149969,3.26265272409637,3.89210127311503,2.65796866917713,4.38198476515908,3.77167517066349,2.51928194464013,0.0996689862714464,1.71803952580964,0.75001506647239,1
"6863","PmetTSAr1.1-006976",33.765596218509,34.8347721890876,28.5600325413654,26.6886944442174,31.4222871438338,27.3096598912495,32.750712731928,30.6276748775351,-0.0202826195632708,4.94513557205118,0.944804762353318,1
"6864","PmetTSAr1.1-006977",82.4581936947343,14.3682279823478,1.56039912891566,2.09167347330672,29.9294554255288,1.75279390606363,1.06864129835466,2.68912117686306,-1.50381430335065,4.0870294202261,0.150203886285434,1
"6865","PmetTSAr1.1-006978",11.3750943319344,17.7594867607902,14.7055796694779,16.2303270776838,12.3795801030168,16.3688334130781,23.0700797938917,22.6735375017612,0.310187230496937,4.07836360148583,0.326990330593355,1
"6866","PmetTSAr1.1-006979",17.8044954760713,17.1050333123189,18.9612136574296,16.5215727511822,20.0622018728302,18.9697534027209,19.8012946459833,19.2201397798949,0.149466087983178,4.21855661075525,0.591460262628041,1
"6867","PmetTSAr1.1-006980",19.198281738087,19.5146119180542,17.7318082831325,16.7598646658627,21.5914441208499,18.2064399274996,22.4624210163959,18.7672351606338,0.146638872006465,4.27365300053322,0.602870532965886,1
"6868","PmetTSAr1.1-006981",9.26193451533002,10.0250369152199,9.36239477349394,12.4441333222045,10.0857167309872,12.4391825591612,15.2124231883427,13.2757666520924,0.311339187124562,3.53408883630639,0.287144413098247,1
"6869","PmetTSAr1.1-006984",4.99065403495938,4.04571222691368,15.8877002216867,22.955454447556,11.1416220927151,10.6298469141923,4.79840896712189,4.27428734427708,-0.636184312517433,3.3070401276169,0.207670460350178,1
"6870","PmetTSAr1.1-006985",17.5347303931005,22.3109130160681,18.6775047248995,19.1957375714857,14.0908749996103,28.6949324944288,36.9833704234503,24.9097540593631,0.430094116206362,4.51567520438638,0.189970677567522,1
"6871","PmetTSAr1.1-006988",60.1576135024834,57.23492885722,54.3775454016062,44.8783105981631,48.353183461195,42.2649498316956,46.5382808557978,50.81023697336,-0.204725907355304,5.66201841063378,0.516617337286999,1
"6872","PmetTSAr1.1-006989",5.03561488212118,5.44386277592061,4.3502036321285,3.49494808198085,4.91542151149196,4.15581780953796,5.4270214955658,5.80284043428345,0.149752844769841,2.29003296157968,0.615584911193018,1
"6873","PmetTSAr1.1-006990",41.7236661661469,31.0567909183668,59.6734454755018,39.9536110280992,51.5208995463787,34.5187316016725,26.1921886851631,29.6652525616052,-0.280973074171915,5.29774567116823,0.408529647389061,1
"6874","PmetTSAr1.1-006991",8.18287418344691,10.7687340157555,5.91060276104415,14.4298992778755,8.9569903098298,16.0295829796464,19.7384333931389,13.9551235809841,0.576226649314683,3.62390415489712,0.100826504594646,1
"6875","PmetTSAr1.1-006992",19.198281738087,14.9929335467977,13.9017376939759,13.1325321868371,17.5134647927973,13.5982882067195,14.772394418432,16.5593251417357,0.0288089981881273,3.95573764880031,0.92370763881938,1
"6876","PmetTSAr1.1-006993",13.5781758428625,7.07999639709894,11.2065028349397,12.5500408398403,10.9595694441413,9.07494909429718,6.62138529960924,6.39727774706371,-0.426852491746179,3.28302105017766,0.188747979242137,1
"6877","PmetTSAr1.1-006994",7.1487746987256,6.18755987645621,7.47100188995981,8.60498580790738,6.77235852694448,6.78500866863341,6.47470904297233,6.08590582132167,-0.171999620681103,2.80760482727793,0.547325157308617,1
"6878","PmetTSAr1.1-006995",10.0262689170806,9.57881865489856,12.0576296325301,12.7353789957029,13.544717053889,11.280076911603,8.23482412261529,9.79406239152231,-0.0527652194141205,3.45473845294294,0.864170803109618,1
"6879","PmetTSAr1.1-006996",12.2743112751704,12.1073887967196,15.4148520008032,10.2200754518531,12.2339379841578,9.1597617026551,9.99493920225825,11.1810827880096,-0.231627722769146,3.53934184902696,0.426293471496365,1
"6880","PmetTSAr1.1-006998",46.4895159652973,59.6147595789339,42.036206836546,52.0535449179874,43.437761949703,43.4805972181591,39.1625605220559,46.5359496290829,-0.214188910634745,5.54422992249086,0.491117946294184,1
"6881","PmetTSAr1.1-006999",12.5890372053029,11.2149522760769,12.0103448104417,17.5012172893132,10.559053617279,14.9835608098988,17.2868445322077,14.2381889680223,0.0980395838819851,3.79358079259585,0.748803400091174,1
"6882","PmetTSAr1.1-007000",32.3718099564933,43.7293895114934,46.5282649349396,55.8926924322846,26.6525077512009,102.057838724028,113.548376387919,52.6501619891084,0.724173928777013,5.88902721192803,0.102206818968279,1
"6883","PmetTSAr1.1-007001",5.53018420090094,5.56285431200631,3.45179201244979,3.4684712025719,4.26003197662637,4.01446346227477,8.21387037166716,6.02929274391403,0.325227188785394,2.36071385981719,0.32855943234667,1
"6884","PmetTSAr1.1-007002",23.7393273014284,26.7135998512388,20.3324734979919,28.3832147263899,23.1570968985844,30.7021642255662,31.6401639316771,30.0898506421625,0.220615577477844,4.7503095372362,0.450887786598252,1
"6885","PmetTSAr1.1-007019",5.35034081225375,3.98621645887083,27.6143360995983,7.2281880786422,7.79185335895763,7.54832214385467,6.30707903538728,5.09517696668791,-0.721498765708129,3.15313835291021,0.143107104699462,1
"6886","PmetTSAr1.1-007020",19.198281738087,25.6129281424461,20.7580368967871,23.5114689151439,22.319654715145,28.0447024970181,30.508661380478,33.7697006736593,0.363571037606663,4.67445624552687,0.215531734401851,1
"6887","PmetTSAr1.1-007021",29.1795898080058,43.6401458594291,21.8928726269075,24.3587290562301,20.5719492888367,37.1196515913153,73.5895733298343,54.2636346952262,0.639984265860115,5.2539290293782,0.106081848585974,1
"6888","PmetTSAr1.1-007022",10.6557207773457,11.9586493766125,8.27484386546182,7.28114183746009,5.24311627892476,11.67586908394,22.965311039151,15.9931943676593,0.551429859042963,3.56482498647061,0.161295644951201,1
"6889","PmetTSAr1.1-007023",4.31624132753244,3.95646857484941,3.21536790200802,4.23630070543133,3.34976873375749,4.24063041789588,3.33164640075275,3.34017156705096,-0.143220417612971,1.9297933573793,0.609117064301003,1
"6890","PmetTSAr1.1-007024",11.8696636507142,12.7320943611695,17.1171055959839,16.097942680639,11.5421379195774,18.6305029692892,12.530343066982,9.11470546263059,-0.157776447064297,3.78287157213817,0.619351965824466,1
"6891","PmetTSAr1.1-007025",21.0866373188824,16.0043616035262,41.2796496831324,29.0716135910225,29.164834301519,24.5673855543435,16.532509498075,23.8624121273217,-0.190713150029748,4.65799203260324,0.580233194531879,1
"6892","PmetTSAr1.1-007026",36.9578163669965,30.372589585874,38.820838934538,35.8496947197126,35.3182138233126,29.543058578008,26.3807724436963,31.2221121903154,-0.213565230701689,5.04932661735329,0.466157873489457,1
"6893","PmetTSAr1.1-007027",17.8044954760713,17.4620079205759,9.97709746064253,11.1997199899841,14.2729276481841,16.6515421076045,18.5650233400436,13.813590887465,0.165819367031224,3.9101462827855,0.59457359723902,1
"6894","PmetTSAr1.1-007028",27.7858035459901,17.1942769643831,14.6110100253011,34.8170964227637,17.9503911493743,15.6055199378568,10.0578004551026,52.5086292955893,0.0253603678638473,4.57778654506914,0.956055466736873,1
"6895","PmetTSAr1.1-007029",27.3811559215339,27.1598181115602,19.7177708108433,27.6153852235305,28.8735500638009,33.1900007373984,37.9472429670643,30.2596898743854,0.354434569402646,4.86235457263205,0.228503709136047,1
"6896","PmetTSAr1.1-007030",7.23869639304919,9.40033135077002,6.38345098192769,8.97566211963263,4.36926356577063,7.88757257728634,9.93207794941386,9.14301200133441,-0.0301955730765127,2.99767243568962,0.929039284419001,1
"6897","PmetTSAr1.1-007031",3.14725930132574,5.23562758777064,3.12079825783131,3.89210127311503,2.65796866917713,3.76002563720101,4.54696395574432,5.37824235372613,0.0835131249188541,2.01362313061757,0.795318491425707,1
"6898","PmetTSAr1.1-007032",2.56276828822238,4.34319106712792,2.55338039277107,3.1772255290735,3.0948950257542,2.742274336906,4.23265769152236,3.82138272501593,0.131181491472483,1.7595609168013,0.651896563646224,1
"6899","PmetTSAr1.1-007033",20.9967156245588,23.8578029851821,18.5829350807228,20.3607202654793,20.0622018728302,22.644966431564,24.9140098773272,24.0605578982485,0.129617796680125,4.45949696565097,0.647300337514379,1
"6900","PmetTSAr1.1-007034",22.7052278167071,26.3863731270032,18.0155172156626,20.4666277831151,20.535538759122,21.0617977422162,24.3063510998314,24.5983821336211,0.0472226644234727,4.48056764537512,0.870603278404986,1
"6901","PmetTSAr1.1-007036",10.4309165415367,11.5124311162911,12.577762675502,13.2649165838818,11.7970116275807,19.2524620972473,16.5534632490231,17.465134380258,0.445375424645141,3.82542750477384,0.132385653744304,1
"6902","PmetTSAr1.1-007037",9.93634722275697,9.31108769870574,12.1521992767068,11.3850581458467,10.41341149842,12.4674534286139,12.3417593084489,10.9829370170828,0.11193792316231,3.48370608644162,0.69701488185252,1
"6903","PmetTSAr1.1-007038",21.3114415546914,21.0615018871683,7.80199564457828,29.0451367116135,19.2247596893908,24.9066359877751,14.2485506447287,28.5896040908599,0.132977862172166,4.38160209707344,0.725789719151813,1
"6904","PmetTSAr1.1-007039",4.7208889519886,5.94957680428482,7.51828671204816,5.53366779646967,5.8620952840756,6.47402910465438,7.18713657520876,6.93510198243632,0.159790252590866,2.66348381405921,0.587313488189914,1
"6905","PmetTSAr1.1-007040",7.01389215724021,6.45529083264903,7.09272331325299,6.51331233460067,6.40825322979693,7.46350953549675,7.77384160175642,7.67107198873568,0.116726882483054,2.83018776661715,0.683668948152893,1
"6906","PmetTSAr1.1-007041",119.281127520245,26.4756167790674,42.1307764807227,40.7214405309586,47.9890781640474,34.0381268209776,26.0245586775781,27.62718177493,-0.752466490974866,5.51003726959192,0.0855979889766614,1
"6907","PmetTSAr1.1-007043",38.3066417818504,38.7019971118727,80.5260520164656,40.4037179780513,30.3299712523911,10.9408264781714,26.5903099531776,32.7789718190255,-0.975450737135739,5.22352014270345,0.01301169583328,1
"6908","PmetTSAr1.1-007044",8.45263926641769,6.45529083264903,8.88954655261041,12.205841407524,6.84517958637399,9.49901213608677,9.76444794182881,7.303086985586,-0.107464217240333,3.12790118290264,0.731259103711201,1
"6909","PmetTSAr1.1-007045",20.0525378341611,19.8418386422899,21.0890306514055,15.0918212630991,21.6278546505646,15.1531860266146,18.3764395815104,18.8521547767453,-0.0392433075560464,4.23397255380895,0.892870797256009,1
"6910","PmetTSAr1.1-007046",15.8262182009523,6.5445344847133,13.0033260742971,19.5134601243931,13.9452328807513,19.8744212252054,4.16979643867797,6.19913197613696,-0.313816170176082,3.63657171226021,0.492672566097486,1
"6911","PmetTSAr1.1-007047",18.1192214062039,14.3979758663693,30.924273645783,19.6987982802557,14.9647277127644,17.6975642773521,17.4754282907408,13.4456058843153,-0.385298988938789,4.20097360108397,0.223421263644701,1
"6912","PmetTSAr1.1-007048",38.8911327949537,35.4892256375589,45.6771381373492,60.7379613641217,48.3895939909098,48.5976245890868,36.606202906384,45.573527313153,-0.0134687728604948,5.49369663759789,0.967448354747127,1
"6913","PmetTSAr1.1-007049",24.5486225503407,27.7845236760101,23.2168476453814,31.4280558584187,22.5745284231483,43.0565341763695,50.3099560264613,30.6276748775351,0.454228411199849,4.98955483108594,0.16371283719894,1
"6914","PmetTSAr1.1-007050",7.91310910047614,6.72302178884185,6.90358402489957,8.02249446091058,7.5733901806691,9.52728300553941,8.48626913399285,9.5109970044841,0.247747634807965,3.02638872942202,0.38583933723223,1
"6915","PmetTSAr1.1-007051",20.6819896944263,19.2766288458828,12.577762675502,19.4869832449841,14.6734434750464,21.7968403479848,21.9595309936408,18.6823155445223,0.0983566498418944,4.22574604428022,0.745991813229146,1
"6916","PmetTSAr1.1-007052",51.0755223758005,54.9145939035489,41.7997827261043,39.9006572692813,47.8798465749032,43.565409826517,43.8771544853853,47.1870000192708,-0.0404477819652587,5.53404206973722,0.896279624596679,1
"6917","PmetTSAr1.1-007053",13.8479409258332,14.6657068225621,22.885853890763,12.682425236885,16.1662751933513,12.9480582093088,13.8923368786105,13.3889928069077,-0.183092669598577,3.91762553092996,0.546302100068864,1
"6918","PmetTSAr1.1-007054",24.1889357730464,22.4299045521538,44.4004479409637,31.0309026672845,31.5679292626928,38.9007163668315,36.9833704234503,28.1650060103026,0.152760160746794,5.01205431491448,0.633499826879045,1
"6919","PmetTSAr1.1-007055",5.12553657644477,4.1944516470208,4.68119738674697,5.18946836415338,4.62413727377392,6.9263630158966,5.95086526926906,5.01025735057644,0.231974665007728,2.40001360998524,0.421684326306759,1
"6920","PmetTSAr1.1-007056",19.9176552926757,15.4688996911405,24.2571137313252,29.4687667821567,18.3873175059514,19.5634416612263,17.8735495587553,16.0215009063631,-0.310921480147131,4.33476254411941,0.305779026272014,1
"6921","PmetTSAr1.1-007057",10.2960340000513,11.5124311162911,16.738827019277,11.3850581458467,10.9959799738561,11.5345147366768,9.97398545131012,11.2093893267134,-0.190843017412191,3.55594253965792,0.516959876628667,1
"6922","PmetTSAr1.1-007058",42.2182354849267,48.9352692152426,40.7595166401605,46.413969603882,39.7602984485128,46.9861850302864,49.9956497622394,45.7999796227835,0.0336336039464026,5.49742890199263,0.912085946764428,1
"6923","PmetTSAr1.1-007059",26.9315474499159,27.2490617636245,21.5145940502007,29.6276280586104,24.5771075574598,40.5686976645373,36.2499891402658,32.2411475836529,0.343287453304082,4.90403265197601,0.254947146813001,1
"6924","PmetTSAr1.1-007060",8.85728689087386,10.7092382477127,11.8684903441767,10.1671216930352,9.64879037441015,10.2057838724028,12.1741293008638,12.3982639522739,0.0956030624185628,3.43528864953569,0.742664170126486,1
"6925","PmetTSAr1.1-007061",23.9191706900756,23.8280551011607,16.4078332646586,17.5276941687221,20.0622018728302,17.8389186246153,20.3251384196866,17.6632801511848,-0.106175290843317,4.30430353333265,0.716071473560994,1
"6926","PmetTSAr1.1-007062",6.78908792143123,9.96554114717707,6.47802062610439,7.49295687273166,5.78927422464609,6.67192519082285,7.58525784322324,4.67057888613058,-0.314653184683871,2.80621911471765,0.303543754879551,1
"6927","PmetTSAr1.1-007063",30.7082586115068,29.2124221090385,29.316589694779,24.7823591267733,32.0048556192699,28.3556820609971,24.6206573640533,25.9004829139969,-0.04026110019978,4.81607482766912,0.889449859189451,1
"6928","PmetTSAr1.1-007064",24.8183876333115,28.0522546322029,22.7439994244979,33.8904056434506,26.2519919243386,37.1196515913153,39.2673292767966,30.2030767969778,0.278280042630962,4.92434708269666,0.356953696456556,1
"6929","PmetTSAr1.1-007065",75.0396539130379,78.8913884248167,97.7850120787145,55.6014467587862,70.6000171169105,46.5621219884968,44.631489519518,56.5847708689396,-0.492867141615296,6.0391230910684,0.197511317380245,1
"6930","PmetTSAr1.1-007066",76.7032052580244,73.5962650690032,60.3827178068271,60.4467156906233,73.6585016129499,64.881645393807,73.5476658279381,74.4745033297549,0.0798821445572207,6.12460168457389,0.830079095778092,1
"6931","PmetTSAr1.1-007068",2.96741591267855,4.0754601109351,3.21536790200802,2.96541049380193,2.33027390174434,2.34648216456905,4.06502768393732,2.83065387038217,-0.187182578359861,1.66181623150691,0.518926380377122,1
"6932","PmetTSAr1.1-007069",12.5440763581411,10.7687340157555,20.1906190317268,16.3097577159106,15.3652435396267,15.2945403738778,12.5722505688783,13.021007803758,-0.0880348856411057,3.86435164014073,0.773949856601177,1
"6933","PmetTSAr1.1-007071",57.145236742643,62.3218170248835,46.1972711803211,44.2958192511663,55.489647285287,52.6120880513616,57.6018613564108,52.0274181376243,0.0524291437010056,5.74210929376643,0.871648237608171,1
"6934","PmetTSAr1.1-007073",19.2882034324106,18.6221753974115,16.9752511297188,24.7823591267733,20.2806650511187,27.3662016301547,27.5751362477397,26.2401613784427,0.34834851108594,4.50537743391656,0.232336954649767,1
"6935","PmetTSAr1.1-007074",9.5316995983008,9.63831442294141,11.111933190763,11.0408587135304,11.1416220927151,14.9835608098988,11.3359792629386,10.5017258591179,0.214935819324589,3.48859852768756,0.456491501568524,1
"6936","PmetTSAr1.1-007075",16.5905526027028,20.4070484386969,20.1906190317268,15.8596507659585,17.7319279710858,19.2524620972473,19.7384333931389,18.2860240026688,0.0386505588934869,4.21481303428646,0.893590233782104,1
"6937","PmetTSAr1.1-007076",3.68678946726729,2.02285611345684,2.41152592650602,10.6701824018052,9.32109560697735,8.11373953290745,0.754335034132698,3.56662387668154,0.205321024962455,2.35989362192639,0.731714432115943,1
"6938","PmetTSAr1.1-007077",33.9004787599944,25.3451971862533,39.482826443775,30.8720413908308,38.7043930867849,36.6390468106204,34.3431978039859,32.07130835143,0.12984367300965,5.0865098261953,0.663583929705533,1
"6939","PmetTSAr1.1-007078",37.5423073800998,54.4386277592061,20.6634672526104,40.1654260633708,26.4340445729123,54.4214236963305,46.4963733539016,51.0366892829906,0.222863065091491,5.37415131850855,0.539972676270434,1
"6940","PmetTSAr1.1-007079",16.5905526027028,21.4779722634682,15.9822698658634,14.9859137454633,18.5693701545252,15.0401025488041,20.9747046990786,17.7198932285924,0.0665651309794504,4.14827504906373,0.821629721063542,1
"6941","PmetTSAr1.1-007080",4.04647624456166,4.52167837125646,4.25563398795179,3.60085559961663,3.75028456061979,6.33267475739118,5.17557648418823,4.33090042168472,0.25706271381804,2.19135062230212,0.381323930044586,1
"6942","PmetTSAr1.1-007081",9.08209112668284,9.16234827859862,7.75471082248993,9.84939914012784,7.17287435380679,13.2024960343825,10.4559217231171,8.26550930151594,0.12508365082359,3.23810638506014,0.683992150329127,1
"6943","PmetTSAr1.1-007082",25.4928003407385,19.990578062397,17.1643904180722,31.5869171348723,22.6837600122925,27.7619938024917,22.7138660277735,21.9941805728695,0.0132049344149128,4.56920919276717,0.965544101957333,1
"6944","PmetTSAr1.1-007083",21.1315981660442,25.3451971862533,11.8212055220883,16.7333877864537,17.9503911493743,15.3228112433304,22.0642997483814,19.7579640152676,0.000717937152732915,4.23515950669606,0.999084455932569,1
"6945","PmetTSAr1.1-007084",7.95806994763793,6.12806410841336,13.1451805405622,14.7211449513739,12.343169573302,13.3721212510983,8.48626913399285,10.7281781687484,0.0979376799767846,3.44900282764988,0.77425587402805,1
"6946","PmetTSAr1.1-007085",7.41853978169638,7.88318926567739,14.5637252032128,14.2975148808307,13.3990749350299,13.71137168453,8.54913038683724,11.6056808685669,0.0968756064616777,3.52210073706399,0.770880777189035,1
"6947","PmetTSAr1.1-007086",8.00303079479973,8.98386097447008,13.0033260742971,5.77195971115018,7.68262176981336,5.99342432395951,10.8330892401835,8.43534853373887,-0.114240172242972,3.11168737146819,0.728307334116281,1
"6948","PmetTSAr1.1-007087",12.7688805939501,15.4094039230977,13.8071680497991,12.3911795633866,17.2950016145088,18.5174194914787,20.387999672531,17.5217474576656,0.439214638310318,4.00720527934374,0.120384180491829,1
"6949","PmetTSAr1.1-007088",14.9270012577163,15.2606645029906,13.8544528718875,12.1793645281151,16.8580752579317,20.6377347004266,19.9479709026202,15.8233551354363,0.3826515754633,4.02255055342044,0.183360342772742,1
"6950","PmetTSAr1.1-007089",14.567314480422,15.4094039230977,15.4621368228915,14.4828530366934,16.1662751933513,15.2662695044252,17.8945033097034,15.1723047452484,0.106500035397602,3.96492497293293,0.704921093720935,1
"6951","PmetTSAr1.1-007090",20.9967156245588,20.4070484386969,23.689695866265,28.1184459323004,21.4822125317056,27.5923685857759,28.0151650176505,23.5793467402835,0.111014143660059,4.60296328001912,0.70205322434234,1
"6952","PmetTSAr1.1-007092",44.9608471617962,46.5256906095073,35.1799076337348,43.475035989489,40.6705616913816,40.6252394034425,40.0426180618774,42.2616622848058,-0.0567925760471632,5.3847562213682,0.849197136413164,1
"6953","PmetTSAr1.1-007093",13.2634499127299,17.0157896602546,11.8684903441767,14.668191192556,14.6734434750464,20.0723173113738,16.5744169999712,14.0400431970956,0.20108877239465,3.9392163729317,0.492091696572508,1
"6954","PmetTSAr1.1-007094",19.4680468210578,19.782342874247,20.474327964257,22.478870618195,21.3365704128466,26.3201794604071,26.9465237192958,23.18305519843,0.250466184749752,4.49605512958584,0.373935632339109,1
"6955","PmetTSAr1.1-007095",1.84339473363365,1.63613362117833,2.1278169939759,1.82690467921726,2.18463178288532,2.2333986867585,2.43063510998314,2.43436232852867,0.329097199454111,1.10642764252873,0.217362636800081,1
"6956","PmetTSAr1.1-007096",9.39681705681541,9.51932288685571,9.97709746064253,9.00213899904157,9.13904295840357,10.4884925669291,10.4768754740653,11.6906004846784,0.142216005601404,3.32543710198226,0.616331469471303,1
"6957","PmetTSAr1.1-007097",66.2722887164876,66.1295461796258,53.1954248493974,57.5607358350482,61.2061004505036,58.1531784640788,69.6921756534821,65.416410944532,0.065602151973175,5.9603928860664,0.849362868037019,1
"6958","PmetTSAr1.1-007098",9.80146468127158,8.44839906208444,9.59881888393571,5.0306070876997,8.55647448296749,4.41025563461172,4.52601020479619,6.14251889872931,-0.476077834165823,2.82969954034524,0.156571254517376,1
"6959","PmetTSAr1.1-007099",28.685020489226,28.20099405231,26.8577789461846,22.9289775681471,26.2155813946238,25.2176155517542,29.062852565057,25.8155632978854,-0.00444466058460454,4.73787656208024,0.987942326798006,1
"6960","PmetTSAr1.1-007100",11.5998985677434,10.7984818997769,10.7809394361445,13.9797923279234,12.6344538110201,13.5134755983615,12.048406795175,13.8418974261688,0.14094350488646,3.63973158372239,0.619867236532151,1
"6961","PmetTSAr1.1-007101",25.1331135634441,22.1919214799824,16.5496877309236,16.8128184246806,17.0401279065055,18.8001281860051,23.1538947976842,23.0981355823185,0.0256195495704643,4.35122136513991,0.933898297420188,1
"6962","PmetTSAr1.1-007102",12.0045461921996,12.9105816652981,15.0838582461847,20.3342433860704,12.9985591081676,20.4963803531634,22.9862647900992,16.7574709126625,0.279403132270883,4.06769583048694,0.375663471519501,1
"6963","PmetTSAr1.1-007103",11.914624497876,11.5124311162911,12.3413385650602,9.4787228284026,13.2898433458857,10.8842847392661,12.2369905537082,12.4831835683854,0.1127503511297,3.56401868477005,0.694615448616677,1
"6964","PmetTSAr1.1-007104",11.9595853450378,10.8877255518412,11.5374965895582,10.5907517635783,12.0154748058692,11.7324108228453,12.8236955802559,12.7662489554236,0.134406937781123,3.56694699034645,0.632428732927522,1
"6965","PmetTSAr1.1-007105",11.914624497876,14.9929335467977,16.8806814855421,13.0266246692013,13.9088223510365,13.9658095096038,14.290458146625,16.5027120643281,0.0467215846476562,3.8576251760361,0.87312068294178,1
"6966","PmetTSAr1.1-007107",25.1780744106059,19.7228471062042,23.4059869337349,43.3956053512622,22.9022231905811,25.4437825073753,25.1025936358603,20.4373209441593,-0.251342505747493,4.68728034064916,0.433867375077666,1
"6967","PmetTSAr1.1-007108",5.79994928387171,5.50335854396346,7.75471082248993,7.73124878741217,5.82568475436084,8.17028127181273,5.74132775978776,5.6046946633567,-0.0799852740338358,2.71736795721567,0.791011296283651,1
"6968","PmetTSAr1.1-007109",34.0353613014797,35.7272087097303,38.3952755357428,43.1308365571727,34.1530768724404,48.7955206752553,48.8012859581959,36.6569676214491,0.154708610411924,5.32297957124565,0.613434735618627,1
"6969","PmetTSAr1.1-007110",6.83404876859303,7.64520619350599,5.91060276104415,7.73124878741217,8.48365342353798,6.9263630158966,5.74132775978776,7.04832813725161,-0.000161515833219526,2.82821221394701,1,1
"6970","PmetTSAr1.1-007111",49.636775266623,43.2236754831292,38.1115666032127,35.4790184079874,40.5613301022374,46.5338511190441,45.762992070717,41.2426268914682,0.065101179070089,5.41380399914395,0.830327113490496,1
"6971","PmetTSAr1.1-007112",5.57514504806273,5.86033315222055,5.29590007389556,5.0306070876997,4.51490568462965,7.54832214385467,6.43280154107606,6.51050390187899,0.202270225041685,2.56358768825043,0.494834196143609,1
"6972","PmetTSAr1.1-007113",31.0229845416394,19.3658724979471,29.9312923819276,13.3973009809266,25.7786550380467,14.9270190709935,15.9667582224754,16.2479532159937,-0.361133225018359,4.38350913281563,0.290480550480832,1
"6973","PmetTSAr1.1-007114",8.72240434938847,7.85344138165596,5.01219114136544,5.58662155528756,6.22620058122315,7.52005127440203,6.03468027306158,5.12348350539173,-0.125732420723497,2.71577185494262,0.684011845292079,1
"6974","PmetTSAr1.1-007115",9.26193451533002,9.9952890311985,10.0716671048192,9.53167658722049,5.8620952840756,10.4884925669291,9.45014167760686,12.2850377974586,-0.0277742988447856,3.27532029702409,0.929199278563771,1
"6975","PmetTSAr1.1-007116",5.39530165941555,5.38436700787776,5.8633179389558,7.36057247568693,4.4784951549149,6.53057084355966,5.6994202578915,8.15228314670065,0.0498345207160991,2.6261496754976,0.876778695004611,1
"6976","PmetTSAr1.1-007117",7.64334401750536,6.90150909297039,5.67417865060239,6.88398864632591,4.44208462520014,7.43523866604411,7.60621159417137,9.00147930781531,0.0731341964013541,2.81038523394614,0.818319866749655,1
"6977","PmetTSAr1.1-007118",38.0818375460414,39.3267026763227,36.7403067626505,30.2630731644251,37.3572034873389,29.2603498834816,34.9718103324298,35.6379322281115,-0.073486440451638,5.14009804557414,0.803552824075026,1
"6978","PmetTSAr1.1-007119",25.3579177992531,25.0179704620177,13.2870350068273,17.3688328922684,21.8463178288532,41.4168237481164,43.2275882059932,31.7316298869841,0.770506048202725,4.78047893697879,0.0220754274896921,1
"6979","PmetTSAr1.1-007120",14.792118716231,16.1828489076547,22.3184360257027,19.8841364361183,17.258591084794,24.7652816405119,20.4718146763235,21.5412759536083,0.200000023765606,4.30129909295282,0.498648177773119,1
"6980","PmetTSAr1.1-007121",3.19222014848753,3.62924185061374,2.45881074859437,4.87174581124603,2.91284237718042,4.3254430262538,4.14884268772984,3.53831733797771,0.0700932399729889,1.88978266412569,0.814557315663579,1
"6981","PmetTSAr1.1-007122",8.58752180790308,6.96100486101324,13.2397501847389,12.5765177192493,10.6318746767085,11.2518060421504,5.46892899746206,7.50123275651275,-0.248191908128255,3.26013644848835,0.466435831791888,1
"6982","PmetTSAr1.1-007123",6.29451860265147,6.63377813677757,7.09272331325299,8.39317077263582,7.28210594295105,10.7429303920029,10.2882917155321,9.11470546263059,0.397074888592459,3.0531615081662,0.176633071183301,1
"6983","PmetTSAr1.1-007124",3.91159370307627,2.3500828376925,3.40450719036143,3.86562439370609,2.87643184746567,2.40302390347433,2.36777385713875,2.68912117686306,-0.38814076836753,1.60312888925664,0.158676482020707,1
"6984","PmetTSAr1.1-007125",64.9684241487955,62.9762704733548,83.3631413417667,88.6975460199684,73.6949121426647,79.3563305535582,73.5057583260418,88.0333353688855,0.0684597763599837,6.26467226506805,0.857213191367319,1
"6985","PmetTSAr1.1-007126",29.2695115023293,27.1895659955816,18.204656504016,34.3669894728116,28.6186763557976,36.1584420299255,35.9147291250957,32.0430018127262,0.283171586431379,4.92084328977373,0.356672801772012,1
"6986","PmetTSAr1.1-007127",23.2447579826487,18.4139402092615,23.5005565779116,25.4972348708148,29.6381711878108,28.4122237999024,21.51950222373,21.1732909504586,0.151857096626887,4.58406302883195,0.604137028678468,1
"6987","PmetTSAr1.1-007128",20.9967156245588,16.6885629360189,54.6612543341363,32.4077003965497,21.4093914722761,21.8251112174375,6.60043154866111,26.6364529202962,-0.706069676455084,4.65499053445638,0.108809071982652,1
"6988","PmetTSAr1.1-007131",10.5208382358603,12.7023464771481,5.0594759634538,12.3647026839777,7.86467441838714,14.9552899404461,12.362713059397,12.9077816489427,0.240535542869126,3.48111604451595,0.486625182027216,1
"6989","PmetTSAr1.1-007133",16.9502393799972,16.3613362117833,13.4761742951807,26.4239256501279,18.1324437979481,16.6798129770571,21.3937797180412,17.8614259221115,0.0154810821536231,4.20783067910884,0.959871247719398,1
"6990","PmetTSAr1.1-007134",29.8090416682709,31.1757824544525,18.204656504016,30.6602263555592,19.2975807488203,43.2827011319906,27.5541824967916,28.3914583199332,0.109303808378826,4.83875896508137,0.742261446200861,1
"6991","PmetTSAr1.1-007135",10.9704467074783,10.6497424796698,10.7809394361445,9.10804651667735,8.92057978011504,8.67915692196024,10.8121354892353,9.62422315929938,-0.124367134575449,3.32231217895949,0.659878651254665,1
"6992","PmetTSAr1.1-007136",53.0987604980813,63.2142535455262,39.482826443775,57.2430132821408,50.6106363035098,63.9204358324172,72.4790245295834,62.2743851484078,0.226511650505689,5.85452270479141,0.510090667514929,1
"6993","PmetTSAr1.1-007137",58.9436706291149,61.5483720403265,34.3287808361444,40.7214405309586,35.0269295855946,27.818535541397,71.2217994726956,59.7834097424715,-0.0123088491050235,5.6070944919283,0.974414226857576,1
"6994","PmetTSAr1.1-007138",22.3455410394127,23.7685593331179,15.2257127124497,27.4300470676679,21.7734967694237,24.6239272932487,18.9840983590062,22.1074067276848,-0.0223164298235014,4.46586599313958,0.943610813528646,1
"6995","PmetTSAr1.1-007139",22.3905018865745,20.2285611345684,26.3376459032128,35.9556022373484,27.1258446374927,25.8961164186175,24.0339523375057,21.7394217245351,-0.0873530974107521,4.67390593826597,0.77432439232128,1
"6996","PmetTSAr1.1-007140",9.80146468127158,5.89008103624197,10.1662367489959,11.0673355929393,10.9231589144266,10.8560138698135,8.80057539821481,10.0771277785605,0.139095312086914,3.28648999126144,0.651007497717342,1
"6997","PmetTSAr1.1-007141",26.5718606726216,24.1255339413749,30.4987102469878,24.7823591267733,24.9776233843221,21.7402986090795,22.0642997483814,22.5603113469459,-0.214068528021402,4.62763166147936,0.448208599577316,1
"6998","PmetTSAr1.1-007142",22.3905018865745,22.4894003201966,18.8666440132529,21.2609341653835,24.9048023248926,25.3024281601121,31.4515801731439,21.7111151858313,0.282199093668038,4.56160173951855,0.324817466482366,1
"6999","PmetTSAr1.1-007143",24.1439749258846,30.580824774024,12.4831930313253,13.1060553074282,22.8294021311516,16.9907925410362,23.3634323071655,22.7584571178727,0.0973285470778061,4.38174827770699,0.776637771184754,1
"7000","PmetTSAr1.1-007144",3.86663285591448,4.10520799495653,4.63391256465862,4.18334694661344,4.58772674405916,4.46679737351699,5.86705026547654,4.81211157964969,0.235682185392466,2.21117235620724,0.401547550740324,1
"7001","PmetTSAr1.1-007145",40.9593317643964,41.8850207021651,29.7421530935742,38.4709057811982,33.7889715752929,38.0243194137997,57.4132775978776,43.4788434490702,0.193315557208058,5.3412792682712,0.540981674627734,1
"7002","PmetTSAr1.1-007146",12.6789588996265,15.9448658354833,16.3132636204819,11.3585812664377,13.8724118213218,15.8882286323832,16.70013950566,14.29480204543,0.111005428132798,3.87712334126337,0.704350638165514,1
"7003","PmetTSAr1.1-007148",6.11467521400429,7.94268503372023,9.69338852811241,11.4380119046646,9.06622189897406,21.5989442618163,4.25361144247049,4.84041811835351,0.174631130739619,3.23751026670437,0.698884963538307,1
"7004","PmetTSAr1.1-007149",46.1747900351647,47.5073707822143,43.1237577445781,48.0820130066456,45.5495726731588,50.8875650147506,58.7752714095061,48.6306334931657,0.1408376514726,5.60458730951756,0.650639109068815,1
"7005","PmetTSAr1.1-007151",17.3998478516151,15.7961264153762,33.335799572289,21.4197954418372,22.1011915368565,25.1328029433962,26.0874199304225,24.4285429013981,0.153590584631259,4.54051120351729,0.627980267050202,1
"7006","PmetTSAr1.1-007153",17.3548870044533,22.5786439722609,18.9612136574296,24.7294053679554,17.8047490305153,30.2215594448713,31.786840188314,27.5988752362262,0.360793877088344,4.58213087606033,0.237380440089656,1
"7007","PmetTSAr1.1-007154",20.951754777397,9.9952890311985,26.1485066148593,20.3871971448883,17.9868016790891,13.2873086427404,3.4364151554934,20.4939340215669,-0.489363538125878,4.05556096256327,0.278877062151035,1
"7008","PmetTSAr1.1-007155",16.2308658254084,9.72755807500568,20.6634672526104,18.2690467921726,15.9842225447776,10.8560138698135,2.55635761567192,16.4744055256242,-0.501241489724949,3.79595345371672,0.268628390257309,1
"7009","PmetTSAr1.1-007156",13.5781758428625,7.5262146574203,20.3797583200802,13.9003616896965,14.0180539401808,8.67915692196024,2.13728259670931,14.7760132033949,-0.484040802558966,3.57473065725099,0.305499894693728,1
"7010","PmetTSAr1.1-007157",4.18135878604705,3.77798127072086,2.2223866381526,3.7597168760703,3.422589793187,4.43852650406435,3.62499891402658,4.01952849594268,0.149246011594983,1.90576995203213,0.601378875228174,1
"7011","PmetTSAr1.1-007158",12.7239197467883,14.100497026155,13.2870350068273,8.73737020495211,13.2170222864562,6.24786214903326,7.16618282426063,10.4451127817102,-0.398734150586263,3.43169079215593,0.225657949910874,1
"7012","PmetTSAr1.1-007159",16.2308658254084,18.1164613690473,25.5810887497991,14.9594368660544,12.4888116921611,16.849438193773,28.4761475385094,27.0044379234459,0.181412008361861,4.32395042011227,0.595627879782696,1
"7013","PmetTSAr1.1-007160",21.2664807075296,17.1347811963403,19.3394922341365,17.07758721877,19.5888649865383,14.3616016819407,12.8027418293077,16.1347270611784,-0.250797142880779,4.10987658428659,0.393108937083208,1
"7014","PmetTSAr1.1-007161",15.8262182009523,14.9929335467977,33.0048058176706,16.3362345953196,15.62011724763,14.9552899404461,16.0086657243717,13.5305255004268,-0.413497428714342,4.13604594033782,0.206788475185745,1
"7015","PmetTSAr1.1-007162",36.7330121311875,31.9789753230309,23.4059869337349,28.5420760028436,31.1674134358305,31.889540742577,37.8005667104274,32.0146952740224,0.139209466176987,4.98897064718981,0.638782064670778,1
"7016","PmetTSAr1.1-007163",9.08209112668284,9.72755807500568,4.91762149718874,12.9207171515656,10.8867483847118,7.7179473605705,10.7073667344947,8.15228314670065,0.0281612063676312,3.22249933416657,0.931299670903343,1
"7017","PmetTSAr1.1-007164",30.888102000154,27.0705744594959,14.1381618044176,37.0941080519331,36.44694024447,26.3484503298597,35.8728216231994,23.2396682758376,0.157985224591797,4.85583165550131,0.643624670070283,1
"7018","PmetTSAr1.1-007165",16.0510224367613,16.9562938922117,14.6110100253011,14.5358067955112,18.8606543922432,16.5950003686992,15.2333769392909,17.5783605350733,0.134758382709385,4.03247606420457,0.634636044377755,1
"7019","PmetTSAr1.1-007167",3.37206353713472,3.30201512637807,6.24159651566263,6.32797417873805,5.13388468978049,4.15581780953796,3.52023015928592,3.14202579612421,-0.273612134169121,2.15571484367265,0.400834435952397,1
"7020","PmetTSAr1.1-007168",17.4897695459387,20.8235188149969,12.0103448104417,16.5745265100001,16.9308963173612,18.6022320998366,24.2225360960389,20.8336124860128,0.268098772290847,4.20996131953565,0.373077448970631,1
"7021","PmetTSAr1.1-007169",20.2323812228083,21.8349468717253,13.7598832277108,17.0511103393611,17.2221805550792,17.8106477551627,28.1618412742874,19.7862705539714,0.1875055307692,4.28922965722606,0.542313020437444,1
"7022","PmetTSAr1.1-007170",23.1997971354869,24.9584746939748,17.9209475714859,20.7313965772046,27.817644702073,29.3168916223869,39.2673292767966,29.4954133293822,0.536238516286014,4.73661046879504,0.0684648766790562,1
"7023","PmetTSAr1.1-007171",29.134628960844,29.5693967172956,24.3989681975903,21.2344572859745,27.4171288752107,25.1610738128489,25.9616974247337,27.5422621588185,0.0240689744685684,4.72041787206972,0.934428176456683,1
"7024","PmetTSAr1.1-007172",21.6711283319858,28.82569961676,2.83708932530119,15.2506825395528,13.6539486430332,24.2846768598171,42.0332244019498,18.8804613154491,0.526940317565136,4.39327299908554,0.303262858629248,1
"7025","PmetTSAr1.1-007173",44.0166693713985,17.7297388767688,42.2253461248994,13.9797923279234,70.1266802306186,21.5141316534584,3.14306264221958,31.8448560417994,0.102447165341069,4.93566450037476,0.867493320480944,1
"7026","PmetTSAr1.1-007174",13.1735282184063,12.3751197529124,13.6180287614457,22.4259168593771,11.7970116275807,24.1715933820065,14.9190706750689,12.8511685715351,0.048506502031834,3.97590542409347,0.885743061484055,1
"7027","PmetTSAr1.1-007175",5.79994928387171,5.94957680428482,4.91762149718874,5.26889900238021,5.31593733835427,6.24786214903326,6.28612528443915,6.68034313410192,0.161466206159043,2.55414836295538,0.565964061569638,1
"7028","PmetTSAr1.1-007176",7.1937355458874,6.78251755688469,7.47100188995981,6.67217361105434,7.82826388867238,8.70742779141287,8.46531538304472,8.18058968540448,0.240161545807365,2.94968793209127,0.392887147267861,1
"7029","PmetTSAr1.1-007177",14.2525885502894,16.0341094875476,16.3605484425702,14.5093299161023,14.1636960590398,11.67586908394,16.6372782528156,16.4177924482166,-0.0538528197002556,3.91341452579723,0.85192503578196,1
"7030","PmetTSAr1.1-007178",22.3455410394127,23.2925931887751,15.7458457554216,18.0042779980831,19.8437386945416,18.0933564496891,20.2413234158941,21.0600647956434,-0.00300993317533374,4.31405153075994,0.993550163526337,1
"7031","PmetTSAr1.1-007179",12.0495070393614,11.0364649719483,13.8544528718875,15.5684050924601,12.3067590435873,16.6515421076045,20.1156009102053,18.0595716930383,0.355015345243617,3.90928711457851,0.234338905908933,1
"7032","PmetTSAr1.1-007180",12.7239197467883,6.87176120894897,34.5652049465862,12.7353789957029,7.31851647266581,10.0078877862343,9.80635544372507,8.03905699188537,-0.924556097735158,3.67725098735921,0.0268282339830095,1
"7033","PmetTSAr1.1-007181",17.2649653101297,11.2447001600983,53.6682730702809,17.5541710481311,11.7241905681512,14.7856647237303,13.0541868406853,11.4641481750478,-0.964960706503115,4.23853975870061,0.0216930275269631,1
"7034","PmetTSAr1.1-007182",16.8603176856736,11.8396578405268,60.8082812056223,17.3158791334506,13.1442012270267,16.7080838465098,13.5989843653367,14.0117366583917,-0.892974935170075,4.3622313056623,0.0425447892179682,1
"7035","PmetTSAr1.1-007183",13.5781758428625,17.1050333123189,12.0103448104417,13.1325321868371,11.0323905035708,17.2169594966573,22.6929122768253,20.7486928699013,0.36112541446881,4.00110539442517,0.252551049346197,1
"7036","PmetTSAr1.1-007184",25.1331135634441,25.4046929542962,18.6302199028112,26.37097189131,20.1714334619744,36.7238594189783,35.6213766118219,29.2406544810478,0.349755719983152,4.76734343164137,0.258170783668405,1
"7037","PmetTSAr1.1-007185",5.21545827076836,3.92672069082798,7.75471082248993,5.6660521935144,5.06106363035098,4.63642259023283,4.54696395574432,5.40654889242995,-0.195870179943647,2.41423321014115,0.51159351050916,1
"7038","PmetTSAr1.1-007186",21.850971720633,20.5260399747826,22.5075753140561,16.2303270776838,21.7734967694237,14.5312268986566,16.6791857547119,19.2201397798949,-0.167582520322852,4.2644493108762,0.567988908410903,1
"7039","PmetTSAr1.1-007187",6.11467521400429,4.99764451559925,9.55153406184735,6.61921985223645,9.17545348811833,8.62261518305496,9.36632667381433,7.27478044688218,0.339159369381351,2.95902987139249,0.273587387395406,1
"7040","PmetTSAr1.1-007189",24.9982310219587,24.1850297094178,31.58626115502,27.2976626706231,25.9971182163353,23.9171555569328,21.7919009860557,19.4748986282293,-0.245073723293862,4.64164464980705,0.394941139402873,1
"7041","PmetTSAr1.1-007190",5.35034081225375,5.681845848092,6.38345098192769,6.80455800809907,5.57081104635756,7.18080084097036,6.85187656003867,5.74622735687581,0.0659434500051348,2.6463515276707,0.819511689069414,1
"7042","PmetTSAr1.1-007191",6.83404876859303,5.681845848092,8.13298939919676,5.74548283174124,6.73594799722972,6.36094562684382,6.32803278633541,5.32162927631848,-0.0898849422667816,2.68884235011803,0.755471989413759,1
"7043","PmetTSAr1.1-007192",13.0836065240827,18.4734359773044,7.3764322457831,9.95530665776362,11.1416220927151,8.99013648593927,11.1683492553536,11.0395500944905,-0.208940336244107,3.51951134936458,0.526463572257022,1
"7044","PmetTSAr1.1-007193",16.0510224367613,11.9289014925911,23.83155033253,15.1182981425081,16.2026857230661,13.400392120551,13.7666143729217,11.1244697106019,-0.295223298239205,3.92863601237264,0.34328413853062,1
"7045","PmetTSAr1.1-007194",15.8711790481141,25.3451971862533,17.2589600622489,15.3036362983707,11.1416220927151,26.0374707658807,44.0657382439184,22.8999898113918,0.497825879039602,4.48025077702612,0.190764930654406,1
"7046","PmetTSAr1.1-007195",48.0631456159602,44.0566162357291,42.6509095236946,63.3591724256073,48.3167729314802,50.8875650147506,57.6856763602033,53.7824235372613,0.0883642055862278,5.67715177453178,0.784082097251571,1
"7047","PmetTSAr1.1-007196",16.9052785328354,18.2949486731758,12.9087564301204,17.3158791334506,18.2780859168071,19.0545660110788,22.2319297559665,19.5881247830446,0.274158222756135,4.18117345769062,0.340283403698644,1
"7048","PmetTSAr1.1-007197",9.44177790397721,5.17613181972779,6.05245722730921,10.6966592812141,8.52006395325273,8.42471909688648,7.85765660554894,7.38800660169747,0.0360607573597252,3.00139088590861,0.911529108068777,1
"7049","PmetTSAr1.1-007198",8.67744350222667,4.90840086353498,5.1540456076305,10.0612141753994,7.60980071038385,6.78500866863341,7.52239659037885,6.87848890502868,-0.00196014493585883,2.86069927894538,1,1
"7050","PmetTSAr1.1-007199",48.8274800177107,34.0018314364877,34.7070594128513,57.2959670409587,43.5834040685621,45.4595580798438,43.5418944702152,41.3841595849874,-0.00738756860012066,5.44837560091834,0.982274131038136,1
"7051","PmetTSAr1.1-007200",20.0974986813229,23.6495677970322,18.0155172156626,20.0959514713899,21.7370862397089,17.4996681911837,21.6871322313151,22.701844040465,0.0302719360943069,4.37499029409129,0.916027795090515,1
"7052","PmetTSAr1.1-007201",23.2897188298104,23.8280551011607,17.9682323935742,17.8189398422205,21.6278546505646,16.9342508021309,21.4985484727819,22.0224871115733,-0.0143859543103769,4.37048785381276,0.961759400410112,1
"7053","PmetTSAr1.1-007202",8.72240434938847,9.31108769870574,12.3886233871485,12.682425236885,10.5954641469938,12.8067038620456,11.5245630214718,11.747213562086,0.1146295566378,3.49650050950557,0.695443931151637,1
"7054","PmetTSAr1.1-007203",36.193481965246,34.0613272045306,73.1969045927708,33.7844981258148,28.4002131775091,37.0065681135047,41.1531668621283,47.639904638532,-0.199991977850372,5.3744006254637,0.568750697107504,1
"7055","PmetTSAr1.1-007204",7.1487746987256,5.11663605168494,2.97894379156625,2.17110411153356,5.89850581379035,1.10256390865293,6.24421778254289,5.26501619891084,0.0903860139955599,2.18535958286955,0.852412420765154,1
"7056","PmetTSAr1.1-007205",46.6243985067827,52.3562758777064,50.736614100803,49.1146113035945,54.0332260966968,55.4957167355307,62.0650103083625,54.5467000822645,0.185688804990786,5.73298899244053,0.55671106463195,1
"7057","PmetTSAr1.1-007206",11.7347811092288,10.1142805672842,12.6250474975903,12.4970870810224,12.5616327515906,13.4569338594563,14.7514406674839,11.266002404121,0.148574412109996,3.63681722281201,0.605077394016883,1
"7058","PmetTSAr1.1-007207",35.9237168822752,36.2031748540731,21.1363154734939,26.0267724589937,29.3468869500927,22.5884246926587,36.2499891402658,32.6374391255064,0.0184305957822962,4.91066963507342,0.95423384609595,1
"7059","PmetTSAr1.1-007208",6.02475351968069,7.34772735329175,3.26265272409637,6.14263602287543,3.49541085261651,9.89480430842372,10.8540429911316,9.76575585281849,0.577008364293433,2.8435937552553,0.126242807728443,1
"7060","PmetTSAr1.1-007210",13.0836065240827,15.1119250828834,6.95086884698793,10.6701824018052,8.77493766125602,17.0190634104888,23.9920448356094,14.917545896914,0.498018150297496,3.79627644780423,0.164747346742333,1
"7061","PmetTSAr1.1-007211",8.94720858519745,5.83058526819912,9.12597066305217,22.1876249446966,13.690359172748,15.7186034156674,5.67846650694337,8.2088962241083,-0.0931357780424668,3.49035040738334,0.831324625697519,1
"7062","PmetTSAr1.1-007212",4.09143709172346,2.5880659098639,4.11377952168673,9.87587601953678,5.20670574921,7.43523866604411,2.45158886093127,3.0004931026051,-0.197711043316538,2.29572616288207,0.653329661399382,1
"7063","PmetTSAr1.1-007213",20.9967156245588,20.3475526706541,16.5024029088353,14.6946680719649,18.8242438625285,15.6055199378568,18.0830870682366,20.6920797924937,0.0134109084637801,4.1920514958114,0.965493224454221,1
"7064","PmetTSAr1.1-007214",4.90073234063579,6.00907257232767,2.26967146024096,9.18747715490419,3.56823191204602,6.21959127958062,12.2160368027601,12.2001181813472,0.60930908912882,2.83949792810381,0.168350353764833,1
"7065","PmetTSAr1.1-007215",4.49608471617962,5.65209796407058,1.93867770562248,10.4318904871246,3.27694767432797,7.32215518823355,14.4371344032619,13.4456058843153,0.769244788047792,2.94785966267616,0.11316072044691,1
"7066","PmetTSAr1.1-007216",14.4773927860984,14.100497026155,9.40967959558229,15.5154513336422,14.6370329453316,15.3510821127831,13.976151882403,13.8702039648726,0.110716795535355,3.80563854930774,0.705633248543958,1
"7067","PmetTSAr1.1-007217",10.6107599301839,12.2858761008482,29.0328807622489,39.3446428016935,12.9257380487381,37.9112359359892,22.5671897711366,19.4748986282293,0.0249333042995658,4.52914555179281,0.955086396843118,1
"7068","PmetTSAr1.1-007218",8.72240434938847,9.45982711881286,11.4429269453815,20.996165371294,12.343169573302,19.195920358342,10.0158929532064,9.42607738837263,0.00795171093514167,3.67449728647049,0.981989379721041,1
"7069","PmetTSAr1.1-007219",5.79994928387171,5.02739239962067,3.83007058915661,5.71900595233229,2.87643184746567,4.94740215421186,6.62138529960924,4.38751349909237,-0.110600136459724,2.3129401502438,0.729483302884863,1
"7070","PmetTSAr1.1-007220",3.19222014848753,3.48050243050662,4.58662774257026,3.1242717702556,4.8061899223477,3.78829650665365,3.54118391023405,4.01952849594268,0.1691151668704,1.9543248334085,0.549650224228171,1
"7071","PmetTSAr1.1-007222",11.4200551790962,10.5307509435841,14.4218707369477,14.165130483786,12.9621485784529,13.4852047289089,12.5932043198264,14.2664955067261,0.0770967331286737,3.70510504505728,0.790098430046173,1
"7072","PmetTSAr1.1-007223",12.364232969494,15.1714208509263,10.7809394361445,15.3830669365975,11.760601097866,13.5134755983615,16.8677695132451,15.8516616741402,0.110119046671492,3.81057660489229,0.709590892216043,1
"7073","PmetTSAr1.1-007224",51.5251308474185,25.3451971862533,66.9553080771082,50.0413020829076,43.7654567171358,33.2465424763037,8.57008413778538,52.9332273761466,-0.485094168146052,5.37815763848838,0.293492351302836,1
"7074","PmetTSAr1.1-007225",25.2230352577677,21.537468031511,25.439234283534,22.3729631005592,26.6160972214861,25.8395746797122,25.521668654823,21.7960348019427,0.0776557403173325,4.6060206455541,0.784484723375553,1
"7075","PmetTSAr1.1-007226",15.0169229520399,15.2011687349477,13.8071680497991,21.1285497683388,17.2221805550792,26.7725133716493,21.3728259670931,20.1825620958249,0.391904356019052,4.24100871759513,0.189977919069177,1
"7076","PmetTSAr1.1-007227",11.5998985677434,12.2263803328053,10.308091215261,11.2791506282109,11.5785484492922,8.42471909688648,11.0216729987166,10.1054343172644,-0.143601204464355,3.44341982819322,0.616861369108406,1
"7077","PmetTSAr1.1-007228",5.21545827076836,5.44386277592061,4.68119738674697,3.07131801143771,4.33285303605588,4.52333911242227,4.58887145764058,4.44412657650001,-0.0377007233127064,2.20036673533014,0.89576950567341,1
"7078","PmetTSAr1.1-007229",24.6835050918261,31.0270430343453,15.2729975345381,40.2713335810066,16.0934541339218,44.272181562833,39.0787455182634,37.4212441664523,0.298218617076742,4.95857863432639,0.431415376835324,1
"7079","PmetTSAr1.1-007230",13.1735282184063,13.2973041575766,10.8755090803212,12.3117489251598,11.1416220927151,10.7994721309082,13.1380018444778,10.8130977848599,-0.113662744143369,3.58570966302419,0.689203444132557,1
"7080","PmetTSAr1.1-007231",22.4354627337363,13.1783126214909,13.9017376939759,14.1386536043771,12.1611169247283,13.0611416871193,24.4739811074164,15.9648878289554,0.0469328118922764,4.02038366451499,0.891253421196186,1
"7081","PmetTSAr1.1-007232",8.04799164196152,7.67495407752742,13.7598832277108,12.7618558751119,7.64621124009861,13.4569338594563,7.50144283943072,13.3040731907962,-0.0111821377204704,3.40321435537209,0.975683761459371,1
"7082","PmetTSAr1.1-007233",70.6784517383437,58.3356005660127,74.0480313903612,64.7359701548725,61.0968688613593,66.6344392998706,65.8576392299742,71.7287690754842,-0.0132818296156609,6.05958498560847,0.971418129943462,1
"7083","PmetTSAr1.1-007234",4.58600641050321,5.20587970374922,4.4447732763052,3.78619375547925,4.58772674405916,3.5338586815799,6.16040277875037,4.5573527313153,0.0668166541935723,2.22391266091139,0.82468067182428,1
"7084","PmetTSAr1.1-007235",4.90073234063579,3.24251935833523,3.6409313008032,4.52754637892973,4.00515826862308,5.11702737092769,4.79840896712189,4.67057888613058,0.190878369976098,2.14626262504558,0.507443978087647,1
"7085","PmetTSAr1.1-007236",55.3018420090094,52.326527993685,53.1008552052207,75.3531987978597,60.8419951533561,75.8224718719783,77.4660172552385,75.7766041101307,0.296180618159298,6.04041461106634,0.420694431329797,1
"7086","PmetTSAr1.1-007237",24.5486225503407,21.9836862918324,21.8455878048192,15.7007894895049,23.0842758391548,21.8533820868901,24.7463798697421,24.0605578982485,0.157949605766088,4.47819500556087,0.586340015404628,1
"7087","PmetTSAr1.1-007238",2.56276828822238,2.64756167790674,5.29590007389556,9.98178353717257,3.71387403090504,4.66469345968547,5.30129898987702,3.02879964130892,-0.296849929100102,2.23875580622639,0.472427008021406,1
"7088","PmetTSAr1.1-007240",38.0368766988796,41.9147685861866,31.5389763329316,33.2814374170449,35.8643717690339,33.3596259541143,40.1054793147218,34.9585752992198,-0.00487161440549595,5.17774883694339,0.98764235029899,1
"7089","PmetTSAr1.1-007241",10.9704467074783,10.3522636394556,19.008498479518,12.3911795633866,12.4888116921611,20.1005881808265,20.4508609253754,13.5305255004268,0.338679293770857,3.90459385807835,0.29650347678696,1
"7090","PmetTSAr1.1-007242",6.56428368562225,4.90840086353498,8.74769208634535,8.41964765204476,7.2456954132363,8.17028127181273,6.8728303109868,6.6520365953981,0.0160081453335394,2.85937735116115,0.963381175915121,1
"7091","PmetTSAr1.1-007243",15.2417271878489,7.43697100535602,20.0014797433734,11.1997199899841,10.6318746767085,7.23734257987564,6.32803278633541,8.43534853373887,-0.722139502013941,3.4399599838165,0.0372793786377372,1
"7092","PmetTSAr1.1-007244",24.9083093276351,22.5786439722609,62.3213955124496,40.3242873398245,29.4925290689518,35.02760725182,20.7023059367529,21.9658740341657,-0.485823020464465,5.00955309336056,0.184455398899547,1
"7093","PmetTSAr1.1-007245",3.5519069257819,3.00453628616383,19.5286315224899,6.83103488750802,6.77235852694448,4.09927607063268,1.78106883059109,2.37774925112102,-1.1311573526239,2.58932518406822,0.0369064446947912,1
"7094","PmetTSAr1.1-007246",20.5471071529409,17.6702431087259,22.6494297803212,19.1163069332589,23.7032548443057,19.9875047030159,19.5708033855539,18.8521547767453,0.0382329700572262,4.34481429602079,0.894675267289832,1
"7095","PmetTSAr1.1-007248",42.9825698866772,13.8625139539836,86.9567878204816,16.0714658012301,56.6547842361592,22.3622577370376,3.79262892161162,8.91655969170384,-0.801587618874676,4.97557205993926,0.232647662391962,1
"7096","PmetTSAr1.1-007249",2.47284659389879,1.51714208509263,1.65496877309236,1.48270524690096,1.63847383716399,2.26166955621114,2.03251384196866,1.78331193834077,0.132367042582436,0.937626101955493,0.671135025750331,1
"7097","PmetTSAr1.1-007250",11.8247028035524,12.2858761008482,13.0506108963855,12.0999338898882,13.4354854647447,13.400392120551,16.6582320037638,13.8985105035765,0.221109360590911,3.74381041284334,0.435175612899197,1
"7098","PmetTSAr1.1-007251",11.1053292489637,10.2927678714127,14.4691555590361,7.54591063154955,8.9569903098298,11.4497021283189,12.4255743122414,11.2943089428249,0.027077239838654,3.4594217463983,0.936990034668434,1
"7099","PmetTSAr1.1-007252",24.7284659389879,17.5215036886188,16.2659787983935,16.7863415452716,20.2078439916892,17.6410225384469,16.3229719885937,18.2011043865574,-0.0569954506235075,4.21070830220213,0.846466816201912,1
"7100","PmetTSAr1.1-007253",5.48522335373914,5.11663605168494,16.0768395100401,5.95729786701281,3.49541085261651,9.61209561389733,5.59465150315084,4.16106118946179,-0.508689344850234,2.8036760878993,0.230772203580595,1
"7101","PmetTSAr1.1-007254",4.04647624456166,5.23562758777064,11.5847814116465,3.54790184079874,2.4395054908886,6.67192519082285,2.87066387989388,3.2552519509395,-0.674669150171036,2.32159412747285,0.106147875866796,1
"7102","PmetTSAr1.1-007256",7.23869639304919,6.63377813677757,9.26782512931723,16.7598646658627,9.24827454754784,6.86982127699133,6.34898653728354,10.4451127817102,-0.28101234217516,3.19617674541498,0.427976119738362,1
"7103","PmetTSAr1.1-007257",13.892901772995,9.81680172706995,28.9383111180722,16.8657721834985,18.0960332682334,15.4641655905936,13.7666143729217,12.4831835683854,-0.215775823668805,4.01917094105372,0.535984317613241,1
"7104","PmetTSAr1.1-007258",4.04647624456166,5.65209796407058,3.12079825783131,4.52754637892973,3.89592667947881,4.77777693749603,4.58887145764058,5.6046946633567,0.116296513033814,2.20022007942385,0.693365898979779,1
"7105","PmetTSAr1.1-007259",5.88987097819531,5.74134161613485,2.9316589694779,6.38092793755594,4.58772674405916,4.94740215421186,4.92413147281067,5.66130774076434,-0.0622492612280801,2.37853261025149,0.856589547375757,1
"7106","PmetTSAr1.1-007260",4.67592810482681,5.08688816766352,2.88437414738955,4.55402325833868,3.49541085261651,3.98619259282213,5.09176148039571,5.46316196983759,0.0665248859634763,2.16129474445504,0.828335234800592,1
"7107","PmetTSAr1.1-007261",8.09295248912332,12.137136680741,7.04543849116463,9.4787228284026,7.17287435380679,12.1282029951822,18.5021620871992,13.3040731907962,0.475098079104004,3.46739983329622,0.161216613528308,1
"7108","PmetTSAr1.1-007262",12.364232969494,12.8510858972552,11.4429269453815,13.9797923279234,10.8503378549971,12.5522660369718,14.6676256636914,13.4172993456115,0.023956353686367,3.68162800840355,0.935452085668885,1
"7109","PmetTSAr1.1-007263",3.46198523145831,4.0754601109351,4.11377952168673,3.70676311725241,2.84002131775091,4.43852650406435,4.31647269531488,4.67057888613058,0.0859927957901975,2.0064331422417,0.772586091282532,1
"7110","PmetTSAr1.1-007265",6.83404876859303,4.72991355940643,7.75471082248993,7.04284992277958,8.22877971553469,4.04273433172741,2.93352513273827,4.50073965390765,-0.423288086931501,2.53743037169444,0.226083961080564,1
"7111","PmetTSAr1.1-007266",12.9936848297591,12.5833549410624,9.69338852811241,10.9614280753036,13.7267697024627,14.6160395070145,14.45808815421,14.3231085841338,0.304946766295302,3.69879526608886,0.283211138681784,1
"7112","PmetTSAr1.1-007267",25.7176045765474,22.8761228124751,24.5408226638553,25.8414343031311,21.8827283585679,28.440494669355,22.3995597635515,24.0039448208408,-0.0330548643913919,4.61610936356848,0.90778569315142,1
"7113","PmetTSAr1.1-007268",24.8633484804733,24.5420043176749,19.8596252771084,21.5521798388819,27.4899499346402,19.195920358342,20.7651671895973,23.3528944306529,-0.000797754122302501,4.50858017122464,0.999893176381596,1
"7114","PmetTSAr1.1-007269",25.1780744106059,26.0888942867889,22.1765815594377,22.2670555829234,26.4340445729123,19.8178794863001,21.5823634765744,23.9190252047294,-0.0613029783527978,4.55412423763104,0.830243574772661,1
"7115","PmetTSAr1.1-007270",11.8247028035524,12.8510858972552,17.7318082831325,14.0592229661502,12.4888116921611,20.5529220920687,12.7817880783596,15.2572243613599,0.113939243625138,3.88308845629302,0.711159677829908,1
"7116","PmetTSAr1.1-007271",10.9704467074783,11.5421790003125,19.5286315224899,14.7211449513739,12.9621485784529,18.9132116638156,13.5989843653367,14.6910935872835,0.0849243180587824,3.87538791949796,0.786257553942733,1
"7117","PmetTSAr1.1-007272",25.9424088123564,35.8759481298375,31.2552674004015,32.248839120096,27.4171288752107,42.2649498316956,71.5361057369175,49.3666034994651,0.604928414754941,5.30620151876167,0.0780253397230795,1
"7118","PmetTSAr1.1-007273",1.57362965066287,1.75512515726402,1.79682323935742,1.50918212630991,1.45642118859021,1.86587738387419,3.39450765359714,2.06637732537899,0.419891748890409,0.998628113645725,0.174121808472759,1
"7119","PmetTSAr1.1-007274",11.3301334847726,10.6794903636913,12.9087564301204,12.2587951663419,10.704695736138,12.0999321257296,11.2940717610423,12.0019724104204,-0.0327358426317106,3.55093659460893,0.908460953576111,1
"7120","PmetTSAr1.1-007275",21.1315981660442,12.8510858972552,23.4059869337349,30.9514720290576,18.6421912139547,25.3024281601121,18.5231158381474,16.361179370809,-0.16446355980051,4.38933382040192,0.614930618586515,1
"7121","PmetTSAr1.1-007276",63.5296770396181,63.3629929656333,51.7768801867468,45.8579551362941,56.3634999984412,44.4983485184541,45.3020095498581,60.1513947456211,-0.122067445329603,5.75255332103767,0.711067309610717,1
"7122","PmetTSAr1.1-007277",33.0012618167584,13.6245308818122,12.577762675502,25.9473418207669,13.9452328807513,9.49901213608677,6.01372652211345,26.5232267654809,-0.605482676880482,4.14508936347041,0.172319100920723,1
"7123","PmetTSAr1.1-007278",11.1502900961255,13.118816853448,6.5725902702811,12.0734570104793,12.197527454443,14.9270190709935,16.5744169999712,9.08639892392677,0.297061161258009,3.58916756842611,0.361173865164412,1
"7124","PmetTSAr1.1-007279",13.7580192315096,16.1531010236333,7.84928046666664,13.9533154485144,13.2170222864562,17.6127516689942,19.9689246535684,12.4548770296816,0.289550597533894,3.85237493239738,0.367704550309325,1
"7125","PmetTSAr1.1-007280",43.0724915810008,45.663001972886,33.9032174373493,45.434325065751,40.4156879833783,57.8139280306472,54.1654462009174,46.3094973194523,0.241385321087643,5.52093126217639,0.439178813188096,1
"7126","PmetTSAr1.1-007281",20.0974986813229,23.4115847248608,19.6232011666666,19.6193676420288,19.6252755162531,26.2070959825965,26.7788937117108,22.1074067276848,0.19502901900193,4.47577315848209,0.495634230243419,1
"7127","PmetTSAr1.1-007282",13.6680975371861,15.1119250828834,10.1189519269076,14.4563761572844,13.2170222864562,10.6863886530976,9.53395668139938,12.0585854878281,-0.232134675539819,3.63427158576088,0.433512077805531,1
"7128","PmetTSAr1.1-007283",3.68678946726729,3.36151089442092,3.12079825783131,2.96541049380193,3.16771608518371,3.90137998446421,3.83453642350788,3.14202579612421,0.101151551903567,1.79082314143767,0.719514735878225,1
"7129","PmetTSAr1.1-007284",14.9719621048781,16.0341094875476,30.782419179518,18.9309687773962,21.2637493534171,22.7863207788272,20.9537509481305,21.428049798793,0.0996646525917656,4.3889775856075,0.751780600743065,1
"7130","PmetTSAr1.1-007285",12.5440763581411,14.7846983586478,14.327301092771,11.5439194223004,11.7970116275807,16.0295829796464,22.0433459974333,15.7667420580287,0.304499924528422,3.89950039732939,0.315996723281599,1
"7131","PmetTSAr1.1-007286",3.41702438429651,3.3317630103995,2.83708932530119,4.07743942897765,3.60464244176077,4.38198476515908,5.13366898229197,3.45339772186625,0.276734843420313,1.94459473239667,0.322710028426696,1
"7132","PmetTSAr1.1-007287",14.9270012577163,18.4734359773044,8.74769208634535,13.211962825064,12.9985591081676,16.5950003686992,15.421960697824,16.7574709126625,0.156979048974806,3.87875845242306,0.613477744785477,1
"7133","PmetTSAr1.1-007288",16.7254351441882,17.7892346448116,8.46398315381523,14.9859137454633,12.5616327515906,15.5207073294989,15.0447931807577,16.6159382191433,0.042603980728826,3.88567898599029,0.892608352883328,1
"7134","PmetTSAr1.1-007289",17.7145737817477,16.8670502401475,18.9612136574296,20.3077665066614,19.0062965111023,22.4470703453955,19.9270171516721,24.9946736754746,0.225928282828627,4.3286104963287,0.426414289653846,1
"7135","PmetTSAr1.1-007290",15.6913356594669,7.07999639709894,16.9279663076305,5.87786722878597,14.0908749996103,8.31163561907593,5.72037400883963,5.06687042798409,-0.456428934623713,3.30447683691731,0.274073782035682,1
"7136","PmetTSAr1.1-007291",8.99216943235925,7.43697100535602,7.61285635622487,7.70477190800323,8.11954812639043,10.4884925669291,9.07297416054051,9.99220816244907,0.24805853753913,3.12783113588813,0.386671577477774,1
"7137","PmetTSAr1.1-007292",2.15812066376622,2.17159553356396,2.08053217188754,2.56825730266774,2.58514760974762,2.28994042566378,2.57731136662005,2.20791001889809,0.0994587451061621,1.25943949263632,0.698043353375108,1
"7138","PmetTSAr1.1-007293",5.79994928387171,6.99075274503466,8.36941350963852,8.31374013440898,6.62671640808546,12.2130156035401,11.2521642591461,10.6998716300446,0.469356326275651,3.14637800121119,0.129913364656002,1
"7139","PmetTSAr1.1-007294",9.26193451533002,9.66806230696283,11.2065028349397,12.8412865133387,11.3236747412889,13.5134755983615,13.976151882403,14.0683497357994,0.298788160234007,3.59098989652571,0.300355626656994,1
"7140","PmetTSAr1.1-007295",65.8226802448697,9.90604537913423,16.8806814855421,11.4909656634825,23.1570968985844,5.7672573683384,1.32008630973222,13.2474601133886,-1.25946243674086,4.2066805743645,0.0654056489020074,1
"7141","PmetTSAr1.1-007296",75.8039883147884,11.5421790003125,19.008498479518,12.6559483574761,24.5406970277451,5.85206997669631,1.13150255119905,14.0683497357994,-1.38452829833424,4.36381207062808,0.0497602203230623,1
"7142","PmetTSAr1.1-007297",12.139428733685,7.55596254144172,37.8278576706826,12.682425236885,19.2611702191055,12.8349747314982,5.65751275599524,6.36897120835989,-0.669771682968501,3.83996378696432,0.170805692518604,1
"7143","PmetTSAr1.1-007298",7.77822655899075,4.40268683517077,20.7580368967871,6.75160424928118,10.41341149842,8.02892692454953,4.25361144247049,3.96291541853504,-0.572760587527189,3.05756454529502,0.211400907582806,1
"7144","PmetTSAr1.1-007299",19.8726944455139,19.1278894257757,20.2379038538152,20.5990121801598,24.103770671168,28.5818490166182,25.8778824209412,21.9941805728695,0.332951355462248,4.49920321852931,0.235976752438526,1
"7145","PmetTSAr1.1-007300",19.647890209705,26.4161210110246,13.5707439393574,12.5235639604314,14.7826750641906,13.2873086427404,22.5252822692403,21.597889031016,0.000940790590090657,4.17872580045961,0.999662874017995,1
"7146","PmetTSAr1.1-007301",20.0525378341611,27.0408265754745,13.8544528718875,13.2384397044729,13.7267697024627,14.022351248509,21.9804847445889,20.6920797924937,-0.074828417539894,4.18125269201698,0.822586821971828,1
"7147","PmetTSAr1.1-007302",6.92397046291662,6.30655141254191,5.39046971807227,7.46647999332272,7.06364276466252,6.07823693231743,8.94725165485172,7.69937852743951,0.190707983548324,2.8180029327085,0.513275264126526,1
"7148","PmetTSAr1.1-007303",44.781003773149,39.5051899804512,21.7983029827308,24.2792984180033,34.8812874667356,20.1288590502791,26.3807724436963,30.3163029517931,-0.223010657253026,4.9219605407322,0.506895491342195,1
"7149","PmetTSAr1.1-007305",17.2649653101297,15.8853700674405,28.9383111180722,23.8821452268691,21.3729809425613,17.9802729718785,33.9450765359714,23.0981355823185,0.166143018522463,4.51478942088827,0.610529105583049,1
"7150","PmetTSAr1.1-007306",17.1750436158062,17.8784782968759,15.6985609333333,16.6804340276359,16.9308963173612,21.0900686116688,19.6336646383983,17.776506306,0.161719862809707,4.16373721799688,0.566870173977037,1
"7151","PmetTSAr1.1-007307",31.6074755547427,31.3245218745596,33.0993754618473,37.597168760703,31.8592135004109,37.8829650665365,44.0447844929703,45.2055423100033,0.250784203318331,5.19555840639407,0.401451262331533,1
"7152","PmetTSAr1.1-007308",54.1778208299645,63.2440014295476,72.2039233289154,49.829487047636,49.0085729960606,76.6705979555575,106.36123981271,69.1528740534364,0.331210628129745,6.08001639208655,0.405399113902678,1
"7153","PmetTSAr1.1-007309",5.12553657644477,2.43932648975678,13.6653135835341,14.0856998455592,14.0908749996103,5.7672573683384,3.4364151554934,4.92533773446498,-0.325663849004563,2.99804709712715,0.530869516907612,1
"7154","PmetTSAr1.1-007310",19.2882034324106,6.06856834037052,87.3350663971884,32.1694084818691,19.9165597539711,27.7054520635864,2.07442134386492,9.56761008189174,-1.28931820918309,4.67442434360322,0.0615238424499401,1
"7155","PmetTSAr1.1-007311",12.0495070393614,4.10520799495653,51.0203230333331,20.3871971448883,12.8165064595939,16.849438193773,2.4725426118794,6.11421236002549,-1.19451226279648,3.97729038517269,0.0552895076824284,1
"7156","PmetTSAr1.1-007314",5.21545827076836,6.09831622439194,7.32914742369475,7.28114183746009,5.93491634350511,6.84155040753869,8.6538991415779,8.2088962241083,0.19406462366268,2.80992247375714,0.515269450708565,1
"7157","PmetTSAr1.1-007315",35.0244999390393,24.4527606656106,25.1555253510039,23.6438533121886,29.7109922472403,28.4687655388077,22.5252822692403,25.0512867528822,-0.0337333783507982,4.74469011021872,0.909851813496639,1
"7158","PmetTSAr1.1-007316",17.3548870044533,17.6999909927473,15.7458457554216,14.1121767249681,16.3847383716399,11.3366186505083,21.9804847445889,19.7296574765637,0.0978595844217006,4.07526918501097,0.752335714581385,1
"7159","PmetTSAr1.1-007317",72.5668073191391,9.34083558272717,11.915775166265,6.32797417873805,46.6418885646015,8.3681773579812,6.03468027306158,9.48269046578027,-0.505946048380279,4.41636898898242,0.477055372620919,1
"7160","PmetTSAr1.1-007318",14.8820404105546,15.0524293148406,31.1134129341364,20.9167347330672,15.9114014853481,17.7541060162574,23.9710910846613,22.4187786534268,-0.032611770666617,4.34424953256544,0.920241876297616,1
"7161","PmetTSAr1.1-007319",19.1533208909252,15.2011687349477,1.60768395100401,6.6456967316454,10.7775167955676,6.70019606027549,11.0635805006129,10.8414043235637,-0.113701603323847,3.36603982567373,0.82523981798518,1
"7162","PmetTSAr1.1-007320",3.32710268997292,4.84890509549213,4.39748845421685,3.94505503193292,4.40567409548539,5.20183997928561,5.6994202578915,3.56662387668154,0.192357021717604,2.16693168436713,0.513174992373361,1
"7163","PmetTSAr1.1-007321",17.3548870044533,22.1026778279181,21.0890306514055,17.4482635304953,20.389896640263,18.6870447081945,16.8049082604007,13.8985105035765,-0.160920067729198,4.21179185192096,0.580993533863877,1
"7164","PmetTSAr1.1-007322",10.3859556943749,2.29058706964966,16.4078332646586,48.1879205242814,22.3560652448597,18.8283990554577,1.36199381162848,62.8405159224842,0.446990788654924,4.51751690043003,0.57225992463031,1
"7165","PmetTSAr1.1-007325",3.5519069257819,4.01596434289225,4.68119738674697,3.78619375547925,3.13130555546895,12.9480582093088,15.1076544336021,4.07614157335033,1.13920345777131,2.69982055747728,0.0103842134042593,1
"7166","PmetTSAr1.1-007327",9.30689536249182,13.118816853448,8.88954655261041,8.41964765204476,11.2872642115741,7.68967649111786,11.4197942667311,11.4924547137516,0.0752126714039972,3.35997794203714,0.805320681292276,1
"7167","PmetTSAr1.1-007328",7.1937355458874,8.77562578632011,6.19431169357427,6.32797417873805,6.37184270008217,6.72846692972813,8.23482412261529,8.52026814985034,0.0674983987880725,2.87946789999154,0.821521886471257,1
"7168","PmetTSAr1.1-007329",14.2975493974512,17.1347811963403,17.8736627493975,13.8738848102876,15.4016540693415,14.9552899404461,19.9898784045165,18.4841697735956,0.124458263080112,4.05006044577201,0.670116563041364,1
"7169","PmetTSAr1.1-007330",22.7501886638689,23.8578029851821,16.3132636204819,21.472749200655,14.6006224156169,25.38724076847,27.2608299835178,29.5803329454937,0.198408125540259,4.50607692208266,0.528422676087916,1
"7170","PmetTSAr1.1-007331",20.7269505415881,10.6199945956484,7.61285635622487,13.0266246692013,14.2729276481841,7.35042605768619,4.44219520100367,12.1718116426433,-0.444648465654227,3.50164222152657,0.268470742311115,1
"7171","PmetTSAr1.1-007332",12.3192721223322,10.7092382477127,22.0347270931726,23.9615758650959,13.690359172748,15.9730412407411,13.2427705992185,12.3699574135701,-0.320593568340149,3.96311573216282,0.333121598465182,1
"7172","PmetTSAr1.1-007333",21.9408934149566,14.5467152864764,12.577762675502,15.5154513336422,14.0908749996103,14.4746851597513,12.7189268255152,15.5402897483981,-0.184298027274389,3.92910945352987,0.536932086343702,1
"7173","PmetTSAr1.1-007334",32.8214184281112,35.4594777535375,35.4636165662649,29.812966214473,32.8058872729945,32.5397707399877,33.40027901132,31.1088860355001,-0.040375608400891,5.04380295781399,0.888458526782441,1
"7174","PmetTSAr1.1-007335",9.44177790397721,10.8877255518412,5.95788758313251,6.98989616396169,8.26519024524945,6.75673779918077,11.2731180100942,7.86921775966244,0.0380289323086969,3.08686527487057,0.907860101007274,1
"7175","PmetTSAr1.1-007336",10.7906033188311,10.5604988276056,3.35722236827308,6.43388169637383,7.60980071038385,8.39644822743384,13.2218168482703,8.52026814985034,0.277514633627588,3.11818861974718,0.458224369435184,1
"7176","PmetTSAr1.1-007337",3.01237675984035,2.08235188149969,3.40450719036143,2.06519659389777,2.36668443145909,1.89414825332683,2.30491260429436,2.15129694149045,-0.262330288291407,1.29962228688199,0.337940385162229,1
"7177","PmetTSAr1.1-007338",23.5145230656194,22.727383392368,27.4251968112449,23.5114689151439,22.5381178934335,23.0690294733536,22.483374767344,24.9097540593631,-0.063017765336904,4.5747848213338,0.821641577670997,1
"7178","PmetTSAr1.1-007339",16.9502393799972,14.9631856627763,19.4340618783132,16.7069109070448,15.5472961882005,15.4924364600463,16.3439257395418,17.3236016867389,-0.0719352521200951,4.05778043488296,0.799074161589827,1
"7179","PmetTSAr1.1-007341",14.4773927860984,6.09831622439194,4.4447732763052,3.62733247902557,5.17029521949525,2.28994042566378,2.05346759291679,4.86872465705734,-0.994074275218542,2.43663878791424,0.026439676879076,1
"7180","PmetTSAr1.1-007342",15.7812573537905,5.29512335581349,5.57960900642568,2.48882666444091,4.95183204120672,1.32873086427404,1.06864129835466,4.98195081187262,-1.24110991118894,2.38098373685114,0.025657594891038,1
"7181","PmetTSAr1.1-007343",4.8108106463122,4.84890509549213,3.35722236827308,3.4684712025719,4.18721091719686,3.16633737869559,3.9812126801448,4.24598080557326,-0.0820299826356991,2.02452468896175,0.776562739054913,1
"7182","PmetTSAr1.1-007344",5.84491013103351,3.59949396659232,2.9316589694779,2.43587290562301,2.54873708003287,1.52662695044252,2.99638638558266,3.42509118316243,-0.488865365949699,1.68471023252677,0.149613668131679,1
"7183","PmetTSAr1.1-007345",5.88987097819531,7.07999639709894,2.36424110441766,5.0306070876997,3.71387403090504,5.54109041271728,6.01372652211345,5.94437312780256,0.0566231799259974,2.39730852458595,0.87319504970747,1
"7184","PmetTSAr1.1-007346",10.0712297642424,10.9174734358626,6.85629920281122,32.1694084818691,10.8503378549971,15.6903325462148,10.4140142212209,14.0966562745032,-0.235905496349707,3.80321266963113,0.579359677103392,1
"7185","PmetTSAr1.1-007347",16.545591755541,13.327052041598,34.1869263698794,28.1449228117094,21.8827283585679,23.0690294733536,8.02528661313398,12.0302789491242,-0.504739422312143,4.30003074725669,0.205378678480263,1
"7186","PmetTSAr1.1-007348",9.03713027952104,6.15781199243479,5.72146347269074,5.11003772592654,6.80876905665924,4.29717215680116,4.02312018204106,5.09517696668791,-0.36424816512048,2.54376097874643,0.248328936039786,1
"7187","PmetTSAr1.1-007349",9.5316995983008,7.13949216514178,6.95086884698793,6.48683545519172,9.10263242868882,4.89086041530658,5.1546227332401,5.91606658909874,-0.265844985243781,2.79661625280503,0.398167068626889,1
"7188","PmetTSAr1.1-007350",11.0603684018019,11.5124311162911,27.4251968112449,32.7783767082749,18.6786017436695,43.7915767821381,23.7825073261281,20.2108686345287,0.362788784753969,4.56831755987732,0.375246045473366,1
"7189","PmetTSAr1.1-007351",25.1780744106059,25.5534323744033,23.027708357028,27.5094777058947,21.7734967694237,28.9776411889552,26.1293274323187,26.7779856138153,0.0335298193355981,4.68261151579469,0.907179442984749,1
"7190","PmetTSAr1.1-007354",2.11315981660442,2.70705744594959,2.74251968112449,2.59473418207669,2.7672002583214,2.65746172854809,3.05924763842705,1.98145770926752,0.0422743353166783,1.40127418833748,0.893345218510393,1
"7191","PmetTSAr1.1-007355",28.9547855721968,25.5236844903819,43.4547514991966,30.289550043834,29.601760658096,23.4930925151432,25.1235473868085,25.3060456012166,-0.308219396618359,4.85898668913942,0.306179009710017,1
"7192","PmetTSAr1.1-007358",3.50694607862011,2.17159553356396,4.11377952168673,3.33608680552717,3.31335820404273,2.28994042566378,2.22109760050183,2.80234733167835,-0.302621382591133,1.5946942812252,0.298698126848342,1
"7193","PmetTSAr1.1-007359",3.64182862010549,1.4873942010712,4.68119738674697,4.68640765538341,4.1508003874821,2.77054520635864,1.78106883059109,2.77404079297453,-0.339767479323356,1.72064646926991,0.36018151301791,1
"7194","PmetTSAr1.1-007360",4.04647624456166,1.7253772732426,3.21536790200802,4.15687006720449,3.56823191204602,2.37475303402169,1.36199381162848,2.20791001889809,-0.473274012542711,1.5268506428409,0.177390032930714,1
"7195","PmetTSAr1.1-007361",4.99065403495938,1.7253772732426,4.53934292048191,4.395161981885,4.8061899223477,2.43129477292697,1.21531755499157,2.09468386408281,-0.574018092329734,1.7296239503556,0.164865954154671,1
"7196","PmetTSAr1.1-007362",3.32710268997292,3.65898973463516,2.1278169939759,1.72099716158148,3.31335820404273,2.742274336906,3.7088139178191,3.42509118316243,0.286074097446324,1.61700244668871,0.351031611383783,1
"7197","PmetTSAr1.1-007363",31.9222014848753,12.9403295493195,73.9061769240961,44.6664955628916,25.0504444437516,36.4128798549993,22.1690685031221,19.4465920895255,-0.664423351068014,5.05987262192924,0.12461701933955,1
"7198","PmetTSAr1.1-007364",14.1626668559658,18.1759571370901,20.9944610072288,29.4422899027477,19.8437386945416,25.6134077240911,20.1575084121015,22.7867636565765,0.0937673404227116,4.42391074147968,0.763042849533745,1
"7199","PmetTSAr1.1-007365",5.66506674238632,4.55142625527789,5.0594759634538,5.13651460533548,5.46157945721329,5.96515345450687,5.53179025030645,5.37824235372613,0.131430106345433,2.43436056782751,0.63846107493423,1
"7200","PmetTSAr1.1-007367",19.3781251267342,7.94268503372023,15.4148520008032,8.57850892849844,12.8529169893086,6.38921649629646,6.6632928015055,7.52953929521658,-0.6170011780171,3.41016502895146,0.0937378442823397,1
"7201","PmetTSAr1.1-007368",18.4789081834982,21.953938407811,11.0646483686747,13.2384397044729,15.9478120150628,11.9585777784664,17.2239832793633,17.153762454516,-0.056192803452786,3.99470502759428,0.861333469351409,1
"7202","PmetTSAr1.1-007369",44.2414736072075,46.6744300296144,33.6195085048192,33.8639287640417,39.0320878542177,32.4549581316298,37.5281679481017,37.1098722407103,-0.116431754827051,5.25269199783205,0.700181338469785,1
"7203","PmetTSAr1.1-007370",7.37357893453458,7.76419772959169,6.24159651566263,9.98178353717257,8.19236918581994,8.79224039977079,6.22326403159476,10.3884997043026,0.0956748278035325,3.03300902126164,0.752360136860202,1
"7204","PmetTSAr1.1-007371",3.86663285591448,4.16470376299937,3.87735541124497,4.81879205242814,4.36926356577063,4.72123519859075,3.47832265738966,4.84041811835351,0.0523397369246389,2.1144190281761,0.844936052502839,1
"7205","PmetTSAr1.1-007372",22.8401103581925,22.519148204218,26.1957914369477,22.478870618195,22.1011915368565,24.5956564237961,24.9978248811197,22.2772459599077,-0.000400477168483166,4.55835359927544,0.999337866645339,1
"7206","PmetTSAr1.1-007374",16.4556700612174,16.3315883277618,17.2116752401606,11.4644887840735,14.3457487076136,13.4852047289089,17.1192145246226,14.606173971172,-0.0438716136672162,3.92466074978017,0.879603969659609,1
"7207","PmetTSAr1.1-007375",9.03713027952104,8.41865117806302,10.5918001477911,10.1671216930352,9.21186401783308,14.3333308124881,9.45014167760686,9.62422315929938,0.157821073127072,3.34580474622379,0.596918332741485,1
"7208","PmetTSAr1.1-007376",25.8524871180328,27.6952800239458,20.4270431421686,30.1836425261982,22.9022231905811,36.6107759411678,34.7413190720004,27.7121013910415,0.227391513918651,4.82457723720344,0.453885674648262,1
"7209","PmetTSAr1.1-007377",14.8820404105546,7.88318926567739,44.447732763052,15.4095438160065,13.3990749350299,17.6692934078995,10.7073667344947,10.0205147011529,-0.672165345056253,4.07352785791144,0.128291619281924,1
"7210","PmetTSAr1.1-007379",23.379640524134,22.162173595961,20.6634672526104,28.0919690528915,24.1765917305975,34.5752733405777,30.8439213956481,28.4480713973408,0.323711934078953,4.73399385067933,0.267293024722084,1
"7211","PmetTSAr1.1-007380",3.05733760700214,4.22419953104222,6.38345098192769,2.72711857912142,3.45900032290175,4.49506824296963,5.40606774461767,4.52904619261147,0.134865914307255,2.119421885592,0.690681252599372,1
"7212","PmetTSAr1.1-007381",16.8153568385118,17.4322600365545,13.9490225160642,18.4014311892173,15.0375487721939,18.884940794363,21.5823634765744,19.1352201637835,0.164277235570629,4.14756700928112,0.571867476240203,1
"7213","PmetTSAr1.1-007382",13.2634499127299,14.3979758663693,64.8274910831323,12.3911795633866,14.0180539401808,14.4464142902986,17.8735495587553,18.3143305413727,-0.69632344578921,4.40762589798636,0.140552118026545,1
"7214","PmetTSAr1.1-007383",4.67592810482681,5.41411489189919,2.55338039277107,3.28313304670928,3.20412661489846,3.02498303143239,5.25939148798076,3.70815657020064,-0.066321431972609,1.98449058614428,0.83897174483388,1
"7215","PmetTSAr1.1-007384",5.66506674238632,5.14638393570637,8.84226173052206,7.17523431982431,6.40825322979693,7.35042605768619,5.53179025030645,7.33139352428982,-0.00995255875478009,2.75256246471488,0.97276584897085,1
"7216","PmetTSAr1.1-007385",10.4309165415367,12.7320943611695,9.69338852811241,10.8819974370767,9.57596931498064,13.4852047289089,13.5361231124923,13.0493143424618,0.182561273748702,3.55350517910277,0.530264458399174,1
"7217","PmetTSAr1.1-007386",23.7393273014284,25.8211633305961,20.8053217188754,22.7701162916934,23.0478653094401,24.8218233794172,28.7695000517832,25.1078998302899,0.127576921282186,4.61035324762674,0.652129476224566,1
"7218","PmetTSAr1.1-007388",8.67744350222667,7.22873581720606,10.1662367489959,9.05509275785946,10.0493062012725,11.364889519961,12.0274530442269,9.79406239152231,0.301384968546865,3.30150123570879,0.296515390597334,1
"7219","PmetTSAr1.1-007389",7.46350062885817,6.5445344847133,8.700407264257,7.30761871686904,7.71903229952812,4.55160998187491,5.63655900504711,5.29332273761466,-0.371878911215711,2.74512928968346,0.214899060948362,1
"7220","PmetTSAr1.1-007390",11.465016026258,8.53764271414872,13.9490225160642,10.723136160623,12.7436854001643,9.78172083061316,6.91473781288307,10.8697108622675,-0.148301205313479,3.4160803017586,0.635341476652968,1
"7221","PmetTSAr1.1-007391",20.3672637642937,19.4551161500114,16.4078332646586,22.2141018241055,18.8606543922432,22.1643616508691,27.1560612287771,19.7296574765637,0.1643129659166,4.38285427653516,0.57163008809384,1
"7222","PmetTSAr1.1-007392",22.6153061223835,27.1003223435174,14.0908769823293,17.1834947364058,19.2247596893908,25.5568659851858,40.5874155865288,29.7784787164204,0.507754224229936,4.62015059589142,0.127383407940027,1
"7223","PmetTSAr1.1-007393",5.71002758954812,5.71159373211343,7.18729295742969,5.08356084651759,6.11696899207889,6.10650780177007,7.12427532236437,6.39727774706371,0.123541642515319,2.64162991588183,0.675211788752657,1
"7224","PmetTSAr1.1-007394",8.63248265506487,8.32940752599875,8.0857045771084,7.94306382268374,8.66570607211175,8.42471909688648,8.06719411503024,8.09567006929301,0.0113918157002364,3.06022970935,0.971542328029757,1
"7225","PmetTSAr1.1-007395",30.8431411529922,37.0063677226516,40.8540862843372,33.3608680552717,33.4612768078601,35.5647537714201,41.1950743640246,39.3177822596084,0.0742537031553302,5.19035337916126,0.802644937533179,1
"7226","PmetTSAr1.1-007396",34.0353613014797,38.8209886479584,41.5160737935741,38.3120445047446,31.0217713169715,31.7764572647665,42.6618369303937,37.7326160921943,-0.0923029757019025,5.21129826523635,0.756528651321824,1
"7227","PmetTSAr1.1-007397",19.1083600437634,20.0798217144613,17.0698207738955,15.9390814041854,18.8242438625285,14.6160395070145,15.3590994449797,16.4460989869204,-0.146421854403296,4.10754799675947,0.610149735913775,1
"7228","PmetTSAr1.1-007398",13.5332149957007,22.2216693640038,7.61285635622487,10.8555205576678,11.8334221572955,20.2702133975423,31.6192101807289,20.8336124860128,0.640404447615663,4.12340182566567,0.0942517649850043,1
"7229","PmetTSAr1.1-007399",23.0649145940015,15.082177198862,13.6180287614457,8.57850892849844,17.6955174413711,8.70742779141287,7.69002659796389,10.3035800881911,-0.442964888411605,3.71540174780361,0.22933581104365,1
"7230","PmetTSAr1.1-007400",9.84642552843337,14.9334377787549,3.68821612289155,5.74548283174124,6.66312693780021,4.49506824296963,6.57947779771298,7.44461967910511,-0.443866811696129,2.90453870121446,0.2619129349129,1
"7231","PmetTSAr1.1-007401",18.2990647948511,17.5215036886188,39.5773960879517,20.016520833163,24.8319812654631,19.591712530679,20.2622771668422,19.3050593960064,-0.182988235013519,4.49026387737758,0.579751335748054,1
"7232","PmetTSAr1.1-007402",6.92397046291662,5.94957680428482,5.29590007389556,16.2832808365017,12.7436854001643,15.3228112433304,9.47109542855499,7.38800660169747,0.378633655046641,3.32125540629415,0.32984786267773,1
"7233","PmetTSAr1.1-007403",4.7208889519886,5.02739239962067,3.59364647871485,10.1406448136262,5.06106363035098,10.5733051752871,5.95086526926906,5.06687042798409,0.177525479954655,2.66476949413658,0.633689867339739,1
"7234","PmetTSAr1.1-007404",11.0154075546401,12.4346155209553,17.8736627493975,11.5703963017093,11.5785484492922,12.6370786453297,18.1669020720291,12.5964097232007,0.0580289833452966,3.75978746867116,0.855436515726284,1
"7235","PmetTSAr1.1-007405",24.7734267861497,18.80066270154,29.3638745168674,29.8659199732909,23.6668443145909,24.369489468175,21.6033172275225,28.6462171682676,-0.0646974362697155,4.65506681575534,0.828163235581255,1
"7236","PmetTSAr1.1-007406",39.2508195722481,35.5784692896232,35.4636165662649,48.0025823684187,50.4649941846508,52.80998413753,47.6488296560488,45.7433665453759,0.312798362646863,5.47368579933849,0.302743784532984,1
"7237","PmetTSAr1.1-007407",3.05733760700214,1.45764631704978,141.334333222088,27.8801540176199,25.4145497408992,26.094012504786,8.90534415295546,3.59493041538536,-1.44022823333086,4.89356795576764,0.122154707446395,1
"7238","PmetTSAr1.1-007408",16.2758266725702,18.2652007891544,9.12597066305217,16.4156652335464,13.0713801675971,17.6692934078995,19.3193583741763,16.8140839900701,0.153633142455011,3.99463028188771,0.624973083651629,1
"7239","PmetTSAr1.1-007409",22.2106584979273,20.0500738304398,28.2763236088352,23.1407926034186,23.6668443145909,23.6909886013117,22.9234035372548,23.0981355823185,-0.00407216151556474,4.55093785622219,0.989033956013119,1
"7240","PmetTSAr1.1-007410",16.3657483668938,16.9562938922117,18.3465109702811,18.5073387068531,16.4575594310694,15.3510821127831,17.182075777467,16.3328728321051,-0.103363485502943,4.08732270382984,0.712482717482744,1
"7241","PmetTSAr1.1-007411",13.4432933013771,14.2194885622407,16.2659787983935,11.8351650957988,15.1103698316234,11.4497021283189,11.9226842894863,13.8702039648726,-0.0907647985105516,3.76241461875938,0.754772871400482,1
"7242","PmetTSAr1.1-007412",3.73175031442909,3.68873761865659,4.63391256465862,8.10192509913741,4.87901098177721,4.3254430262538,2.99638638558266,5.01025735057644,-0.23534097858191,2.24309449669312,0.487785760594851,1
"7243","PmetTSAr1.1-007413",2.83253337119316,2.5880659098639,4.16106434377508,2.11815035271566,2.94925290689518,2.17685694785322,2.03251384196866,2.40605578982485,-0.283718485918499,1.43680860160306,0.326066368542331,1
"7244","PmetTSAr1.1-007415",13.0836065240827,14.1599927941979,12.9560412522088,11.5439194223004,15.0011382424792,9.24457431101302,9.78540169277695,11.6056808685669,-0.182309827548541,3.61215761848099,0.539465078481327,1
"7245","PmetTSAr1.1-007416",5.17049742360657,5.9198289202634,5.48503936224898,7.94306382268374,4.36926356577063,7.23734257987564,5.55274400125458,5.01025735057644,-0.147403968646764,2.56123055377274,0.629580913437936,1
"7246","PmetTSAr1.1-007417",41.5438227774997,25.0774662300605,41.6579282598392,20.996165371294,37.8305403736307,18.489148622026,16.532509498075,22.8150701952803,-0.434187205023319,4.8154629803774,0.225614198420869,1
"7247","PmetTSAr1.1-007418",3.01237675984035,4.78940932744928,2.45881074859437,4.44811574070289,3.16771608518371,4.89086041530658,6.34898653728354,7.10494121465925,0.542835059584724,2.20348446724609,0.104863164776569,1
"7248","PmetTSAr1.1-007419",3.5519069257819,3.48050243050662,1.84410806144578,3.73323999666136,2.18463178288532,4.38198476515908,5.17557648418823,5.57638812465288,0.455492083806449,1.93233416176729,0.181803777920909,1
"7249","PmetTSAr1.1-007421",10.5657990830221,11.3934395802054,16.0295546879517,8.57850892849844,12.9257380487381,10.3188673502133,13.808521874818,11.3226154815287,0.0572207446516587,3.575909656423,0.856697360934065,1
"7250","PmetTSAr1.1-007422",17.0401610743208,15.0524293148406,18.7247895469879,15.9920351630033,18.8242438625285,19.7896086168474,19.3403121251245,16.2762597546975,0.152699858621135,4.1449428489425,0.591617786779982,1
"7251","PmetTSAr1.1-007423",13.0836065240827,13.0295732013838,17.3535297064256,21.4197954418372,13.7631802321775,23.0690294733536,20.387999672531,18.3143305413727,0.219081673905861,4.1392641434009,0.482638760411532,1
"7252","PmetTSAr1.1-007424",21.9858542621184,16.4505798638475,14.7528644915662,25.0471279208627,16.7852541985022,20.5246512226161,25.4588074019786,20.5505470989746,0.090727668572831,4.34076427274397,0.767458528188964,1
"7253","PmetTSAr1.1-007425",18.2091431005275,12.7915901292124,16.5024029088353,17.2364484952237,10.0857167309872,19.2807329666999,15.7991282148904,16.4744055256242,-0.0694937876902068,3.9872145786308,0.821311792567303,1
"7254","PmetTSAr1.1-007426",2.60772913538418,2.26083918562823,2.26967146024096,3.52142496138979,2.18463178288532,2.12031520894794,2.66112637041257,3.39678464445861,-0.0450236854728134,1.42938660422399,0.889398895813957,1
"7255","PmetTSAr1.1-007427",10.2510731528895,10.4415072915199,8.46398315381523,11.0143818341215,7.75544282924287,12.3260990813507,12.1531755499157,6.9067954437325,-0.0371130313278184,3.3191342365778,0.906887283934149,1
"7256","PmetTSAr1.1-007428",12.139428733685,10.0845326832628,7.56557153413652,10.8025667988499,7.9739060075314,13.4286629900036,12.1112680480194,7.27478044688218,0.00750958153516155,3.35592271982159,0.984720753793516,1
"7257","PmetTSAr1.1-007429",15.0618837992017,12.345371868891,29.8840075598392,14.8270524690096,13.5083065241742,14.4746851597513,15.0447931807577,16.6159382191433,-0.271909711280335,4.0461208324264,0.41193201948108,1
"7258","PmetTSAr1.1-007431",9.30689536249182,10.1440284513056,16.0768395100401,10.5907517635783,10.8139273252823,16.3122916741728,17.0353995208301,12.1151985652357,0.289462386027525,3.68525482540145,0.358588983138719,1
"7259","PmetTSAr1.1-007432",10.4758773886985,15.0524293148406,11.8212055220883,15.144775021917,9.94007461212819,14.5877686375618,10.7702279873391,13.502218961723,-0.106729032854201,3.669889046996,0.724279673343721,1
"7260","PmetTSAr1.1-007433",5.88987097819531,8.03192868578451,22.7912842465863,6.9369424051438,7.79185335895763,2.99671216197976,4.40028769910741,10.9829370170828,-0.736563874664297,3.13155430199571,0.11744573381971,1
"7261","PmetTSAr1.1-007434",21.2664807075296,22.1324257119395,20.2851886759035,20.4666277831151,19.9529702836859,21.6837568701743,23.5729698166468,19.842883631379,0.0155896889484804,4.4069109288759,0.957275161641014,1
"7262","PmetTSAr1.1-007435",13.3533716070535,13.4162956936623,21.5618788722891,11.3056275076199,14.2001065887546,13.4852047289089,17.1192145246226,14.9458524356179,0.00502595789902626,3.90494891111427,0.991938842546054,1
"7263","PmetTSAr1.1-007436",11.7797419563906,11.8694057245482,15.934985043775,12.6029945986582,12.0154748058692,14.1919764652249,15.7781744639423,12.7379424167198,0.0700129381744282,3.74692752729508,0.813151479162477,1
"7264","PmetTSAr1.1-007437",6.02475351968069,6.51478660069188,8.7949769084337,4.42163886129395,5.5344005166428,4.86258954585394,6.60043154866111,5.06687042798409,-0.217966196971805,2.59255427300923,0.474725561575173,1
"7265","PmetTSAr1.1-007438",7.1038138515638,6.84201332492754,8.27484386546182,6.19558978169332,6.80876905665924,11.5627856061294,10.2463842136358,7.33139352428982,0.342345849228348,3.01989978083507,0.263279632339352,1
"7266","PmetTSAr1.1-007439",6.06971436684249,4.90840086353498,3.83007058915661,4.50106949952079,3.67746350119028,4.35371389570644,5.46892899746206,5.2084031215032,-0.0422450459001542,2.26761108779768,0.881840237170645,1
"7267","PmetTSAr1.1-007440",6.06971436684249,4.87865297951355,41.7524979040159,14.0592229661502,9.72161143383966,9.49901213608677,2.24205135144996,4.58565927001912,-1.35763147247371,3.5387677622975,0.0223375376870911,1
"7268","PmetTSAr1.1-007441",30.4834543756978,34.6860327689805,28.2763236088352,34.4464201110385,34.2623084615847,39.9467385365792,42.7875594360825,37.3363245503408,0.270873134448847,5.14350489920981,0.355653544101878,1
"7269","PmetTSAr1.1-007443",19.6029293625432,18.8899063536043,41.7997827261043,22.6112550152397,15.1103698316234,24.9349068572278,14.6466719127432,24.0039448208408,-0.385918911465622,4.50773753185156,0.264570776361943,1
"7270","PmetTSAr1.1-007444",12.2293504280086,13.1485647374695,27.3306271670682,15.9655582835943,9.24827454754784,17.2452303661099,9.3453729228662,16.191340138586,-0.399147485786415,3.92018414257341,0.258237553431662,1
"7271","PmetTSAr1.1-007445",27.9656469346373,28.4984728925243,21.2308851176706,26.6092638059905,26.8709709294894,30.7021642255662,53.3901574158365,31.6750168095765,0.451783629489827,4.95148947798261,0.155947991173313,1
"7272","PmetTSAr1.1-007446",8.49760011357949,9.66806230696283,6.33616615983933,8.57850892849844,5.71645316521658,9.35765778882358,9.45014167760686,7.24647390817836,-0.0582186080286313,3.03101337342605,0.851939648061114,1
"7273","PmetTSAr1.1-007448",1.43874710917748,1.7253772732426,3.30993754618473,1.5621358851278,1.82052648573776,1.72452303661099,1.9906063400724,1.67008578352548,-0.139667676570619,0.970362089403183,0.631425747224493,1
"7274","PmetTSAr1.1-007449",23.4246013712958,30.7295641941311,7.18729295742969,13.9268385691055,14.0908749996103,15.8599577629306,35.0137178343261,25.9854025301083,0.272935643755699,4.38224580261266,0.521057411567768,1
"7275","PmetTSAr1.1-007450",13.9378626201568,13.6840266498551,13.5707439393574,10.9614280753036,11.2872642115741,9.69690822225525,11.9226842894863,11.1527762493058,-0.242243632764884,3.59497329368691,0.393205591874005,1
"7276","PmetTSAr1.1-007451",13.3533716070535,10.9472213198841,16.0768395100401,10.6966592812141,12.6708643407348,11.4497021283189,8.33959287735594,11.266002404121,-0.223293107900644,3.57298832176935,0.457456790953621,1
"7277","PmetTSAr1.1-007452",28.5051771005788,29.2719178770813,31.58626115502,20.2018589890256,28.4366237072239,18.6022320998366,23.1748485486323,23.0415225049109,-0.232187441671936,4.66708026049008,0.438563787180815,1
"7278","PmetTSAr1.1-007454",7.64334401750536,13.4460435776837,2.2223866381526,5.13651460533548,2.47591602060336,5.37146519600145,14.7514406674839,15.7667420580287,0.430809979838629,3.07647997800849,0.429823822769614,1
"7279","PmetTSAr1.1-007457",14.2076277031276,17.818982528833,36.5511674742971,16.2568039570927,15.0739593019087,24.1998642514592,28.8323613046276,18.2294109252612,0.0271336804564087,4.42323223764878,0.942857789993705,1
"7280","PmetTSAr1.1-007458",8.18287418344691,9.37058346674859,7.18729295742969,7.94306382268374,9.46673772583637,9.10321996374982,10.8959504930279,10.9829370170828,0.30677730902287,3.20303340961213,0.281784099217508,1
"7281","PmetTSAr1.1-007459",10.9254858603165,11.5421790003125,7.18729295742969,6.9369424051438,7.75544282924287,8.90532387758135,14.0390131352474,11.266002404121,0.199223783819294,3.30563062609943,0.539652166632953,1
"7282","PmetTSAr1.1-007461",10.2510731528895,5.29512335581349,30.0731468481927,10.9349511958946,16.3119173122104,7.66140562166522,4.4631489519518,4.10444811205415,-0.797461532512595,3.48071833189044,0.118967042871679,1
"7283","PmetTSAr1.1-007462",5.35034081225375,3.98621645887083,4.82305185301203,4.23630070543133,4.40567409548539,1.69625216715835,2.76589512515323,3.28355848964332,-0.599966201701793,1.95124049263788,0.0570077543402617,1
"7284","PmetTSAr1.1-007463",9.12705197384463,9.37058346674859,13.3343198289156,20.0694745919809,11.6513695087217,17.6127516689942,18.2297633248735,14.2664955067261,0.250054943713955,3.83591982465384,0.454372666565854,1
"7285","PmetTSAr1.1-007464",9.12705197384463,7.70470196154884,10.6390849698795,15.8861276453675,9.64879037441015,13.7396425539827,15.2962381921353,11.5773743298631,0.21272081868376,3.55741380794395,0.508739877955145,1
"7286","PmetTSAr1.1-007465",18.1192214062039,19.3956203819685,17.3062448843373,15.1712519013259,18.5693701545252,15.4076238516884,17.182075777467,16.2762597546975,-0.0536588814988966,4.10751276839882,0.851526838924435,1
"7287","PmetTSAr1.1-007467",8.85728689087386,6.51478660069188,12.9087564301204,12.9207171515656,13.3990749350299,12.1847447340875,9.26155791907368,9.79406239152231,0.11514044558408,3.43145832201437,0.720794724365986,1
"7288","PmetTSAr1.1-007468",30.1687284455653,7.22873581720606,29.5057289831324,10.6437055223962,26.2155813946238,8.99013648593927,4.37933394815927,6.31235813095224,-0.756880139284445,3.94969855779506,0.160839268860349,1
"7289","PmetTSAr1.1-007469",8.81232604371206,11.4826832322697,3.45179201244979,4.97765332888181,6.5903058783707,8.17028127181273,12.9075105840484,9.28454469485352,0.363058873349793,3.05029186237689,0.342892864381101,1
"7290","PmetTSAr1.1-007470",38.9360936421155,33.7638483643164,31.8699700875501,29.9188737321088,35.3182138233126,32.4549581316298,34.0288915397639,34.0527660606975,0.0147867927918772,5.08119065668379,0.96038381846764,1
"7291","PmetTSAr1.1-007471",3.5519069257819,3.2127714743138,3.30993754618473,2.93893361439298,2.91284237718042,2.51610738128489,3.26878514790836,2.88726694778981,-0.162259789563781,1.64776638953544,0.52661692540279,1
"7292","PmetTSAr1.1-007472",9.03713027952104,7.91293714969881,10.8755090803212,9.16100027549525,8.15595865610518,7.83103083838106,8.46531538304472,9.02978584651913,-0.141984073473295,3.14829560842386,0.61682925979684,1
"7293","PmetTSAr1.1-007473",15.6463748123051,13.5947829977908,13.4761742951807,14.9594368660544,14.9647277127644,15.74687428512,15.086700682654,15.2855309000637,0.0828110000997858,3.89795712807009,0.767899168497482,1
"7294","PmetTSAr1.1-007474",3.19222014848753,3.98621645887083,2.83708932530119,2.22405787035145,1.56565277773448,2.85535781471656,3.81358267255975,3.87799580242358,-0.00769098105440392,1.63688935551327,0.981405843836086,1
"7295","PmetTSAr1.1-007475",9.12705197384463,17.045537544276,10.3553760373494,2.48882666444091,3.89592667947881,3.64694215939046,17.3287520341039,15.6818224419172,0.0573116959864105,3.32415236240663,0.919840592617211,1
"7296","PmetTSAr1.1-007476",15.1967663406871,14.7846983586478,9.22054030722888,10.8290436782588,13.3262538756004,12.0716612562769,23.9501373337132,17.6066670737771,0.421032751414236,3.87724157389703,0.196971481385573,1
"7297","PmetTSAr1.1-007477",4.18135878604705,2.73680532997102,4.39748845421685,2.93893361439298,4.51490568462965,3.33596259541143,3.75072141971536,3.59493041538536,0.0997437110652555,1.90159642011271,0.740943440146103,1
"7298","PmetTSAr1.1-007478",7.1487746987256,9.8762974951128,8.27484386546182,11.6233500605272,7.75544282924287,19.1676494888894,13.3894468558554,10.3035800881911,0.453669353045971,3.4616672794515,0.17832198692562,1
"7299","PmetTSAr1.1-007479",4.94569318779758,4.90840086353498,2.9316589694779,5.24242212297127,3.49541085261651,3.42077520376934,3.16401639316771,4.89703119576116,-0.272779956181802,2.06648407172784,0.370540152107708,1
"7300","PmetTSAr1.1-007480",4.94569318779758,5.14638393570637,3.12079825783131,4.95117644947286,3.56823191204602,3.98619259282213,3.4364151554934,4.52904619261147,-0.231455860368379,2.09539967237356,0.42862798782991,1
"7301","PmetTSAr1.1-007481",21.0416764717206,18.7411669334972,18.8193591911646,41.992330742588,25.4145497408992,37.2892768080311,32.2268689582247,30.0332375647548,0.311909979009936,4.82114175687341,0.35609790484885,1
"7302","PmetTSAr1.1-007482",16.4556700612174,18.0569656010044,12.1521992767068,14.8005755896007,15.765759366489,16.4819168908887,15.3381456940315,16.5593251417357,0.0607641875872231,3.97868912233412,0.832877868067801,1
"7303","PmetTSAr1.1-007483",41.4988619303379,42.5692220346579,44.1167390084336,41.6481313102717,41.8721091719686,45.6857250354649,41.7608256396241,39.0347168725702,-0.0125826294669523,5.40374976686219,0.96652063762497,1
"7304","PmetTSAr1.1-007484",2.83253337119316,3.36151089442092,47.9468095975902,16.9452028217253,6.73594799722972,7.91584344673898,4.56791770669245,1.67008578352548,-1.76572892646096,3.52556707618086,0.0116814733523648,1
"7305","PmetTSAr1.1-007485",3.68678946726729,4.01596434289225,3.97192505542167,3.04484113202877,4.18721091719686,4.72123519859075,4.96603897470693,4.50073965390765,0.323992169325051,2.07082276156925,0.236321863833284,1
"7306","PmetTSAr1.1-007486",12.7688805939501,15.3499081550548,15.7458457554216,14.3239917602397,12.9985591081676,18.1216273191417,14.2485506447287,18.9936874702644,0.145530187337489,3.94325046958184,0.617837142831547,1
"7307","PmetTSAr1.1-007487",34.9345782447157,12.8808337812766,54.7085391562247,18.6132462244889,19.9893808134006,9.64036648334997,3.18497014411584,16.2479532159937,-1.30408442825322,4.41238665181964,0.0108366240185044,1
"7308","PmetTSAr1.1-007488",55.1219986203622,46.7934215657001,17.0225359518072,26.3180181324921,38.4495193787816,29.8823090114396,29.9010026029822,55.1977504724523,0.0788359929812957,5.22484963010028,0.839689500993213,1
"7309","PmetTSAr1.1-007489",8.63248265506487,8.92436520642723,8.84226173052206,8.39317077263582,10.559053617279,11.986848647919,11.6921930290568,9.73744931411467,0.338309867802939,3.30911060795556,0.229943219449201,1
"7310","PmetTSAr1.1-007490",4.22631963320885,3.2127714743138,8.36941350963852,5.42776027883389,4.33285303605588,3.33596259541143,6.03468027306158,3.56662387668154,-0.291704731395049,2.28313067287112,0.397463436139522,1
"7311","PmetTSAr1.1-007491",10.8355641659929,14.8144462426692,9.12597066305217,8.79032396377001,8.629295542397,11.1104516948872,14.8143019203283,12.6247162619045,0.115420721643393,3.51242515907922,0.714334744109614,1
"7312","PmetTSAr1.1-007492",7.46350062885817,8.86486943838438,4.25563398795179,7.73124878741217,5.02465310063623,7.03944649370716,8.73771414537042,8.88825315300002,0.0670418805907961,2.87222818858156,0.839062792219574,1
"7313","PmetTSAr1.1-007493",1.61859049782466,1.33865478096408,3.16808307991967,4.76583829361024,4.29644250634112,5.37146519600145,2.91257138179014,2.15129694149045,0.428373003201027,1.70923868958145,0.283773494395675,1
"7314","PmetTSAr1.1-007494",28.9997464193586,23.4413326088822,29.978577204016,24.7823591267733,26.2519919243386,26.2070959825965,20.0317859064128,28.5612975521561,-0.0849488196316603,4.70526944230348,0.77000476760939,1
"7315","PmetTSAr1.1-007495",7.68830486466715,6.48503871667045,3.59364647871485,26.5563100471726,4.87901098177721,18.3477942747628,15.568636954461,23.2113617371338,0.482205129093433,3.74197180900202,0.371320775375598,1
"7316","PmetTSAr1.1-007496",12.2743112751704,4.01596434289225,4.01920987751002,14.2975148808307,23.5576127254467,13.5982882067195,10.0997079569989,4.98195081187262,0.591833298080536,3.44864257167941,0.223951945784646,1
"7317","PmetTSAr1.1-007497",12.4091938166558,15.5283954591834,12.3413385650602,12.0205032516614,9.06622189897406,15.435894721141,19.9479709026202,12.0019724104204,0.111355296939498,3.7722502711144,0.729228190962276,1
"7318","PmetTSAr1.1-007498",16.77039599135,15.9746137195047,16.2186939763052,16.3627114747285,16.8216647282169,16.7080838465098,20.3670459215828,15.1723047452484,0.0808576101260428,4.07578011043616,0.777394165672944,1
"7319","PmetTSAr1.1-007499",6.38444029697506,8.12117233784878,2.69523485903613,7.44000311391377,4.44208462520014,8.08546866345481,8.88439040200733,7.69937852743951,0.237713868924143,2.7646074326721,0.511785954579178,1
"7320","PmetTSAr1.1-007500",9.26193451533002,12.6131028250838,10.4499456815261,18.1101855157189,11.6149589790069,12.1564738646349,13.1170480935297,15.9931943676593,0.0660032566917776,3.69878235919676,0.831941024816824,1
"7321","PmetTSAr1.1-007501",12.2293504280086,14.0112533740907,10.4499456815261,16.5745265100001,10.0493062012725,13.4569338594563,13.3684931049073,17.0971493771083,0.0178483750608976,3.75202872664337,0.954150987594024,1
"7322","PmetTSAr1.1-007502",8.40767841925589,3.36151089442092,18.3937957923694,13.9797923279234,7.39133753209532,9.55555387499205,4.77745521617375,5.68961427946816,-0.686476450161423,3.16813180934248,0.112151605215732,1
"7323","PmetTSAr1.1-007503",20.0525378341611,20.8830145830397,15.8877002216867,21.6316104771087,19.2247596893908,21.31623556729,18.3764395815104,19.7013509378599,0.00214185953600823,4.30000506405356,0.994480545714123,1
"7324","PmetTSAr1.1-007504",5.71002758954812,5.83058526819912,10.2135215710843,7.06932680218853,6.69953746751497,7.49178040494939,7.20809032615689,7.50123275651275,0.00657934211929775,2.86269448123525,0.990445978498479,1
"7325","PmetTSAr1.1-007505",14.7471578690692,16.7480587040618,14.0908769823293,15.0123906248723,15.765759366489,14.729122984825,14.5628569089507,14.2098824293185,-0.0327552423987026,3.91122941894002,0.909082773020725,1
"7326","PmetTSAr1.1-007506",12.7688805939501,11.2149522760769,14.2800162706827,12.4970870810224,14.2365171184693,12.6653495147824,14.2695043956769,15.087385129137,0.149185195899303,3.74829447698153,0.600408006888228,1
"7327","PmetTSAr1.1-007507",1.52866880350107,1.93361246139257,2.1278169939759,2.30348850857828,1.7112948965935,2.65746172854809,2.17919009860557,2.17960348019427,0.142000400530011,1.10021719474716,0.609913212711302,1
"7328","PmetTSAr1.1-007508",31.9671623320371,29.8966234415312,29.4111593389557,28.3037840881631,30.8397186683977,28.3839529304498,30.5296151314261,29.8633983325319,0.000591979394345685,4.90495834351687,0.999694806771087,1
"7329","PmetTSAr1.1-007509",31.8322797905517,31.4732612946667,20.8998913630521,28.6744603998883,30.2935607226764,21.9947364341533,24.0968135903501,25.1078998302899,-0.154116458197723,4.74723548753941,0.605256638453055,1
"7330","PmetTSAr1.1-007510",1.61859049782466,0.892436520642723,168.854099677509,9.66406098426522,6.44466375951168,18.5174194914787,1.19436380404344,1.3021007803758,-2.72021482347555,4.7026755005387,0.0206242172634541,1
"7331","PmetTSAr1.1-007511",40.7345275285874,55.1823248597417,43.4547514991966,27.4300470676679,29.5289395986665,33.7836889959038,68.5816268532311,61.1138170615511,0.21097081269744,5.4932892011352,0.567831830037251,1
"7332","PmetTSAr1.1-007512",6.47436199129866,5.47361065994203,7.2818626016064,5.00413020829076,6.26261111093791,5.00394389311714,5.2174839860845,6.39727774706371,-0.0801016106027122,2.57144242781239,0.782121109207435,1
"7333","PmetTSAr1.1-007513",14.1626668559658,22.162173595961,15.79313057751,11.9410726134346,9.46673772583637,12.382640820256,55.6950700201309,39.8272999562772,0.874038584985978,4.50872391449812,0.0651423383023031,1
"7334","PmetTSAr1.1-007514",16.6804742970264,24.1552818253964,17.8263779273092,12.9471940309745,10.704695736138,14.0506221179617,60.7658777495785,45.4319946196339,0.871298911392634,4.66704557520763,0.0639012723116677,1
"7335","PmetTSAr1.1-007515",21.5812066376622,24.482508549632,11.3483573012048,19.4605063655752,15.2924224801972,18.6022320998366,31.6820714335733,20.0693359410096,0.15587631121442,4.3496626063982,0.645601707242097,1
"7336","PmetTSAr1.1-007516",4.45112386901783,6.24705564449906,6.47802062610439,9.84939914012784,4.62413727377392,11.4497021283189,10.9797654968204,6.9067954437325,0.328209312232756,2.94482603319308,0.361857754191653,1
"7337","PmetTSAr1.1-007517",46.7143202011063,36.1139312020089,17.1643904180722,28.6215066410704,30.1479186038174,31.889540742577,31.8077939392621,21.6545021084236,-0.155188151915919,4.93428750056963,0.650389751623167,1
"7338","PmetTSAr1.1-007518",11.465016026258,11.7206663044411,14.8947189578313,10.749613040032,13.7267697024627,14.729122984825,12.8865568331003,11.8321331781975,0.124005310421048,3.67919238226682,0.669271420712601,1
"7339","PmetTSAr1.1-007519",4.22631963320885,4.43243471919219,5.67417865060239,4.31573134365817,4.18721091719686,5.00394389311714,4.77745521617375,4.41582003779619,-0.0167611420936867,2.22925450209268,0.950120084916268,1
"7340","PmetTSAr1.1-007520",7.41853978169638,8.80537367034153,7.56557153413652,7.46647999332272,9.13904295840357,6.24786214903326,7.98337911123772,8.09567006929301,0.0082792533844052,2.98215960396703,0.979505729975036,1
"7341","PmetTSAr1.1-007522",12.8588022882737,11.9586493766125,14.0908769823293,12.0205032516614,10.6682852064233,15.4641655905936,14.1647356409362,14.1815758906147,0.0986526700756893,3.72665596287332,0.736208038219396,1
"7342","PmetTSAr1.1-007523",17.4897695459387,26.4756167790674,9.12597066305217,22.7701162916934,14.8919066533349,25.1893446823015,42.8294669379787,23.9190252047294,0.493095518696387,4.51854135114811,0.201837782247026,1
"7343","PmetTSAr1.1-007524",11.5998985677434,15.2309166189691,17.7318082831325,13.4767316191534,10.9959799738561,17.6410225384469,26.2131424361113,18.2860240026688,0.334986620318512,4.04156201667144,0.306736815769137,1
"7344","PmetTSAr1.1-007526",5.08057572928297,5.32487123983491,5.29590007389556,5.16299148474443,5.09747416006574,5.31492345709617,9.91112419846573,5.88776005039492,0.332279438919174,2.57407693323729,0.285108711673142,1
"7345","PmetTSAr1.1-007527",2.47284659389879,3.18302359029238,2.2223866381526,2.03871971448883,2.33027390174434,2.06377347004266,2.7449413742051,2.37774925112102,-0.0587637082293505,1.31737441214174,0.831792021212498,1
"7346","PmetTSAr1.1-007528",2.02323812228083,1.39815054900693,2.45881074859437,1.50918212630991,2.33027390174434,1.24391825591612,1.445808815421,1.6983923222293,-0.129607033603858,0.859174573435049,0.674275932915601,1
"7347","PmetTSAr1.1-007529",8.45263926641769,8.35915541002017,7.47100188995981,7.28114183746009,6.5903058783707,6.84155040753869,8.94725165485172,8.06736353058919,-0.0502906333951125,2.96603630695172,0.861670871641801,1
"7348","PmetTSAr1.1-007530",19.5579685153814,18.4734359773044,22.0347270931726,18.3220005509905,21.5186230614204,19.2241912277947,20.555629680116,20.7486928699013,0.0662961810094476,4.33013071771493,0.81468341735609,1
"7349","PmetTSAr1.1-007531",1.43874710917748,1.57663785313548,1.93867770562248,1.64156652335464,1.31077906973119,1.5831686893478,1.78106883059109,1.52855309000637,-0.0765437360360439,0.732424322064888,0.76627808681495,1
"7350","PmetTSAr1.1-007532",12.6339980524647,15.4391518071191,11.5847814116465,15.647835730687,11.1052115630004,18.8283990554577,20.7023059367529,13.4172993456115,0.21163462216307,3.90611867074469,0.495851985102568,1
"7351","PmetTSAr1.1-007533",1.70851219214826,1.75512515726402,1.84410806144578,2.80654921734825,2.4395054908886,3.27942085650615,2.66112637041257,2.3494427124172,0.391498483822005,1.27800171981607,0.152954433047217,1
"7352","PmetTSAr1.1-007534",5.9348318253571,5.86033315222055,4.87033667510038,4.81879205242814,6.15337952179364,4.63642259023283,5.30129898987702,5.03856388928027,-0.0248949921636056,2.42933543814345,0.938700765368422,1
"7353","PmetTSAr1.1-007535",16.3657483668938,13.327052041598,14.7055796694779,13.1060553074282,14.6734434750464,15.124915157162,16.7420470075563,17.6349736124809,0.159523651803908,3.9327841565587,0.575264531808147,1
"7354","PmetTSAr1.1-007536",10.6557207773457,10.8282297837984,9.78795817228912,9.53167658722049,10.3770009687053,12.1282029951822,10.8959504930279,11.8604397169013,0.149796617742596,3.43581017387346,0.594862619655931,1
"7355","PmetTSAr1.1-007537",11.1952509432873,10.4712551755413,10.3553760373494,9.45224594899365,10.5954641469938,11.0256390865293,11.7341005309531,11.2943089428249,0.107431922133389,3.43662050130262,0.704064582494958,1
"7356","PmetTSAr1.1-007538",8.3177567249323,8.53764271414872,8.41669833172688,9.34633843135787,9.21186401783308,9.41419952772885,9.80635544372507,10.1903539333758,0.157345196558665,3.20473862741521,0.574580268455123,1
"7357","PmetTSAr1.1-007539",18.2541039476893,9.40033135077002,101.236804091164,33.5726830905433,26.7617393403451,14.0788929874143,9.1358354133849,17.0688428384045,-1.27676079309232,4.84340408044209,0.0227867673669657,1
"7358","PmetTSAr1.1-007540",66.3622104108112,23.6198199130107,44.8732961618472,73.288002203962,61.5702057476512,46.3642259023283,21.6661784803669,31.0805794967962,-0.373747985397058,5.52837325936111,0.369292164789053,1
"7359","PmetTSAr1.1-007541",47.0290461312389,46.0794723491859,39.5301112658633,53.9598802354315,47.0424043914638,46.307684163423,52.6777298836001,45.6584469292644,0.0386205358077512,5.56532363887477,0.901239273535744,1
"7360","PmetTSAr1.1-007542",3.41702438429651,2.17159553356396,21.2308851176706,8.39317077263582,6.5903058783707,6.30440388793854,2.70303387230883,3.45339772186625,-0.885090733957927,2.76836308782394,0.10781932553228,1
"7361","PmetTSAr1.1-007544",26.481938978298,31.5922528307524,21.7983029827308,22.8495469299202,22.3924757745745,27.3662016301547,26.4436336965407,23.8057990499141,-0.0387099157945232,4.66704432661847,0.894899293398779,1
"7362","PmetTSAr1.1-007545",34.3500872316123,23.709063565075,21.7510181606425,14.4563761572844,28.5822658260829,14.9835608098988,20.2832309177903,19.7296574765637,-0.173113914288843,4.47772096459736,0.60640990410748,1
"7363","PmetTSAr1.1-007546",4.31624132753244,5.29512335581349,6.09974204939757,6.46035857578278,4.29644250634112,8.17028127181273,5.9089577673728,7.5578458339204,0.225706917336884,2.60421671603748,0.471688685448668,1
"7364","PmetTSAr1.1-007547",13.7130583843478,6.72302178884185,15.5094216449799,12.2852720457509,9.94007461212819,8.05719779400217,2.82875637799762,9.85067546892996,-0.653361884667142,3.3081810378776,0.0995174691615875,1
"7365","PmetTSAr1.1-007548",3.73175031442909,4.87865297951355,2.64795003694778,4.36868510247606,3.31335820404273,5.45627780435937,4.79840896712189,3.87799580242358,0.154338094851552,2.07211499248417,0.6065661028231,1
"7366","PmetTSAr1.1-007549",21.850971720633,19.4253682659899,18.1100868598393,23.1672694828276,15.9842225447776,24.9631777266804,28.5180550404056,29.6369460229013,0.263875094382452,4.50948408609342,0.38599436778516,1
"7367","PmetTSAr1.1-007550",5.44026250657734,6.18755987645621,3.21536790200802,5.00413020829076,4.26003197662637,6.9263630158966,5.65751275599524,4.89703119576116,0.129183424341774,2.39700652528416,0.678779140981991,1
"7368","PmetTSAr1.1-007551",7.91310910047614,7.85344138165596,12.2940537429718,10.0347372959905,6.88159011608875,8.79224039977079,9.91112419846573,8.2088962241083,-0.170366484421898,3.17725235554897,0.569143569583465,1
"7369","PmetTSAr1.1-007552",13.1285673712445,12.7023464771481,15.8877002216867,14.2445611220128,16.4939699607841,14.8139355931829,16.2810644866974,15.0590785904332,0.163175592659668,3.89610111920371,0.563230844038359,1
"7370","PmetTSAr1.1-007553",23.0199537468397,22.6976355083466,25.8175128602409,27.2976626706231,22.0647810071417,26.9704094578178,23.7196460732837,23.18305519843,-0.0428839711269372,4.60930073572774,0.880066918184435,1
"7371","PmetTSAr1.1-007554",21.8959325677948,21.5077201474896,30.6878495353413,36.9352467754794,20.8996440562695,36.4694215939046,29.1466675688495,25.4475782947357,0.0121037667881029,4.80424468915439,0.970828433936668,1
"7372","PmetTSAr1.1-007555",10.2061123057277,8.56739059817014,8.93683137469876,10.0347372959905,8.33801130467896,11.67586908394,10.434967972169,8.8599466142962,0.0593741828188365,3.27727270304289,0.841013255421587,1
"7373","PmetTSAr1.1-007557",29.9439242097563,33.109394915845,33.193945106024,29.9188737321088,33.0971715107125,32.0874368287455,36.8366941668134,31.4485644999459,0.0813418285106418,5.02313463217092,0.776722627812563,1
"7374","PmetTSAr1.1-007558",5.79994928387171,4.90840086353498,6.00517240522086,5.87786722878597,6.40825322979693,5.31492345709617,6.89378406193494,5.97267966650638,0.123793334177713,2.57522907414626,0.662525564622578,1
"7375","PmetTSAr1.1-007559",20.3223029171319,22.4596524361752,21.7510181606425,19.4605063655752,21.0088756454138,20.5811929615213,22.483374767344,20.6637732537899,0.0129257439117538,4.40278964921784,0.964754024117359,1
"7376","PmetTSAr1.1-007560",3.46198523145831,3.48050243050662,2.97894379156625,7.70477190800323,3.60464244176077,4.94740215421186,5.74132775978776,5.94437312780256,0.193276100630496,2.26565361650431,0.573035244306984,1
"7377","PmetTSAr1.1-007561",20.5021463057791,21.953938407811,13.1451805405622,16.4950958717732,21.7006757099941,18.2064399274996,21.4775947218338,21.5695824923121,0.20176074876186,4.28146259650745,0.495196197092326,1
"7378","PmetTSAr1.1-007562",7.46350062885817,7.58571042546314,3.92464023333332,6.77808112869012,6.51748481894119,12.382640820256,21.4147334689894,8.26550930151594,0.915490599837286,3.22902655911594,0.0180736971763693,1
"7379","PmetTSAr1.1-007563",26.5718606726216,13.5947829977908,16.1714091542168,19.8841364361183,20.8996440562695,15.6337908073095,14.0180593842993,16.672551296551,-0.181280463077593,4.1686675717229,0.564325535633608,1
"7380","PmetTSAr1.1-007564",29.0447072665204,30.4320853539169,26.4795003694778,34.5523276286743,29.6381711878108,33.5575220402827,34.7413190720004,35.4397864571848,0.146043259655367,4.99107251602171,0.611968595279483,1
"7381","PmetTSAr1.1-007565",3.86663285591448,2.70705744594959,47.7103854871484,5.08356084651759,5.24311627892476,4.35371389570644,3.49927640833779,5.43485543113377,-1.6777148666336,3.28395867749768,0.0145434292778381,1
"7382","PmetTSAr1.1-007566",11.8247028035524,9.63831442294141,14.5637252032128,10.9349511958946,11.4329063304332,12.8067038620456,9.09392791148864,10.7847912461561,-0.0890145740001121,3.51598690977608,0.762367438316681,1
"7383","PmetTSAr1.1-007567",8.85728689087386,10.4117594074984,9.36239477349394,10.9349511958946,10.41341149842,10.0361586556869,11.566470523368,10.2469670107835,0.0940781531307107,3.36377998724043,0.739395322633137,1
"7384","PmetTSAr1.1-007568",14.567314480422,17.253772732426,11.8212055220883,16.4686189923643,14.0544644698955,17.5562099300889,16.8258620113488,17.8331193834077,0.139714350832387,3.98783786516308,0.630969649448211,1
"7385","PmetTSAr1.1-007569",18.1641822533657,17.6404952247045,17.8263779273092,15.7802201277317,17.9503911493743,20.4681094837108,15.2124231883427,16.7857774513663,0.0208346493455226,4.13238659270617,0.943587044621575,1
"7386","PmetTSAr1.1-007570",6.02475351968069,5.32487123983491,4.58662774257026,5.05708396710865,5.24311627892476,5.51281954326464,5.34320649177328,5.68961427946816,0.0539235275596195,2.43554981727035,0.851645708196414,1
"7387","PmetTSAr1.1-007571",2.65268998254598,2.43932648975678,8.74769208634535,3.89210127311503,2.91284237718042,6.53057084355966,5.59465150315084,3.82138272501593,0.0967956090473986,2.21127270688455,0.82536020061874,1
"7388","PmetTSAr1.1-007572",6.87900961575482,7.25848370122748,6.5725902702811,11.5174425428914,9.46673772583637,8.59434431360232,5.95086526926906,11.1527762493058,0.121436387902134,3.08572635163667,0.703862345965914,1
"7389","PmetTSAr1.1-007573",4.85577149347399,6.663526020799,3.83007058915661,5.98377474642175,4.8061899223477,5.73898649888576,6.99855281667559,5.83114697298727,0.128683207545649,2.50068214629733,0.666117058007619,1
"7390","PmetTSAr1.1-007574",4.36120217469423,3.77798127072086,3.16808307991967,2.75359545853036,3.93233720919357,5.31492345709617,3.68786016687097,2.09468386408281,0.0983713710241363,1.88598984315915,0.765140291474818,1
"7391","PmetTSAr1.1-007575",14.2975493974512,15.5878912272262,12.9560412522088,10.6701824018052,13.3990749350299,11.3931603894136,12.6351118217227,12.9077816489427,-0.088043806865506,3.7048439826789,0.760797050896123,1
"7392","PmetTSAr1.1-007576",7.32861808737279,8.2699117579559,3.68821612289155,7.75772566682112,6.88159011608875,8.76396953031815,9.40823417571059,8.03905699188537,0.288272144803152,2.92404183404148,0.368688299220405,1
"7393","PmetTSAr1.1-007577",17.0401610743208,18.8304105855615,13.9490225160642,10.2200754518531,15.5837067179153,11.67586908394,13.640891867233,13.7003647326497,-0.136791277598626,3.84671043309193,0.654103511551035,1
"7394","PmetTSAr1.1-007579",35.8787560351134,10.5307509435841,9.69338852811241,4.42163886129395,16.7124331390727,4.63642259023283,3.12210889127144,6.45389082447135,-0.969186703576173,3.5177338329671,0.0921351876576506,1
"7395","PmetTSAr1.1-007580",42.1732746377649,46.9124131017858,29.5530138052208,33.0166686229554,38.3038772599225,32.3418746538192,39.7073580467073,43.6769892199969,0.0222608877795307,5.25829814657815,0.943215094510997,1
"7396","PmetTSAr1.1-007581",5.39530165941555,4.8191572114707,3.21536790200802,4.52754637892973,3.31335820404273,4.01446346227477,4.81936271807002,4.92533773446498,-0.0718321249459748,2.15166924445911,0.809242451054639,1
"7397","PmetTSAr1.1-007582",13.892901772995,13.7435224178979,15.3202823566264,13.2649165838818,14.5642118859021,13.3721212510983,15.6105444563572,14.5495608937644,0.0480342417444811,3.8430519435889,0.866636007810223,1
"7398","PmetTSAr1.1-007583",16.2758266725702,17.9974698329616,14.4218707369477,17.1834947364058,16.2026857230661,20.8921725255004,22.6719585258772,18.9370743928567,0.256474615627784,4.18123186801549,0.372466667760925,1
"7399","PmetTSAr1.1-007584",3.46198523145831,3.00453628616383,2.83708932530119,3.1772255290735,2.73078972860665,3.10979563979031,3.39450765359714,2.74573425427071,-0.0556259619940664,1.64150923622731,0.828333705913162,1
"7400","PmetTSAr1.1-007586",16.77039599135,14.1897406782193,20.9944610072288,17.0511103393611,19.4068123379646,15.6903325462148,15.7991282148904,17.4085213028504,-0.0142771068038758,4.10604569362111,0.96182905209948,1
"7401","PmetTSAr1.1-007587",27.9206860874755,17.9677219489402,17.8263779273092,16.2832808365017,21.3001598831318,13.004599948214,16.6372782528156,20.0693359410096,-0.171415077890161,4.24254851713002,0.582137069784391,1
"7402","PmetTSAr1.1-007588",8.58752180790308,10.5307509435841,7.14000813534134,11.8881188546167,8.70211660182651,8.6508860525076,13.7037531200773,12.7945554941274,0.199534249009194,3.36769012692168,0.522866277009916,1
"7403","PmetTSAr1.1-007589",23.4246013712958,22.3406609000895,22.4130056698794,16.1773733188659,20.1714334619744,16.1709373269096,16.4696482452306,19.1352201637835,-0.229143493904598,4.29218276202538,0.429028061767859,1
"7404","PmetTSAr1.1-007591",7.1038138515638,6.75276967286327,9.88252781646583,8.39317077263582,8.37442183439371,8.5095317052444,9.80635544372507,8.09567006929301,0.116247898737283,3.07497469596761,0.694265803933206,1
"7405","PmetTSAr1.1-007592",10.7456424716693,14.6657068225621,6.19431169357427,12.5500408398403,10.1949483201315,11.8737651701085,19.6965258912427,14.7760132033949,0.355290614079591,3.66270552700906,0.297289521651411,1
"7406","PmetTSAr1.1-007593",60.8769870570721,79.2186151490524,58.8696034999998,45.3284175481152,60.25942667792,49.4174798032133,73.4219433222493,67.5960144247263,0.03739445734888,5.95272194502396,0.917937063905914,1
"7407","PmetTSAr1.1-007594",5.9797926725189,12.4941112889981,10.0716671048192,7.38704935509588,8.37442183439371,4.66469345968547,2.57731136662005,37.2230983955256,0.555598802071944,3.48056115137215,0.353893798903547,1
"7408","PmetTSAr1.1-007596",5.66506674238632,4.58117413929931,12.2940537429718,7.14875744041537,6.55389534865595,5.93688258505423,2.55635761567192,8.6051877659618,-0.327231671016325,2.74709856476019,0.411456936764025,1
"7409","PmetTSAr1.1-007597",5.9797926725189,6.81226544090612,10.4026608594377,14.3504686396486,6.9180006458035,13.5134755983615,18.0202258153922,12.2001181813472,0.431750600992424,3.47272735496718,0.241646615332549,1
"7410","PmetTSAr1.1-007598",53.8181340526701,49.9466972719711,33.9032174373493,36.5910473431631,46.6054780348867,24.680469032154,34.5317815625191,41.4124661236912,-0.243368014342614,5.33064503195717,0.460492102972581,1
"7411","PmetTSAr1.1-007599",25.8974479651946,35.3107383334304,16.8806814855421,25.0471279208627,26.5432761620566,21.1183394811215,29.9219563539304,29.7784787164204,0.0571877532034988,4.72139696134905,0.855509842371161,1
"7412","PmetTSAr1.1-007600",14.342510244613,13.5055393457265,14.6110100253011,19.5134601243931,12.7436854001643,13.7961842928879,16.4067869923862,16.5876316804395,-0.0581743940719146,3.93107643672178,0.843774834272686,1
"7413","PmetTSAr1.1-007601",13.7580192315096,13.8327660699622,18.9139288353413,16.2568039570927,16.6396120796432,16.5384586297939,19.3403121251245,17.0405362997007,0.149097183974476,4.05335441791367,0.606080075411546,1
"7414","PmetTSAr1.1-007603",35.6539517993044,28.2902377043743,35.8418951429718,36.5645704637542,35.3182138233126,31.6633737869559,34.8879953286373,41.8653707429523,0.0762441692960806,5.13223215754631,0.797149015588459,1
"7415","PmetTSAr1.1-007604",5.71002758954812,7.61545830948457,4.49205809839356,6.08968226405753,6.33543217036742,6.84155040753869,9.47109542855499,8.91655969170384,0.398839949877782,2.80871164823178,0.190263193468651,1
"7416","PmetTSAr1.1-007605",17.9393780175567,20.6747793948897,18.9612136574296,11.0408587135304,16.967306847076,12.4957242980665,22.4414672654478,20.324094789344,0.0752639863247905,4.14295457008386,0.817426036712268,1
"7417","PmetTSAr1.1-007606",3.41702438429651,6.06856834037052,2.08053217188754,3.23017928789139,4.44208462520014,5.56936128216992,9.24060416812555,4.01952849594268,0.649749887893096,2.27467365793391,0.0808291830025544,1
"7418","PmetTSAr1.1-007607",10.5208382358603,9.66806230696283,6.66715991445781,10.6701824018052,9.46673772583637,12.6370786453297,13.2637243501666,11.8604397169013,0.330891487807028,3.41477013376803,0.268999423618385,1
"7419","PmetTSAr1.1-007608",11.8247028035524,12.4643634049767,12.3886233871485,16.2303270776838,10.6682852064233,16.3405625436255,15.1495619354984,12.3699574135701,0.0432022425398226,3.75455589180145,0.88616915568779,1
"7420","PmetTSAr1.1-007609",19.0184383494398,25.4939366063604,12.0576296325301,14.2445611220128,20.6083598185515,14.729122984825,20.7651671895973,18.2860240026688,0.0702260692135053,4.18712914561918,0.826667454298746,1
"7421","PmetTSAr1.1-007610",10.3409948472131,13.0593210854052,18.204656504016,17.4217866510863,14.2365171184693,14.5312268986566,14.3114118975731,12.0585854878281,-0.0985944510394457,3.84115613020896,0.745602390135628,1
"7422","PmetTSAr1.1-007611",18.1641822533657,10.6794903636913,16.8333966634538,17.4482635304953,14.7826750641906,17.3583138439205,14.5628569089507,18.2011043865574,0.0409171511101876,4.00564902298261,0.894451719971941,1
"7423","PmetTSAr1.1-007612",6.33947944981327,5.41411489189919,88.8954655261041,21.7375179947445,11.760601097866,18.2347107969523,4.54696395574432,9.87898200763378,-1.46154932880555,4.38302695231747,0.0324142394328916,1
"7424","PmetTSAr1.1-007613",28.7299813363878,30.6998163101097,31.9645397317268,28.9127523145688,30.3663817821059,31.9460824814823,33.1907415018387,29.6086394841975,0.0566788205868789,4.94202283277987,0.842535378106076,1
"7425","PmetTSAr1.1-007614",13.1285673712445,22.3406609000895,19.81234045502,19.2751682097125,31.0581818466862,17.867189494068,11.2940717610423,17.0405362997007,0.0494490544639243,4.25056067543923,0.884879533979145,1
"7426","PmetTSAr1.1-007615",13.3983324542153,5.32487123983491,32.1536790200802,2.51530354384985,21.0088756454138,5.54109041271728,1.82297633248735,2.00976424797134,-0.813472410077615,3.38955241221085,0.268642835185734,1
"7427","PmetTSAr1.1-007616",13.0836065240827,14.100497026155,15.1784278903614,12.5765177192493,15.0739593019087,15.1531860266146,16.0296194753198,16.5593251417357,0.193887743569325,3.88578453428902,0.490271244808375,1
"7428","PmetTSAr1.1-007618",1.66355134498646,1.54688996911405,3.02622861365461,1.82690467921726,2.11181072345581,1.5831686893478,1.80202258153922,1.55685962871019,-0.182002226720035,0.958170098716538,0.526721316810696,1
"7429","PmetTSAr1.1-007619",11.9595853450378,13.118816853448,12.3413385650602,13.3973009809266,13.9452328807513,14.9552899404461,13.6618456181811,13.021007803758,0.128657050543954,3.74028564443182,0.646580249740125,1
"7430","PmetTSAr1.1-007620",17.3099261572915,15.0524293148406,11.4429269453815,10.4848442459425,14.5642118859021,10.3754090891186,9.74349419088068,11.3226154815287,-0.239305344645299,3.65430684427715,0.435110931448471,1
"7431","PmetTSAr1.1-007621",15.8262182009523,14.0410012581122,9.504249239759,9.63758410485627,9.57596931498064,15.3228112433304,18.3973933324586,15.087385129137,0.253985238548757,3.75401742352711,0.432403317726011,1
"7432","PmetTSAr1.1-007622",14.7021970219074,13.8922618380051,13.8544528718875,13.0266246692013,14.127285529325,17.6975642773521,18.4183470834067,14.606173971172,0.226154379504291,3.9170061848588,0.426074882311783,1
"7433","PmetTSAr1.1-007624",8.45263926641769,9.84654961109138,6.5725902702811,10.5642748841694,8.59288501268224,9.72517909170788,11.8598230366419,6.70864967280575,0.0564102553976577,3.18743803478337,0.856182055357197,1
"7434","PmetTSAr1.1-007625",8.90224773803565,10.9174734358626,8.98411619678711,10.273029210671,10.122127260702,9.83826256951844,9.36632667381433,10.2469670107835,0.0165152049176972,3.30669601902621,0.954206573304943,1
"7435","PmetTSAr1.1-007626",13.3533716070535,19.0386457737114,11.5847814116465,13.0266246692013,11.9790642761545,12.5522660369718,23.6567848204393,16.5593251417357,0.183962853654973,3.93460646437998,0.571455540550763,1
"7436","PmetTSAr1.1-007627",12.8588022882737,16.0936052555904,10.4026608594377,9.69053786367416,12.7072748704496,12.2695573424454,14.8771631731727,14.917545896914,0.159216947178012,3.70514484527406,0.595134707874192,1
"7437","PmetTSAr1.1-007628",12.7688805939501,9.54907077087713,16.6915421971887,14.9329599866454,13.5811275836037,11.2518060421504,5.44797524651393,9.48269046578027,-0.441192207908408,3.55605082713101,0.193203124373688,1
"7438","PmetTSAr1.1-007629",11.914624497876,9.57881865489856,16.596972553012,11.0408587135304,13.8724118213218,12.0999321257296,9.68063293803629,12.2850377974586,-0.0343688759680228,3.60723685817744,0.910406056634022,1
"7439","PmetTSAr1.1-007631",21.6711283319858,23.8280551011607,24.493537841767,22.478870618195,24.4314654386008,23.8606138180275,23.7825073261281,23.3528944306529,0.0453806795149073,4.55758738837086,0.871009441704463,1
"7440","PmetTSAr1.1-007632",22.5703452752217,22.7868791604109,25.9120825044176,23.6173764327797,22.3924757745745,23.8323429485748,25.3540386472379,24.0888644369523,0.0122053342374125,4.57778408465582,0.96694844597929,1
"7441","PmetTSAr1.1-007633",14.2076277031276,13.327052041598,11.3010724791164,10.4583673665336,11.760601097866,14.7573938542777,14.0599668861956,12.3133443361624,0.102566382207146,3.68209592626171,0.724758622661578,1
"7442","PmetTSAr1.1-007634",7.73326571182895,7.25848370122748,10.4972305036144,13.5296853779713,11.2508536818594,14.3898725513934,9.03106665864425,8.06736353058919,0.129683351644248,3.36228754132038,0.690119659964148,1
"7443","PmetTSAr1.1-007636",19.198281738087,20.6152836268469,16.4551180867469,19.1163069332589,17.9139806196596,22.0795490425112,27.0931999759327,21.8809544180542,0.239134737950357,4.36547630940988,0.408635043890458,1
"7444","PmetTSAr1.1-007637",8.58752180790308,8.68638213425584,9.97709746064253,7.65181814918534,8.55647448296749,7.83103083838106,10.8540429911316,8.52026814985034,0.0374521676552572,3.15287114982106,0.90325741785362,1
"7445","PmetTSAr1.1-007638",8.90224773803565,9.04335674251293,7.09272331325299,10.5642748841694,9.02981136925931,8.87705300812871,10.1835229607914,8.2088962241083,0.0263091657247754,3.17855101289114,0.928567870885195,1
"7446","PmetTSAr1.1-007640",12.6339980524647,11.6611705363982,10.7809394361445,15.2771594189617,12.5980432813053,14.9552899404461,14.6257181617951,15.7384355193249,0.201073466166377,3.76566000471352,0.485555227814826,1
"7447","PmetTSAr1.1-007641",5.88987097819531,4.96789663157782,5.29590007389556,5.29537588178916,6.04414793264938,4.38198476515908,3.39450765359714,5.09517696668791,-0.184202270382468,2.35057326261116,0.537013965194212,1
"7448","PmetTSAr1.1-007642",11.465016026258,10.0845326832628,7.70742600040158,9.34633843135787,11.0688010332856,10.2057838724028,8.44436163209659,8.40704199503505,-0.0191919690937374,3.27066703719754,0.952423153987207,1
"7449","PmetTSAr1.1-007643",9.35185620965362,8.29965964197732,14.6582948473895,11.1732431105751,10.704695736138,13.9658095096038,12.2788980556045,12.7379424167198,0.194189727781445,3.54936045398415,0.522636172671628,1
"7450","PmetTSAr1.1-007644",5.71002758954812,11.9586493766125,3.07351343574296,9.29338467253998,5.46157945721329,11.9585777784664,7.45953533753446,5.80284043428345,0.0268641415401156,2.93854188902703,0.945907558931076,1
"7451","PmetTSAr1.1-007645",15.2866880350107,21.2102413072754,21.6091636943774,17.3423560128595,14.0908749996103,30.3346429226819,32.6878514790836,17.0405362997007,0.320330217877813,4.41084778944112,0.342644624657075,1
"7452","PmetTSAr1.1-007646",14.7021970219074,14.0410012581122,20.6634672526104,13.7415004132429,17.6226963819416,17.8954603635206,20.1156009102053,15.4270635935828,0.171851568428056,4.07350004338508,0.562377060186367,1
"7453","PmetTSAr1.1-007647",53.6382906640229,57.800138653627,34.943483523293,41.3833625161823,35.7551401798897,36.3280672466414,98.3988144524208,51.9424985215129,0.244646817551784,5.68223646871469,0.532141599304437,1
"7454","PmetTSAr1.1-007648",7.41853978169638,7.31797946927033,5.24861525180721,6.46035857578278,7.50056912123959,6.19132041012799,11.084534251561,6.0009862052102,0.219530035736314,2.85225457541784,0.488013723729742,1
"7455","PmetTSAr1.1-007649",3.5519069257819,3.15327570627095,2.88437414738955,2.25053474976039,4.40567409548539,3.42077520376934,5.63655900504711,3.0004931026051,0.482238703792657,1.84956829135004,0.111446176894099,1
"7456","PmetTSAr1.1-007650",11.689820262067,10.8282297837984,16.596972553012,11.3321043870288,13.2170222864562,10.6863886530976,12.9284643349965,11.747213562086,-0.0528580124388044,3.63627291369464,0.857309703554371,1
"7457","PmetTSAr1.1-007651",54.0429382884791,51.6423266611922,57.6401981257026,63.8622331343773,58.5481317813265,54.6193197824989,48.9898697167291,64.3124559350829,-0.00469834306244658,5.8270099235626,0.989221438011788,1
"7458","PmetTSAr1.1-007652",16.545591755541,11.2447001600983,31.5389763329316,24.8617897650001,16.9308963173612,22.333986867585,9.15678916433303,11.0678566331943,-0.501006597485047,4.17055053695922,0.19004206557044,1
"7459","PmetTSAr1.1-007653",17.5796912402623,9.9952890311985,33.4303692164657,25.6825730266774,18.1324437979481,23.2951964289747,10.3511529683765,12.5681031844968,-0.429739931364452,4.24236499516816,0.266804781805178,1
"7460","PmetTSAr1.1-007654",8.67744350222667,9.96554114717707,10.5918001477911,6.72512736987223,7.42774806181008,6.61538345191757,8.94725165485172,8.94486623040766,-0.168759363457352,3.0949857867903,0.570132618606109,1
"7461","PmetTSAr1.1-007659",12.9487239825973,13.8327660699622,10.7809394361445,14.1386536043771,12.8529169893086,13.0611416871193,14.7304869165357,13.5588320391306,0.0673882425981968,3.73378665066752,0.81358599447698,1
"7462","PmetTSAr1.1-007660",13.6680975371861,13.6542787658337,11.2065028349397,14.0062692073323,15.2196014207677,14.0788929874143,14.7514406674839,13.9834301196879,0.142684221295584,3.79551881100946,0.612125575573929,1
"7463","PmetTSAr1.1-007661",2.83253337119316,2.11209976552111,8.700407264257,2.85950297616615,2.7672002583214,2.03550260059002,1.78106883059109,2.20791001889809,-0.901947050532745,1.67594522124005,0.0248878916535043,1
"7464","PmetTSAr1.1-007662",12.8138414411119,11.8099099565054,9.92981263855418,11.9145957340256,10.7411062658528,10.7712012614555,13.1380018444778,13.502218961723,0.0515278565829195,3.5719065149184,0.859748227828987,1
"7465","PmetTSAr1.1-007663",12.0495070393614,10.382011523477,11.1592180128514,20.4666277831151,13.6175381133185,23.0973003428062,12.9703718368928,13.9551235809841,0.233744922623419,3.88570149705775,0.482664065023295,1
"7466","PmetTSAr1.1-007664",13.3084107598917,13.535287229748,20.2379038538152,10.5113211253515,14.6734434750464,13.004599948214,16.532509498075,14.8043197420988,0.037374807654304,3.87110030718045,0.907110370759806,1
"7467","PmetTSAr1.1-007665",6.47436199129866,7.67495407752742,7.32914742369475,6.75160424928118,6.62671640808546,5.11702737092769,6.57947779771298,4.86872465705734,-0.28383146657092,2.69742793380792,0.323373662658714,1
"7468","PmetTSAr1.1-007666",4.31624132753244,3.95646857484941,3.02622861365461,4.87174581124603,3.02207396632469,4.07100520118004,4.40028769910741,4.52904619261147,-0.0146899206836984,2.03252602617405,0.968341787141776,1
"7469","PmetTSAr1.1-007667",3.5968677729437,3.51025031452804,3.59364647871485,3.94505503193292,2.98566343660993,3.87310911501157,4.04407393298919,3.87799580242358,0.0152738220310885,1.90401444405642,0.962433028855766,1
"7470","PmetTSAr1.1-007668",2.74261167686957,1.69562938922117,3.35722236827308,3.62733247902557,2.47591602060336,4.15581780953796,2.13728259670931,1.92484463185988,-0.0943758282754957,1.49721727255438,0.779531559620558,1
"7471","PmetTSAr1.1-007669",2.56276828822238,1.96336034541399,3.21536790200802,3.15074864966455,2.65796866917713,3.3925043343167,2.76589512515323,2.43436232852867,0.0501946716751648,1.50009089560499,0.868368710125597,1
"7472","PmetTSAr1.1-007671",6.87900961575482,8.53764271414872,4.87033667510038,5.71900595233229,6.44466375951168,6.07823693231743,11.1473955044054,8.23720276281212,0.295251908592071,2.86998982768691,0.360231406422625,1
"7473","PmetTSAr1.1-007672",12.0944678865232,10.2332721033699,9.78795817228912,11.0143818341215,11.8334221572955,11.9585777784664,11.6083780252643,10.2752735494873,0.082705186757321,3.48061263154817,0.771015770875845,1
"7474","PmetTSAr1.1-007673",14.6572361747456,12.2263803328053,11.3483573012048,11.2791506282109,13.3626644053152,12.4674534286139,12.7398805764633,11.9453593330128,0.029433612717716,3.6511280089297,0.920388965354564,1
"7475","PmetTSAr1.1-007674",36.4632470482167,2.32033495367108,35.4636165662649,33.0696223817733,14.4913908264726,18.178169058047,1.57153132110979,7.84091122095862,-1.350714997674,4.22527665438203,0.045475443142685,1
"7476","PmetTSAr1.1-007675",10.0262689170806,9.34083558272717,7.66014117831322,5.32185276119811,8.01031653724616,9.24457431101302,6.20231028064663,6.11421236002549,-0.128603415929289,2.96252585041208,0.68529365894636,1
"7477","PmetTSAr1.1-007676",19.7378119040285,17.5809994566616,20.616182430522,21.499226080064,21.1909282939876,19.2524620972473,19.4660346308132,19.1918332411911,-0.00615634805120657,4.31305219099004,0.983987687113929,1
"7478","PmetTSAr1.1-007677",33.5407919827,16.8075544721046,30.6878495353413,26.2915412530832,26.7253288106304,16.8211673243203,11.5245630214718,18.6823155445223,-0.541507168225341,4.50327815883505,0.110921854515885,1
"7479","PmetTSAr1.1-007678",6.78908792143123,7.07999639709894,8.65312244216864,10.7760899194409,9.10263242868882,9.55555387499205,7.85765660554894,9.17131854003824,0.0978026424075429,3.11891120423322,0.741178360149642,1
"7480","PmetTSAr1.1-007679",14.567314480422,14.8441941266906,31.4444066887549,29.2304748674762,22.174012596286,29.8823090114396,19.3403121251245,17.6632801511848,-0.0165796315118576,4.48884254851834,0.962831221826058,1
"7481","PmetTSAr1.1-007680",12.5440763581411,6.78251755688469,42.5090550574296,20.1489052302078,22.4288863042892,12.1847447340875,5.32225274082515,7.44461967910511,-0.791324980685764,4.01801012481781,0.124307136216221,1
"7482","PmetTSAr1.1-007681",38.9360936421155,33.7043525962735,25.0609557068272,24.8617897650001,32.1140872084141,28.6949324944288,55.1921799973757,42.714566904067,0.373443696688596,5.13867942993276,0.257461799628792,1
"7483","PmetTSAr1.1-007682",19.198281738087,19.3658724979471,28.1817539646585,13.1060553074282,18.2780859168071,14.8422064626356,17.8316420568591,17.7481997672962,-0.21549527519532,4.21879608918293,0.486556968662272,1
"7484","PmetTSAr1.1-007683",4.8108106463122,5.86033315222055,7.14000813534134,6.0102516258307,4.73336886291819,6.75673779918077,6.60043154866111,6.2557450535446,0.0335815808098354,2.60511594558293,0.916669907501275,1
"7485","PmetTSAr1.1-007684",5.44026250657734,6.36604718058476,7.66014117831322,5.61309843469651,6.04414793264938,7.46350953549675,7.33381283184568,6.82187582762103,0.143955113980189,2.73449527280895,0.623875963785691,1
"7486","PmetTSAr1.1-007685",4.36120217469423,3.2127714743138,37.7332880265059,30.2630731644251,15.2924224801972,34.6035442100304,1.00578004551026,2.57589502204778,-0.498982338612312,4.01586420346505,0.551166295203371,1
"7487","PmetTSAr1.1-007687",11.9595853450378,19.4253682659899,4.68119738674697,1.42975148808307,8.66570607211175,2.99671216197976,45.8677608254577,9.82236893022614,0.845345939534062,3.72213389530621,0.238173671218924,1
"7488","PmetTSAr1.1-007688",10.7456424716693,19.5443598020756,3.6409313008032,1.32384397044729,8.77493766125602,2.48783651183225,44.2543220024516,8.94486623040766,0.870742901968683,3.65044743503098,0.239893126106894,1
"7489","PmetTSAr1.1-007689",21.2215198603678,20.198813250547,22.1292967373493,23.5644226739618,22.7201705420073,24.3129477292697,22.7138660277735,22.6452309630574,0.0847687491919733,4.49191333090902,0.761143195026472,1
"7490","PmetTSAr1.1-007690",33.0012618167584,30.2238501657669,36.0783192534135,53.5362501648884,38.085414081634,56.570009774731,50.3937710302539,43.3373107555511,0.301395536568115,5.41696473685793,0.351276172765066,1
"7491","PmetTSAr1.1-007691",4.36120217469423,7.02050062905609,7.94385011084334,9.92882977835468,8.33801130467896,6.9263630158966,2.30491260429436,20.5222405602707,0.378591958469132,3.08465093756199,0.436973767895882,1
"7492","PmetTSAr1.1-007692",8.85728689087386,10.5010030595627,7.2818626016064,5.61309843469651,6.9180006458035,5.25838171819089,8.48626913399285,9.11470546263059,-0.113993898289237,2.96617400650476,0.721976636598702,1
"7493","PmetTSAr1.1-007693",18.4789081834982,17.6999909927473,13.4288894730923,22.8495469299202,19.6252755162531,26.4898046771229,26.7788937117108,21.6828086471274,0.383522657952262,4.38896928597692,0.198718512129152,1
"7494","PmetTSAr1.1-007695",1.97827727511903,2.29058706964966,2.60066521485943,2.70064169971247,3.02207396632469,3.98619259282213,5.00794647660319,3.651543492793,0.712345128575896,1.69075058119968,0.0108900272809903,1
"7495","PmetTSAr1.1-007697",2.56276828822238,2.4690743737782,3.21536790200802,2.5417804232588,2.65796866917713,3.84483824555893,4.84031646901815,4.18936772816561,0.535237697899032,1.74817580235273,0.0640238253104921,1
"7496","PmetTSAr1.1-007698",11.2402117904491,12.3156239848696,12.577762675502,10.1141679342173,12.9985591081676,9.8099917000658,10.9378579949241,10.9263239396752,-0.0499754618601604,3.5138916183086,0.862795388412064,1
"7497","PmetTSAr1.1-007699",17.7145737817477,9.25159193066289,23.4059869337349,12.4970870810224,13.3626644053152,11.9303069090137,3.7088139178191,7.41631314040129,-0.787856968310346,3.6375705120135,0.0536135272985955,1
"7498","PmetTSAr1.1-007700",9.21697366816823,4.25394741506365,10.4499456815261,6.14263602287543,6.80876905665924,6.04996606286479,1.7182075777467,4.3025938829809,-0.671422240998465,2.62170587818943,0.103224956448877,1
"7499","PmetTSAr1.1-007701",5.12553657644477,4.16470376299937,3.83007058915661,4.52754637892973,5.35234786806902,4.77777693749603,5.17557648418823,4.81211157964969,0.18861126736163,2.25812990394347,0.495964994566733,1
"7500","PmetTSAr1.1-007702",30.3036109870507,34.091075088552,21.1363154734939,23.8821452268691,27.5991815237845,30.3346429226819,33.5888627698532,28.9575890940096,0.138909531494685,4.848134505618,0.640471917346094,1
"7501","PmetTSAr1.1-007703",10.9704467074783,10.3522636394556,6.05245722730921,38.3385213841535,13.544717053889,19.0545660110788,10.120661707947,24.9380605980669,0.0398933581127395,4.06612730399649,0.933351826143419,1
"7502","PmetTSAr1.1-007704",13.8029800786714,17.6702431087259,8.84226173052206,13.7679772926518,9.13904295840357,21.231422958932,19.2984046232282,18.7955416993376,0.339591363675553,3.94420517786268,0.318963594068071,1
"7503","PmetTSAr1.1-007705",7.32861808737279,5.44386277592061,12.1521992767068,8.07544821972847,7.82826388867238,7.12425910206508,5.13366898229197,6.0009862052102,-0.33780974780208,2.89424798411658,0.298717085141624,1
"7504","PmetTSAr1.1-007706",9.35185620965362,10.6497424796698,11.0173635465863,18.2160930333547,9.83084302298392,14.8987482015409,15.5476832035128,14.3797216615414,0.149453390741813,3.706944418657,0.640260074746578,1
"7505","PmetTSAr1.1-007707",9.486738751139,10.5010030595627,10.970078724498,17.104064098179,9.50314825555113,12.8349747314982,14.4999956561063,14.3231085841338,0.0890954993316389,3.64079308128514,0.776190727230944,1
"7506","PmetTSAr1.1-007708",7.64334401750536,5.44386277592061,24.2571137313252,10.9084743164857,5.89850581379035,6.98290475480188,4.1907501896261,9.79406239152231,-0.842867904271053,3.2367818002936,0.051419496486092,1
"7507","PmetTSAr1.1-007709",3.5968677729437,3.68873761865659,4.63391256465862,5.61309843469651,4.40567409548539,7.52005127440203,2.80780262704949,3.45339772186625,0.0489999860749653,2.17849468674656,0.886490653457048,1
"7508","PmetTSAr1.1-007710",10.1161906114042,9.57881865489856,10.3553760373494,9.74349162249205,7.46415859152483,12.7218912536876,10.5397367269096,19.5598182443408,0.338430438471715,3.50159664302092,0.304862142890497,1
"7509","PmetTSAr1.1-007711",56.5157848823779,63.7199675738904,96.7920308148591,39.6623653546008,64.2645849465431,42.0387828760745,43.5838019721114,46.4793365516753,-0.386280958278734,5.82471094860742,0.297946230126116,1
"7510","PmetTSAr1.1-007712",12.9487239825973,16.5100756318904,14.4691555590361,15.621358851278,14.7826750641906,20.1288590502791,20.5975371820123,15.9082747515478,0.26197758679659,4.03911859928603,0.368529031422706,1
"7511","PmetTSAr1.1-007713",4.22631963320885,3.68873761865659,15.8877002216867,5.05708396710865,4.73336886291819,4.04273433172741,1.92774508722801,4.58565927001912,-0.914439140774748,2.47228358100312,0.0440123922311987,1
"7512","PmetTSAr1.1-007714",17.5796912402623,15.8853700674405,12.3886233871485,11.8086882163898,14.6734434750464,12.4391825591612,14.8143019203283,14.7760132033949,-0.023730476466648,3.8435289809591,0.936408134109664,1
"7513","PmetTSAr1.1-007715",10.5208382358603,10.173776335327,7.32914742369475,9.34633843135787,11.1416220927151,12.9197873398561,14.3742731504175,11.266002404121,0.411112986205477,3.45328953743724,0.157939580232806,1
"7514","PmetTSAr1.1-007716",22.9749928996779,26.9515829234102,34.9907683453814,23.6703301915975,27.1258446374927,26.6311590243861,31.9335164449509,30.0898506421625,0.0932104688052331,4.81284777378477,0.753778356883047,1
"7515","PmetTSAr1.1-007717",25.4028786464149,7.55596254144172,29.3638745168674,35.187772734489,20.3534861105482,9.64036648334997,4.04407393298919,8.69010738207327,-1.19174440374348,4.13493445515856,0.0140488012048064,1
"7516","PmetTSAr1.1-007718",34.6648131617449,38.1665351994871,28.1817539646585,38.1796601076998,30.6212554901092,38.1656737610629,33.6098165208013,35.9493041538536,-0.00917301433417063,5.11926186285087,0.976495637403397,1
"7517","PmetTSAr1.1-007719",22.3455410394127,20.8532666990183,15.4621368228915,14.5622836749202,22.9750442500106,20.920443394953,25.6473911605117,22.390472114723,0.328703162986696,4.37221019658828,0.263719794785246,1
"7518","PmetTSAr1.1-007720",11.8247028035524,13.8327660699622,9.64610370602406,12.2852720457509,8.11954812639043,12.2412864729928,14.6257181617951,14.7194001259873,0.0629260642608501,3.61245157419498,0.840087798734585,1
"7519","PmetTSAr1.1-007721",9.17201282100643,4.55142625527789,27.4724816333332,15.5948819718691,14.6734434750464,15.74687428512,8.33959287735594,8.37873545633123,-0.267913223144722,3.70439157602123,0.552716589774739,1
"7520","PmetTSAr1.1-007722",13.0386456769209,13.7732703019194,9.504249239759,11.3585812664377,12.9257380487381,12.0433903868243,15.7781744639423,13.4172993456115,0.183866633390844,3.67767657383876,0.528105322421518,1
"7521","PmetTSAr1.1-007724",10.4309165415367,9.28133981468432,7.42371706787146,6.53978921400961,9.13904295840357,8.48126083579176,6.36994028823167,8.03905699188537,-0.0725333501015174,3.04776399156182,0.812187193472736,1
"7522","PmetTSAr1.1-007725",15.0618837992017,15.2309166189691,11.4429269453815,17.2364484952237,15.0375487721939,18.7718573165524,22.4624210163959,17.2952951480351,0.318480502295396,4.05647805444451,0.282920879510837,1
"7523","PmetTSAr1.1-007726",9.26193451533002,8.53764271414872,6.09974204939757,7.38704935509588,7.02723223494777,9.951346047329,7.27095157900128,7.47292621780893,0.0196588214106121,2.98891071923451,0.950825960115234,1
"7524","PmetTSAr1.1-007727",16.6355134498646,12.3156239848696,47.9940944196785,18.7456306215336,49.1906256446344,27.9598898886602,6.16040277875037,5.68961427946816,-0.104667155398054,4.53108074077674,0.860033260967627,1
"7525","PmetTSAr1.1-007728",37.0477380613201,26.7135998512388,32.390103130522,35.8496947197126,30.1843291335321,38.9572581057368,32.6459439771873,30.9390468032771,0.00815161581617761,5.05101733536234,0.979305719543983,1
"7526","PmetTSAr1.1-007729",11.914624497876,8.44839906208444,13.523459117269,18.6132462244889,10.8139273252823,16.1143955880043,12.2579443046563,13.8702039648726,0.0148440234461902,3.72889593128811,0.964957916533397,1
"7527","PmetTSAr1.1-007730",28.7299813363878,22.6678876243252,41.232364861044,21.1815035271566,33.024350451283,12.4391825591612,17.0982607736745,21.597889031016,-0.435300547342617,4.63162763971372,0.22222332205969,1
"7528","PmetTSAr1.1-007731",17.6696129345859,17.1050333123189,3.87735541124497,11.7822113369809,15.62011724763,20.1854007891844,29.3142975764346,17.4934409189618,0.711319506676308,4.06261344548631,0.0830906162124463,1
"7529","PmetTSAr1.1-007732",20.5471071529409,22.0729299438967,20.5688976084337,13.9533154485144,20.2806650511187,17.471397321731,21.4147334689894,21.2299040278663,0.06039768294081,4.30392914002944,0.83878891696714,1
"7530","PmetTSAr1.1-007733",15.4215705764961,16.0341094875476,12.8141867859437,13.4237778603355,15.765759366489,15.6337908073095,14.6466719127432,13.9268170422803,0.0554816632907863,3.88463472280799,0.845559997755541,1
"7531","PmetTSAr1.1-007734",20.4571854586173,20.1393174825041,22.9331387128513,25.6296192678595,20.3534861105482,21.9099238257954,22.3995597635515,20.6071601763822,-0.0644320166829304,4.45062887382569,0.819780413903762,1
"7532","PmetTSAr1.1-007735",4.99065403495938,2.14184764954254,21.420024406024,8.44612453145371,7.13646382409203,5.11702737092769,1.2362713059397,2.32113617371338,-1.22701338553838,2.72764934189867,0.0399588972640358,1
"7533","PmetTSAr1.1-007736",30.6183369171832,15.8853700674405,21.7983029827308,20.8108272154314,22.8658126608663,16.1143955880043,11.88077678759,18.6540090058185,-0.358358998506602,4.31297877184242,0.266859406979168,1
"7534","PmetTSAr1.1-007737",19.423085973896,12.5833549410624,43.7857452538151,17.607124806949,15.62011724763,10.5450343058344,10.8959504930279,11.1244697106019,-0.95371379292012,4.14820890706781,0.0120282695473636,1
"7535","PmetTSAr1.1-007738",15.6463748123051,17.5809994566616,17.1171055959839,18.2160930333547,20.0986124025449,25.5851368546385,23.6358310694912,19.9278032474905,0.380193647076351,4.30699452604537,0.178516674145267,1
"7536","PmetTSAr1.1-007739",6.83404876859303,4.78940932744928,11.915775166265,8.57850892849844,8.52006395325273,9.41419952772885,8.1719628697709,7.50123275651275,0.0678949560323621,3.04827696916845,0.840916334541561,1
"7537","PmetTSAr1.1-007740",10.1611514585659,9.96554114717707,14.6582948473895,13.3708241015176,11.5421379195774,13.6265590761721,12.6141580707746,11.5773743298631,0.036268400099629,3.61482203025466,0.904440860069704,1
"7538","PmetTSAr1.1-007741",13.6680975371861,12.1966324487839,17.4480993506023,10.7760899194409,14.0180539401808,10.658117783645,11.5874242743162,9.00147930781531,-0.255682679474907,3.64045417318682,0.398095649925053,1
"7539","PmetTSAr1.1-007742",17.5347303931005,16.6885629360189,13.5707439393574,12.4441333222045,15.1467803613382,15.0401025488041,30.5505688823743,26.1269352236274,0.529176769698516,4.20631515408124,0.106984055417842,1
"7540","PmetTSAr1.1-007743",40.824449222911,19.2468809618614,194.95532147028,48.2938280419171,72.0200277757859,26.1505542436913,7.35476658279381,14.0683497357994,-1.34282778362873,5.72448733650052,0.0500873148971561,1
"7541","PmetTSAr1.1-007744",13.6231366900243,12.1668845647625,12.2940537429718,12.205841407524,12.1247063950135,12.4109116897086,13.5780306143886,12.8794751102389,0.020741422220423,3.66924247611288,0.944380407297749,1
"7542","PmetTSAr1.1-007745",8.81232604371206,10.4712551755413,8.41669833172688,10.6437055223962,6.80876905665924,12.8349747314982,14.2695043956769,10.8697108622675,0.224176897936656,3.3872016873436,0.476217491235533,1
"7543","PmetTSAr1.1-007746",7.95806994763793,7.94268503372023,10.0716671048192,13.1060553074282,8.77493766125602,13.9658095096038,16.050573226268,17.2669886093312,0.520192652057142,3.58086521048368,0.107548747574942,1
"7544","PmetTSAr1.1-007747",4.49608471617962,3.95646857484941,4.72848220883532,5.21594524356232,4.1508003874821,5.93688258505423,5.59465150315084,4.98195081187262,0.16925848901643,2.30687040665046,0.560113125546203,1
"7545","PmetTSAr1.1-007748",25.7176045765474,27.1895659955816,31.3025522224898,37.0941080519331,29.5289395986665,35.9040042048518,32.7297589809798,29.6652525616052,0.0753197690505719,4.96378217873437,0.797767043347891,1
"7546","PmetTSAr1.1-007749",20.6819896944263,20.0798217144613,26.8104941240963,14.3769455190576,24.5406970277451,12.1847447340875,13.2846781011147,19.3899790121179,-0.239655536643139,4.2453943197921,0.46761223233759,1
"7547","PmetTSAr1.1-007750",17.2649653101297,19.0386457737114,12.4831930313253,20.4666277831151,17.6591069116563,17.1886886272046,20.8280284424417,23.3528944306529,0.189369047514008,4.2175928898614,0.524405892344885,1
"7548","PmetTSAr1.1-007751",17.3548870044533,22.2216693640038,16.2186939763052,18.3484774303994,19.9529702836859,16.6232712381519,18.2297633248735,21.4846628762007,0.0402240253387097,4.2378915800156,0.888295068816136,1
"7549","PmetTSAr1.1-007752",16.7254351441882,17.6404952247045,14.9420037799196,11.729257578163,16.5667910202136,16.3405625436255,18.6069308419399,16.4177924482166,0.155159914981026,4.01645086378609,0.59378381969953,1
"7550","PmetTSAr1.1-007753",5.53018420090094,6.48503871667045,4.53934292048191,9.87587601953678,6.1897900515084,6.50229997410702,6.51661654486859,5.26501619891084,-0.116132699023549,2.68534242872235,0.723188823677571,1
"7551","PmetTSAr1.1-007755",17.9843388647185,15.4391518071191,14.7055796694779,16.2038501982748,17.4406437333678,20.8073599171425,18.2507170758217,14.0400431970956,0.132996942732576,4.08081894662169,0.64664270159322,1
"7552","PmetTSAr1.1-007756",2.02323812228083,3.09377993822811,2.03324734979919,11.3056275076199,2.80361078803616,7.66140562166522,4.81936271807002,7.303086985586,0.284538955739364,2.38286799789479,0.56535841733815,1
"7553","PmetTSAr1.1-007757",2.92245506551675,3.24251935833523,2.2223866381526,12.205841407524,2.7672002583214,6.61538345191757,5.25939148798076,8.32212237892358,0.151610764132109,2.4668417327937,0.755950051420562,1
"7554","PmetTSAr1.1-007758",20.5021463057791,24.4230127815892,18.9139288353413,21.975809909425,19.5524544568236,30.5890807477556,33.882215283127,26.2967744558504,0.3624108690303,4.61992518159507,0.225743064596966,1
"7555","PmetTSAr1.1-007759",26.3470564368126,25.2262056501676,25.2500949951806,33.8374518846327,30.0022764849583,34.631815079483,25.9407436737856,30.4012225679045,0.12793637690589,4.85893000065114,0.660650283859436,1
"7556","PmetTSAr1.1-007760",22.5703452752217,19.4253682659899,16.6915421971887,24.8617897650001,19.9529702836859,25.3589698990174,23.8244148280244,20.5788536376784,0.102358170425929,4.44124494591013,0.725074261060278,1
"7557","PmetTSAr1.1-007761",18.1641822533657,15.9448658354833,16.3605484425702,14.3239917602397,17.2950016145088,16.142666457457,17.0563532717782,14.3231085841338,0.00117624352601494,4.02329037898906,0.999769750397435,1
"7558","PmetTSAr1.1-007762",16.320787519732,17.6702431087259,11.1592180128514,14.8005755896007,15.765759366489,15.6903325462148,16.1972494829049,16.9273101448854,0.106437967934411,3.96641961625703,0.714026021031293,1
"7559","PmetTSAr1.1-007763",18.8385949607926,16.6885629360189,12.577762675502,17.8983704804474,16.5303804904989,22.5884246926587,19.4450808798651,18.8521547767453,0.229716237892446,4.16947900495294,0.43345464657323,1
"7560","PmetTSAr1.1-007764",25.807526270871,20.9127624670611,19.5759163445782,22.9289775681471,22.174012596286,19.9592338335633,22.3786060126034,22.7584571178727,-0.0319101584330696,4.46746697285969,0.911066649122313,1
"7561","PmetTSAr1.1-007765",4.27128048037064,5.53310642798488,2.88437414738955,3.89210127311503,2.87643184746567,3.64694215939046,6.26517153349102,3.99122195723886,0.0185847706816474,2.08441816986154,0.966047581110895,1
"7562","PmetTSAr1.1-007766",3.68678946726729,5.62235008004915,3.16808307991967,2.64768794089458,3.45900032290175,2.62919085909545,4.58887145764058,3.42509118316243,-0.100432591513096,1.89439959418537,0.754811148593545,1
"7563","PmetTSAr1.1-007767",10.9704467074783,16.3613362117833,6.14702687148592,11.7557344575719,8.11954812639043,15.1814568960673,15.5476832035128,16.672551296551,0.294165156863121,3.66337517494033,0.403646873103818,1
"7564","PmetTSAr1.1-007768",5.08057572928297,4.34319106712792,3.49907683453814,3.70676311725241,4.76977939263294,4.01446346227477,4.42124145005554,4.5573527313153,0.0954857989029001,2.12433951811762,0.734332167252678,1
"7565","PmetTSAr1.1-007769",10.6107599301839,8.62688636621299,5.95788758313251,7.20171119923326,10.8139273252823,8.62261518305496,8.36054662830407,8.40704199503505,0.159465427223079,3.1103366356548,0.59974465688897,1
"7566","PmetTSAr1.1-007770",9.5766604454626,6.51478660069188,9.59881888393571,9.02861587845052,8.44724289382322,9.78172083061316,8.59103788873351,7.92583083707008,0.00287527178599632,3.12790963247025,0.998446413587542,1
"7567","PmetTSAr1.1-007771",15.7812573537905,13.6840266498551,19.7650556329317,13.6091160161981,20.1350229322597,6.95463388534924,5.19653023513636,10.162047394672,-0.567597846107688,3.72275880167786,0.146850032656049,1
"7568","PmetTSAr1.1-007772",6.87900961575482,8.12117233784878,4.82305185301203,8.65793956672528,6.04414793264938,7.74621823002314,8.84248290011107,9.48269046578027,0.170781687377236,2.93473532662044,0.581554844077874,1
"7569","PmetTSAr1.1-007773",14.117706008804,15.2606645029906,18.8193591911646,10.1141679342173,17.8047490305153,14.9552899404461,14.8562094222245,11.747213562086,0.0268899990700225,3.88406350909661,0.933730945089359,1
"7570","PmetTSAr1.1-007774",2.83253337119316,3.27226724235665,3.26265272409637,2.80654921734825,3.0948950257542,4.55160998187491,3.62499891402658,3.42509118316243,0.273844113232354,1.77555216038643,0.312196691307455,1
"7571","PmetTSAr1.1-007775",25.3579177992531,22.3704087841109,31.5389763329316,27.8801540176199,22.9022231905811,34.7448985572936,30.5296151314261,27.2591967717803,0.108138822811526,4.8014476192645,0.717218903222329,1
"7572","PmetTSAr1.1-007776",53.7731732055083,52.6835026019421,50.4056203461845,41.039163083866,49.5183204120672,46.9579141608337,49.8699272565506,53.7258104598536,0.0159120233775932,5.6382548776027,0.960321874424434,1
"7573","PmetTSAr1.1-007777",7.73326571182895,8.06167656980593,5.8633179389558,5.90434410819491,7.17287435380679,7.7179473605705,9.03106665864425,7.41631314040129,0.185992407415924,2.8929562713336,0.526950369064832,1
"7574","PmetTSAr1.1-007778",11.914624497876,11.0067170879269,8.36941350963852,8.94918524022368,10.0128956715577,12.4391825591612,12.8236955802559,10.8980174009714,0.199217575768245,3.44186651823399,0.495645272693936,1
"7575","PmetTSAr1.1-007779",3.32710268997292,3.00453628616383,1.84410806144578,2.46234978503196,2.62155813946238,3.13806650924295,3.60404516307845,3.19863887353185,0.241216195603086,1.56901499473569,0.394234921913194,1
"7576","PmetTSAr1.1-007780",19.7827727511903,19.6336034541399,24.9191012405622,23.8821452268691,25.6694234489025,26.8855968494599,30.5924763842705,26.4666136880733,0.313571348569021,4.63196658368498,0.271198334179634,1
"7577","PmetTSAr1.1-007781",6.20459690832788,6.5445344847133,3.68821612289155,6.75160424928118,5.20670574921,7.37869692713883,7.58525784322324,7.50123275651275,0.252468475260002,2.68459132953123,0.412786651255538,1
"7578","PmetTSAr1.1-007782",5.79994928387171,5.8008373841777,3.92464023333332,7.09580368159747,4.66054780348867,7.57659301330731,9.95303170036199,6.51050390187899,0.342449271957993,2.69831282070939,0.295073749669079,1
"7579","PmetTSAr1.1-007783",15.7812573537905,20.2285611345684,11.7739207,16.8128184246806,16.967306847076,19.5351707917737,21.6242709784707,19.6164313217485,0.266233383221465,4.15889827021358,0.369515463966806,1
"7580","PmetTSAr1.1-007784",15.4665314236579,10.0250369152199,10.2135215710843,6.38092793755594,7.5733901806691,5.484548673812,7.39667408469007,9.19962507874206,-0.502357959510663,3.17233490488881,0.129594257564365,1
"7581","PmetTSAr1.1-007786",25.0431918691205,22.8166270444323,31.9172549096384,28.6215066410704,32.2961398569879,28.525307277713,22.6300510239809,27.7121013910415,0.0361955292974328,4.78151366291409,0.902486171576246,1
"7582","PmetTSAr1.1-007787",6.51932283846045,9.69781019098426,11.4902117674698,8.23430949618214,7.93749547781665,12.1847447340875,7.94147160934146,7.27478044688218,-0.0239555893630264,3.16516059230524,0.941740257375332,1
"7583","PmetTSAr1.1-007788",3.86663285591448,3.77798127072086,7.75471082248993,4.71288453479235,4.98824257092147,3.3925043343167,3.64595266497471,3.99122195723886,-0.325952807430027,2.19101291020555,0.302033984573908,1
"7584","PmetTSAr1.1-007789",7.1487746987256,5.41411489189919,6.05245722730921,12.1264107692972,8.92057978011504,6.72846692972813,5.40606774461767,5.32162927631848,-0.225796487916239,2.84835124329959,0.51142020531439,1
"7585","PmetTSAr1.1-007790",12.9037631354355,10.8579776678198,28.7018870076304,23.8821452268691,12.9985591081676,27.818535541397,23.5729698166468,26.8629052299268,0.2581710732763,4.39336220272837,0.487504766627798,1
"7586","PmetTSAr1.1-007791",25.5377611879003,26.7135998512388,25.0136708847389,34.1551744375401,27.817644702073,41.3037402703059,35.6842378646662,29.2689610197517,0.266653306166504,4.94280570476957,0.373532522230591,1
"7587","PmetTSAr1.1-007793",5.26041911793016,6.12806410841336,6.28888133775098,7.12228056100642,6.69953746751497,7.77448909947578,8.02528661313398,7.64276545003186,0.280264267105734,2.79399082163798,0.325012438361005,1
"7588","PmetTSAr1.1-007795",39.5655455023807,33.6448568282307,23.5478413999999,24.3852059356391,36.2648875958962,24.2281351209118,23.5310623147506,27.9951667780797,-0.113266358015724,4.8679441606345,0.719367412451384,1
"7589","PmetTSAr1.1-007796",16.1859049782466,12.8213380132338,14.2800162706827,19.3810757273483,17.6955174413711,15.6055199378568,10.8121354892353,16.8140839900701,-0.0420572559863843,3.95502975477823,0.893033610442906,1
"7590","PmetTSAr1.1-007797",26.257134742489,26.4161210110246,28.3708932530119,26.1326799766295,25.2689076220402,22.5601538232061,22.6300510239809,24.2587036691752,-0.178290853401194,4.66076384817379,0.522982140135815,1
"7591","PmetTSAr1.1-007798",16.8153568385118,18.8899063536043,16.8333966634538,14.9594368660544,18.9698859813875,18.3195234053102,23.6777385713875,20.4090144054555,0.270189933618918,4.22304659968138,0.34087502044028,1
"7592","PmetTSAr1.1-007799",12.8588022882737,8.65663425023441,28.8910262959838,11.3056275076199,13.9452328807513,9.1597617026551,8.57008413778538,10.1337408559682,-0.560241949642789,3.69796748872913,0.138984748159512,1
"7593","PmetTSAr1.1-007800",3.14725930132574,3.12352782224953,2.9316589694779,3.78619375547925,2.29386337202958,3.47731694267462,3.14306264221958,3.17033233482803,-0.104446548300122,1.67748303873451,0.70301225316282,1
"7594","PmetTSAr1.1-007801",13.6231366900243,13.8922618380051,12.0103448104417,14.3504686396486,14.5642118859021,16.6515421076045,20.9956584500268,14.3231085841338,0.304535085740742,3.9184412267886,0.29285292344478,1
"7595","PmetTSAr1.1-007804",18.5688298778218,12.4346155209553,20.2851886759035,28.356737846981,17.2221805550792,27.7619938024917,4.23265769152236,9.59591662059556,-0.438372255466676,4.11777334073739,0.339420039663476,1
"7596","PmetTSAr1.1-007806",15.5114922708197,15.082177198862,9.40967959558229,12.1264107692972,12.1611169247283,15.6337908073095,19.3612658760726,16.672551296551,0.292376942607112,3.86436477317092,0.338463003622235,1
"7597","PmetTSAr1.1-007807",24.9532701747969,22.2811651320466,17.2589600622489,20.6519659389777,19.3704018082498,24.4543020765329,31.3677651693514,24.5700755949172,0.229052869017138,4.5349055906772,0.441054754033923,1
"7598","PmetTSAr1.1-007808",7.95806994763793,9.84654961109138,7.51828671204816,8.31374013440898,9.79443249326917,7.88757257728634,7.92051785839333,8.15228314670065,0.00265901644798959,3.08510555039495,0.993324264252087,1
"7599","PmetTSAr1.1-007809",5.57514504806273,4.67041779136358,11.7266358779116,6.38092793755594,7.82826388867238,6.81327953808605,8.1719628697709,5.83114697298727,0.0188909737245649,2.84378437689823,0.965698901059057,1
"7600","PmetTSAr1.1-007810",19.7827727511903,21.6267116835753,20.9471761851405,21.9493330300161,22.2104231260007,22.0512781730586,24.5158886093127,22.6452309630574,0.116789755198598,4.46143217174434,0.67463832552082,1
"7601","PmetTSAr1.1-007811",26.3020955896508,26.7433477352603,21.6564485164658,27.0328938765337,26.8345603997746,18.3760651442155,18.7745608495249,25.8438698365892,-0.180476262754119,4.58524538642067,0.539092134095401,1
"7602","PmetTSAr1.1-007812",9.84642552843337,8.83512155436296,13.6180287614457,11.1997199899841,9.72161143383966,8.96186561648663,10.0787542060508,10.0771277785605,-0.162096274504958,3.37148184750639,0.575844930935398,1
"7603","PmetTSAr1.1-007813",12.3192721223322,9.96554114717707,11.2537876570281,8.28726325500003,14.6370329453316,9.89480430842372,8.13005536787463,10.1337408559682,0.0330768328398467,3.41018372255075,0.917147319611119,1
"7604","PmetTSAr1.1-007814",14.5223536332602,7.07999639709894,11.4902117674698,4.1039163083866,8.19236918581994,4.49506824296963,4.10693518583358,4.72719196353823,-0.787780602428006,2.88217037778709,0.0451439322472179,1
"7605","PmetTSAr1.1-007815",20.0525378341611,18.80066270154,7.61285635622487,16.0449889218212,14.7462645344759,12.7784329925929,14.2275968937806,14.7760132033949,-0.146226204335359,3.90149458309074,0.660933662121531,1
"7606","PmetTSAr1.1-007816",7.82318740615254,6.84201332492754,3.16808307991967,6.85751176691696,5.82568475436084,5.7672573683384,4.88222397091441,4.86872465705734,-0.21376962782222,2.54025039334647,0.515463301546901,1
"7607","PmetTSAr1.1-007817",21.5362457905004,19.1278894257757,17.1643904180722,19.0898300538499,23.4847916660171,15.8882286323832,17.8106883059109,17.0122297609969,-0.0525841515320877,4.24396732678512,0.857624197656005,1
"7608","PmetTSAr1.1-007818",7.05885300440201,7.91293714969881,8.60583762008029,17.5012172893132,7.90108494810189,10.4602216974765,9.09392791148864,10.5300323978217,-0.115693743079145,3.31518091680568,0.738746548587929,1
"7609","PmetTSAr1.1-007819",17.3998478516151,18.6519232814329,12.8614716080321,18.1896161539458,16.3847383716399,25.6416785935438,22.6510047749291,17.2103755319236,0.286765089380095,4.22449549201173,0.339357597700542,1
"7610","PmetTSAr1.1-007820",3.19222014848753,2.37983072171393,1.5131143068273,1.87985843803515,2.73078972860665,2.40302390347433,2.34682010619062,3.59493041538536,0.30541487964633,1.36035036147667,0.311727785340138,1
"7611","PmetTSAr1.1-007821",6.47436199129866,6.93125697699181,10.1662367489959,11.0143818341215,7.86467441838714,11.0539099559819,6.60043154866111,8.2088962241083,-0.037448986066153,3.10447316735593,0.910032390257899,1
"7612","PmetTSAr1.1-007823",13.7130583843478,16.9860417762332,26.2903610811244,15.4360206954154,17.4770542630825,19.591712530679,19.5498496346058,17.5783605350733,0.036094513702471,4.20054543385891,0.90918426049698,1
"7613","PmetTSAr1.1-007824",16.0060615895995,13.8327660699622,17.2116752401606,12.3382258045687,15.1467803613382,12.7501621231403,14.7514406674839,12.5681031844968,-0.103758831025279,3.84612949226556,0.718036012169603,1
"7614","PmetTSAr1.1-007825",28.0555686289608,25.1072141140819,32.9575209955822,44.6400186834826,31.3130555546895,41.1058441841374,31.786840188314,32.0996148901338,0.0595442519393297,5.06386122674783,0.848133055847078,1
"7615","PmetTSAr1.1-007826",14.2525885502894,15.6771348792905,16.9279663076305,14.1121767249681,14.0544644698955,17.1321468882994,17.9364108115997,13.4172993456115,0.0376044863132625,3.95431278192786,0.898860695139741,1
"7616","PmetTSAr1.1-007827",14.6572361747456,14.6657068225621,10.9227939024096,14.6152374337381,13.2534328161709,14.4464142902986,15.5057757016166,15.1723047452484,0.0890838759380503,3.8299265258786,0.756474601283406,1
"7617","PmetTSAr1.1-007828",10.6557207773457,11.8099099565054,10.9227939024096,14.165130483786,12.1611169247283,16.3688334130781,14.6466719127432,13.2757666520924,0.246483213593269,3.70809856403551,0.392889563424286,1
"7618","PmetTSAr1.1-007829",8.09295248912332,8.77562578632011,9.40967959558229,6.61921985223645,7.71903229952812,7.32215518823355,7.31285908089755,6.53881044058282,-0.185828399739321,2.95977340986647,0.518072372189454,1
"7619","PmetTSAr1.1-007830",12.4091938166558,12.4346155209553,12.1049144546184,13.4502547397445,12.6708643407348,14.6725812459197,15.1286081845502,16.3328728321051,0.222483733016053,3.77784520705152,0.431588111208682,1
"7620","PmetTSAr1.1-007831",8.94720858519745,9.34083558272717,10.9227939024096,9.84939914012784,7.17287435380679,12.3260990813507,10.2463842136358,17.2952951480351,0.269083566670429,3.43675214663523,0.405039892469349,1
"7621","PmetTSAr1.1-007832",10.7456424716693,13.118816853448,10.2135215710843,12.3647026839777,10.0857167309872,11.7324108228453,17.3916132869483,15.3138374387675,0.231397646300788,3.6658035533837,0.443604422500527,1
"7622","PmetTSAr1.1-007833",21.176559013206,29.7776319054455,20.1433342096385,21.3668416830193,15.5837067179153,26.2353668520492,24.7882873716384,22.3338590373153,-0.056012428467785,4.50731777808171,0.854486661102018,1
"7623","PmetTSAr1.1-007835",8.67744350222667,8.65663425023441,10.0716671048192,8.73737020495211,9.72161143383966,8.48126083579176,10.2882917155321,7.41631314040129,-0.00844422351465007,3.18056438721469,0.97827163758647,1
"7624","PmetTSAr1.1-007836",7.46350062885817,6.36604718058476,10.970078724498,10.3524598488978,8.22877971553469,5.65417389052784,4.88222397091441,6.17082543743313,-0.497046683793386,2.91886487292798,0.115718469155941,1
"7625","PmetTSAr1.1-007837",13.8029800786714,12.3156239848696,11.5374965895582,11.252673748802,12.5980432813053,12.0433903868243,13.9551981314549,17.776506306,0.205551433673931,3.7250389743239,0.482223659803636,1
"7626","PmetTSAr1.1-007838",9.03713027952104,7.5262146574203,8.13298939919676,7.99601758150163,9.3575061366921,7.94411431619162,10.8749967420797,12.4265704909777,0.313871653389383,3.20579095794895,0.284954019297521,1
"7627","PmetTSAr1.1-007839",13.2634499127299,10.1142805672842,1.93867770562248,8.39317077263582,9.21186401783308,9.86653343897108,12.5722505688783,12.6530228006083,0.393397475816026,3.29621363900972,0.359276510292279,1
"7628","PmetTSAr1.1-007840",16.9502393799972,21.0317540031468,8.22755904337346,16.8922490629074,9.02981136925931,23.0973003428062,24.9349636282753,21.7960348019427,0.321105454050491,4.15561907473388,0.392727958907447,1
"7629","PmetTSAr1.1-007841",24.6835050918261,11.9586493766125,25.3446646393573,18.6397231038978,35.6823191204602,13.2024960343825,6.03468027306158,11.4641481750478,-0.281184185896862,4.20279124880423,0.535889313576038,1
"7630","PmetTSAr1.1-007842",18.0292997118803,27.8142715600315,10.9227939024096,23.1937463622365,14.4185697670431,27.2248472828916,26.2969574399038,26.4666136880733,0.23854412204598,4.45102854018341,0.491534350240616,1
"7631","PmetTSAr1.1-007843",4.40616302185603,5.44386277592061,2.88437414738955,5.42776027883389,2.91284237718042,3.56212955103254,3.37355390264901,3.62323695408918,-0.436355032758256,2.00696820101817,0.141606575711303,1
"7632","PmetTSAr1.1-007844",5.57514504806273,5.9198289202634,3.21536790200802,3.44199432316295,3.93233720919357,3.25114998705351,4.42124145005554,4.86872465705734,-0.139687694988576,2.13410284673644,0.660228932918652,1
"7633","PmetTSAr1.1-007846",32.9113401224348,37.8393084752514,87.9024842622487,23.6968070710065,36.5561718336143,26.3484503298597,35.0556253362223,28.5329910134523,-0.526894276713003,5.27224016348522,0.179721628070948,1
"7634","PmetTSAr1.1-007848",19.198281738087,18.5924275133901,18.5829350807228,23.1407926034186,19.5888649865383,24.0867807736486,23.3005710543211,23.4095075080606,0.184597368282139,4.41305860012276,0.514656916133023,1
"7635","PmetTSAr1.1-007849",2.92245506551675,3.98621645887083,2.41152592650602,2.40939602621407,3.24053714461322,3.3925043343167,3.39450765359714,2.94388002519746,0.14149112519913,1.65662811863605,0.618273139117794,1
"7636","PmetTSAr1.1-007850",12.6339980524647,14.5467152864764,14.7528644915662,16.7598646658627,13.4718959944594,12.2695573424454,15.9877119734236,14.8043197420988,-0.0544222198063144,3.8547601636485,0.85083255674971,1
"7637","PmetTSAr1.1-007851",9.89138637559517,10.2630199873913,8.55855279799194,10.0082604165815,6.99082170523301,16.3688334130781,24.893056126379,12.5964097232007,0.653122805640813,3.64685272675672,0.0699435825096588,1
"7638","PmetTSAr1.1-007852",1.93331642795724,1.63613362117833,2.03324734979919,1.69452028217253,1.7112948965935,1.86587738387419,2.91257138179014,1.61347270611784,0.169869095260423,0.992382358204078,0.581303983674493,1
"7639","PmetTSAr1.1-007854",11.9595853450378,8.83512155436296,83.0794324092366,24.6764516091375,24.5042864980303,16.3688334130781,6.16040277875037,23.1264421210223,-0.873317665289503,4.63593275090128,0.13527324259636,1
"7640","PmetTSAr1.1-007855",20.3672637642937,13.2080605055123,28.7018870076304,21.6845642359266,25.9971182163353,17.1886886272046,14.0809206371437,16.3328728321051,-0.189984219113136,4.30337045819093,0.564666016278991,1
"7641","PmetTSAr1.1-007856",18.8385949607926,16.2125967916761,18.7720743690762,13.1590090662461,20.82682299684,14.6443103764671,15.4848219506684,17.4934409189618,0.0318497099310008,4.08611566808975,0.91667911698276,1
"7642","PmetTSAr1.1-007857",7.41853978169638,9.40033135077002,8.60583762008029,9.26690779313103,7.20928488352154,11.280076911603,10.0787542060508,8.43534853373887,0.0929133182989021,3.17452931771614,0.754299976799357,1
"7643","PmetTSAr1.1-007858",25.1780744106059,23.4115847248608,24.3516833755019,26.6622175648084,23.6304337848762,19.7047960084895,14.1856893918844,12.5681031844968,-0.507971898129723,4.41039012806603,0.096040318845337,1
"7644","PmetTSAr1.1-007860",7.68830486466715,15.2309166189691,4.39748845421685,11.3321043870288,4.87901098177721,13.9940803790564,19.424127128917,14.0966562745032,0.437388329712329,3.51923488904499,0.308250051595282,1
"7645","PmetTSAr1.1-007861",14.9719621048781,16.4505798638475,13.3343198289156,13.9003616896965,18.7878333328137,20.7790890476898,25.0187786320678,20.5222405602707,0.537016516060523,4.17321383900043,0.060554541230912,1
"7646","PmetTSAr1.1-007862",32.6415750394641,27.8142715600315,17.3062448843373,28.4361684852078,22.1011915368565,26.2919085909545,32.8764352376168,29.1557348649364,0.0563127216036595,4.7626326599718,0.856790601874364,1
"7647","PmetTSAr1.1-007863",10.1161906114042,7.55596254144172,8.65312244216864,8.39317077263582,9.13904295840357,7.7179473605705,6.68424655245363,6.56711697928664,-0.205637301901354,3.02820406069994,0.481510458424836,1
"7648","PmetTSAr1.1-007866",39.7903497381897,65.6238321512616,2.60066521485943,22.0817174270608,22.7929916014368,25.8395746797122,123.606176843022,82.2588014733059,0.967844147613666,5.59000616739757,0.156423432657283,1
"7649","PmetTSAr1.1-007867",51.5700916945803,72.7930722004248,49.2707846160641,44.0045735776679,41.7992881125391,47.5233315498865,94.731908036498,66.690205186204,0.204454589519378,5.87330909658679,0.590831399561016,1
"7650","PmetTSAr1.1-007869",12.5440763581411,4.43243471919219,13.2397501847389,16.8392953040895,11.760601097866,18.489148622026,1.94869883817614,4.38751349909237,-0.363889746381029,3.39292555969191,0.504771695589247,1
"7651","PmetTSAr1.1-007870",10.2510731528895,9.37058346674859,10.4499456815261,12.5500408398403,10.0128956715577,13.4569338594563,9.97398545131012,11.9736658717166,0.0910145932843048,3.46840459724626,0.754447695766024,1
"7652","PmetTSAr1.1-007871",2.29300320525161,1.24941112889981,7.61285635622487,2.64768794089458,3.34976873375749,2.71400346745336,1.32008630973222,1.58516616741402,-0.617860647587605,1.52613513079319,0.182270480201455,1
"7653","PmetTSAr1.1-007872",1.88835558079544,1.51714208509263,9.64610370602406,3.60085559961663,3.24053714461322,2.00723173113738,1.25722505688783,1.67008578352548,-1.02498429004947,1.64778124095121,0.0364608237054255,1
"7654","PmetTSAr1.1-007873",2.60772913538418,1.30890689694266,7.51828671204816,2.96541049380193,2.94925290689518,2.62919085909545,1.38294756257661,1.78331193834077,-0.714880670141647,1.54986679096204,0.0991960520185648,1
"7655","PmetTSAr1.1-007874",1.97827727511903,1.07092382477127,8.41669833172688,3.09779489084666,3.49541085261651,2.06377347004266,1.32008630973222,1.98145770926752,-0.714065553603757,1.56575990436444,0.14791714205114,1
"7656","PmetTSAr1.1-007875",2.65268998254598,1.07092382477127,8.03841975502005,2.85950297616615,3.53182138233126,2.62919085909545,1.34104006068035,1.44363347389491,-0.705449470793176,1.57395120248593,0.146136952644766,1
"7657","PmetTSAr1.1-007876",2.69765082970777,1.36840266498551,10.4972305036144,2.70064169971247,3.67746350119028,1.89414825332683,1.15245630214718,1.58516616741402,-1.05312997317717,1.6866003747355,0.0421783859782572,1
"7658","PmetTSAr1.1-007877",2.29300320525161,1.10067170879269,8.22755904337346,2.88597985557509,3.96874773890832,2.17685694785322,1.19436380404344,1.41532693519109,-0.727071807219156,1.55467224570045,0.150834341640223,1
"7659","PmetTSAr1.1-007878",1.93331642795724,1.30890689694266,8.51126797590358,2.78007233793931,3.56823191204602,2.77054520635864,1.29913255878409,1.72669886093312,-0.630713339344691,1.59450013330697,0.198553348061861,1
"7660","PmetTSAr1.1-007879",15.7812573537905,11.3041959281412,18.6302199028112,9.63758410485627,16.3483278419251,11.5062438672242,10.8959504930279,10.3035800881911,-0.172846543189957,3.71133429151839,0.589405078145085,1
"7661","PmetTSAr1.1-007880",2.69765082970777,3.24251935833523,1.65496877309236,3.62733247902557,3.53182138233126,2.79881607581128,3.01734013653079,3.34017156705096,0.161836813992521,1.61239248544497,0.57242083834591,1
"7662","PmetTSAr1.1-007881",27.4710776158575,32.4251935833523,22.3657208477911,22.7701162916934,30.3299712523911,20.4398386142581,22.5881435220847,24.7399148271402,-0.0991954335230988,4.66963329775505,0.740255031063469,1
"7663","PmetTSAr1.1-007882",7.32861808737279,5.50335854396346,7.84928046666664,9.82292226071889,10.3041799092757,9.75344996116053,7.06141406951998,6.73695621150957,0.148418094116369,3.01900053967913,0.634319541130969,1
"7664","PmetTSAr1.1-007883",5.62010589522453,5.59260219602773,2.97894379156625,6.14263602287543,4.44208462520014,6.47402910465438,6.89378406193494,5.46316196983759,0.192121275974121,2.46534255208405,0.539150138282244,1
"7665","PmetTSAr1.1-007884",4.99065403495938,6.21730776047764,3.35722236827308,6.11615914346648,3.75028456061979,6.30440388793854,7.58525784322324,5.63300120206052,0.168403802989548,2.47721576215238,0.600748005242992,1
"7666","PmetTSAr1.1-007885",7.28365724021099,2.91529263409956,16.5496877309236,2.8330260967572,11.1416220927151,4.52333911242227,0.859103788873351,1.58516616741402,-0.708162778376155,2.57954785922615,0.287050291480323,1
"7667","PmetTSAr1.1-007887",8.76736519655026,13.5947829977908,8.46398315381523,6.22206666110226,5.49798998692805,7.63313475221258,31.786840188314,22.6169244243536,0.866947995055242,3.71789541939098,0.0679692129780277,1
"7668","PmetTSAr1.1-007888",11.914624497876,9.48957500283429,39.2936871554215,11.8086882163898,16.2390962527809,10.8560138698135,11.4407480176793,8.66180084336944,-0.617912778937826,3.90663226197774,0.148273575590878,1
"7669","PmetTSAr1.1-007889",18.4789081834982,17.5809994566616,19.0557833016064,19.539937003802,21.0088756454138,18.7153155776472,16.7839545094525,19.4748986282293,0.0249957753296521,4.23953886924913,0.929678512046752,1
"7670","PmetTSAr1.1-007890",12.0944678865232,15.3796560390763,8.7949769084337,11.3321043870288,12.7436854001643,12.0151195173717,11.7760080328493,12.7662489554236,0.0488795447717099,3.60618702815588,0.868363529646016,1
"7671","PmetTSAr1.1-007891",10.4309165415367,10.4117594074984,23.1695628232931,16.1773733188659,12.9985591081676,14.9835608098988,13.4104006068035,12.7662489554236,-0.151141875899913,3.84289385184582,0.643550347342224,1
"7672","PmetTSAr1.1-007893",11.5549377205816,10.0250369152199,11.915775166265,12.6294714780671,11.5421379195774,10.9408264781714,12.530343066982,8.80333353688855,-0.0736671871226459,3.49870987478227,0.799230678168467,1
"7673","PmetTSAr1.1-007894",35.968677729437,39.5944336325155,36.9294460510039,36.8558161372526,37.5028456061979,37.06310985241,38.6596704993008,39.4310084144237,0.0315486518239554,5.24081866793958,0.914319289288024,1
"7674","PmetTSAr1.1-007895",4.45112386901783,3.65898973463516,16.0768395100401,3.57437872020768,8.84775872068553,2.71400346745336,3.4364151554934,3.17033233482803,-0.610140938947432,2.52835848106224,0.224355653959688,1
"7675","PmetTSAr1.1-007896",3.91159370307627,6.21730776047764,2.2223866381526,5.50719091706073,3.49541085261651,6.55884171301229,5.9089577673728,6.34066466965606,0.314652868868931,2.34969871456957,0.368409511663953,1
"7676","PmetTSAr1.1-007897",3.37206353713472,5.38436700787776,1.93867770562248,3.83914751429714,2.84002131775091,4.9756730236645,4.06502768393732,3.62323695408918,0.0865344296235033,1.93624250048825,0.795318843692523,1
"7677","PmetTSAr1.1-007898",9.98130806991876,6.33629929656333,61.3756990706825,20.1224283507988,10.9959799738561,14.2485182041302,10.4559217231171,9.2562381561497,-1.12026999208711,4.15974664098487,0.0338671776328204,1
"7678","PmetTSAr1.1-007899",4.09143709172346,2.97478840214241,29.2220200506023,10.1141679342173,5.89850581379035,7.52005127440203,5.78323526168402,4.50073965390765,-0.966738461830825,3.13652055126096,0.072766047201722,1
"7679","PmetTSAr1.1-007900",9.71154298694798,11.5421790003125,8.60583762008029,12.9736709103834,11.760601097866,10.9973682170766,13.0960943425816,13.1059274198695,0.190798791990997,3.5289579669824,0.509119100479181,1
"7680","PmetTSAr1.1-007901",4.36120217469423,2.37983072171393,17.4953841726907,11.0408587135304,6.73594799722972,6.30440388793854,2.53540386472379,2.85896040908599,-0.936512260535224,2.75516907988754,0.0700036878672963,1
"7681","PmetTSAr1.1-007902",2.74261167686957,1.45764631704978,16.2659787983935,6.46035857578278,5.75286369493133,5.56936128216992,2.11632884576118,1.72669886093312,-0.827143459748441,2.40376949362231,0.158967620432762,1
"7682","PmetTSAr1.1-007903",1.48370795633928,1.69562938922117,1.56039912891566,2.46234978503196,1.67488436687874,1.9506899922321,2.01156009102053,1.50024655130255,-0.0253640070114136,0.89508573967422,0.963032375420105,1
"7683","PmetTSAr1.1-007904",18.4339473363365,17.3430163844902,14.7528644915662,25.2324660767253,17.7683385008006,26.4898046771229,22.0433459974333,21.5695824923121,0.212996019294463,4.3592398959404,0.480530553001993,1
"7684","PmetTSAr1.1-007905",6.56428368562225,12.8808337812766,5.24861525180721,9.84939914012784,6.55389534865595,13.4852047289089,12.7608343274115,10.954630478379,0.338345939482064,3.30238494171969,0.338469796478518,1
"7685","PmetTSAr1.1-007906",29.2695115023293,29.2124221090385,24.3043985534136,24.8088360061822,25.1596760328959,26.5180755465756,28.0780262704949,25.9004829139969,-0.026095452346916,4.73976072899295,0.927316363592175,1
"7686","PmetTSAr1.1-007907",6.78908792143123,2.11209976552111,3.16808307991967,2.75359545853036,3.02207396632469,2.85535781471656,2.61921886851631,2.85896040908599,-0.375612537421266,1.73055246588955,0.276415839498938,1
"7687","PmetTSAr1.1-007908",7.91310910047614,10.9174734358626,6.66715991445781,11.1732431105751,10.6318746767085,8.48126083579176,12.2579443046563,10.162047394672,0.176671100051834,3.29958045235483,0.560538052364432,1
"7688","PmetTSAr1.1-007909",8.13791333628512,10.382011523477,7.70742600040158,10.1671216930352,10.0857167309872,9.83826256951844,12.3208055575007,9.93559508504142,0.21116278444909,3.30611006727355,0.464942574553582,1
"7689","PmetTSAr1.1-007910",9.66658213978619,10.1440284513056,8.88954655261041,8.41964765204476,10.41341149842,8.6508860525076,7.75288785080829,8.35042891762741,-0.0790633994247637,3.18494667435576,0.785441986632229,1
"7690","PmetTSAr1.1-007911",4.63096725766501,5.29512335581349,3.07351343574296,4.81879205242814,3.93233720919357,6.04996606286479,6.34898653728354,4.5573527313153,0.227451408426867,2.29560824301383,0.453946561436174,1
"7691","PmetTSAr1.1-007912",5.71002758954812,3.59949396659232,3.87735541124497,6.43388169637383,4.07797932805259,7.52005127440203,4.6726864614331,4.52904619261147,0.0831890792117275,2.35546496743494,0.799744975288173,1
"7692","PmetTSAr1.1-007913",2.11315981660442,2.43932648975678,1.84410806144578,1.85338155862621,2.98566343660993,2.48783651183225,3.37355390264901,2.63250809945542,0.475266171501353,1.34136442327967,0.0716308190789835,1
"7693","PmetTSAr1.1-007914",9.93634722275697,7.49646677339887,13.1924653626506,17.9248473598563,12.4159906327315,13.0611416871193,5.53179025030645,10.7847912461561,-0.218197121224383,3.50469000325934,0.547320812315602,1
"7694","PmetTSAr1.1-007915",10.2510731528895,11.0364649719483,17.0698207738955,17.6336016863579,7.68262176981336,15.2379986349725,16.4067869923862,11.0112435557866,-0.152313794547144,3.73948334480597,0.651342459360697,1
"7695","PmetTSAr1.1-007916",26.0772913538418,33.8233441323592,16.8333966634538,24.1733909003675,20.0257913431154,28.6666616249762,29.6495575916047,28.2499256264141,0.0786777953950654,4.7008273183658,0.80223377098648,1
"7696","PmetTSAr1.1-007918",20.9067939302352,26.8920871553674,18.5829350807228,20.1224283507988,22.174012596286,23.7758012096696,28.0151650176505,22.6735375017612,0.159574788121027,4.52105951615826,0.580834510894055,1
"7697","PmetTSAr1.1-007919",4.49608471617962,5.74134161613485,3.16808307991967,2.96541049380193,4.62413727377392,3.47731694267462,5.02890022755132,4.21767426686944,0.0827325971496402,2.097260487568,0.795303865794323,1
"7698","PmetTSAr1.1-007920",14.1626668559658,16.6588150519975,23.5478413999999,15.9390814041854,14.2001065887546,14.107163856867,20.6184909329604,13.5588320391306,-0.168608751759713,4.05815487435518,0.582214538024394,1
"7699","PmetTSAr1.1-007921",6.47436199129866,5.74134161613485,4.63391256465862,6.0102516258307,5.64363210578707,7.68967649111786,5.84609651452841,5.37824235372613,0.102378263197481,2.58283781050839,0.723477643562393,1
"7700","PmetTSAr1.1-007922",11.0154075546401,12.8808337812766,5.24861525180721,11.6763038193451,8.92057978011504,9.47074126663413,19.906063400724,13.9551235809841,0.355309090977807,3.54993143835811,0.326929371972846,1
"7701","PmetTSAr1.1-007923",10.1611514585659,7.22873581720606,171.218340781927,19.3810757273483,14.6370329453316,30.560809878303,16.050573226268,10.2752735494873,-1.53936273913939,5.12697544265491,0.0390258853381674,1
"7702","PmetTSAr1.1-007924",13.9828234673186,17.9677219489402,18.1573716819276,18.2690467921726,11.7970116275807,36.5542342022625,30.5715226333224,24.5417690562134,0.597798872865481,4.43000324719844,0.0853444930467779,1
"7703","PmetTSAr1.1-007925",9.17201282100643,12.4941112889981,7.32914742369475,11.6763038193451,7.68262176981336,11.5910564755821,12.3208055575007,12.5964097232007,0.118245754147474,3.41677659516172,0.704468563872869,1
"7704","PmetTSAr1.1-007926",54.5375076072588,58.5140878701412,43.8330300759035,49.7765332888181,53.1957839132575,55.8349671689624,62.9031603462878,56.839529717274,0.146605864754823,5.76805393723986,0.650002812070318,1
"7705","PmetTSAr1.1-007927",14.9270012577163,13.7137745338765,16.9279663076305,13.9533154485144,16.5667910202136,13.2590377732878,16.5115557471268,15.3421439774714,0.0521707986286501,3.92691811476999,0.856965672451578,1
"7706","PmetTSAr1.1-007929",16.6355134498646,23.9470466372464,13.5707439393574,27.4300470676679,18.7150122733842,25.4155116379226,28.8323613046276,25.4192717560319,0.26878218634802,4.49642304495467,0.398425590664879,1
"7707","PmetTSAr1.1-007930",22.2556193450891,16.5993192839546,26.4795003694778,19.7517520390736,23.1206863688696,19.0828368805315,18.0411795663404,23.4378140467644,-0.0233127140942616,4.40263158170747,0.937188004089077,1
"7708","PmetTSAr1.1-007931",9.5766604454626,13.118816853448,3.26265272409637,16.124419560048,13.3262538756004,12.9763290787614,20.3460921706347,19.1069136250797,0.640852776506422,3.76154126475985,0.113762990328772,1
"7709","PmetTSAr1.1-007932",17.2649653101297,19.5146119180542,17.8263779273092,10.9349511958946,13.981643410466,10.0644295251396,13.012279338789,14.29480204543,-0.351186477652023,3.87433455119602,0.249170549747511,1
"7710","PmetTSAr1.1-007933",6.29451860265147,6.27680352852048,3.97192505542167,6.3014972993291,5.09747416006574,5.7672573683384,7.08236782046811,6.45389082447135,0.0937529158482591,2.57867320954868,0.75336975782684,1
"7711","PmetTSAr1.1-007934",14.117706008804,10.8877255518412,15.0838582461847,11.5439194223004,14.8554961236202,8.76396953031815,9.68063293803629,12.5681031844968,-0.170521735480679,3.61348849437744,0.576314421391282,1
"7712","PmetTSAr1.1-007935",20.7269505415881,20.8532666990183,15.4148520008032,16.3362345953196,17.404233203653,21.7402986090795,22.9862647900992,19.9278032474905,0.162553585121804,4.28461249087551,0.575164428280222,1
"7713","PmetTSAr1.1-007936",3.32710268997292,4.55142625527789,3.07351343574296,4.05096254956871,2.84002131775091,6.84155040753869,3.81358267255975,4.18936772816561,0.233620272803854,2.05503256626568,0.465248210864057,1
"7714","PmetTSAr1.1-007937",4.04647624456166,5.681845848092,5.10676078554215,7.17523431982431,4.33285303605588,6.70019606027549,9.76444794182881,7.52953929521658,0.362787541886214,2.67087766356874,0.266965492070213,1
"7715","PmetTSAr1.1-007938",4.49608471617962,6.93125697699181,3.73550094497991,6.53978921400961,5.06106363035098,7.12425910206508,8.54913038683724,7.86921775966244,0.394212022131369,2.67000595433909,0.214571087987726,1
"7716","PmetTSAr1.1-007939",3.82167200875268,5.62235008004915,3.54636165662649,6.35445105814699,4.11438985776735,7.32215518823355,9.36632667381433,6.73695621150957,0.506090955938828,2.57042823999851,0.13060188970671,1
"7717","PmetTSAr1.1-007940",4.04647624456166,5.9198289202634,3.40450719036143,5.82491346996808,5.46157945721329,6.67192519082285,8.71676039442229,7.64276545003186,0.564936472333479,2.59404867990649,0.0683402493518042,1
"7718","PmetTSAr1.1-007941",3.73175031442909,5.86033315222055,4.30291881004014,6.56626609341856,4.66054780348867,6.81327953808605,8.59103788873351,7.303086985586,0.416154651681357,2.59808667652464,0.189055937201452,1
"7719","PmetTSAr1.1-007942",4.31624132753244,5.38436700787776,3.87735541124497,6.83103488750802,4.29644250634112,7.68967649111786,8.3815003792522,7.98244391447772,0.470851723700402,2.62562733387694,0.144721481059511,1
"7720","PmetTSAr1.1-007943",4.63096725766501,5.97932468830624,2.97894379156625,5.56014467587862,4.26003197662637,6.04996606286479,7.66907284701576,8.12397660799683,0.443331733927998,2.51914232217344,0.173451605394749,1
"7721","PmetTSAr1.1-007944",4.58600641050321,6.03882045634909,3.12079825783131,6.3014972993291,4.73336886291819,6.47402910465438,8.57008413778538,7.35970006299365,0.432799051435239,2.5789292268806,0.1810162707952,1
"7722","PmetTSAr1.1-007945",18.5688298778218,20.6747793948897,14.2327314485943,15.5419282130512,11.1416220927151,14.2485182041302,16.7420470075563,20.0693359410096,-0.149623835838424,4.04143708260615,0.626516089145139,1
"7723","PmetTSAr1.1-007946",8.18287418344691,12.6131028250838,3.73550094497991,9.26690779313103,6.80876905665924,14.022351248509,9.15678916433303,7.58615237262422,0.149979823221727,3.1691966434617,0.688933067467709,1
"7724","PmetTSAr1.1-007947",10.8805250131547,11.2149522760769,9.59881888393571,11.1202893517572,13.5083065241742,12.9480582093088,13.3684931049073,13.1908470359809,0.307427039161978,3.59033349021442,0.270524840854985,1
"7725","PmetTSAr1.1-007948",3.19222014848753,3.74823338669944,2.2223866381526,3.33608680552717,2.47591602060336,2.71400346745336,4.21170394057423,5.80284043428345,0.280301984707573,1.82142386430365,0.390221786190945,1
"7726","PmetTSAr1.1-007949",64.5637765243394,62.0838339527121,45.7244229594376,42.7601602454475,55.9629841715789,47.4667898109812,51.7767185928305,55.8771074013441,-0.0273777630735508,5.73704972698166,0.934132369220641,1
"7727","PmetTSAr1.1-007950",4.63096725766501,4.49193048723504,5.76874829477909,4.50106949952079,5.35234786806902,5.71071562943312,6.47470904297233,4.9536442731688,0.21783919094377,2.40551753459015,0.442075182279301,1
"7728","PmetTSAr1.1-007951",2.65268998254598,2.82604898203529,3.68821612289155,3.49494808198085,2.98566343660993,3.56212955103254,3.56213766118219,3.56662387668154,0.113223230000469,1.74672068884179,0.684912864327719,1
"7729","PmetTSAr1.1-007952",18.0742605590421,17.3132685004688,25.0136708847389,16.9716797011343,20.2078439916892,18.2064399274996,19.9479709026202,16.7008578352548,-0.0426977654773833,4.25633472354687,0.882905710311806,1
"7730","PmetTSAr1.1-007953",31.562514707581,29.2719178770813,20.8998913630521,14.9329599866454,25.3417286814697,15.9164995018359,20.4299071744272,20.8902255634204,-0.227030326466045,4.48925122455941,0.482048593922607,1
"7731","PmetTSAr1.1-007954",9.03713027952104,8.86486943838438,8.65312244216864,7.49295687273166,10.2313588498462,7.74621823002314,8.6538991415779,8.54857468855416,0.0472849280831834,3.12311151188446,0.872083987518019,1
"7732","PmetTSAr1.1-007955",4.8108106463122,6.33629929656333,5.29590007389556,6.08968226405753,6.08055846236413,7.15252997151772,8.21387037166716,7.41631314040129,0.35564488687776,2.69925400122757,0.215277795935763,1
"7733","PmetTSAr1.1-007956",7.32861808737279,7.70470196154884,7.75471082248993,7.83715630504796,6.48107428922644,8.53780257469704,9.93207794941386,8.69010738207327,0.136875926866427,3.01784162218493,0.639913421188292,1
"7734","PmetTSAr1.1-007957",2.427885746737,3.65898973463516,4.49205809839356,3.68028623784347,3.71387403090504,3.76002563720101,3.45736890644153,3.0004931026051,-0.034862375090818,1.84188122443121,0.907720272423039,1
"7735","PmetTSAr1.1-007958",184.519316752012,24.3040212455035,22.0347270931726,10.2995060900799,42.1269828799718,4.72123519859075,0.83815003792522,13.021007803758,-1.99028646929586,5.23777754800761,0.0279422620809192,1
"7736","PmetTSAr1.1-007959",6.74412707426943,7.61545830948457,4.63391256465862,7.49295687273166,5.38875839778378,7.91584344673898,9.8901704475176,9.28454469485352,0.293095080257648,2.89603986831288,0.353186247387665,1
"7737","PmetTSAr1.1-007960",1.48370795633928,2.64756167790674,3.54636165662649,1.50918212630991,2.14822125317056,1.92241912277947,2.2001438495537,2.68912117686306,-0.0270416329526893,1.21738455498431,0.935793355832819,1
"7738","PmetTSAr1.1-007961",4.7658497991504,5.97932468830624,6.61987509236945,4.63345389656552,5.75286369493133,5.56936128216992,4.79840896712189,4.86872465705734,-0.0672236493010938,2.4412427723024,0.821480066874495,1
"7739","PmetTSAr1.1-007962",13.1735282184063,10.8579776678198,25.3446646393573,11.1997199899841,14.0908749996103,9.21630344156038,7.12427532236437,9.36946431096499,-0.605267232047666,3.65378895222482,0.088049202318619,1
"7740","PmetTSAr1.1-007964",16.5905526027028,19.0386457737114,15.5567064670682,19.3545988479394,18.0596227385186,21.7402986090795,22.8605422844104,19.531511705637,0.220044350681344,4.26001901929382,0.437178787646919,1
"7741","PmetTSAr1.1-007965",27.7858035459901,33.7043525962735,34.139641547791,22.2670555829234,26.6160972214861,21.8816529563427,31.1791814108182,29.0425087101211,-0.116321196178713,4.82708951580205,0.698129851428843,1
"7742","PmetTSAr1.1-007966",5.26041911793016,2.79630109801387,19.1976377678714,11.226196869393,7.39133753209532,8.84878213867607,3.24783139696023,5.18009658279937,-0.640811117401986,2.98800614781854,0.188886504203147,1
"7743","PmetTSAr1.1-007967",15.2417271878489,10.6497424796698,23.5951262220883,10.8025667988499,11.6513695087217,9.32938691937094,12.2579443046563,13.3606862682038,-0.368833736919232,3.74496475593437,0.264245968860077,1
"7744","PmetTSAr1.1-007968",9.75650383410978,9.40033135077002,28.1344691425702,12.4706102016135,14.127285529325,13.6831008150774,11.2312105081979,7.78429814355097,-0.350383321710446,3.74077124324419,0.359561047159794,1
"7745","PmetTSAr1.1-007969",7.68830486466715,6.21730776047764,6.00517240522086,5.85139034937702,6.11696899207889,6.13477867122271,5.9089577673728,7.16155429206689,-0.0234953036925289,2.68809884068062,0.93419810286595,1
"7746","PmetTSAr1.1-007970",30.6183369171832,25.7021717945104,24.1152592650601,29.4158130233388,29.0556027123747,33.614063779188,33.0859727470981,31.5051775773536,0.212246051720814,4.89259895068321,0.458355392486434,1
"7747","PmetTSAr1.1-007972",13.8029800786714,15.0226814308192,11.915775166265,11.9145957340256,12.2703485138725,12.2130156035401,9.99493920225825,11.5490677911593,-0.194875321306523,3.63157120332679,0.494951275220987,1
"7748","PmetTSAr1.1-007973",9.75650383410978,6.99075274503466,41.3742193273091,13.4237778603355,14.0180539401808,21.3727773061952,8.69580664347416,11.3792285589363,-0.365931412502868,3.99223862128212,0.445597221539297,1
"7749","PmetTSAr1.1-007974",13.9378626201568,13.2080605055123,19.008498479518,18.08370863631,17.5134647927973,14.2485182041302,15.4638681997203,17.0971493771083,0.00184217089293477,4.01166540640366,0.996950011810023,1
"7750","PmetTSAr1.1-007975",4.8108106463122,3.92672069082798,3.49907683453814,5.48071403765178,2.84002131775091,7.77448909947578,4.1907501896261,4.6988854248344,0.137754683769243,2.23885944835892,0.687178260940473,1
"7751","PmetTSAr1.1-007976",20.6370288472645,18.6519232814329,5.20133042971886,5.08356084651759,16.2390962527809,3.64694215939046,39.0996992692115,20.2391751732325,0.676894526731379,4.01585854470787,0.239084472412486,1
"7752","PmetTSAr1.1-007977",64.9684241487955,19.8715865263113,30.1677164923694,11.6763038193451,31.0217713169715,5.65417389052784,7.33381283184568,27.0044379234459,-0.834969167279192,4.62862900050551,0.133078202298999,1
"7753","PmetTSAr1.1-007978",22.4804235808981,25.0774662300605,19.7650556329317,24.0939602621407,25.3417286814697,29.1189955362184,31.5773026788327,27.5988752362262,0.313562038913699,4.68372805516057,0.270143873987655,1
"7754","PmetTSAr1.1-007979",14.9270012577163,17.1050333123189,15.4621368228915,15.2242056601438,13.3262538756004,15.2945403738778,16.8677695132451,17.8331193834077,0.0140704095988045,3.98358229190827,0.962924844261333,1
"7755","PmetTSAr1.1-007980",55.7964113277891,41.4388024418438,65.725902702811,51.3916229327638,34.9905190558798,45.4878289492965,32.1849614563285,36.204063002188,-0.525629738136433,5.50629068736091,0.0964130439882468,1
"7756","PmetTSAr1.1-007981",4.49608471617962,3.89697280680656,3.54636165662649,4.28925446424922,3.75028456061979,3.92965085391685,4.50505645384806,4.84041811835351,0.0698418439115551,2.07748929303264,0.807266401429777,1
"7757","PmetTSAr1.1-007982",4.22631963320885,3.62924185061374,8.41669833172688,5.79843659055913,6.77235852694448,5.08875650147506,5.25939148798076,4.5573527313153,-0.0238663768404312,2.46542754767014,0.943552011780341,1
"7758","PmetTSAr1.1-007983",11.5549377205816,11.8099099565054,12.4831930313253,8.68441644613422,8.52006395325273,11.5627856061294,14.6257181617951,12.228424720051,0.0785669247408633,3.52314073794193,0.799863086174959,1
"7759","PmetTSAr1.1-007987",13.5781758428625,6.45529083264903,5.76874829477909,26.1591568560385,27.1258446374927,11.9020360395611,4.29551894436675,3.53831733797771,-0.151543435849358,3.63357007226436,0.797266480667573,1
"7760","PmetTSAr1.1-007988",7.41853978169638,2.49882225779962,2.97894379156625,14.8005755896007,16.4939699607841,6.30440388793854,1.36199381162848,2.43436232852867,-0.0627034459215309,2.77461695226715,0.927219591602224,1
"7761","PmetTSAr1.1-007989",7.05885300440201,9.07310462653435,40.2393835971886,4.47459262011184,2.94925290689518,5.51281954326464,5.95086526926906,9.22793161744588,-1.36054695062152,3.40335760180792,0.0155358431661377,1
"7762","PmetTSAr1.1-007990",24.0090923843992,15.7663785313548,41.0432255726906,28.806844796933,40.1972248050898,22.3905286064902,9.30346542096994,15.6818224419172,-0.324530448624198,4.62596202944611,0.442110517776499,1
"7763","PmetTSAr1.1-007991",2.83253337119316,1.87411669334972,2.2223866381526,3.15074864966455,3.16771608518371,4.04273433172741,1.34104006068035,2.03807078667516,0.0630130992994836,1.40162365483955,0.853922986050426,1
"7764","PmetTSAr1.1-007992",22.8850712053543,11.2149522760769,24.7772467742971,61.1880683140737,28.4366237072239,24.3977603376276,4.1907501896261,13.8418974261688,-0.761780721684758,4.58039903189273,0.151160941383246,1
"7765","PmetTSAr1.1-007993",17.1300827686444,12.4941112889981,42.1780613028111,24.0410065033228,25.1960865626106,30.5042681393977,11.0426267496648,17.6632801511848,-0.182986324381881,4.49680959524672,0.652786528382652,1
"7766","PmetTSAr1.1-007994",13.9378626201568,13.6840266498551,15.2729975345381,11.1997199899841,14.5278013561874,13.5982882067195,11.7550542819012,12.7379424167198,-0.0393361425450538,3.74369364182115,0.891872193852688,1
"7767","PmetTSAr1.1-007995",10.5208382358603,11.7206663044411,8.88954655261041,10.6701824018052,9.3575061366921,11.0539099559819,10.3511529683765,12.9643947263503,0.0641557100675542,3.427082128906,0.825158525493889,1
"7768","PmetTSAr1.1-007996",17.9393780175567,20.7342751629326,22.3657208477911,18.1101855157189,16.0206330744923,20.6377347004266,22.6929122768253,16.7574709126625,-0.0556048266070248,4.28313813202938,0.847538667635105,1
"7769","PmetTSAr1.1-007997",6.02475351968069,8.71613001827726,5.1540456076305,7.36057247568693,5.42516892749854,8.42471909688648,11.1264417534573,9.02978584651913,0.318013132858279,2.95095907193985,0.32266393030081,1
"7770","PmetTSAr1.1-007998",5.44026250657734,8.3889032940416,6.00517240522086,6.38092793755594,5.57081104635756,8.02892692454953,9.91112419846573,7.33139352428982,0.234267531752657,2.84869787422535,0.447106281955107,1
"7771","PmetTSAr1.1-007999",17.1750436158062,15.4688996911405,19.7650556329317,19.5928907626199,17.1857700253645,16.7363547159624,22.3366985107071,16.9556166835892,0.0247974887574753,4.18705395625827,0.934258887054911,1
"7772","PmetTSAr1.1-008000",20.5920680001027,18.5924275133901,15.0365734240963,17.58064792754,15.8749909556333,19.8178794863001,16.4696482452306,18.6540090058185,-0.0199808778959338,4.16101956193235,0.946078709706302,1
"7773","PmetTSAr1.1-008002",5.03561488212118,7.79394561361311,2.9316589694779,4.87174581124603,4.00515826862308,6.38921649629646,7.1452290733125,5.63300120206052,0.164909236021024,2.4722598560255,0.629220707538665,1
"7774","PmetTSAr1.1-008003",3.86663285591448,3.65898973463516,7.23457777951804,7.38704935509588,5.20670574921,7.8593017078337,7.39667408469007,6.0009862052102,0.25786856264712,2.61900052071127,0.440432340108411,1
"7775","PmetTSAr1.1-008005",8.04799164196152,5.56285431200631,8.41669833172688,13.185485945655,8.629295542397,8.08546866345481,7.71098034891202,4.50073965390765,-0.285428258642578,3.01410161731494,0.406318489199008,1
"7776","PmetTSAr1.1-008006",6.92397046291662,7.25848370122748,5.29590007389556,6.77808112869012,7.90108494810189,5.37146519600145,7.31285908089755,6.70864967280575,0.0536256462176511,2.75646777691239,0.855517194642858,1
"7777","PmetTSAr1.1-008008",4.45112386901783,5.9198289202634,3.92464023333332,5.0306070876997,5.42516892749854,4.12754694008532,5.34320649177328,5.63300120206052,0.0825863703604533,2.33568570869321,0.778602451799606,1
"7778","PmetTSAr1.1-008009",9.75650383410978,11.9289014925911,4.96490631927709,9.82292226071889,7.39133753209532,10.7146595225503,11.5245630214718,8.97317276911148,0.0803621753352378,3.24126238816548,0.807962321870319,1
"7779","PmetTSAr1.1-008010",3.95655455023807,4.8191572114707,2.78980450321284,3.65380935843452,3.422589793187,3.84483824555893,4.86127021996628,4.50073965390765,0.126128997505526,2.01771281162361,0.667107815528854,1
"7780","PmetTSAr1.1-008011",6.47436199129866,6.99075274503466,8.0857045771084,7.91658694327479,5.42516892749854,7.09598823261244,8.67485289252603,5.88776005039492,-0.119487590656972,2.83441145131284,0.688484507907475,1
"7781","PmetTSAr1.1-008012",8.54256096074128,10.1440284513056,8.74769208634535,3.1772255290735,9.28468507726259,6.84155040753869,13.326585603011,8.26550930151594,0.304235390868944,3.10501187234247,0.415059466423186,1
"7782","PmetTSAr1.1-008013",9.26193451533002,10.2332721033699,7.18729295742969,2.09167347330672,9.50314825555113,5.08875650147506,11.3359792629386,8.03905699188537,0.241614022276707,2.98232083742496,0.570222813079843,1
"7783","PmetTSAr1.1-008014",6.24955775548968,5.83058526819912,6.80901438072287,5.98377474642175,6.80876905665924,5.17356910983297,4.06502768393732,4.3025938829809,-0.29169334795475,2.51248741945913,0.323432565709854,1
"7784","PmetTSAr1.1-008015",4.49608471617962,3.39125877844235,9.88252781646583,5.0306070876997,6.33543217036742,7.40696779659147,6.28612528443915,5.46316196983759,0.166354613644564,2.60673870747473,0.640564657931633,1
"7785","PmetTSAr1.1-008016",12.6339980524647,13.6542787658337,7.3764322457831,9.02861587845052,15.0375487721939,9.41419952772885,9.95303170036199,11.4924547137516,0.102472116101395,3.47701135933907,0.746304620922077,1
"7786","PmetTSAr1.1-008017",11.6448594149052,12.2858761008482,14.7055796694779,25.1000816796806,13.690359172748,19.9592338335633,16.3020182376455,16.3045662934013,0.054577260645944,4.02846498700683,0.867471750785993,1
"7787","PmetTSAr1.1-008018",12.1843895808468,11.9289014925911,13.9490225160642,26.0532493384027,15.2924224801972,19.9592338335633,17.8106883059109,16.4744055256242,0.115564574359553,4.06843661103251,0.724090884499259,1
"7788","PmetTSAr1.1-008019",5.84491013103351,5.74134161613485,4.82305185301203,5.45423715824283,6.66312693780021,5.51281954326464,4.81936271807002,4.9536442731688,0.00247902575652134,2.46898014181002,0.994075544115704,1
"7789","PmetTSAr1.1-008021",12.6789588996265,3.12352782224953,5.53232418433733,6.51331233460067,10.0128956715577,4.72123519859075,2.72398762325697,4.38751349909237,-0.351186996403266,2.64435738452125,0.431611800485176,1
"7790","PmetTSAr1.1-008022",12.4541546638176,21.9241905237896,17.8263779273092,8.57850892849844,11.9426537464397,9.04667822484454,11.3778867648349,14.606173971172,-0.371454081639237,3.75754340281428,0.274662289912108,1
"7791","PmetTSAr1.1-008023",16.1859049782466,12.1073887967196,9.88252781646583,11.1997199899841,11.906243216725,13.089412556572,6.95664531477933,7.98244391447772,-0.306984345422185,3.48764545895851,0.339774601426985,1
"7792","PmetTSAr1.1-008025",8.81232604371206,6.96100486101324,6.24159651566263,9.18747715490419,9.90366408241343,9.35765778882358,3.9812126801448,6.87848890502868,-0.0544507491721231,2.94913150260629,0.879097554983765,1
"7793","PmetTSAr1.1-008026",21.5812066376622,19.3063767299042,17.3062448843373,24.8617897650001,22.9022231905811,22.1643616508691,23.5101085638024,22.5036982695383,0.132412831546745,4.44841309314733,0.641531436276188,1
"7794","PmetTSAr1.1-008027",4.54104556334142,7.05024851307751,4.53934292048191,4.31573134365817,3.8231056200493,6.98290475480188,7.04046031857185,6.05759928261785,0.225679064349329,2.48905750581918,0.47865027245347,1
"7795","PmetTSAr1.1-008028",3.50694607862011,6.99075274503466,7.14000813534134,6.96341928455275,3.16771608518371,14.7856647237303,14.940024426017,6.68034313410192,0.68603201177372,3.01855395500914,0.115373033921956,1
"7796","PmetTSAr1.1-008029",12.4091938166558,12.8808337812766,10.5918001477911,9.69053786367416,9.39391666640686,8.59434431360232,10.434967972169,10.2469670107835,-0.236206621066858,3.40452505646796,0.40897527884416,1
"7797","PmetTSAr1.1-008030",11.1053292489637,13.2973041575766,8.55855279799194,13.9268385691055,10.8503378549971,13.2307669038351,16.9515845170376,13.4456058843153,0.215305501309016,3.67163709992001,0.477948847330977,1
"7798","PmetTSAr1.1-008031",8.90224773803565,7.34772735329175,5.48503936224898,6.19558978169332,8.08313759667567,5.39973606545409,5.59465150315084,8.23720276281212,-0.0333493775651462,2.79980690493073,0.918417767225139,1
"7799","PmetTSAr1.1-008032",18.4789081834982,29.3016657611027,7.42371706787146,22.3464862211503,11.5421379195774,36.6107759411678,40.6083693374769,31.0805794967962,0.62707522711856,4.6299050202027,0.14694926714887,1
"7800","PmetTSAr1.1-008033",18.3889864891747,29.0041869208885,8.41669833172688,23.8556683474602,11.760601097866,37.0065681135047,43.1018657003044,32.0146952740224,0.636139890734337,4.67408563266923,0.134550792621309,1
"7801","PmetTSAr1.1-008034",1.93331642795724,0.892436520642723,76.7432662493973,17.9778011186742,13.981643410466,15.7751451545727,5.38511399366954,2.12299040278663,-1.38779123319153,4.07576558000551,0.125907183140271,1
"7802","PmetTSAr1.1-008035",9.62162129262439,11.7801620724839,8.41669833172688,9.4257690695847,11.5785484492922,9.41419952772885,13.494215610596,11.8321331781975,0.238322150184566,3.42797603595657,0.413905488745687,1
"7803","PmetTSAr1.1-008036",5.17049742360657,2.85579686605671,6.85629920281122,5.00413020829076,4.91542151149196,3.19460824814823,0.921965041717742,5.51977504724523,-0.451907854425591,2.12039909158788,0.303731638513087,1
"7804","PmetTSAr1.1-008037",21.9858542621184,26.1781379388532,10.1662367489959,17.3423560128595,11.3236747412889,27.1400346745336,23.1748485486323,26.3816940719618,0.217779947230925,4.35995538272014,0.550889736767516,1
"7805","PmetTSAr1.1-008038",10.1611514585659,10.8579776678198,12.1521992767068,18.6926768627157,10.9595694441413,13.3155795121931,14.0809206371437,11.0678566331943,-0.0706631419744524,3.67002111632296,0.821855266118614,1
"7806","PmetTSAr1.1-008039",9.35185620965362,10.8877255518412,13.1924653626506,21.2079804065656,11.8334221572955,14.022351248509,15.8410357167867,11.435841636344,-0.0415967530527203,3.75928772548186,0.901961815088071,1
"7807","PmetTSAr1.1-008040",17.8044954760713,12.3156239848696,19.81234045502,16.0449889218212,16.967306847076,15.8599577629306,13.4732618596479,14.2381889680223,-0.123328369739099,3.98808481439783,0.675853235824291,1
"7808","PmetTSAr1.1-008041",8.85728689087386,8.29965964197732,8.7949769084337,7.14875744041537,7.75544282924287,6.81327953808605,9.17774291528116,8.40704199503505,-0.0396427399713108,3.03852761951913,0.890171439851304,1
"7809","PmetTSAr1.1-008042",5.84491013103351,5.02739239962067,5.1540456076305,6.46035857578278,5.89850581379035,6.10650780177007,5.97181902021719,6.96340852114014,0.148256412101883,2.58317065526247,0.600394181109819,1
"7810","PmetTSAr1.1-008043",6.29451860265147,6.33629929656333,6.14702687148592,6.67217361105434,6.37184270008217,6.21959127958062,6.43280154107606,6.73695621150957,0.0168695259599768,2.69239106524612,0.958500347817756,1
"7811","PmetTSAr1.1-008044",41.2740576945289,34.3290581607234,40.3812380634537,42.6277758484027,40.5613301022374,49.5022924115712,38.7434855030933,43.0825519072167,0.116016818711613,5.37067025866695,0.698685886798736,1
"7812","PmetTSAr1.1-008045",4.09143709172346,4.64066990734216,2.97894379156625,4.89822269065497,3.78669509033455,3.6752130288431,4.60982520858871,5.03856388928027,0.0382288580119077,2.09860531205906,0.894532882032242,1
"7813","PmetTSAr1.1-008046",4.49608471617962,3.95646857484941,2.64795003694778,5.48071403765178,3.31335820404273,3.73175476774837,4.44219520100367,4.13275465075797,-0.0897930267822191,2.03312913661044,0.774243129874161,1
"7814","PmetTSAr1.1-008047",3.95655455023807,5.62235008004915,7.32914742369475,5.93082098760386,4.29644250634112,3.87310911501157,3.54118391023405,7.33139352428982,-0.262860548657393,2.40400639219083,0.424497838250553,1
"7815","PmetTSAr1.1-008048",19.198281738087,8.18066810589163,55.9379445305219,14.0062692073323,22.2104231260007,11.8454943006558,3.20592389506397,9.9072885463376,-1.04494100280713,4.17621139055111,0.0634704276997736,1
"7816","PmetTSAr1.1-008049",3.86663285591448,3.06403205420668,2.83708932530119,7.54591063154955,2.51232655031811,2.57264912019017,7.33381283184568,6.87848890502868,0.154844957413599,2.2187011290147,0.717641092313398,1
"7817","PmetTSAr1.1-008050",4.09143709172346,3.03428417018526,3.07351343574296,5.74548283174124,1.78411595602301,1.52662695044252,6.11849527685411,5.37824235372613,-0.104183251612454,1.9695091818608,0.810754969191288,1
"7818","PmetTSAr1.1-008051",2.65268998254598,2.88554475007814,2.97894379156625,2.14462723212461,2.22104231260007,1.86587738387419,2.76589512515323,1.98145770926752,-0.260998099641253,1.31894053442427,0.33007307785307,1
"7819","PmetTSAr1.1-008054",28.1904511704462,21.9241905237896,24.5408226638553,33.9433594022685,30.3663817821059,43.5371389570644,38.7225317521452,32.8072783577294,0.421212803494885,4.99201816758143,0.163020463475925,1
"7820","PmetTSAr1.1-008055",4.99065403495938,7.02050062905609,5.81603311686745,8.89623148140579,5.20670574921,7.46350953549675,8.75866789631855,7.81260468225479,0.12771991024153,2.82130388760083,0.682280700329967,1
"7821","PmetTSAr1.1-008056",5.62010589522453,6.75276967286327,5.62689382851404,8.97566211963263,6.44466375951168,7.68967649111786,9.63872543614003,8.77502699818473,0.268423145538116,2.90937572180059,0.377194480996597,1
"7822","PmetTSAr1.1-008057",4.7208889519886,6.03882045634909,5.1540456076305,8.71089332554317,7.28210594295105,8.31163561907593,8.61199163968164,9.99220816244907,0.469201413895354,2.89263540070396,0.126417346472158,1
"7823","PmetTSAr1.1-008058",5.75498843670992,7.37747523731318,5.24861525180721,9.92882977835468,6.73594799722972,9.3011160499183,9.99493920225825,10.1903539333758,0.352000008026247,3.0252667229496,0.262472910101059,1
"7824","PmetTSAr1.1-008059",17.4897695459387,17.6107473406831,13.8071680497991,23.5644226739618,20.535538759122,29.4017042307448,22.7557735296697,21.5129694149045,0.377150016746799,4.38581837061878,0.207686285612211,1
"7825","PmetTSAr1.1-008061",6.92397046291662,9.72755807500568,12.2940537429718,9.84939914012784,6.5903058783707,17.471397321731,17.6011507964296,12.6530228006083,0.486886250557785,3.54991264699425,0.165474460409708,1
"7826","PmetTSAr1.1-008062",12.3192721223322,10.9769692039055,9.64610370602406,12.5235639604314,11.2872642115741,11.2518060421504,13.494215610596,13.3889928069077,0.120162841957106,3.57609804674307,0.675542833757024,1
"7827","PmetTSAr1.1-008063",14.2975493974512,15.1416729669049,16.9279663076305,17.3688328922684,15.0739593019087,18.6870447081945,16.1134344791124,14.6627870485796,0.0179460565276731,4.00871205161068,0.951598625320309,1
"7828","PmetTSAr1.1-008064",14.792118716231,15.498647575162,16.2659787983935,16.7598646658627,15.8385804259185,19.2241912277947,15.6314982073054,14.0400431970956,0.0317083566425118,4.00617794714104,0.912770026173695,1
"7829","PmetTSAr1.1-008065",13.2634499127299,13.2973041575766,11.7266358779116,14.1386536043771,12.4888116921611,13.7961842928879,12.2369905537082,13.021007803758,-0.025250188593322,3.70696029957209,0.931346457052821,1
"7830","PmetTSAr1.1-008066",19.6029293625432,14.5764631704978,10.6390849698795,20.2548127478435,16.2390962527809,14.6725812459197,12.1741293008638,12.6530228006083,-0.224877001173018,3.92240945697371,0.470052045552091,1
"7831","PmetTSAr1.1-008068",3.82167200875268,3.56974608257089,2.55338039277107,3.73323999666136,3.31335820404273,5.06048563202242,5.95086526926906,4.6988854248344,0.475897674834544,2.05672186193139,0.106804305919356,1
"7832","PmetTSAr1.1-008069",2.74261167686957,2.61781379388532,2.31695628232931,3.60085559961663,3.31335820404273,4.12754694008532,3.72976766876723,3.36847810575478,0.359483836501718,1.72086650738605,0.18388915153214,1
"7833","PmetTSAr1.1-008070",15.6913356594669,17.8487304128545,12.7669019638554,14.1121767249681,16.1662751933513,10.0927003945922,11.3778867648349,14.124962813207,-0.224543938932964,3.81567581659847,0.454584460728902,1
"7834","PmetTSAr1.1-008074",18.1192214062039,17.1942769643831,17.2116752401606,24.1733909003675,17.8775700899448,17.5279390606363,14.6257181617951,15.9082747515478,-0.219243072996116,4.16115394847596,0.450957262925263,1
"7835","PmetTSAr1.1-008075",16.2758266725702,18.4436880932829,17.3062448843373,24.1469140209586,18.1324437979481,18.1498981885944,14.3952269013657,14.124962813207,-0.234722663651745,4.14436111531394,0.427887670312288,1
"7836","PmetTSAr1.1-008076",3.23718099564933,4.67041779136358,3.45179201244979,4.20982382602238,2.94925290689518,5.88034084614895,4.40028769910741,3.51001079927389,0.102251028426203,2.03827631126802,0.743051321817354,1
"7837","PmetTSAr1.1-008077",1.66355134498646,1.30890689694266,11.8684903441767,4.92469957006392,3.20412661489846,4.09927607063268,1.19436380404344,0.877502699818473,-1.07463479906583,1.87700330885287,0.0739887538701048,1
"7838","PmetTSAr1.1-008079",8.27279587777051,7.61545830948457,12.3413385650602,9.92882977835468,9.32109560697735,9.55555387499205,9.78540169277695,8.80333353688855,-0.024891413787362,3.24970405842098,0.933298322046664,1
"7839","PmetTSAr1.1-008080",27.7408426988283,22.0134341758538,14.2327314485943,25.3648504737701,21.8827283585679,38.8724454973789,26.9046162173996,24.9946736754746,0.33396978368348,4.66219941082783,0.300910143810708,1
"7840","PmetTSAr1.1-008083",8.76736519655026,8.83512155436296,10.0243822827309,12.205841407524,8.88416925040029,11.1669934337925,9.72254043993255,10.2469670107835,0.00598966478522448,3.3285431165504,0.985734595086671,1
"7841","PmetTSAr1.1-008084",14.8820404105546,11.155456508034,16.738827019277,13.5296853779713,11.9426537464397,10.9125556087187,24.3273048507795,18.5973959284109,0.226576997855417,3.93796665094954,0.495687715413888,1
"7842","PmetTSAr1.1-008085",4.45112386901783,2.20134341758538,15.7458457554216,8.36669389322687,7.10005329437728,7.40696779659147,3.28973889885649,4.75549850224205,-0.446746156388919,2.7453504022406,0.350613488917552,1
"7843","PmetTSAr1.1-008086",24.054053231561,26.0888942867889,24.1152592650601,24.3322521768212,22.319654715145,23.2103838206168,28.3713787837687,28.7594433230829,0.0585590111659347,4.65654138346047,0.83789481027484,1
"7844","PmetTSAr1.1-008087",7.59838317034356,6.78251755688469,9.88252781646583,6.08968226405753,9.61237984469539,7.26561344932828,6.55852404676485,7.72768506614333,0.0396453015107266,2.9529704691108,0.901373735206105,1
"7845","PmetTSAr1.1-008088",3.23718099564933,3.27226724235665,2.03324734979919,4.34220822306711,2.69437919889189,4.69296432913811,5.59465150315084,3.651543492793,0.364545916213599,1.9129347706844,0.25511519018933,1
"7846","PmetTSAr1.1-008090",9.44177790397721,12.9105816652981,10.6390849698795,12.8942402721566,10.9595694441413,19.3655455750579,18.1878558229773,13.0493143424618,0.423334491161529,3.7553335848839,0.170570321349653,1
"7847","PmetTSAr1.1-008091",10.5657990830221,12.6428507091052,10.4026608594377,13.7150235338339,11.1416220927151,19.7330668779422,18.5231158381474,14.2381889680223,0.426561818275572,3.80151007305456,0.16198606119466,1
"7848","PmetTSAr1.1-008092",17.5796912402623,18.3841923252401,20.8053217188754,20.7049196977956,21.7006757099941,17.4148555828257,18.1249945701329,17.1254559158121,-0.0595359227377394,4.25093660875468,0.834661709801767,1
"7849","PmetTSAr1.1-008093",6.20459690832788,5.38436700787776,5.1540456076305,6.61921985223645,5.8620952840756,6.53057084355966,6.6632928015055,5.91606658909874,0.0955824137341554,2.61032389741032,0.734947497848159,1
"7850","PmetTSAr1.1-008094",6.06971436684249,15.7663785313548,7.42371706787146,4.42163886129395,4.66054780348867,3.3925043343167,17.978318313496,10.2186604720796,0.107039154298285,3.14053286851675,0.830235970061449,1
"7851","PmetTSAr1.1-008095",2.427885746737,2.14184764954254,2.31695628232931,4.84526893183708,2.65796866917713,4.24063041789588,3.89739767635227,3.73646310890447,0.300904743890042,1.7469248376509,0.347785494084123,1
"7852","PmetTSAr1.1-008097",8.04799164196152,9.10285251055577,8.0857045771084,7.44000311391377,9.39391666640686,6.21959127958062,9.95303170036199,9.36946431096499,0.0965717892699475,3.08991548274444,0.746498089899953,1
"7853","PmetTSAr1.1-008098",5.79994928387171,5.26537547179207,4.06649469959838,4.55402325833868,6.1897900515084,3.81656737610629,5.17557648418823,6.45389082447135,0.134912196348396,2.38589558129476,0.652474178794141,1
"7854","PmetTSAr1.1-008099",4.7208889519886,5.94957680428482,4.91762149718874,3.57437872020768,4.55131621434441,4.01446346227477,5.65751275599524,6.36897120835989,0.106086977058563,2.3312502955999,0.727849123137595,1
"7855","PmetTSAr1.1-008100",10.3409948472131,11.5124311162911,23.7369806883533,12.4706102016135,10.2313588498462,7.68967649111786,5.38511399366954,9.08639892392677,-0.841816845727085,3.50434491718354,0.0157557614357649,1
"7856","PmetTSAr1.1-008101",35.4291475634954,29.8668755575098,33.335799572289,31.6398708936902,29.0920132420895,34.6035442100304,37.2976766876723,33.2318764382867,0.0436360127112041,5.04980775731021,0.881807626630072,1
"7857","PmetTSAr1.1-008102",10.2510731528895,12.4643634049767,8.41669833172688,12.2587951663419,12.051885335584,13.8809969012458,14.3533193994694,13.9551235809841,0.320211958429715,3.61758057447655,0.268832660194409,1
"7858","PmetTSAr1.1-008103",12.2293504280086,14.6359589385407,10.6390849698795,12.6029945986582,15.8021698962038,16.453646021436,15.4848219506684,15.4836766709905,0.334196838984165,3.83124358066608,0.238194551603809,1
"7859","PmetTSAr1.1-008105",18.7037124193072,18.0867134850259,15.79313057751,15.8066970071406,19.2975807488203,18.4043360136681,19.7384333931389,18.2011043865574,0.145491565774641,4.17526802392217,0.605690772817642,1
"7860","PmetTSAr1.1-008106",3.46198523145831,3.3317630103995,3.6409313008032,4.1039163083866,2.98566343660993,4.43852650406435,4.1907501896261,3.0004931026051,0.00957893073878476,1.89099398132553,0.990908806167285,1
"7861","PmetTSAr1.1-008107",24.6385442446643,25.8211633305961,22.9331387128513,20.8902578536582,24.5042864980303,23.8323429485748,26.5064949493851,23.8341055886179,0.0659463605246961,4.59587252084228,0.815240932348176,1
"7862","PmetTSAr1.1-008108",2.3379640524134,2.4690743737782,2.08053217188754,1.87985843803515,2.62155813946238,1.89414825332683,2.43063510998314,2.3494427124172,0.0843234225098484,1.21352259140328,0.770147747016977,1
"7863","PmetTSAr1.1-008109",13.4882541485389,12.9700774333409,5.1540456076305,10.0082604165815,15.2196014207677,13.2590377732878,13.7875681238699,11.1527762493058,0.358360433572528,3.57865157641717,0.284348101917779,1
"7864","PmetTSAr1.1-008110",27.2912342272103,21.2697370753182,11.3956421232931,11.226196869393,15.765759366489,8.84878213867607,7.10332157141624,13.7286712713535,-0.648127845734268,3.8704163951765,0.0845270986729596,1
"7865","PmetTSAr1.1-008111",7.32861808737279,6.96100486101324,9.22054030722888,5.93082098760386,7.2456954132363,4.57988085132755,5.74132775978776,5.77453389557963,-0.333350122959531,2.7331538773041,0.264662439442642,1
"7866","PmetTSAr1.1-008112",6.83404876859303,5.83058526819912,4.96490631927709,4.60697701715657,4.58772674405916,5.14529824038033,7.16618282426063,5.49146850854141,0.0144187461043393,2.49598540099255,0.972235095155936,1
"7867","PmetTSAr1.1-008113",16.5905526027028,21.7159553356396,4.82305185301203,13.4767316191534,10.6318746767085,20.5246512226161,28.2037487761837,19.7296574765637,0.481835856607424,4.09107688558987,0.248181152810666,1
"7868","PmetTSAr1.1-008114",4.54104556334142,7.46671888937745,2.45881074859437,4.71288453479235,3.49541085261651,6.4174873657491,6.11849527685411,5.83114697298727,0.185069518486223,2.37980687970698,0.597018279272274,1
"7869","PmetTSAr1.1-008115",9.75650383410978,6.45529083264903,49.128930149799,12.0999338898882,19.4068123379646,13.7679134234353,3.01734013653079,7.86921775966244,-0.813336024321878,3.92683791476898,0.168654991672908,1
"7870","PmetTSAr1.1-008116",7.59838317034356,10.0547847992413,6.5725902702811,7.2281880786422,6.37184270008217,5.68244475998048,6.85187656003867,7.67107198873568,-0.244280303389334,2.87108506299507,0.409118733839509,1
"7871","PmetTSAr1.1-008117",5.12553657644477,6.99075274503466,3.35722236827308,5.95729786701281,4.55131621434441,7.15252997151772,6.43280154107606,6.08590582132167,0.172798378320145,2.53067702162856,0.581621762281541,1
"7872","PmetTSAr1.1-008118",15.1518054935253,17.6107473406831,11.915775166265,15.8066970071406,15.0011382424792,23.7475303402169,23.6986923223356,17.1254559158121,0.395283646953012,4.13581986360479,0.193275531983352,1
"7873","PmetTSAr1.1-008119",26.6617823669452,22.8166270444323,13.7598832277108,14.0327460867413,17.5134647927973,13.2873086427404,17.664012049274,16.4460989869204,-0.251093616142589,4.15621477543406,0.431517444098955,1
"7874","PmetTSAr1.1-008120",13.2634499127299,15.1416729669049,10.3553760373494,14.3769455190576,14.2001065887546,16.142666457457,12.6351118217227,14.0117366583917,0.0992829870400894,3.78985813564306,0.73119600302833,1
"7875","PmetTSAr1.1-008122",11.6448594149052,12.4941112889981,10.8282242582329,12.9207171515656,12.4159906327315,15.3510821127831,13.494215610596,13.7569778100574,0.199487334542208,3.69258733695134,0.479594786034846,1
"7876","PmetTSAr1.1-008123",97.2503124109652,9.78705384304853,12.7669019638554,9.24043091372208,62.4076479310905,6.70019606027549,12.0693605461232,5.15179004409555,-0.5799767673722,4.75158796644389,0.456758813484382,1
"7877","PmetTSAr1.1-008124",32.8214184281112,60.0014820712124,10.3553760373494,3.07131801143771,22.4288863042892,8.59434431360232,122.118460525705,28.8160564004905,0.776202017835982,5.17463589743274,0.299758372423563,1
"7878","PmetTSAr1.1-008126",9.30689536249182,10.7984818997769,17.8736627493975,11.4115350252556,10.2313588498462,11.3083477810557,10.0997079569989,9.42607738837263,-0.264834662613206,3.50603902730934,0.386969705404278,1
"7879","PmetTSAr1.1-008127",2.60772913538418,3.00453628616383,5.24861525180721,2.88597985557509,2.65796866917713,3.36423346486407,2.55635761567192,2.94388002519746,-0.247122615175109,1.68338111991104,0.402521631103193,1
"7880","PmetTSAr1.1-008128",10.2061123057277,7.16924004916321,16.3605484425702,10.9614280753036,12.1247063950135,6.4174873657491,5.86705026547654,7.33139352428982,-0.49417153401302,3.26287953759193,0.155299992262128,1
"7881","PmetTSAr1.1-008129",15.5114922708197,14.1302449101764,13.0978957184738,18.7721075009426,14.4549802967578,20.4681094837108,20.8489821933899,17.2103755319236,0.246388574642782,4.07734748984289,0.404670335514663,1
"7882","PmetTSAr1.1-008130",12.2293504280086,13.9815054900693,10.7809394361445,16.4156652335464,12.2703485138725,18.573961230384,20.2622771668422,14.8326262808026,0.303307233320184,3.9060450386938,0.317757045508176,1
"7883","PmetTSAr1.1-008131",7.64334401750536,5.0571402836421,2.08053217188754,3.60085559961663,2.36668443145909,2.65746172854809,3.08020138937518,4.86872465705734,-0.500087442377971,1.99120342979014,0.186614791738298,1
"7884","PmetTSAr1.1-008132",8.72240434938847,6.18755987645621,2.26967146024096,4.02448567015976,3.16771608518371,3.78829650665365,3.9183514273004,7.10494121465925,-0.236779951670604,2.30958179059816,0.554058782727462,1
"7885","PmetTSAr1.1-008133",17.5347303931005,16.1233531396119,12.577762675502,13.0001477897924,15.765759366489,11.0539099559819,12.1531755499157,13.8702039648726,-0.165263938367414,3.814249524616,0.57572134983728,1
"7886","PmetTSAr1.1-008134",4.13639793888525,4.55142625527789,6.90358402489957,5.90434410819491,4.07797932805259,8.17028127181273,8.23482412261529,7.35970006299365,0.376216542613051,2.64072985358337,0.249542430745602,1
"7887","PmetTSAr1.1-008135",3.10229845416394,3.83747703876371,1.84410806144578,2.14462723212461,2.91284237718042,3.42077520376934,3.68786016687097,3.22694541223568,0.275475713217409,1.62766111857577,0.351083407433729,1
"7888","PmetTSAr1.1-008136",3.10229845416394,4.0754601109351,6.33616615983933,4.63345389656552,3.38617926347224,4.72123519859075,4.33742644626301,3.22694541223568,-0.207601707567632,2.09972128411601,0.491316917182221,1
"7889","PmetTSAr1.1-008137",2.20308151092802,2.05260399747826,1.98596252771084,1.58861276453675,2.40309496117385,1.07429303920029,2.24205135144996,1.78331193834077,-0.0568790967954583,0.981535813800493,0.853688683016884,1
"7890","PmetTSAr1.1-008138",12.2293504280086,15.6176391112477,8.65312244216864,19.2751682097125,12.051885335584,18.2912525358576,19.6755721402945,17.465134380258,0.273123496850419,3.9526449635916,0.401993527364693,1
"7891","PmetTSAr1.1-008139",10.5208382358603,10.6497424796698,8.03841975502005,9.39929219017576,9.75802196355441,10.0644295251396,12.5093893160339,11.1527762493058,0.17166364241839,3.36848192281425,0.551320477495852,1
"7892","PmetTSAr1.1-008141",10.8355641659929,7.5262146574203,11.2065028349397,5.21594524356232,8.92057978011504,6.07823693231743,4.27456519341862,6.82187582762103,-0.413392439854176,2.93590212006304,0.228725276677077,1
"7893","PmetTSAr1.1-008142",10.7906033188311,9.69781019098426,15.5094216449799,7.44000311391377,12.2339379841578,7.91584344673898,10.1625692098433,9.70914277541085,-0.115849652317987,3.38999866298045,0.71475492987889,1
"7894","PmetTSAr1.1-008143",11.7347811092288,10.590246711627,15.5094216449799,29.0716135910225,13.9452328807513,18.9414825332683,18.5231158381474,14.8609328195064,-0.0148676352045849,4.06331704591956,0.96886690478779,1
"7895","PmetTSAr1.1-008144",11.9595853450378,8.47814694610587,69.4614036477909,10.2200754518531,12.3795801030168,10.5167634363818,11.4197942667311,9.02978584651913,-1.20622998646461,4.16587493318905,0.027312520163937,1
"7896","PmetTSAr1.1-008145",9.35185620965362,9.72755807500568,8.32212868755017,5.50719091706073,10.7775167955676,4.74950606804339,7.79479535270455,9.34115777226117,-0.0106387291374396,3.04475533227845,0.977343644826213,1
"7897","PmetTSAr1.1-008147",7.01389215724021,9.72755807500568,4.96490631927709,6.08968226405753,6.1897900515084,11.0539099559819,15.5476832035128,7.07663467595543,0.520402729884831,3.0935270731085,0.145839960101083,1
"7898","PmetTSAr1.1-008148",2.51780744106059,2.02285611345684,2.9316589694779,1.42975148808307,3.34976873375749,2.20512781730586,1.73916132869483,1.6983923222293,0.019767345676246,1.19321407350344,0.960634487349944,1
"7899","PmetTSAr1.1-008149",5.30537996509196,4.34319106712792,2.83708932530119,4.68640765538341,3.38617926347224,4.09927607063268,5.02890022755132,4.27428734427708,-0.0320274535458706,2.10804027487743,0.919820204680932,1
"7900","PmetTSAr1.1-008150",5.57514504806273,5.77108950015627,3.6409313008032,5.77195971115018,5.57081104635756,6.30440388793854,7.66907284701576,6.73695621150957,0.338071346284654,2.5731045052944,0.252345198487956,1
"7901","PmetTSAr1.1-008152",2.60772913538418,2.64756167790674,3.21536790200802,2.75359545853036,3.85951614976406,3.08152477033767,2.2001438495537,2.80234733167835,0.0846906524958928,1.56228245620382,0.760979281293165,1
"7902","PmetTSAr1.1-008153",12.4091938166558,11.0364649719483,14.2800162706827,13.5296853779713,14.3821592373283,12.9480582093088,10.8121354892353,12.0585854878281,-0.0303129643966738,3.6712796184234,0.918297392674019,1
"7903","PmetTSAr1.1-008154",17.9843388647185,21.180493423254,35.4636165662649,24.5705440915017,22.319654715145,24.1715933820065,21.1842422085599,21.1732909504586,-0.15846399937787,4.55839028747662,0.604124116375478,1
"7904","PmetTSAr1.1-008155",2.51780744106059,2.61781379388532,2.08053217188754,2.96541049380193,2.58514760974762,2.57264912019017,3.18497014411584,2.51928194464013,0.0885964243849981,1.43151854738647,0.738668934439841,1
"7905","PmetTSAr1.1-008156",5.66506674238632,6.60403025275615,3.45179201244979,4.07743942897765,4.36926356577063,4.80604780694866,8.21387037166716,6.79356928891721,0.289532019494103,2.47735760556618,0.3790278826196,1
"7906","PmetTSAr1.1-008157",4.18135878604705,1.51714208509263,2.74251968112449,2.5417804232588,2.62155813946238,2.12031520894794,1.61343882300605,2.23621655760192,-0.348746561605672,1.31878231080471,0.274309872658758,1
"7907","PmetTSAr1.1-008158",41.6787053189851,51.7910660812994,16.9279663076305,22.0287636682429,33.5705083970044,33.7271472569986,56.365590050471,41.0161745818377,0.314425020014228,5.21762960659408,0.409546111328094,1
"7908","PmetTSAr1.1-008159",24.3687791616936,23.0248622325823,12.2940537429718,29.9718274909266,28.4730342369386,19.8178794863001,28.58091629325,16.5876316804395,0.0587248377382445,4.52096862533191,0.861825544096044,1
"7909","PmetTSAr1.1-008160",3.37206353713472,2.94504051812099,2.60066521485943,4.28925446424922,3.34976873375749,4.86258954585394,5.04985397849945,3.48170426057007,0.339651611633189,1.93170287408981,0.246019256147123,1
"7910","PmetTSAr1.1-008161",5.26041911793016,4.01596434289225,5.34318489598392,7.36057247568693,4.44208462520014,8.67915692196024,9.07297416054051,6.17082543743313,0.368796071226485,2.67021721407245,0.263135417628282,1
"7911","PmetTSAr1.1-008162",3.73175031442909,3.80772915474228,3.16808307991967,5.40128339942494,2.94925290689518,4.80604780694866,6.01372652211345,4.89703119576116,0.211001857686638,2.14404323695889,0.497139181027852,1
"7912","PmetTSAr1.1-008163",3.77671116159088,4.1944516470208,3.68821612289155,5.50719091706073,3.31335820404273,5.99342432395951,5.32225274082515,5.68961427946816,0.240661885144566,2.2499573307023,0.428419482938328,1
"7913","PmetTSAr1.1-008165",4.49608471617962,2.4690743737782,7.89656528875499,10.5642748841694,4.29644250634112,12.0716612562769,4.16979643867797,5.15179004409555,0.0141934370575892,2.69001515902857,0.977683380557087,1
"7914","PmetTSAr1.1-008166",15.3766097293343,2.70705744594959,48.4669426405621,29.0716135910225,19.3704018082498,12.2695573424454,0.775288785080829,3.0004931026051,-1.43347266263937,4.03586316626893,0.0631808693161437,1
"7915","PmetTSAr1.1-008167",3.86663285591448,4.16470376299937,3.73550094497991,6.32797417873805,3.422589793187,6.9263630158966,9.59681793424377,6.31235813095224,0.535843994419713,2.4914395870009,0.121213168500946,1
"7916","PmetTSAr1.1-008168",20.6819896944263,20.764023046954,11.4902117674698,18.2425699127637,21.2637493534171,13.8527260317932,10.1835229607914,16.191340138586,-0.213042010113915,4.05674178019431,0.519925337326721,1
"7917","PmetTSAr1.1-008169",5.9797926725189,4.55142625527789,6.38345098192769,5.50719091706073,6.44466375951168,5.79552823779104,2.53540386472379,4.72719196353823,-0.203385688197226,2.40367755468708,0.54022830018385,1
"7918","PmetTSAr1.1-008171",7.46350062885817,10.173776335327,12.3886233871485,8.8432777225879,7.79185335895763,12.4957242980665,17.0353995208301,12.5681031844968,0.362295247869261,3.48089826790928,0.26409488017384,1
"7919","PmetTSAr1.1-008173",16.2758266725702,20.3178047866327,12.9087564301204,21.6580873565177,18.0596227385186,20.8073599171425,20.3670459215828,21.2582105665701,0.176281362342658,4.24994964973633,0.5493032272494,1
"7920","PmetTSAr1.1-008174",19.2882034324106,23.3223410727965,12.1049144546184,13.8209310514697,12.7800959298791,15.5489781989516,22.6929122768253,18.1727978478535,0.0141652514656249,4.11139387776744,0.967319753827121,1
"7921","PmetTSAr1.1-008179",4.22631963320885,4.96789663157782,3.12079825783131,4.13039318779555,3.60464244176077,6.84155040753869,6.68424655245363,4.35920696038854,0.385427617992514,2.26739915862571,0.221742219290561,1
"7922","PmetTSAr1.1-008180",5.79994928387171,6.21730776047764,4.16106434377508,5.13651460533548,5.09747416006574,8.28336474962329,6.80996905814241,6.22743851484078,0.308978849872536,2.5933921948766,0.300592682659199,1
"7923","PmetTSAr1.1-008181",5.75498843670992,6.21730776047764,6.19431169357427,5.45423715824283,7.28210594295105,6.4174873657491,6.97759906572746,5.57638812465288,0.15264493039901,2.65450413272035,0.590224787029889,1
"7924","PmetTSAr1.1-008182",15.3766097293343,17.1942769643831,5.10676078554215,8.81680084317895,16.3483278419251,7.66140562166522,24.4949348583646,11.6906004846784,0.372287677725633,3.74511915164795,0.376399761942308,1
"7925","PmetTSAr1.1-008183",15.1068446463635,16.1233531396119,9.26782512931723,31.3221483407829,15.2924224801972,24.5391146848908,23.1119872957879,14.7760132033949,0.112269015753208,4.23033886266733,0.761225688116096,1
"7926","PmetTSAr1.1-008186",11.7347811092288,9.40033135077002,24.9191012405622,13.7150235338339,11.3600852710036,9.47074126663413,5.02890022755132,9.70914277541085,-0.748612453027495,3.57979783123416,0.0420763519502507,1
"7927","PmetTSAr1.1-008187",9.89138637559517,13.2973041575766,17.2589600622489,13.3973009809266,8.52006395325273,15.6620616767621,18.7955146004731,19.1352201637835,0.207417839384071,3.86420239144637,0.533863545853679,1
"7928","PmetTSAr1.1-008188",9.5316995983008,11.8991536085696,18.0628020377509,11.8086882163898,8.66570607211175,13.5417464678142,16.7210932566081,15.0590785904332,0.0757936857430058,3.72516235950697,0.820188161962791,1
"7929","PmetTSAr1.1-008189",6.87900961575482,4.64066990734216,18.8193591911646,6.72512736987223,6.62671640808546,5.25838171819089,3.7088139178191,7.33139352428982,-0.690586078932731,2.91333613814968,0.0962237630993549,1
"7930","PmetTSAr1.1-008190",10.1611514585659,11.6016747683554,11.3010724791164,13.3708241015176,9.61237984469539,18.1216273191417,14.5209494070544,11.7189070233822,0.216870567781794,3.65764423101419,0.479110060420688,1
"7931","PmetTSAr1.1-008191",7.95806994763793,7.46671888937745,8.03841975502005,8.12840197854636,7.46415859152483,5.88034084614895,6.97759906572746,6.34066466965606,-0.244827814702455,2.87573114197928,0.383502489519145,1
"7932","PmetTSAr1.1-008192",5.21545827076836,6.48503871667045,7.56557153413652,4.18334694661344,6.40825322979693,6.36094562684382,9.63872543614003,6.79356928891721,0.320994854153356,2.73248562058742,0.306725578195059,1
"7933","PmetTSAr1.1-008193",17.4897695459387,17.0157896602546,24.7772467742971,23.9615758650959,24.395054908886,17.3300429744678,17.6011507964296,24.5134625175096,0.00985850833619892,4.38848613847493,0.974792469179603,1
"7934","PmetTSAr1.1-008194",13.5781758428625,10.9174734358626,10.970078724498,12.2852720457509,14.0180539401808,9.38592865827622,7.81574910365268,9.99220816244907,-0.214110393536864,3.48219414505772,0.479172723135469,1
"7935","PmetTSAr1.1-008195",7.73326571182895,3.83747703876371,8.18027422128511,9.34633843135787,8.59288501268224,10.2057838724028,1.34104006068035,5.66130774076434,-0.175120990005725,2.78922193349328,0.714503456958544,1
"7936","PmetTSAr1.1-008197",58.8087880876295,9.31108769870574,23.5005565779116,6.51331233460067,30.7668976089682,5.68244475998048,5.02890022755132,8.43534853373887,-0.975449389891789,4.21093843657798,0.128306040209766,1
"7937","PmetTSAr1.1-008198",20.9967156245588,19.6633513381613,15.5094216449799,20.1489052302078,16.5667910202136,23.973697295838,24.725426118794,20.0410294023058,0.160774930661007,4.34133621513501,0.584585522626999,1
"7938","PmetTSAr1.1-008199",26.7966649084306,11.2149522760769,13.8544528718875,15.5948819718691,11.4693168601479,9.47074126663413,6.20231028064663,18.73892862193,-0.555822395983358,3.82924939336273,0.14565904554573,1
"7939","PmetTSAr1.1-008200",7.37357893453458,12.2561282168267,5.10676078554215,7.25466495805115,6.95441117551826,7.23734257987564,7.73193409986016,7.303086985586,-0.13318990618474,2.9485294087952,0.683585659556231,1
"7940","PmetTSAr1.1-008203",26.8416257555923,25.4046929542962,26.5740700136545,33.1755298994091,29.6381711878108,27.3379307607021,26.7579399607627,27.5422621588185,-0.00978604764443646,4.80588677176686,0.974332633759202,1
"7941","PmetTSAr1.1-008204",10.8355641659929,10.173776335327,7.2818626016064,10.8025667988499,9.53955878526588,10.5450343058344,11.8388692856937,12.0302789491242,0.168230316098947,3.38520792573666,0.565917112575895,1
"7942","PmetTSAr1.1-008205",19.1533208909252,12.4941112889981,29.1274504064256,22.981931326965,19.0062965111023,19.1111077499841,14.45808815421,13.4739124230191,-0.342154652154457,4.23084458186771,0.29137064052005,1
"7943","PmetTSAr1.1-008206",7.05885300440201,8.50789483012729,16.9279663076305,13.6091160161981,9.53955878526588,11.0256390865293,11.0216729987166,11.0112435557866,-0.113176964563187,3.47861599703075,0.731518707160502,1
"7944","PmetTSAr1.1-008207",9.80146468127158,11.6016747683554,6.5725902702811,9.24043091372208,6.22620058122315,11.7324108228453,16.218203233853,11.9736658717166,0.310716735717554,3.39173271613165,0.361251936072314,1
"7945","PmetTSAr1.1-008208",5.44026250657734,3.98621645887083,2.50609557068272,5.58662155528756,4.95183204120672,4.72123519859075,3.08020138937518,4.21767426686944,-0.0527589349562591,2.12874132617384,0.887376127826815,1
"7946","PmetTSAr1.1-008209",12.7239197467883,13.327052041598,76.6014117831322,4.23630070543133,11.1416220927151,8.05719779400217,0.880057539821481,12.2850377974586,-1.72328705018991,4.12170126241401,0.0208408760693626,1
"7947","PmetTSAr1.1-008210",17.3548870044533,20.1095695984827,12.0576296325301,29.2569517468851,19.0062965111023,19.4220873139631,28.2456562780799,24.1171709756561,0.203381434235039,4.41085901163989,0.535518556534823,1
"7948","PmetTSAr1.1-008211",3.01237675984035,3.24251935833523,3.92464023333332,3.15074864966455,3.8231056200493,3.64694215939046,3.24783139696023,4.3025938829809,0.17316052734022,1.84978267319064,0.518366260041989,1
"7949","PmetTSAr1.1-008212",3.37206353713472,3.98621645887083,3.73550094497991,4.02448567015976,4.76977939263294,2.79881607581128,3.45736890644153,4.5573527313153,0.0379092833594353,1.96306731629168,0.890844398755687,1
"7950","PmetTSAr1.1-008213",1.57362965066287,1.04117594074984,1.70225359518072,1.72099716158148,1.49283171830497,1.63971042825307,2.17919009860557,2.17960348019427,0.32482502035662,0.8125773597092,0.276003121234057,1
"7951","PmetTSAr1.1-008214",13.3533716070535,8.35915541002017,6.90358402489957,5.29537588178916,20.7175914076957,2.51610738128489,3.85549017445601,7.64276545003186,0.0330855519977078,3.10805012021648,0.950163297691083,1
"7952","PmetTSAr1.1-008215",11.8696636507142,12.2263803328053,15.3675671787148,11.8086882163898,15.62011724763,12.1282029951822,13.7037531200773,13.0493143424618,0.0886333261957616,3.73125611964545,0.760591808196828,1
"7953","PmetTSAr1.1-008216",15.9611007424377,14.6954547065835,29.6475834493975,16.3891883541374,24.8319812654631,25.3589698990174,18.145948321081,24.8531409819555,0.282122277978507,4.41220500351539,0.379486607742125,1
"7954","PmetTSAr1.1-008217",4.49608471617962,3.12352782224953,2.60066521485943,2.46234978503196,4.33285303605588,4.29717215680116,3.89739767635227,3.11371925742039,0.306650634697899,1.84842061633589,0.303386478859639,1
"7955","PmetTSAr1.1-008221",3.23718099564933,4.22419953104222,4.39748845421685,4.28925446424922,3.85951614976406,4.21235954844324,4.31647269531488,3.99122195723886,0.0195103684993109,2.04604653386487,0.950057786029334,1
"7956","PmetTSAr1.1-008222",19.647890209705,17.5215036886188,19.7650556329317,17.9778011186742,19.4796333973941,18.884940794363,15.7572207129941,17.153762454516,-0.0717400764132867,4.19620588814657,0.800210309024695,1
"7957","PmetTSAr1.1-008223",34.3950480787741,6.90150909297039,16.3132636204819,7.54591063154955,19.5160439271088,4.3254430262538,1.82297633248735,5.8594535116911,-1.04822060379869,3.59717849191835,0.08653011507434,1
"7958","PmetTSAr1.1-008224",11.1952509432873,15.290412387012,14.5637252032128,11.5174425428914,10.559053617279,11.1104516948872,24.0549060884538,19.7579640152676,0.318177666558991,3.89018832579542,0.346471237994875,1
"7959","PmetTSAr1.1-008225",9.71154298694798,8.00218080176308,5.57960900642568,7.67829502859428,8.88416925040029,7.80275996892842,4.16979643867797,7.02002159854779,-0.154948947298128,2.88992326275522,0.637756913883188,1
"7960","PmetTSAr1.1-008226",48.8724408648725,29.6883882533812,16.2186939763052,18.3484774303994,22.756581071722,18.9697534027209,17.6430582983259,27.5422621588185,-0.380030743180829,4.64707375107427,0.299957743834779,1
"7961","PmetTSAr1.1-008227",24.0990140787228,24.0065424052892,17.7318082831325,16.8128184246806,24.1765917305975,14.6160395070145,19.6546183893464,19.6730443991561,-0.0815725744674764,4.33302963337519,0.788645209698061,1
"7962","PmetTSAr1.1-008228",14.0277843144804,10.5010030595627,9.22054030722888,11.4115350252556,11.6149589790069,10.4602216974765,10.1835229607914,12.5964097232007,-0.0100110920237684,3.4997807755678,0.975429208990986,1
"7963","PmetTSAr1.1-008229",12.2293504280086,12.4346155209553,17.6372386389558,17.3158791334506,12.8893275190234,17.2452303661099,17.3077982831558,15.0590785904332,0.0687429892664237,3.93819724250099,0.818848500084992,1
"7964","PmetTSAr1.1-008230",14.8820404105546,15.8853700674405,29.5530138052208,18.4543849480352,22.5745284231483,17.8106477551627,18.9212371061618,11.3226154815287,-0.156858275337483,4.22716895544307,0.636908924412783,1
"7965","PmetTSAr1.1-008232",3.77671116159088,5.8008373841777,218.692302158634,11.3056275076199,9.90366408241343,12.7501621231403,24.5997036131052,7.50123275651275,-2.12851800741982,5.2009654907161,0.0202259576329598,1
"7966","PmetTSAr1.1-008233",4.8108106463122,4.22419953104222,7.75471082248993,2.43587290562301,4.18721091719686,2.48783651183225,1.7182075777467,4.41582003779619,-0.583338851115954,2.01536974973657,0.130245150088022,1
"7967","PmetTSAr1.1-008236",2.69765082970777,3.3317630103995,2.64795003694778,4.13039318779555,3.422589793187,3.05325390088503,4.92413147281067,3.87799580242358,0.24897770312383,1.84091833878736,0.380362273079655,1
"7968","PmetTSAr1.1-008237",24.7284659389879,27.9630109801387,26.905063768273,20.996165371294,21.5550335911351,21.6554860007216,24.4739811074164,23.975638282137,-0.133649850344532,4.59041760281325,0.636043755939017,1
"7969","PmetTSAr1.1-008238",19.2882034324106,17.8784782968759,28.7491718297188,15.7007894895049,20.535538759122,11.9585777784664,14.5209494070544,17.6349736124809,-0.335518947848876,4.19624728165725,0.29112089945654,1
"7970","PmetTSAr1.1-008240",5.48522335373914,4.87865297951355,5.43775454016062,4.84526893183708,4.58772674405916,6.10650780177007,6.51661654486859,6.36897120835989,0.195470254818093,2.4834828669571,0.49854855949267,1
"7971","PmetTSAr1.1-008243",5.66506674238632,4.90840086353498,9.03140101887547,8.8432777225879,6.66312693780021,8.17028127181273,7.1452290733125,9.08639892392677,0.127593440482895,2.90721879571195,0.687157655803794,1
"7972","PmetTSAr1.1-008244",16.1859049782466,15.9151179514619,16.7861118413654,14.0327460867413,13.0713801675971,14.9270190709935,15.1495619354984,14.6627870485796,-0.121161424355656,3.92129350883088,0.664443822273687,1
"7973","PmetTSAr1.1-008247",20.3223029171319,19.7228471062042,14.5164403811244,14.165130483786,21.4093914722761,16.9059799326782,19.591757136502,18.9936874702644,0.162079225565156,4.19103207749299,0.581145920866442,1
"7974","PmetTSAr1.1-008248",9.21697366816823,9.45982711881286,7.75471082248993,9.02861587845052,10.5226430875643,8.33990648852856,11.7341005309531,11.3792285589363,0.24279911262348,3.28476247449405,0.400043914026513,1
"7975","PmetTSAr1.1-008249",10.4309165415367,11.1852043920555,6.95086884698793,7.62534126977639,6.11696899207889,10.3471382196659,36.3128503931102,14.1532693519109,0.888010738593587,3.698003287585,0.0484919261441339,1
"7976","PmetTSAr1.1-008250",4.54104556334142,5.08688816766352,6.24159651566263,4.13039318779555,6.33543217036742,4.1840886789906,6.13944902780224,5.54808158594906,0.15371549707164,2.41564759157561,0.607545114268172,1
"7977","PmetTSAr1.1-008251",9.84642552843337,4.96789663157782,63.1725223100399,16.5745265100001,21.3365704128466,20.213671658637,1.445808815421,7.16155429206689,-0.914623406394468,4.1785705153617,0.201649773397869,1
"7978","PmetTSAr1.1-008252",17.3548870044533,16.9860417762332,12.0576296325301,26.1326799766295,16.4211489013546,23.4930925151432,19.8851096497758,20.5788536376784,0.146770950697403,4.26190291856169,0.64058663867736,1
"7979","PmetTSAr1.1-008253",5.21545827076836,5.50335854396346,5.91060276104415,5.85139034937702,5.68004263550182,5.56936128216992,7.18713657520876,6.11421236002549,0.128190397243187,2.57135577435866,0.650808137734787,1
"7980","PmetTSAr1.1-008254",16.9052785328354,12.2858761008482,20.3324734979919,22.2935324623324,16.967306847076,14.7573938542777,13.5151693615442,19.0219940089682,-0.160597403842131,4.0931786254233,0.601557026385915,1
"7981","PmetTSAr1.1-008255",12.6789588996265,13.3865478096408,12.1049144546184,13.688546654425,10.3041799092757,13.7396425539827,14.1018743880918,13.1059274198695,-0.0167450066228817,3.69528822979521,0.954964158666205,1
"7982","PmetTSAr1.1-008256",11.8247028035524,12.6428507091052,13.3343198289156,11.7557344575719,12.9621485784529,12.6370786453297,11.5036092705236,12.0302789491242,-0.0124535912423432,3.63180490164386,0.966785228980824,1
"7983","PmetTSAr1.1-008257",17.6696129345859,25.7616675625533,17.3535297064256,24.1998677797765,19.7709176351121,28.1012442359234,28.1199337723911,25.8438698365892,0.26012403633532,4.54995253813515,0.383498601372158,1
"7984","PmetTSAr1.1-008258",26.5268998254598,27.3383054156887,22.082011915261,21.1285497683388,26.3976340431976,27.3662016301547,26.0245586775781,24.0888644369523,0.097711793177011,4.65427730687711,0.731984426265825,1
"7985","PmetTSAr1.1-008259",7.05885300440201,6.15781199243479,5.0594759634538,5.11003772592654,6.00773740293462,6.4174873657491,7.69002659796389,6.51050390187899,0.189355957660865,2.6589396113846,0.518233650839063,1
"7986","PmetTSAr1.1-008260",4.40616302185603,6.69327390482042,2.64795003694778,4.05096254956871,4.07797932805259,5.73898649888576,5.82514276358028,5.15179004409555,0.220576022362422,2.29152991352804,0.492874085974174,1
"7987","PmetTSAr1.1-008261",16.4556700612174,17.8784782968759,13.6180287614457,12.7883327545208,16.3119173122104,16.5101877603413,20.4508609253754,17.5217474576656,0.221383305397838,4.04504599011541,0.446052860708621,1
"7988","PmetTSAr1.1-008262",7.91310910047614,6.51478660069188,8.36941350963852,7.2281880786422,7.50056912123959,7.88757257728634,6.41184779012793,6.85018236632486,-0.0665318297645118,2.88585134886461,0.816850174198899,1
"7989","PmetTSAr1.1-008263",4.13639793888525,5.86033315222055,4.82305185301203,3.65380935843452,4.18721091719686,4.63642259023283,8.06719411503024,7.84091122095862,0.423399261229706,2.45191889345932,0.192940441755251,1
"7990","PmetTSAr1.1-008264",4.31624132753244,4.10520799495653,2.69523485903613,3.78619375547925,3.27694767432797,4.60815172078019,5.38511399366954,3.48170426057007,0.1698476200846,2.0091767522745,0.575754412493986,1
"7991","PmetTSAr1.1-008265",1.84339473363365,2.40957860573535,2.45881074859437,3.01836425261982,2.62155813946238,3.25114998705351,3.54118391023405,2.88726694778981,0.333069695676429,1.49770784881389,0.217898968711201,1
"7992","PmetTSAr1.1-008266",2.83253337119316,1.96336034541399,13.0506108963855,2.96541049380193,3.0948950257542,1.83760651442155,1.7182075777467,1.92484463185988,-1.27474632546848,1.88543759818136,0.0101806781362594,1
"7993","PmetTSAr1.1-008267",2.47284659389879,1.39815054900693,14.6110100253011,3.07131801143771,3.0948950257542,2.37475303402169,1.15245630214718,1.44363347389491,-1.41545977377678,1.89447336528092,0.0136515378599179,1
"7994","PmetTSAr1.1-008268",17.4897695459387,16.5695713999332,24.493537841767,20.0694745919809,18.9334754516727,27.818535541397,24.8092411225865,21.2299040278663,0.239938414679618,4.42562890236266,0.419556076733447,1
"7995","PmetTSAr1.1-008269",3.91159370307627,4.25394741506365,2.08053217188754,3.15074864966455,3.27694767432797,3.95792172336949,4.60982520858871,4.67057888613058,0.299533126713358,1.92933596007664,0.312743791090109,1
"7996","PmetTSAr1.1-008270",17.3998478516151,19.2468809618614,18.0155172156626,17.58064792754,19.333991278535,19.3090038361526,20.1784621630497,20.9751451795319,0.143385839107169,4.25313092272787,0.605259694881894,1
"7997","PmetTSAr1.1-008271",57.9994928387171,16.1531010236333,48.6087971068271,41.4098393955912,36.0828349473225,26.8573259800072,12.4884355650858,24.1454775143599,-0.721412263736836,5.04464569941673,0.0792416606831479,1
"7998","PmetTSAr1.1-008272",23.5145230656194,22.935618580518,22.885853890763,22.3464862211503,22.3924757745745,33.6706055180933,31.0953664070257,28.7877498617867,0.339152153608509,4.70159117386681,0.239527158974927,1
"7999","PmetTSAr1.1-008273",8.94720858519745,8.95411309044865,10.3553760373494,12.1264107692972,8.99340083954455,9.86653343897108,12.2788980556045,9.82236893022614,0.0207165960257319,3.35524490787891,0.946544722784833,1
"8000","PmetTSAr1.1-008274",37.1826206028055,32.127714743138,18.8193591911646,25.417804232588,22.6473494825778,28.2143277137339,39.7073580467073,35.722851844223,0.15381184821855,4.90918732653644,0.638215516871414,1
"8001","PmetTSAr1.1-008275",13.4882541485389,17.9974698329616,6.28888133775098,9.26690779313103,10.7775167955676,13.6265590761721,19.2355433703838,15.398757054879,0.327202999821204,3.73699229839084,0.356748939101628,1
"8002","PmetTSAr1.1-008277",3.23718099564933,3.15327570627095,5.53232418433733,3.15074864966455,3.8231056200493,4.01446346227477,4.02312018204106,4.07614157335033,0.0885042178496686,1.97578153235493,0.77415379767548,1
"8003","PmetTSAr1.1-008278",8.67744350222667,4.99764451559925,22.4130056698794,27.3241395500321,9.46673772583637,12.2130156035401,5.2174839860845,10.6149520139331,-0.758035679576231,3.66322361034688,0.100180156739699,1
"8004","PmetTSAr1.1-008279",3.23718099564933,2.94504051812099,3.16808307991967,1.93281219685304,2.7672002583214,4.29717215680116,5.72037400883963,3.96291541853504,0.582248574225875,1.8370856870444,0.0607565277504404,1
"8005","PmetTSAr1.1-008281",14.342510244613,12.0776409126982,12.719617141767,9.10804651667735,8.3016007749642,6.98290475480188,7.22904407710502,16.5310186030319,-0.304235076375646,3.45475866580713,0.375810167019184,1
"8006","PmetTSAr1.1-008282",16.1409441310848,16.1531010236333,14.327301092771,14.8005755896007,13.836001291607,20.2984842669949,21.2680572123525,16.672551296551,0.23141108920503,4.0664707998479,0.428782145497012,1
"8007","PmetTSAr1.1-008283",8.40767841925589,9.25159193066289,10.1189519269076,11.1732431105751,10.8139273252823,12.0433903868243,10.2254304626877,8.74672045948091,0.101732659844209,3.34501669833464,0.724652634460018,1
"8008","PmetTSAr1.1-008284",4.67592810482681,7.19898793318463,70.5962393779114,13.2384397044729,10.559053617279,18.1216273191417,12.6141580707746,9.48269046578027,-0.913177132018092,4.19656381800376,0.14251770801359,1
"8009","PmetTSAr1.1-008285",77.0628920353187,25.7021717945104,10.970078724498,7.14875744041537,38.6315720273553,2.12031520894794,3.62499891402658,11.1527762493058,-1.12271729463093,4.46407983173981,0.14145332288678,1
"8010","PmetTSAr1.1-008286",5.35034081225375,4.58117413929931,3.68821612289155,5.77195971115018,5.57081104635756,6.21959127958062,7.18713657520876,5.63300120206052,0.342147695070695,2.47760784159077,0.239641633318676,1
"8011","PmetTSAr1.1-008288",11.2851726376109,12.7618422451909,14.8474341357429,19.2486913303036,11.0323905035708,30.9283311811873,17.0773070227264,13.1342339585733,0.311388779309643,4.03212999747395,0.385721645296109,1
"8012","PmetTSAr1.1-008289",7.28365724021099,6.63377813677757,16.0295546879517,7.5723875109585,10.8139273252823,7.209071710423,6.99855281667559,7.13324775336307,-0.220742930083012,3.13024547248695,0.526782736706435,1
"8013","PmetTSAr1.1-008291",16.4107092140556,20.764023046954,11.9630599883534,13.6091160161981,14.2001065887546,12.8349747314982,15.8619894677348,13.8985105035765,-0.144285058158854,3.90749214370392,0.630076377222508,1
"8014","PmetTSAr1.1-008292",2.15812066376622,1.7253772732426,8.55855279799194,1.64156652335464,1.20154748058692,1.27218912536876,2.76589512515323,1.92484463185988,-0.957372586137123,1.42713507358159,0.0460575557086216,1
"8015","PmetTSAr1.1-008295",26.1672130481654,9.48957500283429,14.5164403811244,13.8474079308787,20.0622018728302,8.5095317052444,11.2731180100942,11.9453593330128,-0.305463265265583,3.86011550635379,0.408543706240779,1
"8016","PmetTSAr1.1-008297",3.77671116159088,4.87865297951355,3.16808307991967,3.83914751429714,4.07797932805259,4.38198476515908,5.55274400125458,4.81211157964969,0.263082543817184,2.1310303629322,0.3541114243122,1
"8017","PmetTSAr1.1-008298",3.10229845416394,4.43243471919219,3.30993754618473,3.36256368493612,2.58514760974762,3.61867128993782,4.27456519341862,3.39678464445861,-0.0326883375602072,1.83877891760891,0.907191207568071,1
"8018","PmetTSAr1.1-008300",5.26041911793016,6.75276967286327,8.22755904337346,4.31573134365817,5.06106363035098,9.13149083320246,8.3815003792522,5.68961427946816,0.207299350141994,2.73674924322954,0.534133381081086,1
"8019","PmetTSAr1.1-008301",1.70851219214826,1.39815054900693,3.54636165662649,2.30348850857828,1.31077906973119,1.89414825332683,1.15245630214718,1.38702039648726,-0.630702123493936,0.915656916106039,0.0512690840961644,1
"8020","PmetTSAr1.1-008302",2.15812066376622,1.96336034541399,3.16808307991967,2.46234978503196,1.67488436687874,1.52662695044252,1.32008630973222,1.67008578352548,-0.652500904263458,1.03121785527456,0.0161716624546303,1
"8021","PmetTSAr1.1-008304",2.56276828822238,3.62924185061374,2.1278169939759,1.16498269399362,2.11181072345581,1.52662695044252,2.99638638558266,2.71742771556688,-0.0145460153676459,1.2733720987287,0.965733749229328,1
"8022","PmetTSAr1.1-008305",14.567314480422,10.6794903636913,16.3132636204819,13.9268385691055,14.6370329453316,12.5805369064244,11.1264417534573,10.8130977848599,-0.174288025765543,3.71527617450741,0.554199839272368,1
"8023","PmetTSAr1.1-008308",3.10229845416394,2.4690743737782,2.36424110441766,3.23017928789139,2.7672002583214,4.12754694008532,3.62499891402658,2.97218656390128,0.273079230552399,1.65504772789942,0.328087781015775,1
"8024","PmetTSAr1.1-008309",2.92245506551675,3.18302359029238,80.5260520164656,9.61110722544733,12.051885335584,17.4996681911837,7.37572033374194,5.12348350539173,-1.19364043755156,4.11236227946172,0.124597891242935,1
"8025","PmetTSAr1.1-008310",9.08209112668284,10.7092382477127,9.40967959558229,13.8209310514697,9.94007461212819,10.262325611308,14.3323656485213,13.2474601133886,0.150217682670368,3.51360965585963,0.617057958994787,1
"8026","PmetTSAr1.1-008312",2.56276828822238,2.91529263409956,1.93867770562248,4.15687006720449,2.07540019374105,4.15581780953796,5.13366898229197,4.13275465075797,0.416011397495518,1.79159751739343,0.2122693339215,1
"8027","PmetTSAr1.1-008313",7.55342232318177,9.48957500283429,6.61987509236945,8.15487885795531,8.59288501268224,7.18080084097036,10.4559217231171,9.00147930781531,0.145674817038195,3.07873881506528,0.620066281951446,1
"8028","PmetTSAr1.1-008314",5.03561488212118,7.05024851307751,3.54636165662649,3.99800879075082,4.73336886291819,6.30440388793854,23.2586635524249,8.69010738207327,1.13108255981269,2.98518168332473,0.0119273781547443,1
"8029","PmetTSAr1.1-008315",14.3874710917748,12.8808337812766,15.3202823566264,13.211962825064,11.0688010332856,13.6548299456247,13.7666143729217,13.7852843487612,-0.0927294064936593,3.76225221634971,0.743166756300191,1
"8030","PmetTSAr1.1-008316",5.9797926725189,6.96100486101324,2.83708932530119,4.31573134365817,4.95183204120672,4.29717215680116,5.28034523892889,6.31235813095224,0.0500570862446567,2.37375971272865,0.879205521153412,1
"8031","PmetTSAr1.1-008317",11.2851726376109,10.2630199873913,10.6863697919678,10.5113211253515,9.86725355269868,12.1282029951822,11.9645917913825,11.435841636344,0.0877751838162156,3.46996591260609,0.757759965541678,1
"8032","PmetTSAr1.1-008320",67.2164665068854,16.9860417762332,16.1714091542168,5.71900595233229,27.4899499346402,6.53057084355966,3.77167517066349,9.00147930781531,-1.18128647307387,4.25751532910925,0.0671806659408058,1
"8033","PmetTSAr1.1-008321",4.13639793888525,6.69327390482042,3.40450719036143,6.9369424051438,3.8231056200493,8.6508860525076,3.89739767635227,4.86872465705734,-0.00106953058321649,2.42553679142782,0.999999999999999,1
"8034","PmetTSAr1.1-008325",4.36120217469423,4.46218260321361,4.91762149718874,12.3117489251598,5.5344005166428,7.77448909947578,5.9089577673728,7.10494121465925,0.00986218995949896,2.72676681632584,0.97722343517979,1
"8035","PmetTSAr1.1-008326",2.11315981660442,2.37983072171393,2.03324734979919,5.69252907292335,2.40309496117385,3.50558781212726,3.85549017445601,2.83065387038217,0.0340631750272565,1.66794101274221,0.916580062968776,1
"8036","PmetTSAr1.1-008327",8.67744350222667,10.4415072915199,5.29590007389556,8.57850892849844,4.87901098177721,10.6015760447397,9.42918792665873,13.5871385778344,0.221633088824199,3.17127028397263,0.529701593478616,1
"8037","PmetTSAr1.1-008328",23.9191706900756,27.1003223435174,15.2729975345381,37.147061810751,19.5160439271088,35.02760725182,28.0780262704949,33.5998614414364,0.167097631502115,4.78301941359095,0.620695654691066,1
"8038","PmetTSAr1.1-008329",8.3627175720941,8.35915541002017,6.76172955863451,7.75772566682112,8.73852713154126,7.83103083838106,10.2673379645839,9.14301200133441,0.203574503933074,3.08210287725286,0.477289949534343,1
"8039","PmetTSAr1.1-008331",5.03561488212118,4.55142625527789,7.47100188995981,11.4380119046646,4.04156879833783,13.089412556572,12.2369905537082,7.50123275651275,0.37142525543773,3.04394403361158,0.356642552473928,1
"8040","PmetTSAr1.1-008332",24.4137400088553,20.3475526706541,23.2641324674698,24.1998677797765,22.5745284231483,25.9243872880701,24.3901661036239,24.8248344432516,0.0836937667910324,4.57316097476981,0.766213273100492,1
"8041","PmetTSAr1.1-008333",18.7037124193072,16.3613362117833,11.5374965895582,15.2242056601438,13.7631802321775,21.0617977422162,14.4790419051582,15.6818224419172,0.071671626575279,3.99233472221219,0.814324613298306,1
"8042","PmetTSAr1.1-008334",7.50846147601997,8.50789483012729,9.45696441767065,11.4115350252556,9.61237984469539,9.89480430842372,10.2673379645839,9.85067546892996,0.10202693859091,3.267455060851,0.72397352072992,1
"8043","PmetTSAr1.1-008335",9.89138637559517,8.86486943838438,10.1662367489959,14.4034223984665,11.4329063304332,11.9303069090137,11.7341005309531,10.9829370170828,0.0875492743529555,3.4907426233344,0.765383768504558,1
"8044","PmetTSAr1.1-008336",7.23869639304919,3.36151089442092,38.7262692903613,13.2384397044729,12.1247063950135,9.78172083061316,3.62499891402658,3.42509118316243,-1.11115455430834,3.51882342880758,0.0627199788050691,1
"8045","PmetTSAr1.1-008338",12.8138414411119,9.37058346674859,13.1451805405622,12.1528876487061,10.559053617279,11.5345147366768,9.36632667381433,11.0395500944905,-0.159094926977641,3.49873869028359,0.58021705842131,1
"8046","PmetTSAr1.1-008339",13.2634499127299,21.8944426397681,5.76874829477909,17.4482635304953,10.2313588498462,22.5884246926587,18.7745608495249,20.012722863602,0.293089898177351,4.02914442632681,0.45399190083089,1
"8047","PmetTSAr1.1-008340",12.8588022882737,19.4253682659899,5.8633179389558,15.0388675042812,8.48365342353798,17.9520021024259,15.568636954461,16.983923222293,0.147871462807637,3.81739208489432,0.692804991157463,1
"8048","PmetTSAr1.1-008341",3.50694607862011,4.9381487475564,2.36424110441766,6.22206666110226,3.0948950257542,5.42800693490673,6.55852404676485,6.96340852114014,0.366453769462051,2.31141176280969,0.303853791937482,1
"8049","PmetTSAr1.1-008342",3.14725930132574,3.24251935833523,2.64795003694778,5.77195971115018,2.87643184746567,4.94740215421186,3.77167517066349,4.41582003779619,0.105172086375204,1.9724193738081,0.744209994439313,1
"8050","PmetTSAr1.1-008343",6.51932283846045,5.44386277592061,8.700407264257,4.7393614142013,6.00773740293462,6.61538345191757,8.57008413778538,5.63300120206052,0.0850411496150869,2.71960218269178,0.794908119113304,1
"8051","PmetTSAr1.1-008344",4.58600641050321,5.77108950015627,7.14000813534134,4.05096254956871,5.78927422464609,4.24063041789588,4.65173271048497,4.35920696038854,-0.176676678932091,2.35828790008091,0.558517159793884,1
"8052","PmetTSAr1.1-008345",4.09143709172346,5.86033315222055,2.88437414738955,5.71900595233229,3.24053714461322,7.40696779659147,9.53395668139938,6.87848890502868,0.541473277858946,2.53182867282548,0.133969683365245,1
"8053","PmetTSAr1.1-008346",15.0169229520399,7.70470196154884,10.0716671048192,19.4340294861662,11.760601097866,18.489148622026,7.94147160934146,9.76575585281849,-0.124296294106547,3.65354151959688,0.736920725879613,1
"8054","PmetTSAr1.1-008347",17.0401610743208,9.1326003945772,9.22054030722888,18.6926768627157,11.0688010332856,16.849438193773,8.84248290011107,9.73744931411467,-0.219051076032811,3.65920336568349,0.530366445507741,1
"8055","PmetTSAr1.1-008348",21.3114415546914,22.6083918562823,18.2992261481927,20.2283358684346,18.3509069762367,18.489148622026,20.3670459215828,22.1357132663886,-0.0554912244754109,4.34245271183423,0.845093930244374,1
"8056","PmetTSAr1.1-008349",4.04647624456166,3.65898973463516,4.53934292048191,5.32185276119811,5.02465310063623,4.07100520118004,5.57369775220271,4.41582003779619,0.11894429554839,2.21597140718469,0.678668265603873,1
"8057","PmetTSAr1.1-008350",17.3998478516151,17.1645290803617,16.1714091542168,17.607124806949,15.9478120150628,17.3865847133731,17.0773070227264,18.2860240026688,0.00740618549180914,4.10372622419124,0.980838364056708,1
"8058","PmetTSAr1.1-008351",1.84339473363365,1.99310822943541,1.65496877309236,1.50918212630991,2.00257913431154,1.78106477551627,1.46676256636914,2.03807078667516,0.0521110549435964,0.884337611700335,0.864573244874465,1
"8059","PmetTSAr1.1-008352",3.46198523145831,3.48050243050662,2.31695628232931,3.20370240848244,3.85951614976406,2.742274336906,3.05924763842705,2.85896040908599,-0.00121955129478206,1.67128031690958,1,1
"8060","PmetTSAr1.1-008354",24.8183876333115,23.1438537686679,19.3867770562248,22.0552405476519,22.5381178934335,22.333986867585,22.483374767344,27.4573425427071,0.0846012736171066,4.52919589731262,0.765969236746938,1
"8061","PmetTSAr1.1-008355",2.47284659389879,4.1944516470208,2.17510181606425,4.65993077597446,1.74770542630825,2.48783651183225,2.07442134386492,3.51001079927389,-0.469246101423739,1.57724743877376,0.156692890761025,1
"8062","PmetTSAr1.1-008356",2.92245506551675,2.94504051812099,3.30993754618473,3.25665616730033,2.94925290689518,3.61867128993782,2.34682010619062,2.71742771556688,-0.098925222431415,1.61699927469712,0.719642700591812,1
"8063","PmetTSAr1.1-008357",17.6696129345859,16.837302356126,5.53232418433733,8.76384708436106,10.3770009687053,9.38592865827622,14.3114118975731,12.0868920265319,-0.0800564591188887,3.57713029373295,0.830455762784067,1
"8064","PmetTSAr1.1-008358",4.00151539739986,6.06856834037052,4.82305185301203,5.6660521935144,4.69695833320343,7.49178040494939,7.77384160175642,6.34066466965606,0.353772210831875,2.56808783964136,0.242173236589538,1
"8065","PmetTSAr1.1-008360",9.486738751139,7.55596254144172,4.4447732763052,1.82690467921726,6.22620058122315,3.33596259541143,2.40968135903501,7.10494121465925,-0.289139649530384,2.41817214011397,0.528518715440338,1
"8066","PmetTSAr1.1-008361",24.6835050918261,30.4915811219597,20.7107520746987,25.4707579914059,28.8735500638009,28.3274111915445,35.4327928532887,31.0522729580924,0.286804851510484,4.81759655490876,0.325711606244129,1
"8067","PmetTSAr1.1-008362",8.40767841925589,12.8213380132338,5.1540456076305,7.70477190800323,6.1897900515084,17.2169594966573,19.906063400724,10.9263239396752,0.669315184103688,3.47545400419806,0.085745061938154,1
"8068","PmetTSAr1.1-008363",7.32861808737279,12.3751197529124,5.1540456076305,6.96341928455275,4.26003197662637,16.7080838465098,20.2203696649459,10.954630478379,0.711940818182853,3.40325338041219,0.0946879650544357,1
"8069","PmetTSAr1.1-008365",17.0851219214826,16.1828489076547,11.915775166265,9.05509275785946,7.75544282924287,8.11373953290745,9.09392791148864,12.1151985652357,-0.547269900569616,3.51952723410485,0.0844615807333274,1
"8070","PmetTSAr1.1-008366",10.5657990830221,3.3317630103995,9.64610370602406,7.2281880786422,9.43032719612162,4.24063041789588,0.81719628697709,3.82138272501593,-0.751113318528853,2.62470214106729,0.1549698835681,1
"8071","PmetTSAr1.1-008368",14.8370795633928,18.6519232814329,6.76172955863451,13.4502547397445,11.7241905681512,17.3865847133731,19.7384333931389,14.8326262808026,0.244968282786896,3.88231750612442,0.474664862392502,1
"8072","PmetTSAr1.1-008369",15.7362965066287,18.3841923252401,7.89656528875499,13.5296853779713,11.906243216725,18.6022320998366,21.351872216145,15.3421439774714,0.27430387395122,3.94643738144266,0.411162413822033,1
"8073","PmetTSAr1.1-008370",7.46350062885817,5.8008373841777,10.4026608594377,4.84526893183708,6.95441117551826,6.16304954067535,4.9450852237588,5.94437312780256,-0.244451866210093,2.7251122203127,0.441387589165794,1
"8074","PmetTSAr1.1-008371",11.689820262067,14.7549504746264,5.01219114136544,12.8942402721566,7.90108494810189,18.3477942747628,13.1380018444778,14.124962813207,0.269146515741366,3.62152178399707,0.465366790216964,1
"8075","PmetTSAr1.1-008372",15.6913356594669,15.5878912272262,13.7598832277108,11.4644887840735,12.7072748704496,16.7363547159624,16.2601107357493,13.7852843487612,0.0754260038877232,3.86407535655715,0.797539409598422,1
"8076","PmetTSAr1.1-008373",6.51932283846045,5.38436700787776,4.87033667510038,4.28925446424922,4.69695833320343,7.29388431878091,7.04046031857185,5.63300120206052,0.231989767733935,2.53112432692104,0.440671145668365,1
"8077","PmetTSAr1.1-008375",154.035862376314,30.6700684260882,19.5286315224899,9.53167658722049,50.6106363035098,6.78500866863341,6.05563402400972,19.3050593960064,-1.36924687090215,5.21245042969852,0.0660156365606762,1
"8078","PmetTSAr1.1-008376",111.098253336798,18.4734359773044,12.4831930313253,11.1997199899841,26.9437919889189,4.60815172078019,2.93352513273827,12.7662489554236,-1.6978207059673,4.64809995802498,0.0190068412802882,1
"8079","PmetTSAr1.1-008377",8.40767841925589,11.155456508034,3.92464023333332,10.3524598488978,5.20670574921,12.8349747314982,14.9190706750689,13.9834301196879,0.470432201869539,3.34752267620823,0.22811126478128,1
"8080","PmetTSAr1.1-008378",35.2493041748482,29.3611615291456,24.9191012405622,18.057231756901,28.9099605935157,20.0157755724686,21.6661784803669,22.701844040465,-0.20537414187024,4.65321119925478,0.509644122485787,1
"8081","PmetTSAr1.1-008380",11.5099768734198,11.6611705363982,9.40967959558229,11.5439194223004,10.0493062012725,8.67915692196024,9.07297416054051,10.2469670107835,-0.214957395470174,3.36905413763603,0.449011645907169,1
"8082","PmetTSAr1.1-008381",6.20459690832788,5.32487123983491,4.49205809839356,10.5377980047604,5.60722157607231,7.97238518564425,6.13944902780224,6.48219736317517,-0.0236814030886415,2.73649781786387,0.94952246776029,1
"8083","PmetTSAr1.1-008382",11.1053292489637,10.5604988276056,8.0857045771084,13.211962825064,10.9231589144266,13.5700173372668,13.8923368786105,13.1908470359809,0.26228572217694,3.57134359058888,0.372553723795396,1
"8084","PmetTSAr1.1-008383",19.5130076682196,18.6221753974115,20.2379038538152,19.4869832449841,16.9308963173612,21.5424025229111,26.8417549645552,21.7394217245351,0.161910605450827,4.37018137812205,0.576482678697768,1
"8085","PmetTSAr1.1-008385",13.2634499127299,16.4505798638475,11.1592180128514,14.0062692073323,18.1688543276629,18.2347107969523,20.1994159139978,19.0786070863758,0.46249535579029,4.03477410338006,0.107957248574577,1
"8086","PmetTSAr1.1-008386",16.995200227159,19.990578062397,9.45696441767065,11.6233500605272,12.4159906327315,18.8566699249103,21.2471034614043,20.2108686345287,0.324843007761184,4.03744235262235,0.327008515511047,1
"8087","PmetTSAr1.1-008387",12.4991155109794,15.7961264153762,6.80901438072287,11.0408587135304,15.2560119504825,11.7606816922979,15.1705156864465,14.4363347389491,0.293263983015733,3.69100152773034,0.356695686053606,1
"8088","PmetTSAr1.1-008388",13.5781758428625,14.9036898947335,20.0014797433734,14.2180842426039,13.1442012270267,18.1216273191417,15.736266962046,17.4368278415542,0.0406424603189905,3.99573718272063,0.893770417497794,1
"8089","PmetTSAr1.1-008394",14.792118716231,21.537468031511,12.719617141767,17.2894022540416,18.3144964465219,16.1709373269096,24.5158886093127,20.8619190247166,0.266672862139343,4.19745150206261,0.380623012652926,1
"8090","PmetTSAr1.1-008395",19.3331642795724,25.9996506347247,7.66014117831322,18.9044918979873,9.90366408241343,23.8323429485748,18.6907458457324,22.0507936502771,0.0500940865163524,4.19931990407819,0.896868938441368,1
"8091","PmetTSAr1.1-008400",4.90073234063579,4.58117413929931,5.53232418433733,6.0102516258307,4.18721091719686,5.93688258505423,5.19653023513636,5.18009658279937,-0.0354444845073022,2.39329442313717,0.906347952123308,1
"8092","PmetTSAr1.1-008401",15.6913356594669,18.2057050211115,15.1784278903614,13.9268385691055,15.2196014207677,15.4076238516884,16.3648794904899,15.9931943676593,-0.000312294821037983,3.9828223000203,1,1
"8093","PmetTSAr1.1-008402",9.21697366816823,8.32940752599875,6.28888133775098,7.54591063154955,7.79185335895763,8.33990648852856,9.3453729228662,8.35042891762741,0.108624171766585,3.03835525413002,0.710138802703101,1
"8094","PmetTSAr1.1-008403",9.75650383410978,10.5307509435841,10.4499456815261,12.0205032516614,9.72161143383966,14.7856647237303,14.4999956561063,10.7847912461561,0.219849515730763,3.54066993328793,0.455559209085728,1
"8095","PmetTSAr1.1-008404",5.39530165941555,8.29965964197732,6.33616615983933,8.26078637559109,5.24311627892476,13.71137168453,7.56430409227511,8.09567006929301,0.288972525068355,2.98819335811921,0.396238974615463,1
"8096","PmetTSAr1.1-008408",3.50694607862011,2.4690743737782,6.5725902702811,7.73124878741217,3.78669509033455,9.38592865827622,6.57947779771298,3.99122195723886,0.228218754252517,2.47800268470024,0.575919654362067,1
"8097","PmetTSAr1.1-008410",2.06819896944263,2.26083918562823,3.6409313008032,2.40939602621407,2.00257913431154,1.92241912277947,2.38872760808688,2.29282963500956,-0.258666042483329,1.28058040976263,0.341228925272641,1
"8098","PmetTSAr1.1-008412",13.8029800786714,5.681845848092,16.2659787983935,12.3911795633866,11.7241905681512,8.39644822743384,1.57153132110979,13.1342339585733,-0.467456224562471,3.38017321773099,0.342909106157291,1
"8099","PmetTSAr1.1-008413",4.85577149347399,4.40268683517077,2.78980450321284,13.3443472221087,8.84775872068553,6.44575823520174,4.00216643109293,5.2084031215032,-0.0587893740544063,2.65712924096271,0.902108567523813,1
"8100","PmetTSAr1.1-008415",2.29300320525161,3.09377993822811,5.43775454016062,4.34220822306711,2.47591602060336,3.42077520376934,4.44219520100367,2.97218656390128,-0.182091328171751,1.85676271349496,0.568174933354327,1
"8101","PmetTSAr1.1-008417",17.9843388647185,16.5100756318904,11.8212055220883,10.5907517635783,13.7995907618922,13.6265590761721,21.7080859822632,17.2103755319236,0.222690285534765,3.95160148578284,0.48028995052797,1
"8102","PmetTSAr1.1-008418",8.00303079479973,9.1326003945772,7.47100188995981,8.4990782902716,7.90108494810189,8.31163561907593,7.43858158658633,8.71841392077709,-0.033977166768282,3.04389841332465,0.909465843231417,1
"8103","PmetTSAr1.1-008419",17.8944171703949,17.9379740649187,13.8071680497991,18.7456306215336,17.0037173767907,20.7790890476898,21.3728259670931,19.0786070863758,0.193689601571999,4.20125512773147,0.499435696999364,1
"8104","PmetTSAr1.1-008420",20.0525378341611,19.4848640340328,90.7395735875499,16.0185120424122,19.6616860459678,20.0723173113738,23.1329410467361,21.4846628762007,-0.793208003296362,4.85100610431675,0.0951038234446859,1
"8105","PmetTSAr1.1-008421",17.0401610743208,14.1599927941979,24.2571137313252,17.9248473598563,17.112948965935,23.4365507762379,19.1726821175394,17.6066670737771,0.0768194736277928,4.24014454464849,0.800367559200031,1
"8106","PmetTSAr1.1-008423",11.8247028035524,15.2011687349477,7.61285635622487,17.8718936010384,10.9595694441413,19.3090038361526,19.3822196270207,19.1635267024873,0.388230605175866,3.93008867267517,0.250348547970783,1
"8107","PmetTSAr1.1-008424",7.1487746987256,7.49646677339887,6.43073580401604,5.18946836415338,7.60980071038385,5.71071562943312,6.45375529202419,5.68961427946816,-0.0445729451403943,2.70581510196364,0.883745714984854,1
"8108","PmetTSAr1.1-008425",1.75347303931005,1.4873942010712,2.36424110441766,1.93281219685304,2.07540019374105,2.62919085909545,2.28395885334622,2.00976424797134,0.265374797460211,1.09027210018122,0.348713528597271,1
"8109","PmetTSAr1.1-008426",24.9083093276351,26.2673815909175,18.7720743690762,17.9248473598563,23.8853074928795,21.7685694785322,19.6755721402945,22.1357132663886,-0.00698896442349041,4.4579276630948,0.982510036339983,1
"8110","PmetTSAr1.1-008427",23.3346796769722,29.599144601317,18.7720743690762,32.4606541553675,18.9334754516727,42.8869089596537,35.9356828760438,29.6086394841975,0.289540255301626,4.85879148884311,0.38529861159605,1
"8111","PmetTSAr1.1-008428",10.2960340000513,11.6314226523768,12.2940537429718,12.9207171515656,11.7241905681512,10.1775130029501,11.6293317762124,19.1069136250797,0.158533945921134,3.64810947688325,0.606735280078598,1
"8112","PmetTSAr1.1-008429",14.7471578690692,13.7435224178979,11.7739207,15.2242056601438,14.8554961236202,16.2274790658149,17.7687808040147,15.3421439774714,0.209915791804564,3.90949137965003,0.457607790516572,1
"8113","PmetTSAr1.1-008431",10.7456424716693,12.7320943611695,8.03841975502005,15.8596507659585,11.1780326224299,14.8139355931829,12.4884355650858,12.9077816489427,0.114781403903502,3.63413141533125,0.707727167724021,1
"8114","PmetTSAr1.1-008432",2.20308151092802,3.24251935833523,5.1540456076305,6.56626609341856,3.34976873375749,3.56212955103254,2.91257138179014,2.71742771556688,-0.457911229653612,1.91649734222423,0.176376038812985,1
"8115","PmetTSAr1.1-008434",2.51780744106059,2.05260399747826,2.45881074859437,2.67416482030353,2.0389896640263,3.33596259541143,3.41546140454527,3.42509118316243,0.338453715988122,1.48930176085764,0.227620314725316,1
"8116","PmetTSAr1.1-008435",4.13639793888525,1.66588150519975,20.4270431421686,11.5968731811183,8.3016007749642,27.3096598912495,0.83815003792522,2.03807078667516,0.0253545313133774,3.26092165534902,0.975845196003966,1
"8117","PmetTSAr1.1-008437",14.5223536332602,5.44386277592061,1.79682323935742,4.13039318779555,4.18721091719686,2.99671216197976,2.26300510239809,2.66081463815924,-1.09646189991113,2.2597060578666,0.0218893257038349,1
"8118","PmetTSAr1.1-008439",9.66658213978619,11.3339438121626,16.596972553012,10.4583673665336,8.01031653724616,8.90532387758135,10.1625692098433,11.747213562086,-0.305483981770148,3.44831121228423,0.317771990189621,1
"8119","PmetTSAr1.1-008440",6.69916622710764,8.65663425023441,5.0594759634538,4.79231517301919,6.04414793264938,4.04273433172741,4.35838019721114,4.92533773446498,-0.383029127532626,2.49293764633753,0.217088848098645,1
"8120","PmetTSAr1.1-008441",7.77822655899075,4.87865297951355,24.3989681975903,7.99601758150163,10.1585377904167,8.84878213867607,7.81574910365268,8.29381584021976,-0.356620933259001,3.3305719870532,0.39833543104434,1
"8121","PmetTSAr1.1-008443",12.8588022882737,13.327052041598,12.8141867859437,15.9126045247764,14.3093381778988,15.1814568960673,14.604764410847,12.6247162619045,0.0458537326980201,3.8092612740217,0.872208453589584,1
"8122","PmetTSAr1.1-008444",5.62010589522453,6.75276967286327,7.18729295742969,7.65181814918534,7.02723223494777,6.89809214644397,7.6271653451195,7.50123275651275,0.0934137987734751,2.82740347942028,0.746500549175968,1
"8123","PmetTSAr1.1-008445",1.43874710917748,1.18991536085696,1.5131143068273,1.82690467921726,1.31077906973119,1.47008521153724,2.32586635524249,2.00976424797134,0.261663770659108,0.768885864430631,0.378885081714084,1
"8124","PmetTSAr1.1-008447",20.4571854586173,24.3932648975678,17.1643904180722,19.0898300538499,18.5693701545252,25.698220332449,23.9920448356094,22.9849094275032,0.16977515909916,4.43367842476962,0.558214160773081,1
"8125","PmetTSAr1.1-008448",21.1315981660442,21.3292328433611,20.0487645654618,16.8657721834985,20.3534861105482,19.0828368805315,20.9956584500268,22.2489394212039,0.0593067373450489,4.34467185146719,0.835085083507254,1
"8126","PmetTSAr1.1-008449",4.7658497991504,3.83747703876371,2.97894379156625,2.70064169971247,4.44208462520014,3.02498303143239,5.95086526926906,4.9536442731688,0.368240418470222,2.05209270244024,0.24161020972585,1
"8127","PmetTSAr1.1-008450",31.112906235963,32.335949931288,20.6634672526104,21.2609341653835,27.2714867563517,24.7370107710593,47.0830783804492,36.0059172312612,0.358863391809294,4.91308490381052,0.272084381041364,1
"8128","PmetTSAr1.1-008451",9.03713027952104,9.1326003945772,5.62689382851404,6.43388169637383,8.11954812639043,6.75673779918077,11.7341005309531,10.7847912461561,0.307413663437353,3.09112345629697,0.334036760576759,1
"8129","PmetTSAr1.1-008452",20.4571854586173,18.2652007891544,27.1887727008031,22.3464862211503,24.5771075574598,22.3905286064902,21.2261497104562,18.8804613154491,-0.0191311995951143,4.45771500814024,0.948145219696186,1
"8130","PmetTSAr1.1-008453",12.1843895808468,17.4322600365545,8.0857045771084,17.4217866510863,9.24827454754784,23.4930925151432,22.315744759759,17.946345538223,0.404017279306932,4.00856999848932,0.263469203105023,1
"8131","PmetTSAr1.1-008455",6.38444029697506,6.81226544090612,6.33616615983933,8.31374013440898,6.00773740293462,9.24457431101302,8.90534415295546,6.45389082447135,0.136049931588854,2.88280292556729,0.651057392947356,1
"8132","PmetTSAr1.1-008456",19.8726944455139,16.7480587040618,17.7318082831325,23.3261307592812,19.9893808134006,22.6166955621114,18.5440695890955,20.2391751732325,0.0667544656396337,4.31808358725395,0.81567543027935,1
"8133","PmetTSAr1.1-008457",14.0277843144804,12.0776409126982,11.915775166265,12.0205032516614,12.9985591081676,15.2379986349725,17.6011507964296,13.5305255004268,0.247653818876342,3.78048927928289,0.389047323022847,1
"8134","PmetTSAr1.1-008458",7.46350062885817,7.55596254144172,5.53232418433733,6.06320538464859,6.77235852694448,7.12425910206508,6.85187656003867,6.76526275021339,0.0474024893052981,2.7716248660713,0.872098624496132,1
"8135","PmetTSAr1.1-008459",3.32710268997292,2.61781379388532,44.4004479409637,6.40740481696488,3.89592667947881,9.04667822484454,5.34320649177328,3.56662387668154,-1.37428605700097,3.29844519877254,0.0451648156399694,1
"8136","PmetTSAr1.1-008465",16.9052785328354,17.7892346448116,20.1433342096385,17.6865554451758,15.1831908910529,15.1814568960673,21.1632884576118,16.9556166835892,-0.0817334023799257,4.14469104696627,0.77653816539222,1
"8137","PmetTSAr1.1-008466",11.6448594149052,8.53764271414872,10.2608063931727,8.47260141086266,8.84775872068553,7.94411431619162,9.93207794941386,9.68083623670703,-0.0937057125138639,3.24369385149427,0.744814358001934,1
"8138","PmetTSAr1.1-008467",12.1843895808468,10.9174734358626,10.6390849698795,11.1467662311662,10.7775167955676,9.92307517787636,11.2102567572498,10.5583389365255,-0.0795613744225321,3.45680616438991,0.777143686999447,1
"8139","PmetTSAr1.1-008468",4.94569318779758,7.2882315852489,3.35722236827308,3.94505503193292,4.29644250634112,3.25114998705351,5.80418901263215,5.66130774076434,-0.0406042420097884,2.28859012268822,0.908058869384398,1
"8140","PmetTSAr1.1-008469",6.42940114413686,6.09831622439194,4.77576703092368,5.48071403765178,5.93491634350511,5.03221476256978,4.29551894436675,5.3499358150223,-0.147272790322499,2.45498248590997,0.610793493310363,1
"8141","PmetTSAr1.1-008470",15.7362965066287,23.4710804929036,6.52530544819275,12.2852720457509,12.2703485138725,17.867189494068,27.1560612287771,20.7486928699013,0.427056602476704,4.09472803282039,0.267151004965284,1
"8142","PmetTSAr1.1-008471",19.2882034324106,20.3475526706541,24.8718164184738,17.3158791334506,15.2196014207677,19.195920358342,21.4147334689894,21.597889031016,-0.0783259875329983,4.31947275211848,0.787943502533414,1
"8143","PmetTSAr1.1-008473",14.2076277031276,16.272092559719,29.1274504064256,17.8983704804474,17.6226963819416,22.0230073036059,24.0549060884538,20.7769994086051,0.125657600170872,4.34401308123676,0.692530342920425,1
"8144","PmetTSAr1.1-008474",6.92397046291662,8.21041598991305,2.26967146024096,6.96341928455275,4.8061899223477,7.46350953549675,6.45375529202419,5.43485543113377,-0.0157118253370438,2.61756662233722,0.975337003675505,1
"8145","PmetTSAr1.1-008475",16.2758266725702,15.7663785313548,27.4724816333332,18.58676934508,20.389896640263,18.2629816664049,17.7268733021184,16.1347270611784,-0.106312708994289,4.23891332201334,0.724168018969168,1
"8146","PmetTSAr1.1-008476",5.62010589522453,4.70016567538501,10.1662367489959,6.85751176691696,5.97132687321986,8.42471909688648,5.40606774461767,7.38800660169747,-0.00539584548863287,2.78082233892469,0.987597610797856,1
"8147","PmetTSAr1.1-008477",3.86663285591448,4.0754601109351,4.77576703092368,5.85139034937702,5.06106363035098,4.29717215680116,3.9183514273004,4.27428734427708,-0.0864183689451497,2.19421142706352,0.774354228262149,1
"8148","PmetTSAr1.1-008478",5.17049742360657,3.83747703876371,2.36424110441766,3.4684712025719,4.4784951549149,4.26890128734852,5.46892899746206,5.3499358150223,0.399675314141412,2.12696551662849,0.18671575569865,1
"8149","PmetTSAr1.1-008479",1.79843388647185,1.99310822943541,1.56039912891566,1.80042779980831,1.67488436687874,1.55489781989516,2.53540386472379,2.57589502204778,0.223606531542712,1.00325185573404,0.430022854157861,1
"8150","PmetTSAr1.1-008480",17.7595346289095,18.2057050211115,13.9963073381526,13.8209310514697,15.9478120150628,15.0966442877093,17.3706595360002,18.8804613154491,0.0775203652669497,4.03980291518383,0.790224603722641,1
"8151","PmetTSAr1.1-008481",14.6572361747456,18.3544444412187,13.9490225160642,15.5154513336422,13.2898433458857,23.2103838206168,21.6242709784707,14.0966562745032,0.209157701293603,4.07952488619074,0.499277200848765,1
"8152","PmetTSAr1.1-008482",6.78908792143123,7.70470196154884,5.8633179389558,7.01637304337064,5.09747416006574,13.5417464678142,6.34898653728354,7.38800660169747,0.24131818598704,2.91384420194301,0.480594295955166,1
"8153","PmetTSAr1.1-008484",2.96741591267855,1.45764631704978,10.0243822827309,6.16911290228437,3.75028456061979,3.70348389829574,1.29913255878409,2.26452309630574,-0.90423127088002,1.9971886613603,0.0636889597797657,1
"8154","PmetTSAr1.1-008487",2.3379640524134,1.93361246139257,2.08053217188754,2.22405787035145,1.74770542630825,3.3925043343167,2.05346759291679,1.6983923222293,0.0558124510331982,1.1672370751259,0.85626264767823,1
"8155","PmetTSAr1.1-008488",20.7269505415881,14.9334377787549,17.2116752401606,19.2222144508947,18.2780859168071,14.8422064626356,12.6141580707746,15.7950485967325,-0.229064183761547,4.06679519392426,0.434093697286519,1
"8156","PmetTSAr1.1-008489",10.2960340000513,8.56739059817014,64.8747759052206,2.75359545853036,8.66570607211175,4.1840886789906,23.1958022995805,13.5305255004268,-0.801060814159255,4.09021424112901,0.253446824975916,1
"8157","PmetTSAr1.1-008490",13.2634499127299,11.2149522760769,11.5374965895582,14.7211449513739,12.8893275190234,11.6193273450347,14.2695043956769,14.0117366583917,0.0569660128626653,3.7009788071349,0.843959783910969,1
"8158","PmetTSAr1.1-008491",10.1161906114042,10.2927678714127,6.28888133775098,9.98178353717257,7.35492700238057,11.5627856061294,12.0274530442269,10.2752735494873,0.167878062455103,3.29391034757876,0.588021004745833,1
"8159","PmetTSAr1.1-008492",3.28214184281112,2.14184764954254,4.3502036321285,3.60085559961663,3.422589793187,2.65746172854809,3.03829388747892,3.93460887983122,-0.0302772155554995,1.74835354949512,0.914851446191243,1
"8160","PmetTSAr1.1-008493",52.1545827076836,40.0406518928368,48.1359488859436,50.7297009475402,49.7003730606409,39.0137998446421,29.1466675688495,40.0537522659077,-0.275148010227947,5.44875437822723,0.38142335024325,1
"8161","PmetTSAr1.1-008494",3.32710268997292,3.30201512637807,4.39748845421685,3.8126706348882,4.55131621434441,7.209071710423,5.02890022755132,4.92533773446498,0.551225431467369,2.21285728864592,0.0611938863007906,1
"8162","PmetTSAr1.1-008497",12.9487239825973,11.9586493766125,9.97709746064253,13.2913934632908,13.7267697024627,11.280076911603,14.9609781769652,13.4739124230191,0.149007390448491,3.67442958143593,0.605123926133647,1
"8163","PmetTSAr1.1-008498",4.31624132753244,3.4507545464852,12.4359082092369,4.79231517301919,4.51490568462965,3.5338586815799,2.32586635524249,4.10444811205415,-0.784900563606774,2.31320144702412,0.0496596879189307,1
"8164","PmetTSAr1.1-008499",7.77822655899075,7.49646677339887,6.95086884698793,3.86562439370609,4.69695833320343,8.31163561907593,9.6177716851919,6.45389082447135,0.161607901946369,2.79906696222635,0.637933627464781,1
"8165","PmetTSAr1.1-008502",5.30537996509196,6.45529083264903,8.13298939919676,12.5235639604314,7.35492700238057,6.9263630158966,15.568636954461,9.85067546892996,0.291639227619567,3.18445698317703,0.42130277393844,1
"8166","PmetTSAr1.1-008503",10.8805250131547,14.2789843302836,9.55153406184735,10.6437055223962,12.0882958652988,11.3931603894136,11.7341005309531,12.2567312587548,0.0644451592241821,3.54449147161759,0.822913634477195,1
"8167","PmetTSAr1.1-008504",12.3192721223322,12.8808337812766,7.2818626016064,15.4360206954154,9.64879037441015,14.9552899404461,19.8641558988277,20.1825620958249,0.430981207682745,3.82252929754718,0.204368621908978,1
"8168","PmetTSAr1.1-008505",6.96893131007841,5.86033315222055,6.38345098192769,6.24854354051121,6.48107428922644,6.30440388793854,5.78323526168402,6.79356928891721,-0.00508217473913396,2.68080843655821,0.989643396249484,1
"8169","PmetTSAr1.1-008506",4.94569318779758,8.56739059817014,2.74251968112449,7.67829502859428,3.34976873375749,12.9763290787614,13.012279338789,15.2855309000637,0.895364534545551,3.11379989682482,0.0440097740669548,1
"8170","PmetTSAr1.1-008507",4.90073234063579,8.98386097447008,2.9316589694779,7.06932680218853,3.60464244176077,12.4109116897086,12.7608343274115,13.7569778100574,0.829158709075563,3.06834144449116,0.0515701901743374,1
"8171","PmetTSAr1.1-008508",3.50694607862011,3.80772915474228,3.35722236827308,4.55402325833868,4.26003197662637,3.50558781212726,4.42124145005554,3.84968926371975,0.069953781488671,1.99038638432925,0.795066788647031,1
"8172","PmetTSAr1.1-008509",11.7347811092288,11.6909184204197,11.0173635465863,12.5500408398403,12.197527454443,11.7606816922979,15.0657469317058,12.9927012650542,0.146557505739597,3.63713843610696,0.605448534883285,1
"8173","PmetTSAr1.1-008510",16.095983283923,18.4139402092615,16.2186939763052,22.452393738786,18.7878333328137,25.698220332449,34.1546140454527,26.4666136880733,0.521919799792581,4.48293939295708,0.0859812603480601,1
"8174","PmetTSAr1.1-008511",11.5549377205816,15.2309166189691,8.0857045771084,12.1264107692972,10.267769379561,15.124915157162,15.0028856788614,14.1532693519109,0.213738977309861,3.67407772464785,0.489070071640796,1
"8175","PmetTSAr1.1-008512",15.1068446463635,15.5283954591834,14.7528644915662,20.7313965772046,14.7098540047611,19.2241912277947,19.2145896194357,19.1352201637835,0.127978427450764,4.11840983491365,0.661855699226555,1
"8176","PmetTSAr1.1-008513",4.18135878604705,1.99310822943541,16.596972553012,5.6660521935144,8.92057978011504,5.65417389052784,1.7182075777467,2.26452309630574,-0.615490703942582,2.56116657214005,0.286255434150668,1
"8177","PmetTSAr1.1-008514",19.7827727511903,16.6290671679761,54.613969512048,9.69053786367416,16.7488436687874,4.72123519859075,15.7572207129941,14.5778674324682,-0.957781213982641,4.25494667718402,0.0502582438049798,1
"8178","PmetTSAr1.1-008515",21.2664807075296,23.6495677970322,16.9752511297188,27.1388013941694,18.9698859813875,28.525307277713,34.7832265738966,26.0137090688122,0.282198071013486,4.62871088151182,0.361558324400177,1
"8179","PmetTSAr1.1-008516",15.9611007424377,12.9105816652981,12.3413385650602,13.5826391367892,14.0544644698955,11.0539099559819,14.0390131352474,11.4075350976402,-0.115938974752747,3.72553447707624,0.688430017175372,1
"8180","PmetTSAr1.1-008517",2.65268998254598,3.39125877844235,3.73550094497991,3.57437872020768,3.64105297147553,4.43852650406435,4.60982520858871,4.67057888613058,0.378312129419318,1.96610746830288,0.169042976509827,1
"8181","PmetTSAr1.1-008518",3.41702438429651,4.55142625527789,4.87033667510038,4.52754637892973,4.62413727377392,4.63642259023283,5.63655900504711,5.3499358150223,0.221352003530361,2.25332527733376,0.432146609336603,1
"8182","PmetTSAr1.1-008520",12.0495070393614,15.4688996911405,12.3886233871485,12.5235639604314,10.6318746767085,20.0440464419212,16.2810644866974,14.5495608937644,0.230420488302973,3.83901502277372,0.449269554360453,1
"8183","PmetTSAr1.1-008521",13.7580192315096,9.07310462653435,14.0435921602409,12.3911795633866,8.15595865610518,9.72517909170788,6.3908940391798,7.84091122095862,-0.616602796681104,3.35352295175785,0.0400648924542713,1
"8184","PmetTSAr1.1-008522",5.71002758954812,6.90150909297039,4.91762149718874,5.45423715824283,3.85951614976406,7.09598823261244,7.75288785080829,6.36897120835989,0.12712866550801,2.60332841741726,0.684200197712131,1
"8185","PmetTSAr1.1-008523",3.5519069257819,1.45764631704978,19.9541949212851,7.41352623450482,5.02465310063623,3.27942085650615,1.52962381921353,2.85896040908599,-1.35050901897835,2.49966990104273,0.0211319691663548,1
"8186","PmetTSAr1.1-008524",17.0401610743208,6.00907257232767,34.4706353024095,17.07758721877,14.2001065887546,22.6166955621114,3.87644392540414,4.21767426686944,-0.731702809140928,3.90415749464374,0.183651239498696,1
"8187","PmetTSAr1.1-008526",10.3859556943749,14.1897406782193,13.4761742951807,10.5642748841694,11.3236747412889,11.4779729977715,12.362713059397,11.435841636344,-0.0607623794724348,3.58053781603929,0.833592688823638,1
"8188","PmetTSAr1.1-008527",14.0727451616422,15.6473869952691,15.6512761112449,12.3382258045687,11.5057273898627,14.9552899404461,15.2124231883427,15.0590785904332,-0.0234545716758277,3.84466662219433,0.935058163381878,1
"8189","PmetTSAr1.1-008528",6.92397046291662,6.57428236873473,21.7983029827308,5.26889900238021,8.66570607211175,6.9263630158966,7.71098034891202,9.59591662059556,-0.298612241148734,3.2053507561802,0.46955487043829,1
"8190","PmetTSAr1.1-008529",6.02475351968069,7.25848370122748,4.30291881004014,6.14263602287543,4.73336886291819,4.86258954585394,6.34898653728354,6.11421236002549,-0.106788236288435,2.53355154483129,0.724427260584083,1
"8191","PmetTSAr1.1-008530",12.5890372053029,5.8008373841777,10.2608063931727,11.4115350252556,14.127285529325,8.6508860525076,3.45736890644153,5.77453389557963,-0.325697011477308,3.17867180405206,0.423780535418776,1
"8192","PmetTSAr1.1-008531",23.7393273014284,28.0820025162243,13.381604651004,22.002286788834,23.1206863688696,26.6594298938388,38.3244104841307,26.7496790751115,0.396864795685584,4.66287149095264,0.218297594107696,1
"8193","PmetTSAr1.1-008532",16.545591755541,13.5055393457265,11.4902117674698,12.6559483574761,15.8749909556333,12.5805369064244,14.8771631731727,13.5588320391306,0.0700898146249086,3.80186885956091,0.810324682906168,1
"8194","PmetTSAr1.1-008533",6.06971436684249,6.63377813677757,5.01219114136544,4.42163886129395,6.40825322979693,4.80604780694866,5.36416024272141,4.3025938829809,-0.085196189981924,2.44253125237636,0.775731466408914,1
"8195","PmetTSAr1.1-008534",5.79994928387171,6.4255429486276,5.0594759634538,3.89210127311503,5.71645316521658,5.20183997928561,5.36416024272141,4.64227234742676,-0.0164155546138034,2.41198563941805,0.957814114788985,1
"8196","PmetTSAr1.1-008535",30.2586501398889,14.516967402455,192.685650010039,59.599455549537,56.836836884733,27.8468064108496,2.99638638558266,15.0590785904332,-1.53190263774809,5.64345511834998,0.0395174802133771,1
"8197","PmetTSAr1.1-008536",3.05733760700214,3.03428417018526,3.92464023333332,2.48882666444091,2.65796866917713,4.60815172078019,3.12210889127144,2.91557348649364,0.0976770960357218,1.71612546577024,0.757533895697088,1
"8198","PmetTSAr1.1-008537",7.37357893453458,7.88318926567739,10.308091215261,8.41964765204476,6.08055846236413,6.53057084355966,9.03106665864425,9.22793161744588,-0.136127587826944,3.0299201379905,0.649824724707933,1
"8199","PmetTSAr1.1-008539",11.5099768734198,11.155456508034,11.3483573012048,11.4380119046646,11.760601097866,13.0328708176667,11.7969617837975,13.7003647326497,0.145999246725408,3.58865076809977,0.602736455104822,1
"8200","PmetTSAr1.1-008540",4.58600641050321,6.45529083264903,3.6409313008032,4.89822269065497,4.58772674405916,4.26890128734852,6.68424655245363,5.80284043428345,0.122155138189452,2.37447830353435,0.689610583769048,1
"8201","PmetTSAr1.1-008541",3.37206353713472,5.681845848092,3.35722236827308,4.58050013774762,3.75028456061979,4.24063041789588,6.68424655245363,4.92533773446498,0.20326514867357,2.21645140960522,0.514851560162577,1
"8202","PmetTSAr1.1-008543",3.77671116159088,3.53999819854947,3.12079825783131,3.4684712025719,3.96874773890832,4.66469345968547,5.34320649177328,4.89703119576116,0.44213257186513,2.05864174517323,0.104666531162836,1
"8203","PmetTSAr1.1-008544",6.29451860265147,6.21730776047764,3.40450719036143,5.6660521935144,5.75286369493133,8.28336474962329,9.51300293045125,7.81260468225479,0.537851224998543,2.74242210624363,0.0883563477255568,1
"8204","PmetTSAr1.1-008545",8.99216943235925,7.22873581720606,6.47802062610439,9.02861587845052,6.04414793264938,7.35042605768619,6.07658777495785,10.2752735494873,-0.0937168891264576,2.95350133254528,0.764431969107073,1
"8205","PmetTSAr1.1-008546",5.75498843670992,6.99075274503466,3.87735541124497,7.59886439036744,3.31335820404273,11.280076911603,11.8598230366419,8.29381584021976,0.519292934280068,2.89760166747671,0.177973890485208,1
"8206","PmetTSAr1.1-008548",10.8355641659929,12.9403295493195,9.92981263855418,8.39317077263582,10.6682852064233,6.4174873657491,7.92051785839333,9.93559508504142,-0.269818277752199,3.27596307875846,0.379215778730442,1
"8207","PmetTSAr1.1-008549",9.12705197384463,11.155456508034,10.3553760373494,11.1732431105751,10.8503378549971,9.75344996116053,11.4826555195755,10.9263239396752,0.0400010355896932,3.41511759260755,0.888762604541355,1
"8208","PmetTSAr1.1-008550",10.4309165415367,9.40033135077002,11.8684903441767,12.5235639604314,9.79443249326917,9.78172083061316,11.1473955044054,10.3318866268949,-0.106742203792084,3.42236189807457,0.708433660064194,1
"8209","PmetTSAr1.1-008551",11.7347811092288,13.535287229748,6.76172955863451,6.61921985223645,8.9569903098298,10.1775130029501,13.8923368786105,11.6622939459745,0.210062820123109,3.39029028624648,0.527560874667025,1
"8210","PmetTSAr1.1-008552",7.73326571182895,10.382011523477,6.95086884698793,10.0347372959905,7.06364276466252,6.4174873657491,6.32803278633541,7.04832813725161,-0.389539058633018,2.96483915996342,0.183331096409664,1
"8211","PmetTSAr1.1-008553",3.64182862010549,2.85579686605671,4.25563398795179,4.1039163083866,4.33285303605588,4.15581780953796,3.75072141971536,4.04783503464651,0.13355005005288,1.98303629232934,0.633522850394272,1
"8212","PmetTSAr1.1-008554",16.5905526027028,13.0593210854052,9.504249239759,18.3484774303994,14.6006224156169,17.5844807995416,13.8294756257661,15.1439982065446,0.0875598006720832,3.89710897644533,0.774947501145443,1
"8213","PmetTSAr1.1-008555",45.9050249521939,48.1023284626428,92.6782512931723,62.0088515757511,71.2189961220613,58.690324983679,59.3200689341575,34.7321229895893,-0.151002756027505,5.88595593871045,0.693653587838936,1
"8214","PmetTSAr1.1-008556",9.84642552843337,12.9105816652981,9.64610370602406,14.4563761572844,10.267769379561,16.7363547159624,20.5137221782198,17.0971493771083,0.462547517294998,3.80845779850103,0.143644837440915,1
"8215","PmetTSAr1.1-008557",8.18287418344691,8.32940752599875,5.10676078554215,7.94306382268374,6.84517958637399,12.2978282118981,8.96820540579986,7.27478044688218,0.258114079722895,3.03347964310201,0.416521886334949,1
"8216","PmetTSAr1.1-008559",1.88835558079544,1.42789843302836,8.84226173052206,4.79231517301919,3.27694767432797,5.23011084873825,1.27817880783596,1.35871385778344,-0.60377735869958,1.82907296425502,0.259574873945973,1
"8217","PmetTSAr1.1-008561",17.7595346289095,24.9584746939748,12.6250474975903,27.8007233793931,13.3990749350299,25.4437825073753,21.0585197028712,19.2484463185988,-0.0721353599140641,4.34763979776869,0.831542975877608,1
"8218","PmetTSAr1.1-008563",7.86814825331434,10.4415072915199,2.36424110441766,3.20370240848244,6.37184270008217,5.11702737092769,22.1481147521739,10.0205147011529,0.870626415031348,3.09215730340394,0.0840411681584827,1
"8219","PmetTSAr1.1-008564",9.66658213978619,11.9289014925911,3.49907683453814,3.15074864966455,7.46415859152483,5.20183997928561,21.8128547370039,11.3792285589363,0.699892817756714,3.22391830510788,0.150674027855785,1
"8220","PmetTSAr1.1-008565",1.93331642795724,3.59949396659232,1.84410806144578,3.28313304670928,2.11181072345581,3.90137998446421,4.06502768393732,3.93460887983122,0.385092132860989,1.66040417636286,0.226622763954164,1
"8221","PmetTSAr1.1-008566",5.75498843670992,5.74134161613485,11.9630599883534,5.77195971115018,7.28210594295105,4.60815172078019,4.79840896712189,5.12348350539173,-0.420367840284834,2.6839027839925,0.211910666394331,1
"8222","PmetTSAr1.1-008567",4.7658497991504,6.90150909297039,2.88437414738955,4.28925446424922,4.29644250634112,2.8836286841692,3.45736890644153,4.07614157335033,-0.363284262542269,2.08973677011697,0.254175990977702,1
"8223","PmetTSAr1.1-008568",15.2417271878489,13.4162956936623,7.84928046666664,27.6948158617573,13.0349696378824,19.195920358342,25.7521599152524,20.635466715086,0.290861459645008,4.16447442933209,0.439312211306318,1
"8224","PmetTSAr1.1-008570",8.72240434938847,8.24016387393447,8.32212868755017,6.61921985223645,7.82826388867238,8.22682301071801,8.08814786597837,6.31235813095224,-0.0652711261322775,2.97330150289922,0.821157050931652,1
"8225","PmetTSAr1.1-008571",3.73175031442909,1.99310822943541,14.2327314485943,5.34832964060705,5.17029521949525,6.02169519341215,1.84393008343548,8.26550930151594,-0.245957032157131,2.55225738491617,0.634747434594683,1
"8226","PmetTSAr1.1-008572",6.74412707426943,6.75276967286327,3.78278576706826,5.71900595233229,6.15337952179364,4.01446346227477,4.69364021238123,6.17082543743313,-0.132774164064139,2.47640525763943,0.6756413591333,1
"8227","PmetTSAr1.1-008573",28.3702945590934,31.4137655266238,20.616182430522,26.2915412530832,26.3248129837681,27.2813890217968,28.9790375612645,28.0517798554873,0.0519983659843578,4.76720060893555,0.857758090484296,1
"8228","PmetTSAr1.1-008574",6.20459690832788,7.37747523731318,5.24861525180721,10.4583673665336,5.75286369493133,17.4148555828257,12.8027418293077,11.8038266394937,0.703357732350097,3.27991065040426,0.0528787659777346,1
"8229","PmetTSAr1.1-008575",3.23718099564933,2.20134341758538,8.51126797590358,6.38092793755594,5.97132687321986,6.44575823520174,5.4270214955658,6.45389082447135,0.259506554496075,2.49511115785855,0.499679721196251,1
"8230","PmetTSAr1.1-008576",10.5208382358603,11.8991536085696,11.3010724791164,9.08156963726841,11.6877800384364,10.1775130029501,13.6618456181811,10.6715650913408,0.111144380262708,3.48386177411967,0.70190402333813,1
"8231","PmetTSAr1.1-008577",3.28214184281112,8.00218080176308,31.4916915108433,1.87985843803515,1.27436854001643,1.15910564755821,19.424127128917,9.62422315929938,-0.501545390549467,3.25720413005907,0.538067603709598,1
"8232","PmetTSAr1.1-008579",24.0990140787228,6.60403025275615,12.8141867859437,6.46035857578278,14.9647277127644,4.94740215421186,3.52023015928592,6.31235813095224,-0.748878823483148,3.32081328080445,0.122634956390282,1
"8233","PmetTSAr1.1-008581",4.18135878604705,4.70016567538501,4.06649469959838,3.41551744375401,4.00515826862308,4.07100520118004,4.88222397091441,4.78380504094587,0.119336263825336,2.11321592497401,0.671900838669159,1
"8234","PmetTSAr1.1-008582",4.18135878604705,3.51025031452804,4.11377952168673,3.57437872020768,4.07797932805259,3.90137998446421,4.06502768393732,4.6988854248344,0.126161782782433,2.02705842792757,0.653488282687117,1
"8235","PmetTSAr1.1-008583",7.23869639304919,6.33629929656333,4.20834916586344,6.06320538464859,6.66312693780021,5.59763215162256,6.83092280909054,6.22743851484078,0.085109972735679,2.63454723143843,0.770364945824131,1
"8236","PmetTSAr1.1-008584",2.11315981660442,2.52857014182105,558.244609575098,23.1407926034186,26.5068656323418,26.9704094578178,3.56213766118219,2.77404079297453,-3.29225389282417,6.33451292365789,0.00935184605284907,1
"8237","PmetTSAr1.1-008585",3.73175031442909,3.80772915474228,5.10676078554215,4.02448567015976,5.49798998692805,7.23734257987564,4.42124145005554,3.39678464445861,0.302840824919418,2.23697041872468,0.335229822665501,1
"8238","PmetTSAr1.1-008586",2.3379640524134,1.69562938922117,2.69523485903613,1.35032084985624,2.40309496117385,1.66798129770571,1.25722505688783,1.75500539963695,-0.182120713146229,0.958430289513373,0.544927683348982,1
"8239","PmetTSAr1.1-008587",3.41702438429651,3.92672069082798,4.68119738674697,4.15687006720449,2.58514760974762,3.87310911501157,3.18497014411584,3.82138272501593,-0.262486275820737,1.91279621107521,0.344040949449081,1
"8240","PmetTSAr1.1-008588",7.23869639304919,6.81226544090612,7.75471082248993,10.2200754518531,10.0128956715577,11.1387225643398,1.445808815421,9.34115777226117,-0.00646834676426399,3.00937948744903,0.993676526884171,1
"8241","PmetTSAr1.1-008589",8.85728689087386,11.1852043920555,9.55153406184735,12.3117489251598,10.1949483201315,10.7994721309082,9.6177716851919,12.0302789491242,0.0230327088515719,3.41058983815635,0.93633535147459,1
"8242","PmetTSAr1.1-008590",2.60772913538418,3.18302359029238,4.30291881004014,2.09167347330672,2.58514760974762,3.33596259541143,4.50505645384806,4.52904619261147,0.307093618179828,1.78917412844581,0.336588793464396,1
"8243","PmetTSAr1.1-008591",15.7812573537905,12.8808337812766,13.2397501847389,11.6233500605272,15.2924224801972,11.4214312588662,11.6921930290568,11.6622939459745,-0.0961116212371209,3.70096402986699,0.741548260807955,1
"8244","PmetTSAr1.1-008597",3.32710268997292,4.01596434289225,3.78278576706826,6.9369424051438,3.75028456061979,6.19132041012799,4.40028769910741,4.92533773446498,0.0869968316446553,2.24392419610302,0.782663554754712,1
"8245","PmetTSAr1.1-008598",2.24804235808981,2.94504051812099,1.5131143068273,3.07131801143771,2.18463178288532,3.05325390088503,3.41546140454527,3.19863887353185,0.267232603855051,1.47365556976318,0.355666201329347,1
"8246","PmetTSAr1.1-008601",2.78757252403137,1.63613362117833,1.93867770562248,2.09167347330672,1.60206330744923,2.00723173113738,1.46676256636914,1.50024655130255,-0.355426397182231,0.951080645597098,0.202052691295522,1
"8247","PmetTSAr1.1-008603",11.2402117904491,5.38436700787776,17.4480993506023,8.18135573736425,10.704695736138,5.68244475998048,2.59826511756818,12.2001181813472,-0.437607221126233,3.20428906820328,0.335841981238894,1
"8248","PmetTSAr1.1-008606",17.8944171703949,17.6107473406831,20.7107520746987,23.0878388446007,20.2442545214039,20.5246512226161,21.3099647142487,23.3528944306529,0.107157448887577,4.36848719923031,0.705877926343586,1
"8249","PmetTSAr1.1-008607",9.5766604454626,13.9220097220265,4.68119738674697,10.6172286429873,7.20928488352154,9.21630344156038,27.4703674929991,13.3040731907962,0.559423078241361,3.59522730795386,0.191381827701448,1
"8250","PmetTSAr1.1-008608",6.20459690832788,6.27680352852048,4.01920987751002,5.98377474642175,4.11438985776735,6.10650780177007,6.24421778254289,9.22793161744588,0.191549468181146,2.60670183747415,0.554676066751813,1
"8251","PmetTSAr1.1-008609",8.09295248912332,9.72755807500568,6.19431169357427,6.9369424051438,8.52006395325273,6.2761330184859,7.31285908089755,7.47292621780893,-0.0673941293046335,2.93139357871996,0.825690153689663,1
"8252","PmetTSAr1.1-008610",3.73175031442909,5.11663605168494,2.2223866381526,4.23630070543133,3.422589793187,3.61867128993782,4.23265769152236,5.26501619891084,0.105079874019848,2.01837338012025,0.733303282490046,1
"8253","PmetTSAr1.1-008611",3.95655455023807,4.37293895114934,2.78980450321284,4.76583829361024,3.96874773890832,5.08875650147506,4.96603897470693,5.54808158594906,0.295844031062354,2.17079149388166,0.304530891418574,1
"8254","PmetTSAr1.1-008613",14.4773927860984,17.253772732426,13.0978957184738,14.2445611220128,12.8893275190234,15.5772490684042,15.7991282148904,13.6437516552421,-0.0288829009157797,3.87650256954415,0.921189734394681,1
"8255","PmetTSAr1.1-008614",5.66506674238632,3.51025031452804,5.34318489598392,4.97765332888181,4.44208462520014,4.77777693749603,2.6820801213607,3.2552519509395,-0.363290690174069,2.1317974278456,0.232005369663563,1
"8256","PmetTSAr1.1-008617",11.2402117904491,13.5055393457265,5.01219114136544,10.749613040032,6.48107428922644,12.5239951675192,17.8106883059109,12.0302789491242,0.269593129242173,3.49142241363131,0.469736284536824,1
"8257","PmetTSAr1.1-008618",9.62162129262439,15.6473869952691,5.0594759634538,12.4176564427956,7.20928488352154,13.8809969012458,18.8374221023693,11.7755201007898,0.273052128464953,3.5712687507932,0.474464564572466,1
"8258","PmetTSAr1.1-008619",8.94720858519745,12.5833549410624,5.10676078554215,9.55815346662943,8.88416925040029,14.0788929874143,17.8316420568591,13.0493143424618,0.571198297784038,3.50255964228319,0.0946173050998361,1
"8259","PmetTSAr1.1-008620",11.465016026258,15.2011687349477,7.51828671204816,11.9410726134346,11.4693168601479,18.7718573165524,23.6567848204393,17.2952951480351,0.625165434983431,3.88198923315858,0.0579891338751053,1
"8260","PmetTSAr1.1-008621",5.71002758954812,6.21730776047764,1.98596252771084,3.4684712025719,5.13388468978049,6.9263630158966,10.2044767117396,5.37824235372613,0.668633336638296,2.51227704143468,0.0753582645353883,1
"8261","PmetTSAr1.1-008622",6.11467521400429,4.8191572114707,6.14702687148592,9.58463034603838,7.9739060075314,6.75673779918077,4.58887145764058,7.303086985586,-0.00671192056997279,2.74899238505148,0.991456203996452,1
"8262","PmetTSAr1.1-008624",2.87749421835496,2.67730956192817,13.0978957184738,6.38092793755594,6.33543217036742,7.37869692713883,1.88583758533175,1.75500539963695,-0.528226681992245,2.41617651193574,0.325057310395001,1
"8263","PmetTSAr1.1-008625",3.32710268997292,3.3317630103995,6.61987509236945,4.28925446424922,4.8061899223477,5.484548673812,3.52023015928592,3.02879964130892,-0.0587753272234864,2.1227035896846,0.862711215887307,1
"8264","PmetTSAr1.1-008626",7.73326571182895,8.18066810589163,6.5725902702811,5.50719091706073,7.93749547781665,5.93688258505423,7.37572033374194,8.43534853373887,0.0850211463884528,2.86206252839055,0.778643528725445,1
"8265","PmetTSAr1.1-008627",10.7906033188311,8.80537367034153,15.8404153995983,10.749613040032,14.2365171184693,9.18803257210774,11.4197942667311,20.012722863602,0.249461746173169,3.66541035989208,0.453866112985552,1
"8266","PmetTSAr1.1-008629",1.93331642795724,1.90386457737114,2.88437414738955,1.9063353174441,1.67488436687874,1.72452303661099,1.65534632490231,1.98145770926752,-0.282609248410327,1.00899312149073,0.301415054415099,1
"8267","PmetTSAr1.1-008630",28.5051771005788,26.0888942867889,29.9312923819276,26.6092638059905,27.1258446374927,30.165017705966,31.7030251845215,27.62718177493,0.0700288908342832,4.83446112769516,0.805823799795536,1
"8268","PmetTSAr1.1-008631",16.8153568385118,15.4391518071191,18.204656504016,15.647835730687,15.8749909556333,18.0368147107838,19.8641558988277,17.5217474576656,0.110117401326049,4.10750870408797,0.700295569089412,1
"8269","PmetTSAr1.1-008632",12.0944678865232,14.5764631704978,15.2257127124497,14.1386536043771,12.1611169247283,13.004599948214,17.3287520341039,14.2664955067261,0.0192611245173213,3.82417819351061,0.950079426962076,1
"8270","PmetTSAr1.1-008633",5.62010589522453,7.13949216514178,5.95788758313251,6.43388169637383,5.97132687321986,7.54832214385467,7.29190532994942,6.82187582762103,0.134807046177615,2.73650133874042,0.636793709379737,1
"8271","PmetTSAr1.1-008634",8.85728689087386,9.1326003945772,9.74067335020077,6.96341928455275,6.5903058783707,8.22682301071801,11.5036092705236,9.31285123355734,0.0420328849445615,3.1463102340284,0.89707320817218,1
"8272","PmetTSAr1.1-008636",14.3874710917748,18.8304105855615,10.2135215710843,10.723136160623,11.3600852710036,12.7784329925929,16.1972494829049,12.6530228006083,-0.0313233217807282,3.750490540873,0.921759787660809,1
"8273","PmetTSAr1.1-008637",3.14725930132574,4.1944516470208,4.11377952168673,3.8126706348882,3.96874773890832,4.72123519859075,4.08598143488545,4.16106118946179,0.148070525542645,2.03204557239432,0.590312026326496,1
"8274","PmetTSAr1.1-008638",6.83404876859303,8.18066810589163,8.700407264257,9.769968501901,8.59288501268224,10.0644295251396,7.94147160934146,9.19962507874206,0.0946393956655659,3.12510054492755,0.743914681093184,1
"8275","PmetTSAr1.1-008641",2.20308151092802,2.3500828376925,2.97894379156625,2.1975809909425,2.98566343660993,2.60091998964281,2.45158886093127,2.71742771556688,0.147332725180396,1.38951735734794,0.578023551849839,1
"8276","PmetTSAr1.1-008643",5.30537996509196,7.34772735329175,2.03324734979919,4.28925446424922,4.36926356577063,7.46350953549675,6.09754152590598,6.39727774706371,0.354598620827852,2.45583011872248,0.32473574824965,1
"8277","PmetTSAr1.1-008644",8.58752180790308,8.06167656980593,7.2818626016064,10.1671216930352,7.93749547781665,9.1597617026551,8.54913038683724,8.43534853373887,-0.00204910189315721,3.10217668355954,0.999594714017204,1
"8278","PmetTSAr1.1-008645",3.77671116159088,4.04571222691368,3.54636165662649,5.16299148474443,3.71387403090504,5.28665258764353,5.38511399366954,5.80284043428345,0.285511928785738,2.22048666485468,0.330889966778131,1
"8279","PmetTSAr1.1-008646",3.14725930132574,4.10520799495653,3.16808307991967,4.26277758484027,3.71387403090504,4.57988085132755,5.11271523134384,4.24598080557326,0.261629712512484,2.03996510846989,0.347094618281936,1
"8280","PmetTSAr1.1-008647",3.19222014848753,4.13495587897795,2.83708932530119,3.97153191134187,3.20412661489846,3.90137998446421,4.37933394815927,3.73646310890447,0.102488369888692,1.90249614835369,0.707288534204697,1
"8281","PmetTSAr1.1-008648",2.69765082970777,2.73680532997102,2.41152592650602,3.1242717702556,2.69437919889189,3.59040042048518,4.29551894436675,4.10444811205415,0.420044863938252,1.71273116642751,0.127683918461102,1
"8282","PmetTSAr1.1-008649",10.8355641659929,8.83512155436296,6.52530544819275,9.18747715490419,11.1052115630004,6.07823693231743,7.85765660554894,10.6149520139331,0.00927772103056936,3.16027255038021,0.977527782881817,1
"8283","PmetTSAr1.1-008650",11.0603684018019,11.1257086240126,9.83524299437747,7.54591063154955,11.2872642115741,10.8277430003608,15.8200819658385,9.34115777226117,0.25873068667115,3.44895133421753,0.399131050320511,1
"8284","PmetTSAr1.1-008651",10.1161906114042,7.82369349763454,21.0890306514055,5.87786722878597,9.3575061366921,7.15252997151772,11.3359792629386,7.86921775966244,-0.326210546269598,3.33933512644614,0.391827027717938,1
"8285","PmetTSAr1.1-008652",3.77671116159088,3.89697280680656,3.35722236827308,4.44811574070289,4.62413727377392,4.04273433172741,3.66690641592284,4.52904619261147,0.117119981313049,2.037865472363,0.667706153376881,1
"8286","PmetTSAr1.1-008653",3.91159370307627,3.62924185061374,3.49907683453814,3.94505503193292,4.07797932805259,4.41025563461172,3.96025892919667,4.27428734427708,0.156942630126551,2.00964072041615,0.560273667026893,1
"8287","PmetTSAr1.1-008654",9.03713027952104,4.9381487475564,4.91762149718874,7.36057247568693,4.33285303605588,6.2761330184859,6.24421778254289,6.31235813095224,-0.178152230969518,2.64112275465248,0.571200280910142,1
"8288","PmetTSAr1.1-008655",1.88835558079544,1.87411669334972,1.60768395100401,1.50918212630991,2.07540019374105,1.83760651442155,1.78106883059109,1.52855309000637,0.0687041694392275,0.866409704179233,0.822088367935421,1
"8289","PmetTSAr1.1-008656",13.5332149957007,19.6038555701185,8.27484386546182,10.246552331262,9.53955878526588,10.6863886530976,10.7283204854428,11.4641481750478,-0.285276671321982,3.56358502729372,0.379736007903391,1
"8290","PmetTSAr1.1-008658",2.06819896944263,1.84436880932829,41.1377952168673,3.15074864966455,1.78411595602301,3.76002563720101,6.47470904297233,2.26452309630574,-1.75003027906531,2.96624168811954,0.0263123108683103,1
"8291","PmetTSAr1.1-008659",4.40616302185603,3.18302359029238,3.21536790200802,3.78619375547925,3.64105297147553,3.5338586815799,2.7449413742051,3.05710618001275,-0.170987359376053,1.80860518402874,0.536942785174278,1
"8292","PmetTSAr1.1-008660",9.08209112668284,8.86486943838438,11.8212055220883,8.92270836081473,8.26519024524945,11.0539099559819,12.4255743122414,8.77502699818473,0.0693788558458918,3.31665851853233,0.821433453885142,1
"8293","PmetTSAr1.1-008661",10.2960340000513,8.03192868578451,7.70742600040158,8.47260141086266,6.04414793264938,9.1597617026551,13.1380018444778,11.2943089428249,0.202407168701858,3.22280208593798,0.528685895903273,1
"8294","PmetTSAr1.1-008662",23.4695622184576,35.8164523617946,38.2061362473894,29.7335355762461,21.3729809425613,27.4510142385127,23.76155357518,26.042015607516,-0.367170451552648,4.82221641759202,0.219907245305012,1
"8295","PmetTSAr1.1-008663",12.364232969494,15.2011687349477,14.8474341357429,11.5968731811183,10.5954641469938,11.5345147366768,13.1170480935297,11.9170527943089,-0.194500915892302,3.66749407937319,0.495405538423626,1
"8296","PmetTSAr1.1-008664",5.44026250657734,5.17613181972779,5.95788758313251,5.82491346996808,4.73336886291819,6.19132041012799,6.28612528443915,6.42558428576753,0.0796646512442268,2.54054261078742,0.781737587292932,1
"8297","PmetTSAr1.1-008666",12.0045461921996,12.9700774333409,6.09974204939757,4.71288453479235,9.6852009041249,5.03221476256978,6.60043154866111,6.22743851484078,-0.378523692974181,2.99456198481787,0.309107990465537,1
"8298","PmetTSAr1.1-008667",9.89138637559517,11.3934395802054,10.6390849698795,8.79032396377001,11.3236747412889,8.73569866086551,11.4617017686274,10.8130977848599,0.0566577789088168,3.38437596127377,0.846768920208946,1
"8299","PmetTSAr1.1-008668",16.545591755541,13.3865478096408,23.83155033253,17.4747404099042,18.7878333328137,15.9164995018359,12.1531755499157,15.2855309000637,-0.196765852294651,4.06387538113684,0.521986814955729,1
"8300","PmetTSAr1.1-008669",2.427885746737,2.4690743737782,4.25563398795179,3.01836425261982,1.96616860459678,2.71400346745336,2.57731136662005,2.06637732537899,-0.373800898468714,1.45541430198475,0.186542433379812,1
"8301","PmetTSAr1.1-008670",4.49608471617962,2.64756167790674,6.00517240522086,4.60697701715657,3.75028456061979,4.55160998187491,3.7088139178191,4.01952849594268,-0.141657344754318,2.09675851765261,0.633987077912268,1
"8302","PmetTSAr1.1-008672",34.9345782447157,33.6746047122521,78.9656528875499,33.2814374170449,31.7135713815518,28.7514742333341,70.0902969214965,41.129400736653,-0.0741396056457419,5.46350249165279,0.851548076481269,1
"8303","PmetTSAr1.1-008673",32.0570840263607,34.5967891169162,12.3413385650602,28.4361684852078,20.0622018728302,40.3142598394635,38.7434855030933,36.6569676214491,0.337435839799138,4.92960505430214,0.355368372881389,1
"8304","PmetTSAr1.1-008674",3.23718099564933,3.3317630103995,1.84410806144578,2.03871971448883,3.13130555546895,3.73175476774837,7.18713657520876,4.18936772816561,0.806755668604024,1.87329660587916,0.0167034517882623,1
"8305","PmetTSAr1.1-008675",11.4200551790962,4.70016567538501,14.4218707369477,5.50719091706073,10.7775167955676,3.6752130288431,2.55635761567192,2.80234733167835,-0.864591288116988,2.80909890392749,0.0714994576148487,1
"8306","PmetTSAr1.1-008676",5.53018420090094,6.36604718058476,5.1540456076305,5.53366779646967,4.95183204120672,6.13477867122271,6.95664531477933,5.8594535116911,0.0824394320612169,2.55507002157064,0.779998086585508,1
"8307","PmetTSAr1.1-008677",14.7471578690692,21.0317540031468,11.4429269453815,11.9940263722524,10.5954641469938,19.591712530679,22.1690685031221,15.4836766709905,0.196392075813997,3.99580727775024,0.556559050211188,1
"8308","PmetTSAr1.1-008678",7.1937355458874,8.1509202218702,7.04543849116463,8.34021701381793,8.629295542397,9.89480430842372,8.44436163209659,8.18058968540448,0.192012428019591,3.05319485973011,0.49762046248092,1
"8309","PmetTSAr1.1-008679",12.1843895808468,13.8922618380051,13.0033260742971,16.9716797011343,11.6149589790069,18.0368147107838,19.6127108874501,15.7384355193249,0.213512423306553,3.92624756010485,0.477072252423457,1
"8310","PmetTSAr1.1-008680",1.93331642795724,2.52857014182105,1.93867770562248,2.70064169971247,1.89334754516727,1.3004599948214,2.24205135144996,2.85896040908599,-0.141154060390505,1.16362858762498,0.654351052486578,1
"8311","PmetTSAr1.1-008682",4.90073234063579,5.23562758777064,3.49907683453814,4.76583829361024,4.18721091719686,3.64694215939046,4.16979643867797,4.67057888613058,-0.145496827173921,2.15294252305817,0.613549545595782,1
"8312","PmetTSAr1.1-008683",12.4091938166558,12.7320943611695,6.33616615983933,8.04897134031952,9.06622189897406,7.52005127440203,10.7073667344947,10.5583389365255,-0.0625695839845936,3.28329860250854,0.848301209272813,1
"8313","PmetTSAr1.1-008684",2.69765082970777,2.32033495367108,3.45179201244979,4.13039318779555,2.91284237718042,2.12031520894794,2.82875637799762,1.98145770926752,-0.358587952778597,1.51828679477748,0.219689849799418,1
"8314","PmetTSAr1.1-008685",2.06819896944263,1.51714208509263,1.98596252771084,1.95928907626199,1.92975807488203,1.24391825591612,1.80202258153922,1.16056808685669,-0.290730738298776,0.819286963689093,0.297122444478647,1
"8315","PmetTSAr1.1-008686",21.8060108734712,20.4367963227184,19.8596252771084,24.7823591267733,22.174012596286,26.3201794604071,24.0339523375057,21.5412759536083,0.114313766977135,4.50361531273776,0.685636500661441,1
"8316","PmetTSAr1.1-008687",9.39681705681541,11.5124311162911,16.0295546879517,16.627480268818,9.06622189897406,16.142666457457,8.15100911882277,11.4924547137516,-0.256697510444674,3.62788904666175,0.437487670531275,1
"8317","PmetTSAr1.1-008688",14.4324319389366,19.3658724979471,19.4340618783132,13.6355928956071,14.2001065887546,19.3655455750579,15.7153132110979,16.3894859095128,-0.0255006510121495,4.05552911111996,0.931937579291343,1
"8318","PmetTSAr1.1-008689",6.51932283846045,5.89008103624197,31.4444066887549,10.6172286429873,9.57596931498064,7.43523866604411,5.07080772944758,9.85067546892996,-0.769084177379575,3.43734804391246,0.101556831738004,1
"8319","PmetTSAr1.1-008690",4.63096725766501,5.9198289202634,4.49205809839356,6.40740481696488,4.62413727377392,8.6508860525076,8.59103788873351,6.59542351799046,0.406216588475801,2.65838529779612,0.192877273860607,1
"8320","PmetTSAr1.1-008691",6.83404876859303,7.05024851307751,5.81603311686745,8.2078326167732,5.82568475436084,9.38592865827622,10.0578004551026,6.59542351799046,0.191101306082028,2.91497406575973,0.535336760340468,1
"8321","PmetTSAr1.1-008693",8.00303079479973,7.4072231213346,25.6283735718875,11.5174425428914,8.01031653724616,13.3721212510983,11.7969617837975,7.9541373757739,-0.35071653261113,3.55579435343644,0.377071483958087,1
"8322","PmetTSAr1.1-008696",2.83253337119316,2.11209976552111,2.78980450321284,2.40939602621407,2.47591602060336,1.86587738387419,1.94869883817614,2.09468386408281,-0.271392938979789,1.24494179212611,0.311406525885793,1
"8323","PmetTSAr1.1-008697",1.57362965066287,1.30890689694266,2.1278169939759,2.01224283507988,2.29386337202958,2.742274336906,2.03251384196866,1.67008578352548,0.316636442773871,1.02330078944919,0.270313196155657,1
"8324","PmetTSAr1.1-008699",4.58600641050321,3.27226724235665,2.31695628232931,6.77808112869012,5.35234786806902,3.08152477033767,1.96965258912427,1.55685962871019,-0.514377606007435,1.87685846382713,0.211568892948937,1
"8325","PmetTSAr1.1-008700",4.7658497991504,3.42100666246377,1.89139288353413,7.33409559627799,5.68004263550182,3.13806650924295,2.03251384196866,1.44363347389491,-0.512495815450236,1.91593290503093,0.24974015425845,1
"8326","PmetTSAr1.1-008704",11.465016026258,8.24016387393447,45.3461443827308,18.6926768627157,12.051885335584,21.7968403479848,15.5895907054091,15.7101289806211,-0.360690409329982,4.22157932619372,0.417701962409873,1
"8327","PmetTSAr1.1-008705",5.03561488212118,8.47814694610587,3.92464023333332,8.39317077263582,5.93491634350511,9.55555387499205,7.24999782805315,9.34115777226117,0.307283397083911,2.87067230067803,0.356029285603387,1
"8328","PmetTSAr1.1-008706",12.9936848297591,6.93125697699181,18.2519413261043,13.6355928956071,11.1052115630004,8.5095317052444,1.73916132869483,12.9643947263503,-0.594824790099647,3.43399380905137,0.208257995041602,1
"8329","PmetTSAr1.1-008708",2.24804235808981,3.4507545464852,3.97192505542167,2.30348850857828,3.45900032290175,1.66798129770571,1.82297633248735,2.09468386408281,-0.410354081462285,1.42119647330561,0.196394057296581,1
"8330","PmetTSAr1.1-008709",11.8696636507142,14.100497026155,8.88954655261041,8.81680084317895,9.72161143383966,5.06048563202242,9.51300293045125,18.6540090058185,-0.0245652024129247,3.44498573751625,0.950133459654352,1
"8331","PmetTSAr1.1-008710",7.50846147601997,6.30655141254191,10.2608063931727,17.2894022540416,8.84775872068553,21.0335268727636,9.17774291528116,7.41631314040129,0.166603601685213,3.46586757061209,0.679697381427232,1
"8332","PmetTSAr1.1-008711",6.83404876859303,11.0662128559698,4.30291881004014,7.59886439036744,5.46157945721329,12.2695573424454,11.9017305385381,10.3601931655987,0.422244648579987,3.13785915403081,0.237872276876781,1
"8333","PmetTSAr1.1-008712",3.50694607862011,2.61781379388532,3.40450719036143,3.28313304670928,3.0948950257542,3.22287911760087,2.87066387989388,2.71742771556688,-0.102679854367733,1.65420857378336,0.700692749648737,1
"8334","PmetTSAr1.1-008713",23.5145230656194,21.6564595675967,22.9804235349397,20.5725353007509,20.8996440562695,22.0795490425112,23.447247310958,23.3812009693567,0.0180978898687646,4.48395856443437,0.950452895676577,1
"8335","PmetTSAr1.1-008714",12.8588022882737,7.25848370122748,6.66715991445781,8.04897134031952,10.7411062658528,7.80275996892842,7.4176278356382,7.16155429206689,-0.072582183200025,3.09579840908841,0.822742255796759,1
"8336","PmetTSAr1.1-008716",3.50694607862011,3.12352782224953,3.21536790200802,3.49494808198085,3.31335820404273,3.81656737610629,3.62499891402658,2.68912117686306,0.0122630536539144,1.7698638621267,0.979294665295527,1
"8337","PmetTSAr1.1-008717",14.2076277031276,21.0020061191254,14.2800162706827,11.9940263722524,18.7878333328137,12.8915164704035,18.1878558229773,16.7291643739586,0.114686903715585,4.00663499874101,0.7080886152373,1
"8338","PmetTSAr1.1-008718",9.98130806991876,8.44839906208444,11.111933190763,13.1590090662461,10.559053617279,11.9585777784664,11.1264417534573,9.79406239152231,0.0244267723029006,3.43700143711596,0.935722857776186,1
"8339","PmetTSAr1.1-008719",12.0045461921996,11.1852043920555,12.4359082092369,12.4441333222045,10.7411062658528,11.7324108228453,13.2008630973222,12.4265704909777,0.00175952440754803,3.59499620932638,0.999121843378355,1
"8340","PmetTSAr1.1-008720",4.7658497991504,6.81226544090612,5.72146347269074,5.61309843469651,4.4784951549149,6.30440388793854,7.33381283184568,6.68034313410192,0.114603046301219,2.59257425071405,0.701452402451463,1
"8341","PmetTSAr1.1-008722",6.92397046291662,6.48503871667045,16.596972553012,23.1937463622365,6.88159011608875,17.3865847133731,7.18713657520876,7.44461967910511,-0.452200623876757,3.53293869102435,0.306346511375808,1
"8342","PmetTSAr1.1-008723",7.1937355458874,6.21730776047764,4.30291881004014,6.5927429728275,6.1897900515084,8.11373953290745,9.57586418329564,8.54857468855416,0.415602018523852,2.84054278421961,0.170323187680818,1
"8343","PmetTSAr1.1-008724",3.50694607862011,2.43932648975678,9.97709746064253,1.95928907626199,3.53182138233126,2.71400346745336,3.33164640075275,3.76476964760829,-0.412996715181063,1.97823303737869,0.336069956344625,1
"8344","PmetTSAr1.1-008725",11.0154075546401,12.7618422451909,9.97709746064253,12.8148096339298,11.8334221572955,14.5312268986566,18.0830870682366,14.4080282002453,0.337325105578692,3.72785556954594,0.250151387999219,1
"8345","PmetTSAr1.1-008726",5.57514504806273,4.52167837125646,3.12079825783131,6.08968226405753,5.38875839778378,3.92965085391685,5.00794647660319,5.37824235372613,0.0249023410726323,2.30498531805698,0.938279387812602,1
"8346","PmetTSAr1.1-008727",9.30689536249182,12.3751197529124,7.47100188995981,8.55203204908949,9.10263242868882,11.3366186505083,13.5361231124923,10.2752735494873,0.230487948106579,3.36656775151896,0.445970929443623,1
"8347","PmetTSAr1.1-008728",8.3177567249323,13.327052041598,19.1976377678714,13.4767316191534,9.79443249326917,15.124915157162,9.74349419088068,11.0678566331943,-0.247841272687544,3.65118281061872,0.448683467863253,1
"8348","PmetTSAr1.1-008729",9.5316995983008,13.0890689694266,4.91762149718874,10.0082604165815,9.90366408241343,17.3300429744678,16.4906019961787,11.9453593330128,0.566076570346621,3.55207579906208,0.100437268742316,1
"8349","PmetTSAr1.1-008731",6.51932283846045,2.97478840214241,4.39748845421685,3.7597168760703,4.11438985776735,3.6752130288431,2.99638638558266,3.76476964760829,-0.273993149222014,2.02669074147831,0.369576468192875,1
"8350","PmetTSAr1.1-008732",9.75650383410978,13.2675562735551,8.65312244216864,12.9736709103834,6.37184270008217,19.0828368805315,23.0700797938917,17.8897324608153,0.572393279959334,3.80363276981376,0.123489081765616,1
"8351","PmetTSAr1.1-008733",4.09143709172346,5.20587970374922,3.83007058915661,5.6660521935144,2.54873708003287,7.8593017078337,9.47109542855499,7.78429814355097,0.557134943943837,2.55746297979648,0.132914384634611,1
"8352","PmetTSAr1.1-008734",3.50694607862011,5.29512335581349,2.9316589694779,4.47459262011184,2.36668443145909,6.50229997410702,7.31285908089755,6.2557450535446,0.467334815323572,2.2954996744422,0.19123280932515,1
"8353","PmetTSAr1.1-008737",1.61859049782466,2.29058706964966,3.73550094497991,6.32797417873805,2.54873708003287,2.94017042307448,2.51445011377566,3.87799580242358,-0.241101442695766,1.72225791168223,0.530930548998642,1
"8354","PmetTSAr1.1-008738",10.7006816245075,9.81680172706995,6.24159651566263,5.82491346996808,5.49798998692805,5.08875650147506,5.36416024272141,6.62373005669428,-0.528491334741089,2.79676950178183,0.0905328163627119,1
"8355","PmetTSAr1.1-008740",4.58600641050321,4.10520799495653,3.78278576706826,6.32797417873805,4.40567409548539,7.37869692713883,7.98337911123772,6.82187582762103,0.498131288550331,2.52317918793301,0.109669053462519,1
"8356","PmetTSAr1.1-008741",19.8726944455139,6.60403025275615,5.91060276104415,6.77808112869012,12.7072748704496,6.07823693231743,4.54696395574432,8.52026814985034,-0.298050963674204,3.15693453198996,0.490860152005672,1
"8357","PmetTSAr1.1-008742",39.1608978779245,9.96554114717707,18.4410806144578,8.94918524022368,21.6278546505646,5.39973606545409,3.66690641592284,8.23720276281212,-0.975352448283307,3.85326003947173,0.0694547244373769,1
"8358","PmetTSAr1.1-008743",4.18135878604705,3.62924185061374,8.700407264257,5.93082098760386,4.66054780348867,4.80604780694866,5.57369775220271,4.64227234742676,-0.18451387671792,2.41168875501287,0.570659589668282,1
"8359","PmetTSAr1.1-008744",12.3192721223322,8.24016387393447,8.98411619678711,9.29338467253998,11.2872642115741,11.3931603894136,9.24060416812555,9.6525296980032,0.0988831090805705,3.33768158702664,0.737772167434356,1
"8360","PmetTSAr1.1-008746",2.15812066376622,2.20134341758538,2.9316589694779,2.43587290562301,2.51232655031811,2.48783651183225,3.28973889885649,2.66081463815924,0.179176361601992,1.40506225080232,0.520308745296511,1
"8361","PmetTSAr1.1-008748",17.3099261572915,18.3841923252401,17.8736627493975,26.4504025295369,20.0986124025449,23.1255712122589,18.3345320796142,20.8902255634204,0.041941251376408,4.34866841695931,0.885931652212226,1
"8362","PmetTSAr1.1-008749",4.04647624456166,5.20587970374922,3.35722236827308,3.23017928789139,3.53182138233126,4.43852650406435,5.9089577673728,4.35920696038854,0.205308724533724,2.11382776698593,0.495004742998887,1
"8363","PmetTSAr1.1-008750",7.32861808737279,7.67495407752742,8.74769208634535,10.3524598488978,8.22877971553469,11.9020360395611,13.2008630973222,12.0868920265319,0.413302078339489,3.32358237790118,0.167632448571407,1
"8364","PmetTSAr1.1-008751",1.93331642795724,2.67730956192817,2.36424110441766,1.85338155862621,2.07540019374105,1.38527260317932,1.57153132110979,1.47194001259873,-0.447428668893577,0.979779238891265,0.104455437077552,1
"8365","PmetTSAr1.1-008752",3.10229845416394,1.7253772732426,6.61987509236945,5.50719091706073,1.96616860459678,5.85206997669631,0.83815003792522,3.11371925742039,-0.525619099438056,1.86396639680121,0.289269467555602,1
"8366","PmetTSAr1.1-008753",1.97827727511903,2.97478840214241,5.34318489598392,13.4767316191534,3.422589793187,7.77448909947578,3.28973889885649,3.45339772186625,-0.410039502989591,2.40252120317092,0.412288411963679,1
"8367","PmetTSAr1.1-008754",5.48522335373914,5.681845848092,3.73550094497991,4.71288453479235,4.51490568462965,5.79552823779104,5.80418901263215,4.6988854248344,0.0851402704604666,2.35601020622958,0.770527995104789,1
"8368","PmetTSAr1.1-008756",10.5657990830221,11.7801620724839,8.98411619678711,12.232318286933,9.94007461212819,14.5312268986566,16.1972494829049,12.8794751102389,0.297294533143204,3.6100182840969,0.31753796752,1
"8369","PmetTSAr1.1-008757",5.53018420090094,7.67495407752742,3.26265272409637,6.27502041992016,3.96874773890832,9.66863735280261,12.4674818141376,11.0395500944905,0.705660223805591,2.91994058214036,0.0625448651888361,1
"8370","PmetTSAr1.1-008758",2.47284659389879,2.55831802584247,2.50609557068272,2.70064169971247,2.11181072345581,2.94017042307448,2.9544788836864,2.97218656390128,0.103346221277816,1.44222898166004,0.701169853847346,1
"8371","PmetTSAr1.1-008759",12.8588022882737,13.6840266498551,6.05245722730921,5.87786722878597,5.35234786806902,6.04996606286479,6.01372652211345,7.81260468225479,-0.608084948469196,3.0033138700776,0.0823295802133917,1
"8372","PmetTSAr1.1-008761",6.20459690832788,5.89008103624197,6.24159651566263,4.52754637892973,5.60722157607231,3.42077520376934,4.4631489519518,5.74622735687581,-0.247937033145166,2.41047469009125,0.404483605993402,1
"8373","PmetTSAr1.1-008763",9.84642552843337,12.7320943611695,4.91762149718874,5.61309843469651,5.78927422464609,8.22682301071801,13.5151693615442,12.2001181813472,0.263548273462183,3.19814595287274,0.487344093029403,1
"8374","PmetTSAr1.1-008765",17.7595346289095,8.29965964197732,22.2711512036144,19.3016450891215,16.7488436687874,10.969097347624,2.17919009860557,17.0688428384045,-0.526688902696737,3.84469382117597,0.279639990057465,1
"8375","PmetTSAr1.1-008766",10.1161906114042,12.3751197529124,5.01219114136544,6.75160424928118,6.40825322979693,8.08546866345481,12.8656030821521,13.4172993456115,0.251451968237122,3.24046629298897,0.488377928026398,1
"8376","PmetTSAr1.1-008767",6.20459690832788,5.17613181972779,4.68119738674697,5.00413020829076,5.71645316521658,4.8343186764013,4.29551894436675,4.86872465705734,-0.0969102676202891,2.36604398249187,0.73497379561581,1
"8377","PmetTSAr1.1-008768",6.51932283846045,8.06167656980593,7.2818626016064,7.12228056100642,5.60722157607231,7.09598823261244,9.49204917950312,7.44461967910511,0.0337658055722954,2.8864994541438,0.915303220801666,1
"8378","PmetTSAr1.1-008770",4.90073234063579,5.62235008004915,4.91762149718874,8.10192509913741,5.31593733835427,9.44247039718149,7.71098034891202,7.10494121465925,0.325940333551814,2.74679853894666,0.298999077994069,1
"8379","PmetTSAr1.1-008772",2.24804235808981,2.14184764954254,1.70225359518072,1.11202893517572,1.45642118859021,1.75279390606363,2.07442134386492,1.55685962871019,-0.056667228113073,0.860137318497747,0.838245617832072,1
"8380","PmetTSAr1.1-008773",2.96741591267855,3.27226724235665,2.64795003694778,4.65993077597446,2.54873708003287,7.66140562166522,6.05563402400972,4.75549850224205,0.630212175719168,2.13723760414899,0.0717187419207232,1
"8381","PmetTSAr1.1-008774",2.20308151092802,2.20134341758538,1.56039912891566,3.52142496138979,1.45642118859021,4.09927607063268,4.42124145005554,3.39678464445861,0.490571020748363,1.55411875272201,0.168354395221087,1
"8382","PmetTSAr1.1-008775",4.58600641050321,7.02050062905609,3.02622861365461,5.58662155528756,3.78669509033455,7.12425910206508,7.39667408469007,6.02929274391403,0.264104712255222,2.49701316847825,0.433168541935863,1
"8383","PmetTSAr1.1-008776",8.90224773803565,10.2927678714127,9.17325548514053,16.8392953040895,9.43032719612162,15.5489781989516,18.2507170758217,14.3797216615414,0.348313784944894,3.69250144667166,0.290998859735928,1
"8384","PmetTSAr1.1-008777",9.75650383410978,2.79630109801387,18.8666440132529,15.7802201277317,14.8554961236202,19.1676494888894,10.8330892401835,10.6715650913408,0.235146558763159,3.68897436565514,0.601578129445485,1
"8385","PmetTSAr1.1-008779",1.57362965066287,1.90386457737114,3.21536790200802,1.48270524690096,1.63847383716399,1.21564738646349,1.19436380404344,1.33040731907962,-0.594945317890041,0.800409435916376,0.0529212068390292,1
"8386","PmetTSAr1.1-008780",7.50846147601997,8.03192868578451,7.56557153413652,9.10804651667735,7.90108494810189,8.5095317052444,7.71098034891202,8.09567006929301,-0.00144569024246015,3.02101660148974,1,1
"8387","PmetTSAr1.1-008782",7.82318740615254,7.05024851307751,11.0646483686747,8.76384708436106,10.6682852064233,7.03944649370716,7.37572033374194,7.33139352428982,-0.0984021813699514,3.07793898975583,0.748513529974243,1
"8388","PmetTSAr1.1-008783",16.9502393799972,16.272092559719,2.74251968112449,12.1528876487061,10.9231589144266,12.2412864729928,45.0924720403768,27.315809849188,0.989585001584991,4.17399762964457,0.0553078864917497,1
"8389","PmetTSAr1.1-008785",18.8835558079544,20.6152836268469,9.78795817228912,9.4257690695847,13.0349696378824,11.5910564755821,13.6618456181811,14.4363347389491,-0.155136437358392,3.80631170699155,0.642149051893859,1
"8390","PmetTSAr1.1-008786",4.09143709172346,4.46218260321361,1.70225359518072,2.67416482030353,2.73078972860665,2.96844129252712,3.58309141213032,3.70815657020064,0.00501627012632635,1.72521906633944,0.991150254382117,1
"8391","PmetTSAr1.1-008787",24.3687791616936,32.127714743138,23.9734047987951,25.8149574237222,19.8437386945416,26.4332629382177,27.7218125043767,30.3446094904969,-0.026662868891053,4.72216448102556,0.928914482429051,1
"8392","PmetTSAr1.1-008788",8.27279587777051,5.50335854396346,36.2201737196786,5.79843659055913,11.0688010332856,8.08546866345481,4.44219520100367,3.56662387668154,-1.03731170017503,3.37670566628549,0.060077277228271,1
"8393","PmetTSAr1.1-008789",10.7456424716693,13.327052041598,11.4902117674698,9.58463034603838,13.3262538756004,9.10321996374982,12.2998518065526,10.8130977848599,0.0122884695368222,3.51057752306052,0.969027104391016,1
"8394","PmetTSAr1.1-008791",15.5114922708197,12.6428507091052,14.989288602008,19.7252751596646,15.0739593019087,11.6193273450347,12.2160368027601,5.01025735057644,-0.51831467777454,3.74466904180113,0.13815083691236,1
"8395","PmetTSAr1.1-008792",2.11315981660442,3.48050243050662,1.89139288353413,2.48882666444091,2.94925290689518,2.2333986867585,2.80780262704949,3.36847810575478,0.175068348764997,1.45124312972558,0.535160118777104,1
"8396","PmetTSAr1.1-008795",25.807526270871,25.7616675625533,17.3535297064256,27.4565239470768,31.0217713169715,40.2859889700109,21.9804847445889,22.0224871115733,0.257732492647049,4.72937217289584,0.418759034043308,1
"8397","PmetTSAr1.1-008796",13.5781758428625,18.9196542376257,4.91762149718874,12.3382258045687,8.84775872068553,21.627215131269,20.4089534234791,17.7198932285924,0.462356045163051,3.89469216583589,0.245873861974454,1
"8398","PmetTSAr1.1-008797",1.57362965066287,2.26083918562823,2.36424110441766,1.05907517635783,1.23795801030168,1.86587738387419,2.82875637799762,3.17033233482803,0.342339878215296,1.0781344778775,0.338195857829488,1
"8399","PmetTSAr1.1-008798",12.9487239825973,11.8099099565054,5.48503936224898,8.12840197854636,13.1806117567414,13.400392120551,19.2564971213319,13.8418974261688,0.637097741535793,3.6240084383687,0.0554944744189243,1
"8400","PmetTSAr1.1-008799",11.2851726376109,17.1942769643831,6.14702687148592,14.4828530366934,10.1585377904167,18.0933564496891,9.93207794941386,13.2474601133886,0.0640705473706959,3.65981655431595,0.855633908905623,1
"8401","PmetTSAr1.1-008801",2.29300320525161,2.02285611345684,2.69523485903613,3.60085559961663,2.18463178288532,3.30769172595879,4.27456519341862,4.33090042168472,0.410221644025553,1.66030459107906,0.186434844804253,1
"8402","PmetTSAr1.1-008802",4.09143709172346,4.0754601109351,3.35722236827308,7.33409559627799,3.89592667947881,5.93688258505423,7.52239659037885,6.59542351799046,0.341032674347974,2.4403036765305,0.305912106914922,1
"8403","PmetTSAr1.1-008804",18.0742605590421,28.6472123126314,36.1728888975902,4.20982382602238,12.7800959298791,8.22682301071801,55.3179025030645,27.8819406232644,0.259749070289399,4.5838065174471,0.654768212400629,1
"8404","PmetTSAr1.1-008805",2.60772913538418,2.88554475007814,2.41152592650602,2.43587290562301,1.89334754516727,1.69625216715835,2.9544788836864,1.83992501574841,-0.294404365156717,1.2646487193131,0.282576235817404,1
"8405","PmetTSAr1.1-008806",2.24804235808981,3.18302359029238,3.30993754618473,3.94505503193292,2.33027390174434,2.51610738128489,2.51445011377566,2.43436232852867,-0.378628527226817,1.52229449303682,0.169404464666944,1
"8406","PmetTSAr1.1-008807",3.05733760700214,2.73680532997102,3.12079825783131,2.5417804232588,2.11181072345581,1.92241912277947,3.54118391023405,2.88726694778981,-0.118121760885667,1.48587801038821,0.665470513504442,1
"8407","PmetTSAr1.1-008810",1.52866880350107,2.3500828376925,3.6409313008032,2.75359545853036,2.0389896640263,2.8836286841692,2.99638638558266,2.26452309630574,-0.006456219956334,1.38962753359566,0.988087155785977,1
"8408","PmetTSAr1.1-008811",9.486738751139,10.1142805672842,12.8614716080321,11.3850581458467,8.22877971553469,18.8001281860051,10.7702279873391,9.62422315929938,0.113884829647927,3.52010008466365,0.729936546072741,1
"8409","PmetTSAr1.1-008813",13.7130583843478,10.0250369152199,8.84226173052206,13.6091160161981,15.5108856584857,10.262325611308,11.2102567572498,12.539796645793,0.0989443059987583,3.58803368980598,0.744501258522069,1
"8410","PmetTSAr1.1-008814",10.3409948472131,13.8327660699622,9.92981263855418,11.3056275076199,10.0128956715577,13.6831008150774,13.5989843653367,11.5773743298631,0.105464780863885,3.56717606243711,0.719024706996466,1
"8411","PmetTSAr1.1-008815",1.61859049782466,2.08235188149969,2.26967146024096,1.74747404099042,1.34718959944595,2.17685694785322,2.01156009102053,2.00976424797134,-0.0227240792708189,0.978574924451569,0.929406508241469,1
"8412","PmetTSAr1.1-008816",5.48522335373914,4.55142625527789,7.75471082248993,5.79843659055913,8.73852713154126,5.88034084614895,5.07080772944758,4.07614157335033,0.010471884590245,2.57836771151083,0.976126308711647,1
"8413","PmetTSAr1.1-008817",9.03713027952104,11.4231874642269,8.41669833172688,8.65793956672528,9.24827454754784,8.59434431360232,11.8179155347456,11.4075350976402,0.129577357616229,3.30622937159408,0.659844972760311,1
"8414","PmetTSAr1.1-008818",6.69916622710764,3.4507545464852,13.9490225160642,6.6456967316454,8.629295542397,7.43523866604411,2.45158886093127,4.18936772816561,-0.436676441888215,2.74816710314028,0.325055121870591,1
"8415","PmetTSAr1.1-008819",6.69916622710764,3.65898973463516,17.3062448843373,6.9369424051438,8.77493766125602,7.18080084097036,2.32586635524249,4.75549850224205,-0.586167593914718,2.85560217688222,0.20955709922149,1
"8416","PmetTSAr1.1-008820",51.5700916945803,50.3036718802282,38.4898451799195,41.6481313102717,50.3193520657918,45.6291832965597,50.1213722679282,60.0381685908059,0.179321381238611,5.60225088069659,0.570671274817601,1
"8417","PmetTSAr1.1-008821",1.97827727511903,2.43932648975678,64.2600732180721,2.14462723212461,2.29386337202958,2.48783651183225,16.5115557471268,2.29282963500956,-1.5833333826864,3.56155245486723,0.0965139129034304,1
"8418","PmetTSAr1.1-008822",6.02475351968069,4.99764451559925,3.21536790200802,6.69865049046329,3.71387403090504,7.35042605768619,9.3453729228662,8.29381584021976,0.454464142013392,2.65109267228647,0.19431796651587,1
"8419","PmetTSAr1.1-008823",11.7797419563906,10.2332721033699,9.504249239759,8.31374013440898,9.64879037441015,7.49178040494939,10.3721067193246,8.8599466142962,-0.129575110955125,3.26055585011408,0.65602091426587,1
"8420","PmetTSAr1.1-008824",4.13639793888525,2.5880659098639,1.56039912891566,2.01224283507988,2.00257913431154,2.20512781730586,2.97543263463453,2.77404079297453,-0.0391919970935208,1.3744230710298,0.897323542134752,1
"8421","PmetTSAr1.1-008826",4.40616302185603,4.55142625527789,5.34318489598392,3.65380935843452,5.57081104635756,4.74950606804339,4.58887145764058,4.27428734427708,0.0976670833085034,2.23268746532809,0.738334820076754,1
"8422","PmetTSAr1.1-008828",6.20459690832788,5.08688816766352,3.49907683453814,4.18334694661344,4.11438985776735,4.41025563461172,5.04985397849945,4.67057888613058,-0.0544330696722749,2.23698327083947,0.859132589529233,1
"8423","PmetTSAr1.1-008829",7.37357893453458,4.40268683517077,8.60583762008029,6.48683545519172,7.39133753209532,3.87310911501157,1.73916132869483,3.45339772186625,-0.710748216637772,2.44771403235827,0.0715209718739588,1
"8424","PmetTSAr1.1-008831",33.9004787599944,33.0796470318236,31.2079825783131,28.7274141587062,30.4392028415354,30.1084759670607,27.9732575157542,26.4100006106657,-0.143036091553847,4.92072161464274,0.615711159586445,1
"8425","PmetTSAr1.1-008832",1.84339473363365,1.93361246139257,3.02622861365461,2.78007233793931,2.11181072345581,1.72452303661099,2.05346759291679,2.54758848334395,-0.182994247659824,1.2088812916858,0.52206349348875,1
"8426","PmetTSAr1.1-008834",13.6680975371861,15.3499081550548,10.5918001477911,11.0408587135304,13.4718959944594,10.0644295251396,11.3778867648349,13.4172993456115,-0.068512911837907,3.63614236185798,0.818979701507906,1
"8427","PmetTSAr1.1-008835",13.0386456769209,14.2789843302836,8.65312244216864,10.5113211253515,12.8529169893086,9.55555387499205,12.8236955802559,12.0585854878281,0.0240177254778471,3.55890833351436,0.937467148631901,1
"8428","PmetTSAr1.1-008836",28.235412017608,20.4962920907612,2.1278169939759,8.94918524022368,15.474475128771,10.4884925669291,15.0657469317058,16.4177924482166,-0.0581672600645372,3.87946797250248,0.911904855516883,1
"8429","PmetTSAr1.1-008838",4.45112386901783,4.40268683517077,2.78980450321284,4.81879205242814,4.22362144691161,5.25838171819089,5.00794647660319,5.6046946633567,0.283316330598249,2.21382479885501,0.330300300602874,1
"8430","PmetTSAr1.1-008839",3.73175031442909,3.74823338669944,3.35722236827308,4.63345389656552,3.67746350119028,4.72123519859075,5.23843773703263,4.75549850224205,0.247901552850362,2.10504492299352,0.374258613379268,1
"8431","PmetTSAr1.1-008840",10.5208382358603,9.45982711881286,5.57960900642568,5.50719091706073,8.44724289382322,7.66140562166522,9.84826294562134,6.59542351799046,0.0685534451139587,3.00260963285605,0.836829778150375,1
"8432","PmetTSAr1.1-008846",3.19222014848753,4.8191572114707,5.1540456076305,5.63957531410546,4.22362144691161,7.40696779659147,7.08236782046811,4.89703119576116,0.327424950001263,2.42583011557705,0.297313018637307,1
"8433","PmetTSAr1.1-008847",4.40616302185603,5.71159373211343,7.14000813534134,9.87587601953678,5.35234786806902,7.18080084097036,6.95664531477933,6.45389082447135,-0.0667686515120596,2.74468082693918,0.837097372500701,1
"8434","PmetTSAr1.1-008848",6.83404876859303,6.00907257232767,5.91060276104415,4.20982382602238,6.73594799722972,4.07100520118004,5.63655900504711,4.18936772816561,-0.152632760365752,2.46044381782236,0.618581651001597,1
"8435","PmetTSAr1.1-008849",3.91159370307627,5.9198289202634,2.31695628232931,3.70676311725241,3.13130555546895,5.39973606545409,4.16979643867797,3.48170426057007,0.0249389140812777,2.02655162642994,0.937288474322184,1
"8436","PmetTSAr1.1-008850",26.03233050668,23.4413326088822,38.016996959036,29.2834286262941,19.4432228676793,34.2360229071461,33.7355390264901,15.1439982065446,-0.186287281050891,4.78010402344044,0.583482909487823,1
"8437","PmetTSAr1.1-008851",5.57514504806273,3.4507545464852,3.40450719036143,9.95530665776362,4.95183204120672,7.37869692713883,4.63077895953684,5.26501619891084,-0.0152067188541094,2.49717500312316,0.977689197642012,1
"8438","PmetTSAr1.1-008852",17.3998478516151,8.68638213425584,36.5038826522087,34.1286975581311,26.03352874605,31.6351029175033,10.4978292250134,9.87898200763378,-0.309733119053967,4.45254008634059,0.507803239082078,1
"8439","PmetTSAr1.1-008858",33.765596218509,32.0979668591166,25.2500949951806,25.3383735943611,31.3130555546895,33.1051881290405,30.8020138937518,29.7218656390128,0.101576010612581,4.91820391954632,0.727219370096116,1
"8440","PmetTSAr1.1-008859",2.69765082970777,2.17159553356396,1.79682323935742,5.24242212297127,3.78669509033455,4.57988085132755,1.55057757016166,1.61347270611784,-0.0593908725442784,1.58253846851452,0.90099042638142,1
"8441","PmetTSAr1.1-008860",1.61859049782466,1.84436880932829,1.89139288353413,1.77395092039937,2.18463178288532,1.78106477551627,1.94869883817614,2.09468386408281,0.164003070585386,0.966839555108883,0.53523730583752,1
"8442","PmetTSAr1.1-008863",10.7456424716693,12.0181451446553,22.6494297803212,14.9859137454633,8.08313759667567,13.9658095096038,12.7608343274115,10.9263239396752,-0.39908854302597,3.7357353550039,0.226741089551689,1
"8443","PmetTSAr1.1-008865",6.20459690832788,8.65663425023441,4.63391256465862,8.39317077263582,4.18721091719686,10.1775130029501,12.9494180859447,8.32212237892358,0.352646514153153,3.00357113424313,0.334192874996768,1
"8444","PmetTSAr1.1-008866",15.2866880350107,20.8235188149969,30.4041406028111,17.6600785657668,10.3770009687053,8.93359474703399,17.0563532717782,36.1757564634842,-0.213718963996729,4.29624776525999,0.6090822610084,1
"8445","PmetTSAr1.1-008868",2.3829248995752,2.70705744594959,14.7055796694779,4.36868510247606,2.47591602060336,3.64694215939046,1.2362713059397,3.53831733797771,-1.14539662530456,2.14107999931665,0.0260153237703493,1
"8446","PmetTSAr1.1-008871",10.5657990830221,9.90604537913423,7.04543849116463,10.2995060900799,9.02981136925931,9.55555387499205,11.4197942667311,9.6525296980032,0.0679961184037006,3.28551111658128,0.818021740950305,1
"8447","PmetTSAr1.1-008872",12.9936848297591,13.9517576060479,14.8474341357429,23.6173764327797,13.7995907618922,19.0262951416262,26.5903099531776,20.0976424797134,0.281172378242745,4.18507853161447,0.386224290280779,1
"8448","PmetTSAr1.1-008873",6.60924453278405,6.21730776047764,5.67417865060239,7.38704935509588,5.35234786806902,7.12425910206508,9.76444794182881,7.10494121465925,0.181978895195367,2.80195370271242,0.550609060176435,1
"8449","PmetTSAr1.1-008874",16.545591755541,17.1050333123189,17.2116752401606,13.3178703426997,16.2026857230661,17.7823768857101,18.1878558229773,16.2196466772898,0.092612809785034,4.05595772729944,0.746796002304618,1
"8450","PmetTSAr1.1-008875",16.095983283923,17.8487304128545,16.5024029088353,14.0592229661502,15.9478120150628,19.5068999223211,18.8793296042656,16.5876316804395,0.13733089795636,4.08677710041757,0.630662175397393,1
"8451","PmetTSAr1.1-008876",7.77822655899075,7.13949216514178,6.19431169357427,6.27502041992016,5.78927422464609,3.81656737610629,5.32225274082515,6.82187582762103,-0.332381691401915,2.63198963189006,0.264580542272923,1
"8452","PmetTSAr1.1-008877",45.5003773277378,6.87176120894897,20.2851886759035,11.8086882163898,41.216719637103,7.15252997151772,2.13728259670931,11.4075350976402,-0.44836153789604,4.19528720064217,0.506085898481492,1
"8453","PmetTSAr1.1-008878",6.96893131007841,9.43007923479144,4.96490631927709,5.21594524356232,5.20670574921,4.15581780953796,4.81936271807002,5.80284043428345,-0.413387010010448,2.55585309260251,0.185621286882308,1
"8454","PmetTSAr1.1-008879",11.8696636507142,12.9105816652981,10.4026608594377,6.32797417873805,10.9959799738561,8.33990648852856,8.73771414537042,8.52026814985034,-0.181332293117664,3.29535346869936,0.563110865241886,1
"8455","PmetTSAr1.1-008880",8.3177567249323,9.7573059590271,7.51828671204816,11.1467662311662,9.02981136925931,12.4391825591612,13.3684931049073,13.1908470359809,0.384964274717719,3.4153055175375,0.19601244055013,1
"8456","PmetTSAr1.1-008881",34.5748914674213,29.4206572971884,47.0011131558231,50.5973165504954,39.2869615622209,40.5404267950846,36.2709428912139,44.8941703842612,-0.00544520184022533,5.33572187034119,0.986923675306453,1
"8457","PmetTSAr1.1-008882",13.3983324542153,14.6954547065835,9.07868584096382,12.2852720457509,11.6877800384364,13.4569338594563,15.6105444563572,13.3040731907962,0.127862175016505,3.70126577797604,0.666542112367987,1
"8458","PmetTSAr1.1-008883",3.64182862010549,6.69327390482042,5.29590007389556,4.28925446424922,3.34976873375749,5.68244475998048,5.28034523892889,4.21767426686944,-0.103457676659552,2.28440996850757,0.741286184381373,1
"8459","PmetTSAr1.1-008884",14.7021970219074,9.1326003945772,10.3553760373494,3.99800879075082,7.86467441838714,3.10979563979031,4.04407393298919,6.39727774706371,-0.833562959754923,2.90425441836907,0.0397022525439597,1
"8460","PmetTSAr1.1-008885",16.77039599135,13.8625139539836,11.3956421232931,10.1406448136262,14.2001065887546,14.3898725513934,14.8352556712764,14.5212543550605,0.152547724963835,3.78924340473187,0.606164485612679,1
"8461","PmetTSAr1.1-008887",3.68678946726729,6.12806410841336,2.36424110441766,4.07743942897765,3.34976873375749,6.64365432137021,19.9898784045165,6.85018236632486,1.1781868742171,2.75086687212116,0.0119405931011993,1
"8462","PmetTSAr1.1-008888",3.86663285591448,3.92672069082798,3.30993754618473,3.44199432316295,3.422589793187,3.84483824555893,3.64595266497471,3.42509118316243,-0.0204800539753336,1.87673345890329,0.941573681948271,1
"8463","PmetTSAr1.1-008891",13.9378626201568,14.9334377787549,18.2992261481927,20.7313965772046,13.9088223510365,19.0545660110788,14.8981169241208,16.7857774513663,-0.0712306552324881,4.05586381164064,0.811123685667958,1
"8464","PmetTSAr1.1-008893",5.48522335373914,7.82369349763454,1.84410806144578,4.44811574070289,4.33285303605588,4.3254430262538,9.8901704475176,6.62373005669428,0.359073135475541,2.50467992586759,0.378371989051067,1
"8465","PmetTSAr1.1-008894",10.9704467074783,15.7663785313548,4.4447732763052,7.33409559627799,7.90108494810189,11.8172234312032,10.2044767117396,9.99220816244907,0.0500952250139089,3.30352049130004,0.892119548055688,1
"8466","PmetTSAr1.1-008895",27.6509210045047,23.1736016526894,41.9416371923693,34.6317582669011,24.1765917305975,32.1722494371034,29.062852565057,32.4109868158759,-0.11212141580954,4.94067400711448,0.716175545163187,1
"8467","PmetTSAr1.1-008897",2.87749421835496,2.26083918562823,2.1278169939759,4.28925446424922,2.07540019374105,3.22287911760087,3.85549017445601,2.57589502204778,0.0195376754799868,1.57600435363574,0.959718745603408,1
"8468","PmetTSAr1.1-008898",2.06819896944263,2.4690743737782,1.79682323935742,1.93281219685304,1.20154748058692,2.60091998964281,2.22109760050183,1.98145770926752,-0.0415426549140004,1.07026866430775,0.890726262695385,1
"8469","PmetTSAr1.1-008899",5.21545827076836,6.75276967286327,4.39748845421685,5.16299148474443,4.76977939263294,6.86982127699133,5.9089577673728,5.91606658909874,0.122459716815535,2.50874590344188,0.679218420983174,1
"8470","PmetTSAr1.1-008900",4.67592810482681,3.65898973463516,7.23457777951804,2.5417804232588,5.17029521949525,4.43852650406435,3.58309141213032,4.84041811835351,0.000854931796231138,2.19097504058788,1,1
"8471","PmetTSAr1.1-008901",4.90073234063579,6.63377813677757,6.52530544819275,8.97566211963263,6.11696899207889,7.46350953549675,5.00794647660319,6.11421236002549,-0.134506865397571,2.70742555486656,0.666990550308571,1
"8472","PmetTSAr1.1-008902",3.41702438429651,3.83747703876371,2.78980450321284,3.38904056434506,2.40309496117385,3.5338586815799,3.45736890644153,2.80234733167835,-0.138680104901472,1.70855397951384,0.616245052657428,1
"8473","PmetTSAr1.1-008903",9.62162129262439,14.2492364462621,11.2537876570281,17.58064792754,8.66570607211175,20.4115677448055,15.568636954461,15.8516616741402,0.197730532530922,3.8302599660735,0.556304707783496,1
"8474","PmetTSAr1.1-008906",1.48370795633928,1.78487304128545,1.79682323935742,1.61508964394569,1.23795801030168,2.26166955621114,2.40968135903501,2.80234733167835,0.390479490907051,0.995003107987801,0.187273623313305,1
"8475","PmetTSAr1.1-008907",3.23718099564933,2.40957860573535,3.68821612289155,3.25665616730033,2.47591602060336,4.26890128734852,4.00216643109293,2.66081463815924,0.0998048017063324,1.72801218161096,0.753155602649603,1
"8476","PmetTSAr1.1-008908",3.10229845416394,4.31344318310649,18.2519413261043,6.3014972993291,3.93233720919357,5.06048563202242,1.7182075777467,4.38751349909237,-1.08052752418187,2.56434002497499,0.028013654161087,1
"8477","PmetTSAr1.1-008909",5.44026250657734,5.71159373211343,4.77576703092368,4.63345389656552,4.87901098177721,4.60815172078019,3.03829388747892,2.43436232852867,-0.462577371378632,2.16798553480912,0.133449421464211,1
"8478","PmetTSAr1.1-008910",6.24955775548968,6.51478660069188,6.5725902702811,6.98989616396169,6.66312693780021,6.04996606286479,2.43063510998314,3.28355848964332,-0.519820824463974,2.49725785181892,0.131760437652674,1
"8479","PmetTSAr1.1-008911",10.5208382358603,4.72991355940643,4.49205809839356,2.59473418207669,7.35492700238057,4.35371389570644,2.32586635524249,6.9067954437325,-0.0916386167359049,2.44710506715245,0.836865826589022,1
"8480","PmetTSAr1.1-008912",2.06819896944263,2.26083918562823,2.08053217188754,1.85338155862621,1.82052648573776,2.14858607840058,1.96965258912427,2.46266886723249,0.0268081983170718,1.10081661089983,0.948827434460602,1
"8481","PmetTSAr1.1-008913",9.62162129262439,7.46671888937745,1.89139288353413,5.08356084651759,1.96616860459678,2.51610738128489,9.74349419088068,6.31235813095224,-0.225588285413776,2.49720409327855,0.653892727149907,1
"8482","PmetTSAr1.1-008914",9.89138637559517,9.1326003945772,7.47100188995981,13.0001477897924,6.55389534865595,12.4957242980665,13.7666143729217,9.36946431096499,0.0949520620930043,3.36206072338507,0.773413073938901,1
"8483","PmetTSAr1.1-008915",3.73175031442909,4.9381487475564,2.41152592650602,2.8330260967572,3.67746350119028,4.07100520118004,4.96603897470693,2.94388002519746,0.168742941074879,1.91260876833686,0.592517196576352,1
"8484","PmetTSAr1.1-008916",6.33947944981327,9.28133981468432,4.53934292048191,5.11003772592654,5.46157945721329,7.52005127440203,10.8749967420797,8.63349430466562,0.362300646340024,2.86665674713674,0.278825154696494,1
"8485","PmetTSAr1.1-008917",7.46350062885817,9.48957500283429,5.34318489598392,6.16911290228437,5.02465310063623,7.68967649111786,11.3150255119905,9.53930354318792,0.238660948619692,2.96835158807907,0.474344011746025,1
"8486","PmetTSAr1.1-008919",21.176559013206,10.9472213198841,22.082011915261,12.0205032516614,17.9868016790891,3.05325390088503,2.97543263463453,7.07663467595543,-1.09248261028733,3.60791342939433,0.0290596349674406,1
"8487","PmetTSAr1.1-008920",3.32710268997292,5.11663605168494,1.79682323935742,2.93893361439298,2.87643184746567,4.07100520118004,3.49927640833779,4.64227234742676,0.188548641499615,1.84959506431141,0.564784378099281,1
"8488","PmetTSAr1.1-008921",4.7658497991504,4.55142625527789,14.2800162706827,6.67217361105434,7.20928488352154,6.44575823520174,3.60404516307845,3.651543492793,-0.532484994628548,2.68675654398305,0.185666713759592,1
"8489","PmetTSAr1.1-008923",9.71154298694798,11.4826832322697,5.24861525180721,9.34633843135787,6.55389534865595,13.9092677706985,11.0216729987166,10.3601931655987,0.224299690826444,3.28931005764156,0.507312563803567,1
"8490","PmetTSAr1.1-008924",2.24804235808981,3.30201512637807,1.93867770562248,3.41551744375401,2.00257913431154,4.80604780694866,5.44797524651393,4.58565927001912,0.621650950168259,1.827113057346,0.0640645030256587,1
"8491","PmetTSAr1.1-008925",9.62162129262439,8.56739059817014,7.9911349329317,9.10804651667735,9.32109560697735,13.2307669038351,16.70013950566,12.0302789491242,0.540382685005437,3.44539583472449,0.0714285772765088,1
"8492","PmetTSAr1.1-008926",8.94720858519745,13.1485647374695,4.68119738674697,7.2281880786422,7.75544282924287,6.47402910465438,9.21965041717742,9.14301200133441,-0.0631524942048447,3.06911125534731,0.858226655456115,1
"8493","PmetTSAr1.1-008927",22.4804235808981,26.0591464027675,19.2449225899598,21.6316104771087,22.3924757745745,23.7758012096696,32.5411752224467,29.4388002519746,0.274392430363017,4.63021352675714,0.349171228644572,1
"8494","PmetTSAr1.1-008930",14.0727451616422,11.2744480441197,8.88954655261041,11.6233500605272,15.8749909556333,11.1669934337925,10.8330892401835,11.7189070233822,0.111604872929664,3.58397372286376,0.709631569051528,1
"8495","PmetTSAr1.1-008932",19.423085973896,22.7868791604109,13.1451805405622,27.1652782735784,17.7683385008006,23.8323429485748,34.4898740606228,33.0337306673599,0.40231348764438,4.5869391188289,0.226057769786525,1
"8496","PmetTSAr1.1-008936",17.6696129345859,16.0936052555904,17.400814528514,18.9839225362141,20.6083598185515,17.9237312329733,15.4010069468759,17.8331193834077,0.0322293824156172,4.15373955553608,0.910528380021562,1
"8497","PmetTSAr1.1-008937",5.08057572928297,6.60403025275615,3.73550094497991,3.8126706348882,3.27694767432797,4.89086041530658,7.58525784322324,6.02929274391403,0.181700937317191,2.37790298697203,0.589808071750027,1
"8498","PmetTSAr1.1-008938",3.05733760700214,1.04117594074984,5.34318489598392,6.75160424928118,5.82568475436084,5.11702737092769,0.984826294562134,2.23621655760192,-0.197189134601257,1.94327703538823,0.714605805611028,1
"8499","PmetTSAr1.1-008940",2.06819896944263,3.86722492278513,3.02622861365461,2.56825730266774,2.0389896640263,1.21564738646349,5.17557648418823,4.3025938829809,0.146258110792311,1.63451615525807,0.71564268897252,1
"8500","PmetTSAr1.1-008941",4.63096725766501,3.15327570627095,21.9401574489959,8.26078637559109,9.72161143383966,13.0328708176667,8.15100911882277,5.23670966020702,-0.0693779685980939,3.21894336424259,0.888456490586455,1
"8501","PmetTSAr1.1-008942",22.6153061223835,8.89461732240581,5.53232418433733,12.2587951663419,14.1636960590398,7.57659301330731,3.77167517066349,6.96340852114014,-0.603921061419421,3.35987038393932,0.177301409157872,1
"8502","PmetTSAr1.1-008945",2.51780744106059,1.66588150519975,5.39046971807227,2.72711857912142,1.78411595602301,4.3254430262538,3.28973889885649,3.45339772186625,0.0762388221904447,1.6784290974698,0.858040165198601,1
"8503","PmetTSAr1.1-008946",7.28365724021099,12.2263803328053,7.51828671204816,9.10804651667735,8.19236918581994,14.2767890735828,13.7666143729217,11.1244697106019,0.388820869610158,3.39383355261523,0.218409433524832,1
"8504","PmetTSAr1.1-008947",12.0045461921996,5.32487123983491,4.06649469959838,6.3014972993291,5.20670574921,5.59763215162256,4.71459396332936,8.74672045948091,-0.189235804586599,2.7115670483001,0.605543262020589,1
"8505","PmetTSAr1.1-008949",4.45112386901783,2.82604898203529,6.90358402489957,5.58662155528756,5.13388468978049,6.10650780177007,4.58887145764058,5.83114697298727,0.135048625313288,2.38858303445715,0.681784801936601,1
"8506","PmetTSAr1.1-008953",8.27279587777051,9.90604537913423,5.91060276104415,10.0612141753994,7.68262176981336,9.66863735280261,9.40823417571059,7.9541373757739,0.0212013782704755,3.11716141261623,0.94414649780108,1
"8507","PmetTSAr1.1-008956",5.08057572928297,4.31344318310649,14.8947189578313,3.38904056434506,5.24311627892476,3.78829650665365,3.12210889127144,4.61396580872294,-0.718974685805236,2.48219421263027,0.089570069177455,1
"8508","PmetTSAr1.1-008957",6.78908792143123,2.17159553356396,5.0594759634538,4.81879205242814,5.20670574921,2.79881607581128,2.15823634765744,3.45339772186625,-0.468839544723225,2.03582320641174,0.20411115141132,1
"8509","PmetTSAr1.1-008959",2.65268998254598,2.08235188149969,10.8755090803212,2.17110411153356,1.63847383716399,2.0920443394953,1.86488383438361,2.88726694778981,-1.05732370656803,1.72714931767472,0.0242980885411848,1
"8510","PmetTSAr1.1-008960",2.3829248995752,1.99310822943541,8.74769208634535,2.59473418207669,2.14822125317056,1.9506899922321,2.01156009102053,2.43436232852867,-0.868991006521828,1.61705045754869,0.0352110465376046,1
"8511","PmetTSAr1.1-008961",7.28365724021099,10.3225157554342,2.9316589694779,4.63345389656552,4.51490568462965,3.70348389829574,3.85549017445601,4.27428734427708,-0.625908593308671,2.3924294649555,0.0836755029028077,1
"8512","PmetTSAr1.1-008962",15.8711790481141,10.8282297837984,17.9209475714859,19.7252751596646,14.4913908264726,20.0157755724686,18.5650233400436,17.153762454516,0.126824571194941,4.07767476726859,0.67939640490081,1
"8513","PmetTSAr1.1-008963",3.91159370307627,3.42100666246377,4.30291881004014,8.63146268731633,3.93233720919357,9.97961691678164,18.6069308419399,8.46365507244269,1.0142016530993,2.95347446904708,0.0200584249975231,1
"8514","PmetTSAr1.1-008964",5.35034081225375,7.97243291774166,3.83007058915661,5.82491346996808,4.69695833320343,6.4174873657491,7.37572033374194,6.76526275021339,0.1337640394087,2.60900509142394,0.672676773224321,1
"8515","PmetTSAr1.1-008966",2.02323812228083,2.73680532997102,21.5145940502007,3.70676311725241,5.38875839778378,2.65746172854809,1.19436380404344,2.29282963500956,-1.37783096267038,2.37909465045581,0.0297876718997667,1
"8516","PmetTSAr1.1-008967",2.02323812228083,2.73680532997102,2.45881074859437,2.17110411153356,2.25745284231483,2.62919085909545,2.93352513273827,2.66081463815924,0.160459026710705,1.35013248941869,0.55578017692096,1
"8517","PmetTSAr1.1-008972",5.35034081225375,4.9381487475564,13.1451805405622,5.48071403765178,4.44208462520014,4.80604780694866,6.3908940391798,5.71792081817199,-0.430597651525339,2.66255487253113,0.225501695927559,1
"8518","PmetTSAr1.1-008973",15.1068446463635,15.2011687349477,11.7739207,17.2894022540416,16.0206330744923,16.4253751519834,16.1343882300605,13.6437516552421,0.0665068449378701,3.93215972362445,0.817182138987958,1
"8519","PmetTSAr1.1-008974",3.10229845416394,3.56974608257089,1.70225359518072,2.46234978503196,3.05848449603944,2.12031520894794,3.62499891402658,2.49097540593631,0.0560524186942399,1.50225357178681,0.847608571988954,1
"8520","PmetTSAr1.1-008975",23.2447579826487,7.85344138165596,4.3502036321285,10.4583673665336,10.2313588498462,7.49178040494939,4.9450852237588,7.24647390817836,-0.618191547508954,3.25143545858282,0.154735305257844,1
"8521","PmetTSAr1.1-008976",7.01389215724021,4.8191572114707,10.0716671048192,6.06320538464859,9.86725355269868,6.75673779918077,3.9183514273004,4.44412657650001,-0.162598586714167,2.73660545014497,0.653698347489399,1
"8522","PmetTSAr1.1-008977",11.3301334847726,15.1714208509263,8.22755904337346,13.4767316191534,9.53955878526588,19.4220873139631,16.1343882300605,17.153762454516,0.367532922684472,3.79506573706009,0.259759828558031,1
"8523","PmetTSAr1.1-008983",6.92397046291662,2.40957860573535,1.70225359518072,6.24854354051121,4.1508003874821,3.90137998446421,1.76011507964296,2.85896040908599,-0.452785260793985,1.92595240581,0.289665958165302,1
"8524","PmetTSAr1.1-008984",9.30689536249182,5.83058526819912,2.31695628232931,4.20982382602238,4.44208462520014,9.41419952772885,11.3150255119905,9.05809238522295,0.661942898260688,2.81981388097179,0.104392645771397,1
"8525","PmetTSAr1.1-008985",7.1038138515638,13.4757914617051,6.19431169357427,10.246552331262,6.00773740293462,15.2097277655199,20.073693408309,14.0966562745032,0.579834586206088,3.54030109843385,0.127571863263364,1
"8526","PmetTSAr1.1-008986",3.41702438429651,3.68873761865659,2.97894379156625,2.30348850857828,2.00257913431154,1.80933564496891,6.55852404676485,4.33090042168472,0.254867454942503,1.7897738804421,0.518619014698722,1
"8527","PmetTSAr1.1-008987",8.13791333628512,9.69781019098426,5.39046971807227,11.252673748802,7.64621124009861,15.7186034156674,14.1647356409362,9.73744931411467,0.452986361652046,3.36392630345712,0.181618331987415,1
"8528","PmetTSAr1.1-008988",8.72240434938847,13.1783126214909,4.25563398795179,4.05096254956871,4.95183204120672,2.65746172854809,4.14884268772984,5.74622735687581,-0.788628616711896,2.58986638683661,0.0495785560632944,1
"8529","PmetTSAr1.1-008990",3.91159370307627,3.36151089442092,6.38345098192769,4.50106949952079,4.62413727377392,3.36423346486407,3.20592389506397,4.52904619261147,-0.20588225590942,2.10012425479885,0.49976531086981,1
"8530","PmetTSAr1.1-008991",7.28365724021099,8.24016387393447,7.14000813534134,8.60498580790738,7.5733901806691,7.57659301330731,9.1358354133849,8.43534853373887,0.0645921308417399,3.01161858478722,0.822224248395064,1
"8531","PmetTSAr1.1-008992",2.02323812228083,2.52857014182105,2.2223866381526,2.56825730266774,1.7112948965935,2.54437825073753,3.31069264980462,3.2552519509395,0.213657342049896,1.3732557744553,0.469283707537648,1
"8532","PmetTSAr1.1-008993",6.38444029697506,2.91529263409956,15.5567064670682,28.2773072087541,8.88416925040029,13.4852047289089,2.13728259670931,4.07614157335033,-0.895893111467259,3.36067084628769,0.136552365750145,1
"8533","PmetTSAr1.1-008994",13.4882541485389,4.70016567538501,9.83524299437747,12.0999338898882,13.1806117567414,12.7784329925929,2.91257138179014,3.14202579612421,-0.326945899119894,3.1799677378788,0.503557340845605,1
"8534","PmetTSAr1.1-008996",2.47284659389879,3.12352782224953,2.31695628232931,4.07743942897765,2.22104231260007,3.10979563979031,2.91257138179014,4.10444811205415,0.0339386687485272,1.6378955569391,0.909501353757683,1
"8535","PmetTSAr1.1-008997",2.02323812228083,1.84436880932829,2.08053217188754,3.38904056434506,1.82052648573776,2.8836286841692,3.14306264221958,3.05710618001275,0.21985305294358,1.37922610734865,0.462412322870797,1
"8536","PmetTSAr1.1-009000",2.65268998254598,4.10520799495653,2.97894379156625,4.05096254956871,2.62155813946238,3.90137998446421,5.34320649177328,4.13275465075797,0.212339839449772,1.92481115830281,0.482501091252282,1
"8537","PmetTSAr1.1-009001",3.86663285591448,4.52167837125646,3.30993754618473,3.20370240848244,3.56823191204602,3.81656737610629,4.69364021238123,4.21767426686944,0.13041122713898,1.98736793459519,0.63750846773344,1
"8538","PmetTSAr1.1-009002",3.05733760700214,3.42100666246377,4.58662774257026,4.36868510247606,3.64105297147553,3.05325390088503,4.6726864614331,3.0004931026051,-0.10076328873341,1.92126121262497,0.722458972839379,1
"8539","PmetTSAr1.1-009007",5.71002758954812,4.64066990734216,6.38345098192769,4.79231517301919,6.00773740293462,5.65417389052784,4.84031646901815,6.28405159224842,0.0846074830242,2.48440802047947,0.776284852332093,1
"8540","PmetTSAr1.1-009009",5.48522335373914,6.51478660069188,6.33616615983933,9.24043091372208,6.37184270008217,11.0256390865293,11.8598230366419,8.32212237892358,0.445093640616727,3.03906733008497,0.164113170317446,1
"8541","PmetTSAr1.1-009010",4.99065403495938,5.8008373841777,4.96490631927709,7.41352623450482,5.49798998692805,6.4174873657491,7.37572033374194,7.50123275651275,0.206766643083483,2.65889474477367,0.479820580353847,1
"8542","PmetTSAr1.1-009011",9.12705197384463,12.4643634049767,8.18027422128511,10.0347372959905,9.57596931498064,12.5805369064244,11.4826555195755,11.1244697106019,0.167866318379901,3.41135835216136,0.565949211333707,1
"8543","PmetTSAr1.1-009014",18.1641822533657,9.81680172706995,77.4052537586342,11.6233500605272,23.7032548443057,15.2662695044252,9.72254043993255,9.42607738837263,-1.00894204493461,4.45327582417926,0.0684572293085242,1
"8544","PmetTSAr1.1-009016",3.37206353713472,2.73680532997102,4.63391256465862,4.60697701715657,2.84002131775091,3.56212955103254,3.41546140454527,3.51001079927389,-0.200350686695194,1.86556426991252,0.475321689737378,1
"8545","PmetTSAr1.1-009017",8.49760011357949,12.7618422451909,2.74251968112449,8.31374013440898,5.06106363035098,16.5384586297939,16.218203233853,11.7755201007898,0.616174184622123,3.36765043657866,0.161755495736331,1
"8546","PmetTSAr1.1-009018",2.60772913538418,4.52167837125646,1.89139288353413,6.69865049046329,3.16771608518371,5.08875650147506,4.4631489519518,5.32162927631848,0.188632616940152,2.1039367525212,0.607743037949109,1
"8547","PmetTSAr1.1-009019",2.29300320525161,4.55142625527789,2.26967146024096,8.18135573736425,2.4395054908886,5.37146519600145,4.86127021996628,4.84041811835351,0.0107355911743248,2.14799283223839,0.97432862614035,1
"8548","PmetTSAr1.1-009024",5.88987097819531,6.36604718058476,7.89656528875499,4.60697701715657,5.97132687321986,5.54109041271728,7.81574910365268,6.48219736317517,0.0647297601946698,2.67377515802482,0.841025516402282,1
"8549","PmetTSAr1.1-009028",7.32861808737279,4.13495587897795,5.29590007389556,12.205841407524,6.15337952179364,8.53780257469704,5.9089577673728,8.80333353688855,0.0188353216065312,2.88040349865858,0.958606563500866,1
"8550","PmetTSAr1.1-009029",2.47284659389879,3.00453628616383,2.08053217188754,3.09779489084666,1.82052648573776,3.42077520376934,3.24783139696023,2.37774925112102,0.0261716171943987,1.46462814713433,0.929576982996855,1
"8551","PmetTSAr1.1-009030",2.3379640524134,3.39125877844235,1.89139288353413,3.20370240848244,2.25745284231483,3.05325390088503,3.62499891402658,2.68912117686306,0.0958281500324332,1.52508218354194,0.74604478455582,1
"8552","PmetTSAr1.1-009031",20.9967156245588,11.0364649719483,17.8736627493975,21.1550266477477,26.179170864909,4.3254430262538,1.94869883817614,5.23670966020702,-0.916968232812927,3.76873634324315,0.113682685069379,1
"8553","PmetTSAr1.1-009033",3.91159370307627,3.42100666246377,7.09272331325299,4.97765332888181,3.422589793187,3.5338586815799,9.51300293045125,4.33090042168472,0.107558818087733,2.3481734472475,0.785722200420196,1
"8554","PmetTSAr1.1-009035",12.0944678865232,15.8853700674405,14.7055796694779,16.2568039570927,10.8139273252823,17.5562099300889,18.8583758533175,14.1815758906147,0.0593947754366734,3.9176834115701,0.845871533179458,1
"8555","PmetTSAr1.1-009037",3.95655455023807,6.27680352852048,26.905063768273,1.69452028217253,2.87643184746567,2.51610738128489,11.398840515783,4.98195081187262,-0.829983568441765,2.92751366076629,0.205045867508401,1
"8556","PmetTSAr1.1-009039",7.59838317034356,12.0478930286768,9.07868584096382,9.1345233960863,6.15337952179364,7.15252997151772,17.5801970454815,13.1059274198695,0.21752103693723,3.36540034119341,0.548961328414711,1
"8557","PmetTSAr1.1-009043",4.40616302185603,3.95646857484941,5.67417865060239,4.95117644947286,4.29644250634112,4.52333911242227,4.02312018204106,5.2084031215032,-0.0712306420490452,2.22904853222836,0.804733219390667,1
"8558","PmetTSAr1.1-009044",3.10229845416394,3.30201512637807,2.17510181606425,2.70064169971247,2.80361078803616,2.60091998964281,3.77167517066349,4.13275465075797,0.237885168370648,1.65133741853558,0.412883845328922,1
"8559","PmetTSAr1.1-009045",4.49608471617962,5.14638393570637,3.45179201244979,2.67416482030353,4.55131621434441,3.3925043343167,3.62499891402658,3.53831733797771,-0.06281340534967,1.96997538029007,0.840024041631122,1
"8560","PmetTSAr1.1-009046",3.82167200875268,6.63377813677757,1.56039912891566,4.68640765538341,3.05848449603944,8.02892692454953,6.85187656003867,6.79356928891721,0.560948984767552,2.39521747565822,0.165006836529802,1
"8561","PmetTSAr1.1-009048",5.79994928387171,6.18755987645621,4.3502036321285,6.80455800809907,5.31593733835427,7.94411431619162,5.23843773703263,5.49146850854141,0.048343506014661,2.57474182404638,0.871185599100548,1
"8562","PmetTSAr1.1-009053",14.5223536332602,6.87176120894897,4.72848220883532,11.5968731811183,11.5057273898627,9.97961691678164,30.508661380478,15.1723047452484,0.832991285103183,3.72156094140569,0.0478098961489528,1
"8563","PmetTSAr1.1-009054",12.0944678865232,12.6428507091052,8.46398315381523,11.6233500605272,13.7631802321775,16.9625216715835,20.1575084121015,14.8326262808026,0.551367763523829,3.79602295381091,0.0638123303155656,1
"8564","PmetTSAr1.1-009055",14.6572361747456,10.3225157554342,5.62689382851404,36.4321860667094,10.1949483201315,6.9263630158966,5.38511399366954,22.7867636565765,-0.567379180600363,3.8189926371722,0.279372961472198,1
"8565","PmetTSAr1.1-009056",6.74412707426943,6.36604718058476,6.09974204939757,5.24242212297127,7.50056912123959,5.90861171560159,7.56430409227511,6.42558428576753,0.165588118082716,2.70992545141177,0.566853135704722,1
"8566","PmetTSAr1.1-009058",6.78908792143123,6.93125697699181,8.60583762008029,5.29537588178916,6.48107428922644,8.28336474962329,7.94147160934146,8.40704199503505,0.175496700075791,2.88799815253445,0.559607998493738,1
"8567","PmetTSAr1.1-009059",3.73175031442909,4.16470376299937,4.91762149718874,2.67416482030353,3.67746350119028,4.26890128734852,4.58887145764058,3.87799580242358,0.091628539554879,2.01691046994905,0.771489090218084,1
"8568","PmetTSAr1.1-009060",6.83404876859303,6.84201332492754,4.01920987751002,5.40128339942494,6.80876905665924,6.19132041012799,6.09754152590598,6.85018236632486,0.165567620397216,2.63105785980521,0.577367013938344,1
"8569","PmetTSAr1.1-009061",3.14725930132574,2.94504051812099,1.98596252771084,2.09167347330672,2.51232655031811,3.87310911501157,4.25361144247049,2.40605578982485,0.364898683014476,1.57069523082563,0.228145601487742,1
"8570","PmetTSAr1.1-009112",3.82167200875268,3.24251935833523,20.8526065409638,14.6946680719649,9.94007461212819,13.400392120551,3.56213766118219,6.70864967280575,-0.342343786133319,3.25930301056686,0.52206285136132,1
"8571","PmetTSAr1.1-009113",1.75347303931005,1.81462092530687,8.65312244216864,6.32797417873805,4.33285303605588,5.25838171819089,1.57153132110979,2.74573425427071,-0.416212659824389,2.0375414492099,0.399970574108914,1
"8572","PmetTSAr1.1-009114",6.65420537994584,8.92436520642723,5.20133042971886,5.32185276119811,5.38875839778378,4.3254430262538,6.43280154107606,5.63300120206052,-0.261530877308627,2.59634658251271,0.395043216844768,1
"8573","PmetTSAr1.1-009115",1.66355134498646,1.42789843302836,8.13298939919676,4.34220822306711,3.31335820404273,5.73898649888576,1.25722505688783,1.35871385778344,-0.414387580108473,1.78577012443924,0.44594664650622,1
"8574","PmetTSAr1.1-009116",16.6355134498646,3.09377993822811,6.28888133775098,6.51331233460067,7.50056912123959,2.62919085909545,1.15245630214718,2.74573425427071,-1.21604881969054,2.54745585078435,0.0227183822259329,1
"8575","PmetTSAr1.1-009117",7.91310910047614,2.49882225779962,9.26782512931723,11.5174425428914,19.042707040817,7.60486388275995,2.53540386472379,14.0683497357994,0.469920372723349,3.22628531823668,0.365346437621171,1
"8576","PmetTSAr1.1-009118",7.1937355458874,2.3500828376925,7.66014117831322,10.9084743164857,18.8606543922432,7.23734257987564,1.65534632490231,13.1625404972771,0.539626899942319,3.11796135174361,0.330604497086079,1
"8577","PmetTSAr1.1-009120",4.00151539739986,4.58117413929931,3.35722236827308,3.86562439370609,3.85951614976406,2.45956564237961,2.51445011377566,3.2552519509395,-0.394844914524283,1.82533822243026,0.162960888606378,1
"8578","PmetTSAr1.1-009122",8.72240434938847,9.16234827859862,9.31510995140559,9.29338467253998,8.77493766125602,7.52005127440203,6.53757029581672,7.52953929521658,-0.266848272423247,3.07278193526334,0.348646902243024,1
"8579","PmetTSAr1.1-009123",11.689820262067,11.1852043920555,15.6039912891566,14.5622836749202,12.5980432813053,13.6831008150774,10.9378579949241,12.9360881876465,-0.0807232930973561,3.69580258812181,0.782102218692204,1
"8580","PmetTSAr1.1-009127",7.64334401750536,10.9472213198841,3.12079825783131,8.41964765204476,5.57081104635756,15.3510821127831,7.94147160934146,7.9541373757739,0.286342900651141,3.07784867610973,0.474407370665727,1
"8581","PmetTSAr1.1-009132",2.65268998254598,2.52857014182105,1.60768395100401,14.2445611220128,4.00515826862308,5.14529824038033,3.10115514032331,3.82138272501593,-0.394824916798596,2.23853712517285,0.462143642566772,1
"8582","PmetTSAr1.1-009133",3.91159370307627,1.07092382477127,4.96490631927709,3.01836425261982,3.27694767432797,4.3254430262538,0.880057539821481,2.00976424797134,-0.3027009982024,1.57220465320176,0.510371592576498,1
"8583","PmetTSAr1.1-009136",1.48370795633928,2.55831802584247,1.74953841726907,3.83914751429714,2.58514760974762,3.56212955103254,3.2268776460121,2.71742771556688,0.311023361787477,1.48056967543271,0.315359989673687,1
"8584","PmetTSAr1.1-009137",2.78757252403137,3.74823338669944,4.49205809839356,4.50106949952079,4.62413727377392,3.92965085391685,5.53179025030645,4.75549850224205,0.277692200129279,2.12548356684969,0.333029840372038,1
"8585","PmetTSAr1.1-009138",3.91159370307627,4.34319106712792,6.09974204939757,4.97765332888181,5.27952680863951,4.41025563461172,5.88800401642467,5.63300120206052,0.135894645885232,2.35899484521057,0.648166462337185,1
"8586","PmetTSAr1.1-009141",13.4882541485389,3.95646857484941,4.82305185301203,13.3708241015176,9.13904295840357,5.82379910724368,1.02673379645839,3.19863887353185,-0.896595227722943,2.78647727047949,0.0983916730612883,1
"8587","PmetTSAr1.1-009142",5.88987097819531,1.63613362117833,3.49907683453814,5.87786722878597,4.44208462520014,4.91913128475922,2.38872760808688,4.16106118946179,-0.0887128916499983,2.05569168846013,0.820727859223424,1
"8588","PmetTSAr1.1-009143",4.58600641050321,3.98621645887083,2.74251968112449,4.76583829361024,4.26003197662637,3.70348389829574,4.02312018204106,4.27428734427708,0.0109347446904109,2.0381708048904,0.968143317881681,1
"8589","PmetTSAr1.1-009145",4.13639793888525,7.05024851307751,3.12079825783131,8.60498580790738,3.49541085261651,4.15581780953796,5.07080772944758,11.6339874072707,0.0836959556143834,2.58125601827257,0.84243731869805,1
"8590","PmetTSAr1.1-009146",4.18135878604705,7.73444984557027,3.35722236827308,9.34633843135787,3.75028456061979,4.38198476515908,5.57369775220271,13.1908470359809,0.123504537995609,2.70411844110306,0.776623415138213,1
"8591","PmetTSAr1.1-009148",5.71002758954812,10.3225157554342,4.87033667510038,10.5642748841694,5.97132687321986,10.4602216974765,8.73771414537042,7.64276545003186,0.0565273592569678,3.01966867711599,0.867043528310288,1
"8592","PmetTSAr1.1-009149",2.60772913538418,3.48050243050662,4.20834916586344,2.93893361439298,2.94925290689518,3.64694215939046,3.03829388747892,3.2552519509395,-0.0349196119329285,1.73346738507815,0.897381309559632,1
"8593","PmetTSAr1.1-009151",1.88835558079544,2.02285611345684,2.55338039277107,2.30348850857828,2.51232655031811,1.89414825332683,1.48771631731727,2.66081463815924,-0.0428324420086899,1.15244674205548,0.909223737926611,1
"8594","PmetTSAr1.1-009152",2.60772913538418,1.81462092530687,2.03324734979919,3.20370240848244,2.51232655031811,2.31821129511641,1.78106883059109,2.71742771556688,-0.060277766015529,1.28370414796934,0.8639234487928,1
"8595","PmetTSAr1.1-009154",8.00303079479973,11.8099099565054,6.71444473654616,14.3504686396486,6.62671640808546,20.9769851338583,10.602597979754,11.747213562086,0.28699413408866,3.51472065715664,0.446080990203266,1
"8596","PmetTSAr1.1-009157",3.82167200875268,1.90386457737114,8.03841975502005,2.80654921734825,8.629295542397,1.9506899922321,3.08020138937518,2.46266886723249,-0.0374907350697357,2.04402026913414,0.944399421143647,1
"8597","PmetTSAr1.1-009158",8.09295248912332,5.20587970374922,45.251574738554,29.4422899027477,18.0960332682334,32.9355629123247,9.03106665864425,5.40654889242995,-0.4263718050396,4.26514229768157,0.481062295197639,1
"8598","PmetTSAr1.1-009162",4.00151539739986,4.9381487475564,4.87033667510038,5.0306070876997,2.69437919889189,8.6508860525076,8.94725165485172,7.52953929521658,0.563863476115934,2.56288855526948,0.116042153773384,1
"8599","PmetTSAr1.1-009170",3.50694607862011,4.99764451559925,1.89139288353413,3.33608680552717,2.0389896640263,5.59763215162256,7.08236782046811,7.92583083707008,0.718984806399037,2.21046619526368,0.0732345480946088,1
"8600","PmetTSAr1.1-009177",9.44177790397721,9.28133981468432,7.89656528875499,7.96954070209269,10.0493062012725,10.6863886530976,9.42918792665873,10.4168062430064,0.230278285813132,3.24178936830167,0.414924272996675,1
"8601","PmetTSAr1.1-009178",4.31624132753244,6.87176120894897,6.24159651566263,4.47459262011184,4.04156879833783,2.40302390347433,8.8634366510592,7.35970006299365,0.0522877054619383,2.49554098113292,0.8974059491257,1
"8602","PmetTSAr1.1-009180",8.63248265506487,15.4094039230977,4.30291881004014,10.1935985724441,7.20928488352154,13.2590377732878,19.2145896194357,16.6442447578472,0.545654702580331,3.57785036959588,0.16961803126577,1
"8603","PmetTSAr1.1-009182",4.27128048037064,4.99764451559925,3.16808307991967,5.05708396710865,2.51232655031811,3.98619259282213,7.6271653451195,4.64227234742676,0.102924025568037,2.20399624191959,0.77641215963798,1
"8604","PmetTSAr1.1-009183",10.0262689170806,9.51932288685571,7.3764322457831,7.62534126977639,9.79443249326917,8.59434431360232,10.6864129835466,8.97317276911148,0.139677443519165,3.19183703626233,0.631087559438168,1
"8605","PmetTSAr1.1-009184",8.76736519655026,8.56739059817014,8.36941350963852,8.2078326167732,9.21186401783308,6.16304954067535,6.03468027306158,7.18986083077072,-0.247657408159861,2.97625905101372,0.398335762608722,1
"8606","PmetTSAr1.1-009185",2.83253337119316,3.68873761865659,2.08053217188754,2.93893361439298,3.24053714461322,2.77054520635864,2.97543263463453,2.71742771556688,0.010132304771656,1.57084977809904,0.965312730512007,1
"8607","PmetTSAr1.1-009186",1.79843388647185,1.87411669334972,6.43073580401604,3.44199432316295,2.36668443145909,3.22287911760087,4.35838019721114,2.23621655760192,-0.14239085530578,1.71046143381073,0.716175727205912,1
"8608","PmetTSAr1.1-009187",5.57514504806273,4.87865297951355,10.8755090803212,6.72512736987223,5.17029521949525,5.484548673812,5.04985397849945,4.61396580872294,-0.461711627058194,2.60791840867196,0.146582357972186,1
"8609","PmetTSAr1.1-009189",9.75650383410978,14.2789843302836,5.62689382851404,8.63146268731633,5.78927422464609,10.7146595225503,11.713146780005,13.0776208811656,0.108071358024482,3.32496741118544,0.762224954924146,1
"8610","PmetTSAr1.1-009190",2.47284659389879,2.14184764954254,5.91060276104415,1.45622836749202,2.0389896640263,1.27218912536876,1.57153132110979,1.64177924482166,-0.864161243222743,1.2314950809699,0.0226612179503976,1
"8611","PmetTSAr1.1-009193",3.37206353713472,5.62235008004915,2.03324734979919,3.4684712025719,3.45900032290175,5.37146519600145,4.21170394057423,3.45339772186625,0.179423947224916,1.98017146661716,0.576749390233432,1
"8612","PmetTSAr1.1-009194",4.27128048037064,7.02050062905609,2.2223866381526,5.18946836415338,3.56823191204602,6.89809214644397,7.29190532994942,5.57638812465288,0.314837451220027,2.41488134525452,0.381665631919418,1
"8613","PmetTSAr1.1-009195",3.68678946726729,3.98621645887083,2.83708932530119,2.27701162916934,3.45900032290175,2.00723173113738,3.81358267255975,3.56662387668154,0.00946400413287684,1.70716817688688,0.990543490582155,1
"8614","PmetTSAr1.1-009196",2.69765082970777,6.18755987645621,3.87735541124497,2.06519659389777,2.18463178288532,2.14858607840058,2.32586635524249,6.08590582132167,-0.218910706354992,1.81057348119344,0.595579046178079,1
"8615","PmetTSAr1.1-009197",4.00151539739986,5.9198289202634,4.91762149718874,2.46234978503196,2.58514760974762,3.30769172595879,3.26878514790836,8.03905699188537,-0.00600139904653925,2.12860614904855,0.994511258970907,1
"8616","PmetTSAr1.1-009199",2.3379640524134,1.99310822943541,2.83708932530119,5.24242212297127,3.85951614976406,3.47731694267462,1.94869883817614,2.40605578982485,-0.0990952435880923,1.62084814358972,0.800362902572455,1
"8617","PmetTSAr1.1-009201",5.08057572928297,6.75276967286327,4.96490631927709,4.92469957006392,5.89850581379035,3.10979563979031,4.21170394057423,5.6046946633567,-0.210480519442826,2.35821914345298,0.499328315167617,1
"8618","PmetTSAr1.1-009202",2.60772913538418,3.65898973463516,2.88437414738955,5.98377474642175,3.13130555546895,6.95463388534924,7.64811909606763,6.0009862052102,0.64338723645823,2.30463043764159,0.0715032887688059,1
"8619","PmetTSAr1.1-009203",3.28214184281112,4.31344318310649,4.30291881004014,6.22206666110226,3.56823191204602,7.03944649370716,7.45953533753446,6.05759928261785,0.410730423161107,2.42119552123766,0.207954289777924,1
"8620","PmetTSAr1.1-009204",16.6355134498646,20.8532666990183,15.5567064670682,16.7863415452716,19.4796333973941,18.6587738387419,21.3099647142487,19.7296574765637,0.180668993177229,4.2243801679329,0.521965637772137,1
"8621","PmetTSAr1.1-009207",9.5766604454626,12.9105816652981,6.85629920281122,13.8209310514697,7.86467441838714,12.6653495147824,12.8027418293077,14.4363347389491,0.144232109118659,3.51608083760256,0.659051679705163,1
"8622","PmetTSAr1.1-009208",3.19222014848753,3.36151089442092,3.07351343574296,8.71089332554317,4.91542151149196,4.80604780694866,5.51083649935832,5.26501619891084,0.152497599076071,2.30136010159111,0.663498581913518,1
"8623","PmetTSAr1.1-009210",3.28214184281112,2.97478840214241,2.83708932530119,3.73323999666136,3.56823191204602,4.04273433172741,5.88800401642467,4.24598080557326,0.468959463885653,1.96097917250579,0.10061074791957,1
"8624","PmetTSAr1.1-009212",3.64182862010549,4.16470376299937,2.45881074859437,1.82690467921726,3.34976873375749,3.56212955103254,3.85549017445601,1.9531511705637,0.0757722560549775,1.66164485282307,0.82879269376633,1
"8625","PmetTSAr1.1-009213",5.66506674238632,5.32487123983491,3.30993754618473,2.40939602621407,3.45900032290175,4.3254430262538,5.13366898229197,2.12299040278663,-0.146503407331569,2.01025748886044,0.681654026345866,1
"8626","PmetTSAr1.1-009214",3.86663285591448,7.10974428112036,2.55338039277107,2.5417804232588,4.62413727377392,3.81656737610629,7.20809032615689,3.45339772186625,0.24756088910828,2.15994721495937,0.513365923358504,1
"8627","PmetTSAr1.1-009215",3.86663285591448,7.85344138165596,1.93867770562248,3.52142496138979,3.78669509033455,4.3254430262538,8.44436163209659,3.22694541223568,0.201264426725569,2.23236838784617,0.628402345286192,1
"8628","PmetTSAr1.1-009216",8.22783503060871,6.30655141254191,5.0594759634538,4.68640765538341,7.79185335895763,4.66469345968547,4.31647269531488,6.2557450535446,-0.0773635045633681,2.57704750599202,0.812587467838229,1
"8629","PmetTSAr1.1-009218",9.486738751139,11.9289014925911,39.1991175112448,5.69252907292335,4.58772674405916,6.89809214644397,27.5122749948953,14.4080282002453,-0.309546332492934,3.90815829849471,0.587567058544049,1
"8630","PmetTSAr1.1-009228",31.6973972490663,5.56285431200631,16.0768395100401,2.59473418207669,19.6252755162531,2.65746172854809,1.94869883817614,3.11371925742039,-1.0328952642418,3.38103111226688,0.153965094031155,1
"8631","PmetTSAr1.1-009229",3.37206353713472,3.06403205420668,4.20834916586344,5.85139034937702,3.05848449603944,5.14529824038033,4.23265769152236,3.84968926371975,-0.0198641939791268,2.05804817108256,0.956413135984983,1
"8632","PmetTSAr1.1-009230",6.51932283846045,4.0754601109351,9.03140101887547,7.67829502859428,4.29644250634112,3.30769172595879,6.30707903538728,9.48269046578027,-0.219749859194431,2.67677489512266,0.553571018653874,1
"8633","PmetTSAr1.1-009231",2.65268998254598,2.82604898203529,1.60768395100401,2.70064169971247,2.87643184746567,2.82708694526392,2.6820801213607,2.32113617371338,0.118316312573937,1.39384462713072,0.657820685670195,1
"8634","PmetTSAr1.1-009233",3.41702438429651,5.26537547179207,3.92464023333332,2.70064169971247,3.34976873375749,4.91913128475922,6.32803278633541,4.47243311520383,0.320500835320897,2.12651379668655,0.309671296922717,1
"8635","PmetTSAr1.1-009234",3.64182862010549,3.77798127072086,18.6302199028112,5.32185276119811,4.07797932805259,5.82379910724368,4.6726864614331,4.98195081187262,-0.677067051585944,2.67864593121138,0.140902950882614,1
"8636","PmetTSAr1.1-009235",2.15812066376622,1.69562938922117,9.45696441767065,2.70064169971247,2.98566343660993,3.3925043343167,2.11632884576118,2.88726694778981,-0.484789473537507,1.79128221916195,0.281119079395245,1
"8637","PmetTSAr1.1-009236",24.3687791616936,24.6312479697392,17.2589600622489,21.9493330300161,22.7201705420073,25.5568659851858,26.4226799455926,23.3812009693567,0.152796084958248,4.54548966309683,0.594193948910291,1
"8638","PmetTSAr1.1-009237",11.465016026258,11.4529353482483,8.84226173052206,12.3117489251598,9.3575061366921,12.4109116897086,11.3359792629386,10.2752735494873,-0.0235493478476461,3.45901509475702,0.938490211942081,1
"8639","PmetTSAr1.1-009240",9.486738751139,9.43007923479144,6.19431169357427,7.49295687273166,9.53955878526588,10.2340547418554,10.8121354892353,9.59591662059556,0.30101931174738,3.19612669225276,0.302580290429597,1
"8640","PmetTSAr1.1-009241",6.92397046291662,7.49646677339887,6.00517240522086,7.91658694327479,3.85951614976406,10.4319508280239,10.4978292250134,7.72768506614333,0.199166933835908,2.94107890988888,0.559266514593917,1
"8641","PmetTSAr1.1-009245",15.6014139651433,18.1164613690473,12.3413385650602,20.5725353007509,16.6760226093579,20.2702133975423,22.5462360201884,19.9278032474905,0.252142955203194,4.19599022394424,0.396952121066372,1
"8642","PmetTSAr1.1-009246",5.66506674238632,0.892436520642723,45.4879988489958,1.77395092039937,8.70211660182651,1.01775130029501,0.963872543614003,1.13226154815287,-2.18794665593483,3.03322735029279,0.0221275863067929,1
"8643","PmetTSAr1.1-009247",17.4897695459387,5.53310642798488,5.01219114136544,10.1671216930352,10.7775167955676,5.45627780435937,7.64811909606763,10.3035800881911,-0.159989125355882,3.18614461401812,0.692124591678471,1
"8644","PmetTSAr1.1-009248",4.22631963320885,3.12352782224953,4.58662774257026,3.41551744375401,4.55131621434441,2.45956564237961,0.754335034132698,2.85896040908599,-0.53713867889877,1.71806426272388,0.183174825604057,1
"8645","PmetTSAr1.1-009249",13.4882541485389,12.2561282168267,12.6723323196787,3.89210127311503,2.65796866917713,15.831686893478,6.26517153349102,8.37873545633123,-0.350201308650253,3.24504687536833,0.460177515031797,1
"8646","PmetTSAr1.1-009251",7.73326571182895,9.72755807500568,9.40967959558229,7.78420254623007,7.5733901806691,14.8704773320882,14.7304869165357,10.6149520139331,0.465077350796049,3.37526300641247,0.139217059724993,1
"8647","PmetTSAr1.1-009252",7.59838317034356,8.29965964197732,8.700407264257,7.73124878741217,7.60980071038385,7.40696779659147,7.71098034891202,8.74672045948091,-0.0382544372470868,3.00649114621442,0.894548695992559,1
"8648","PmetTSAr1.1-009253",6.60924453278405,5.26537547179207,2.45881074859437,5.0306070876997,4.66054780348867,11.5627856061294,12.0274530442269,6.93510198243632,0.861389304658625,2.78628225231965,0.0237945321415404,1
"8649","PmetTSAr1.1-009254",2.65268998254598,2.43932648975678,3.16808307991967,4.18334694661344,2.94925290689518,4.52333911242227,3.77167517066349,3.59493041538536,0.251491580053486,1.79838179251909,0.378506722302838,1
"8650","PmetTSAr1.1-009257",4.63096725766501,6.24705564449906,2.97894379156625,5.34832964060705,2.84002131775091,9.13149083320246,10.3721067193246,9.59591662059556,0.731861479053803,2.69494683283759,0.0604123807438589,1
"8651","PmetTSAr1.1-009258",5.12553657644477,6.78251755688469,2.17510181606425,4.13039318779555,3.75028456061979,7.18080084097036,8.15100911882277,8.03905699188537,0.571994781781909,2.52216029619883,0.121206402075925,1
"8652","PmetTSAr1.1-009260",4.99065403495938,4.58117413929931,5.72146347269074,10.6437055223962,5.46157945721329,6.36094562684382,7.79479535270455,6.56711697928664,0.011117108643959,2.71938531819067,0.974748548181029,1
"8653","PmetTSAr1.1-009261",6.74412707426943,7.64520619350599,2.69523485903613,6.35445105814699,6.99082170523301,5.34319432654881,5.48988274841019,5.88776005039492,0.0113600320587331,2.57532835256502,0.972336309573001,1
"8654","PmetTSAr1.1-009263",1.66355134498646,2.55831802584247,1.56039912891566,2.40939602621407,1.60206330744923,2.45956564237961,2.76589512515323,2.29282963500956,0.146709491546978,1.16094406976237,0.606744126129652,1
"8655","PmetTSAr1.1-009264",4.13639793888525,4.0754601109351,2.83708932530119,4.47459262011184,3.20412661489846,6.72846692972813,6.34898653728354,5.54808158594906,0.490624619215289,2.24587819147272,0.120766173927789,1
"8656","PmetTSAr1.1-009265",7.1038138515638,5.20587970374922,4.49205809839356,3.07131801143771,4.98824257092147,5.11702737092769,2.87066387989388,11.0678566331943,0.276588646225354,2.47159004944454,0.490219113123449,1
"8657","PmetTSAr1.1-009267",3.28214184281112,2.94504051812099,2.83708932530119,2.85950297616615,3.8231056200493,3.6752130288431,4.12788893678171,3.39678464445861,0.335421951796351,1.77948417390657,0.200635909220804,1
"8658","PmetTSAr1.1-009268",3.41702438429651,3.36151089442092,3.54636165662649,3.30960992611823,3.20412661489846,4.04273433172741,4.35838019721114,3.45339772186625,0.147942194007492,1.86828008816804,0.585944097235873,1
"8659","PmetTSAr1.1-009269",3.50694607862011,3.36151089442092,3.35722236827308,3.20370240848244,2.87643184746567,3.30769172595879,4.08598143488545,3.70815657020064,0.0632716678108505,1.8030643627246,0.819138596952453,1
"8660","PmetTSAr1.1-009270",2.65268998254598,2.11209976552111,2.50609557068272,2.06519659389777,2.91284237718042,3.08152477033767,3.14306264221958,2.57589502204778,0.336749705929954,1.42954001408675,0.202430971947359,1
"8661","PmetTSAr1.1-009273",89.2472816161655,23.6495677970322,26.6213548357429,1.82690467921726,17.5862858522268,4.43852650406435,5.38511399366954,15.3704505161752,-1.72400189042687,4.52514301624699,0.0168127186621675,1
"8662","PmetTSAr1.1-009274",4.67592810482681,5.89008103624197,3.40450719036143,4.26277758484027,2.47591602060336,6.9263630158966,5.4270214955658,4.16106118946179,0.0593471934740873,2.23957876327028,0.868039790138345,1
"8663","PmetTSAr1.1-009276",3.01237675984035,3.24251935833523,3.87735541124497,5.05708396710865,3.8231056200493,6.44575823520174,5.28034523892889,5.18009658279937,0.445897715625304,2.18932409780199,0.138426708484498,1
"8664","PmetTSAr1.1-009278",4.22631963320885,5.38436700787776,2.69523485903613,3.70676311725241,2.73078972860665,7.40696779659147,6.1813565296985,5.63300120206052,0.454127707655027,2.26906079926909,0.191396422856256,1
"8665","PmetTSAr1.1-009279",3.5968677729437,5.8008373841777,2.1278169939759,3.23017928789139,2.4395054908886,6.13477867122271,5.34320649177328,4.21767426686944,0.294834228198434,2.06566219144044,0.410523401572599,1
"8666","PmetTSAr1.1-009280",6.02475351968069,12.4346155209553,15.4148520008032,8.31374013440898,6.51748481894119,10.6298469141923,13.640891867233,8.29381584021976,-0.107936906583533,3.35357003264222,0.761876455552139,1
"8667","PmetTSAr1.1-009281",5.21545827076836,8.00218080176308,2.78980450321284,3.83914751429714,2.80361078803616,4.49506824296963,7.10332157141624,6.79356928891721,0.0947398427132755,2.37949258053744,0.809289121720029,1
"8668","PmetTSAr1.1-009287",7.01389215724021,8.77562578632011,4.77576703092368,5.42776027883389,5.68004263550182,5.34319432654881,5.9089577673728,5.40654889242995,-0.220057333197188,2.60964008370971,0.465985419972037,1
"8669","PmetTSAr1.1-009288",8.90224773803565,10.1142805672842,5.0594759634538,4.20982382602238,7.31851647266581,3.92965085391685,4.35838019721114,5.40654889242995,-0.430956086398245,2.63588130557549,0.224043843031488,1
"8670","PmetTSAr1.1-009289",8.54256096074128,11.9883972606339,4.91762149718874,4.02448567015976,6.84517958637399,3.61867128993782,4.29551894436675,5.37824235372613,-0.552029548706381,2.64524944029777,0.139670142054351,1
"8671","PmetTSAr1.1-009290",2.92245506551675,3.71848550267801,2.2223866381526,1.9063353174441,2.91284237718042,1.47008521153724,1.32008630973222,1.75500539963695,-0.543337634357846,1.22085933487705,0.0972656007717727,1
"8672","PmetTSAr1.1-009291",2.65268998254598,4.04571222691368,1.79682323935742,1.98576595567094,2.80361078803616,1.41354347263196,1.19436380404344,2.03807078667516,-0.509149266086164,1.20003862883098,0.143311467422166,1
"8673","PmetTSAr1.1-009292",8.04799164196152,10.2332721033699,6.05245722730921,8.18135573736425,6.69953746751497,14.729122984825,12.3836668103451,9.96390162374524,0.428203626071762,3.26456473586433,0.189358859628247,1
"8674","PmetTSAr1.1-009294",3.01237675984035,3.48050243050662,2.60066521485943,2.59473418207669,3.20412661489846,3.16633737869559,3.14306264221958,3.17033233482803,0.115611049980312,1.63681766144245,0.663820510965183,1
"8675","PmetTSAr1.1-009299",3.68678946726729,5.50335854396346,4.25563398795179,5.26889900238021,4.1508003874821,4.29717215680116,5.9089577673728,4.9536442731688,0.0428703304548964,2.26961612080719,0.880947176218378,1
"8676","PmetTSAr1.1-009300",6.51932283846045,3.59949396659232,4.91762149718874,3.09779489084666,5.24311627892476,3.36423346486407,4.1907501896261,5.57638812465288,0.0249620227035858,2.20654248724064,0.949942375799737,1
"8677","PmetTSAr1.1-009303",2.06819896944263,1.93361246139257,5.34318489598392,2.03871971448883,2.47591602060336,2.45956564237961,2.70303387230883,2.06637732537899,-0.214947731647067,1.42493491312622,0.520806737568176,1
"8678","PmetTSAr1.1-009305",6.65420537994584,10.3522636394556,3.83007058915661,8.76384708436106,4.40567409548539,10.2057838724028,6.57947779771298,10.1054343172644,0.0772712250739927,2.94216347472802,0.834601941408096,1
"8679","PmetTSAr1.1-009306",4.67592810482681,4.75966144342786,4.53934292048191,3.33608680552717,4.07797932805259,3.76002563720101,5.78323526168402,4.89703119576116,0.102883302969489,2.18308608140005,0.736899723804204,1
"8680","PmetTSAr1.1-009308",1.52866880350107,2.73680532997102,2.1278169939759,2.80654921734825,1.3836001291607,4.80604780694866,8.04624036408211,3.31186502834714,0.929876123033914,1.7787018837814,0.0267981824113115,1
"8681","PmetTSAr1.1-009309",3.5519069257819,4.52167837125646,2.1278169939759,4.44811574070289,2.47591602060336,4.38198476515908,3.89739767635227,4.13275465075797,0.017720972920482,1.9121107466691,0.95271593933708,1
"8682","PmetTSAr1.1-009310",3.77671116159088,4.04571222691368,2.17510181606425,5.50719091706073,3.13130555546895,5.23011084873825,4.90317772186254,5.97267966650638,0.304861200109144,2.14320234484432,0.354569079464489,1
"8683","PmetTSAr1.1-009314",11.465016026258,15.6176391112477,9.07868584096382,16.2568039570927,10.8139273252823,15.0118316793514,17.3497057850521,18.0595716930383,0.222749500386865,3.83597696025411,0.480833232725344,1
"8684","PmetTSAr1.1-009315",6.96893131007841,9.43007923479144,6.19431169357427,7.09580368159747,8.73852713154126,5.88034084614895,8.71676039442229,9.39777084966881,0.138698379005389,2.97613173606849,0.646713195812036,1
"8685","PmetTSAr1.1-009316",4.27128048037064,4.49193048723504,14.8001493136546,4.52754637892973,5.27952680863951,4.38198476515908,5.86705026547654,4.3025938829809,-0.49669196964681,2.59262694052843,0.216719545740665,1
"8686","PmetTSAr1.1-009317",8.49760011357949,6.84201332492754,43.64389078755,11.9410726134346,13.2898433458857,9.21630344156038,13.8504293767143,6.45389082447135,-0.726453180372551,3.83282595174783,0.146173762679104,1
"8687","PmetTSAr1.1-009318",4.00151539739986,7.58571042546314,3.92464023333332,5.90434410819491,5.31593733835427,9.18803257210774,5.57369775220271,4.52904619261147,0.195011341928557,2.54199366169997,0.561765255264914,1
"8688","PmetTSAr1.1-009321",4.85577149347399,5.23562758777064,3.16808307991967,3.1772255290735,3.56823191204602,3.33596259541143,3.89739767635227,3.42509118316243,-0.20769513156532,1.96094386451204,0.477242779768,1
"8689","PmetTSAr1.1-009323",4.58600641050321,2.11209976552111,5.81603311686745,2.25053474976039,5.02465310063623,2.51610738128489,2.09537509481305,2.68912117686306,-0.255803176215188,1.77619663155206,0.505832872933906,1
"8690","PmetTSAr1.1-009324",4.85577149347399,5.97932468830624,3.12079825783131,3.89210127311503,4.33285303605588,4.38198476515908,5.61560525409897,4.92533773446498,0.108039976718043,2.23426763322714,0.722824037346644,1
"8691","PmetTSAr1.1-009325",6.65420537994584,8.56739059817014,5.24861525180721,4.84526893183708,6.77235852694448,7.26561344932828,7.66907284701576,7.50123275651275,0.205874599958295,2.78264314029731,0.496299243309026,1
"8692","PmetTSAr1.1-009326",2.87749421835496,3.86722492278513,3.97192505542167,3.94505503193292,1.63847383716399,4.43852650406435,4.50505645384806,7.67107198873568,0.317292282271799,2.06537455218081,0.406009415402782,1
"8693","PmetTSAr1.1-009328",4.18135878604705,2.02285611345684,3.35722236827308,12.3117489251598,12.8893275190234,9.3011160499183,0.83815003792522,3.48170426057007,0.272660545342423,2.61116035385916,0.664416321733048,1
"8694","PmetTSAr1.1-009330",5.03561488212118,3.56974608257089,3.26265272409637,2.88597985557509,3.89592667947881,2.43129477292697,8.19291662071903,5.51977504724523,0.448438147385867,2.14359469360124,0.222221748077279,1
"8695","PmetTSAr1.1-009331",2.87749421835496,4.13495587897795,1.65496877309236,2.62121106148563,2.07540019374105,4.3254430262538,3.9183514273004,3.73646310890447,0.312115657065531,1.69664216636496,0.342641029583734,1
"8696","PmetTSAr1.1-009332",12.8138414411119,15.5581433432048,11.2065028349397,8.94918524022368,11.9790642761545,9.951346047329,9.11488166243677,11.9170527943089,-0.176344709820792,3.52275957782567,0.55902182662808,1
"8697","PmetTSAr1.1-009338",11.1053292489637,6.63377813677757,8.41669833172688,9.79644538130995,10.8139273252823,2.12031520894794,1.19436380404344,2.80234733167835,-1.09152503274841,2.73288832454166,0.0354515927261706,1
"8698","PmetTSAr1.1-009339",3.91159370307627,3.30201512637807,5.39046971807227,3.94505503193292,4.76977939263294,3.3925043343167,2.59826511756818,3.11371925742039,-0.255378819813376,1.94618509150814,0.391552135783015,1
"8699","PmetTSAr1.1-009341",11.5099768734198,15.2606645029906,11.3483573012048,18.4808618274442,12.7072748704496,14.5877686375618,11.9436380404344,14.4363347389491,-0.0788272327140161,3.79195758288957,0.796505499272631,1
"8700","PmetTSAr1.1-009344",6.29451860265147,6.93125697699181,4.49205809839356,6.98989616396169,3.89592667947881,12.6088077758771,6.9356915638312,7.13324775336307,0.306099574283775,2.8036277564773,0.390969607967563,1
"8701","PmetTSAr1.1-009345",3.86663285591448,3.83747703876371,4.3502036321285,3.52142496138979,4.22362144691161,4.91913128475922,7.85765660554894,4.61396580872294,0.478721019636086,2.23836653688789,0.116635076895104,1
"8702","PmetTSAr1.1-009350",3.73175031442909,5.681845848092,1.98596252771084,5.6660521935144,3.38617926347224,9.07494909429718,6.05563402400972,5.6046946633567,0.492949063030103,2.38611203129787,0.192687589923076,1
"8703","PmetTSAr1.1-009351",3.73175031442909,3.59949396659232,1.98596252771084,3.8126706348882,2.98566343660993,3.61867128993782,3.26878514790836,3.28355848964332,-0.00342587762193852,1.7451525963288,1,1
"8704","PmetTSAr1.1-009353",21.401363249015,27.8737673280744,14.2800162706827,24.6764516091375,18.897064921958,43.1978885236327,39.0787455182634,32.4109868158759,0.59773672535577,4.7972901567238,0.0799080024236224,1
"8705","PmetTSAr1.1-009355",4.45112386901783,8.3889032940416,3.54636165662649,8.34021701381793,4.1508003874821,13.2873086427404,12.1741293008638,10.162047394672,0.6820575598941,3.02626939875976,0.0862867330555629,1
"8706","PmetTSAr1.1-009358",2.60772913538418,2.73680532997102,4.63391256465862,2.03871971448883,2.54873708003287,2.28994042566378,3.68786016687097,2.85896040908599,-0.0622551149429372,1.57590345719049,0.838522763419297,1
"8707","PmetTSAr1.1-009359",3.32710268997292,4.55142625527789,1.84410806144578,2.80654921734825,1.85693701545252,3.30769172595879,3.2268776460121,3.31186502834714,-0.100353099972224,1.63113164732558,0.76811374769377,1
"8708","PmetTSAr1.1-009362",5.03561488212118,6.09831622439194,4.87033667510038,6.38092793755594,4.87901098177721,5.90861171560159,4.9450852237588,6.34066466965606,-0.0236153426614122,2.49117982381228,0.942128640782718,1
"8709","PmetTSAr1.1-009363",16.8153568385118,16.4505798638475,37.6860032044175,23.1143157240097,10.4498220281348,11.5062438672242,35.5375616080293,32.7506652803217,-0.0585002217879152,4.52990797213051,0.891263488296321,1
"8710","PmetTSAr1.1-009364",5.21545827076836,5.62235008004915,6.52530544819275,5.374806520016,5.78927422464609,8.17028127181273,7.66907284701576,6.2557450535446,0.296771032832003,2.67652756896396,0.306199399223104,1
"8711","PmetTSAr1.1-009367",7.86814825331434,7.94268503372023,11.2065028349397,7.65181814918534,8.22877971553469,7.60486388275995,9.86921669656947,6.76526275021339,-0.0917722434990669,3.07895791810433,0.756910544629557,1
"8712","PmetTSAr1.1-009370",6.20459690832788,7.55596254144172,7.32914742369475,11.8616419752077,6.40825322979693,22.0512781730586,15.9458044715273,10.7847912461561,0.742592331209197,3.47222431262717,0.0502377479231232,1
"8713","PmetTSAr1.1-009372",3.05733760700214,3.24251935833523,1.70225359518072,2.96541049380193,2.80361078803616,3.6752130288431,3.9183514273004,3.73646310890447,0.360564582666684,1.68202720072244,0.206715290306757,1
"8714","PmetTSAr1.1-009373",1.61859049782466,1.6063857371569,2.88437414738955,1.74747404099042,1.20154748058692,1.41354347263196,2.82875637799762,1.6983923222293,-0.112296857491911,0.952849516677251,0.703802171008532,1
"8715","PmetTSAr1.1-009376",3.46198523145831,1.42789843302836,5.81603311686745,5.18946836415338,3.53182138233126,2.31821129511641,0.81719628697709,3.99122195723886,-0.578909628228167,1.75029637198464,0.211104356312663,1
"8716","PmetTSAr1.1-009378",3.46198523145831,4.67041779136358,3.21536790200802,2.96541049380193,3.02207396632469,4.21235954844324,6.68424655245363,5.03856388928027,0.408194435957353,2.08117115947712,0.197287581175685,1
"8717","PmetTSAr1.1-009380",2.29300320525161,1.21966324487839,39.2464023333332,6.11615914346648,7.06364276466252,4.01446346227477,0.880057539821481,1.21718116426433,-1.89129499615885,2.95506966272996,0.0238536361807191,1
"8718","PmetTSAr1.1-009381",10.6557207773457,9.19209616262005,9.504249239759,8.79032396377001,8.88416925040029,13.2307669038351,8.08814786597837,10.7847912461561,0.104452209887768,3.31493023226674,0.727639065471915,1
"8719","PmetTSAr1.1-009382",4.94569318779758,3.74823338669944,8.41669833172688,5.95729786701281,6.84517958637399,8.6508860525076,13.3894468558554,5.49146850854141,0.580187463789334,2.85801025063827,0.106855724829944,1
"8720","PmetTSAr1.1-009383",2.29300320525161,3.48050243050662,2.64795003694778,6.77808112869012,6.66312693780021,2.71400346745336,1.96965258912427,4.01952849594268,0.00197383923692146,1.95816922550982,0.988364853604976,1
"8721","PmetTSAr1.1-009384",6.60924453278405,8.41865117806302,4.91762149718874,5.74548283174124,4.33285303605588,10.2057838724028,5.76228151073589,7.10494121465925,0.0923292368638179,2.7450124200896,0.783918818099216,1
"8722","PmetTSAr1.1-009385",8.99216943235925,12.6428507091052,17.8263779273092,8.39317077263582,6.15337952179364,5.00394389311714,10.2882917155321,18.4558632348918,-0.260272716066301,3.4627210000025,0.524498086524721,1
"8723","PmetTSAr1.1-009386",3.77671116159088,3.95646857484941,4.11377952168673,5.32185276119811,4.44208462520014,5.08875650147506,5.46892899746206,5.2084031215032,0.232787666896424,2.24491870286099,0.404043786527291,1
"8724","PmetTSAr1.1-009388",3.05733760700214,3.42100666246377,32.2482486642569,2.99188737321088,4.73336886291819,9.61209561389733,4.60982520858871,3.19863887353185,-0.910182805232512,3.00053073812716,0.164027357794802,1
"8725","PmetTSAr1.1-009389",3.19222014848753,3.65898973463516,25.0609557068272,3.20370240848244,5.24311627892476,7.80275996892842,7.52239659037885,5.40654889242995,-0.430796331333329,2.93917226704507,0.44203533064075,1
"8726","PmetTSAr1.1-009390",2.3829248995752,1.99310822943541,2.50609557068272,2.38291914680512,2.14822125317056,2.20512781730586,3.01734013653079,3.08541271871657,0.183452921260938,1.33867445838606,0.505744124908617,1
"8727","PmetTSAr1.1-009391",2.60772913538418,1.54688996911405,2.17510181606425,3.28313304670928,1.56565277773448,3.10979563979031,3.03829388747892,2.6042015607516,0.106219090062497,1.35552339514746,0.755137591420703,1
"8728","PmetTSAr1.1-009397",1.93331642795724,1.10067170879269,1.74953841726907,3.4684712025719,1.96616860459678,4.01446346227477,7.08236782046811,3.73646310890447,1.02314914472816,1.68554829173808,0.0105821468372098,1
"8729","PmetTSAr1.1-009402",5.79994928387171,7.5262146574203,9.26782512931723,6.0102516258307,3.49541085261651,5.54109041271728,4.48410270289993,4.81211157964969,-0.638167217499573,2.56560866664712,0.0348150309853791,1
"8730","PmetTSAr1.1-009403",4.45112386901783,6.15781199243479,9.64610370602406,5.82491346996808,3.96874773890832,4.63642259023283,4.42124145005554,4.67057888613058,-0.555924379887839,2.46577230495279,0.0727659136177516,1
"8731","PmetTSAr1.1-009406",7.37357893453458,7.05024851307751,2.36424110441766,4.95117644947286,4.26003197662637,6.58711258246493,4.69364021238123,4.24598080557326,-0.137493404403504,2.3937245653714,0.703961791685757,1
"8732","PmetTSAr1.1-009407",5.88987097819531,9.0136088584915,4.68119738674697,5.61309843469651,5.38875839778378,6.21959127958062,7.75288785080829,6.9067954437325,0.0584989051422548,2.70092594530215,0.854076255706759,1
"8733","PmetTSAr1.1-009408",5.44026250657734,8.00218080176308,5.53232418433733,5.18946836415338,4.73336886291819,5.99342432395951,6.16040277875037,5.80284043428345,-0.0910300433638215,2.56588608038359,0.763551093564793,1
"8734","PmetTSAr1.1-009411",5.48522335373914,5.89008103624197,5.29590007389556,9.02861587845052,5.75286369493133,8.70742779141287,14.6466719127432,8.69010738207327,0.555448992330609,3.00303937158938,0.1070898126679,1
"8735","PmetTSAr1.1-009412",3.10229845416394,4.22419953104222,3.21536790200802,5.26889900238021,6.00773740293462,2.79881607581128,2.9544788836864,4.52904619261147,0.0311297111206366,2.02702378778602,0.916394586044033,1
"8736","PmetTSAr1.1-009413",2.02323812228083,3.59949396659232,2.64795003694778,2.1975809909425,4.1508003874821,2.45956564237961,3.10115514032331,3.02879964130892,0.274891104444236,1.56793454977999,0.347240121189245,1
"8737","PmetTSAr1.1-009414",8.13791333628512,6.12806410841336,3.68821612289155,2.51530354384985,2.4395054908886,2.51610738128489,4.02312018204106,7.27478044688218,-0.328328205498833,2.21573448287344,0.433085841108503,1
"8738","PmetTSAr1.1-009415",4.13639793888525,5.53310642798488,2.2223866381526,1.95928907626199,2.80361078803616,1.63971042825307,1.92774508722801,2.00976424797134,-0.730309035262551,1.50235877302528,0.0384122932966551,1
"8739","PmetTSAr1.1-009416",1.88835558079544,1.6063857371569,2.2223866381526,2.80654921734825,1.56565277773448,2.43129477292697,1.90679133627988,2.12299040278663,-0.0880115217260202,1.09231193321975,0.766188264739184,1
"8740","PmetTSAr1.1-009418",4.99065403495938,3.51025031452804,8.84226173052206,9.53167658722049,6.37184270008217,10.3471382196659,3.49927640833779,4.67057888613058,-0.111924272364392,2.70653497120232,0.786646349935484,1
"8741","PmetTSAr1.1-009421",1.61859049782466,1.66588150519975,1.93867770562248,3.41551744375401,2.40309496117385,1.3004599948214,2.22109760050183,1.16056808685669,-0.298955343192703,1.02150059814704,0.387831648872642,1
"8742","PmetTSAr1.1-009422",2.06819896944263,2.73680532997102,1.74953841726907,1.19145957340256,2.29386337202958,2.03550260059002,2.76589512515323,2.23621655760192,0.272869692083387,1.13719482119018,0.367905906436071,1
"8743","PmetTSAr1.1-009424",5.71002758954812,9.57881865489856,1.98596252771084,7.30761871686904,2.84002131775091,9.44247039718149,9.17774291528116,9.31285123355734,0.321345443467424,2.80762951179385,0.472678939211291,1
"8744","PmetTSAr1.1-009427",7.50846147601997,11.5124311162911,9.88252781646583,9.24043091372208,7.35492700238057,9.10321996374982,9.8901704475176,8.66180084336944,-0.123638543802989,3.20297891208978,0.675135283861948,1
"8745","PmetTSAr1.1-009428",3.01237675984035,2.20134341758538,2.9316589694779,2.5417804232588,2.73078972860665,2.91189955362184,2.01156009102053,2.74573425427071,-0.0362704666709911,1.42866505954721,0.895446191394624,1
"8746","PmetTSAr1.1-009431",4.94569318779758,8.65663425023441,2.1278169939759,6.3014972993291,3.89592667947881,9.41419952772885,8.77962164726668,7.81260468225479,0.436701064977864,2.71645641410163,0.276358484036278,1
"8747","PmetTSAr1.1-009432",7.55342232318177,4.90840086353498,7.56557153413652,8.63146268731633,7.02723223494777,8.82051126922343,7.92051785839333,7.67107198873568,0.13466753802725,2.92124368570012,0.657061454758135,1
"8748","PmetTSAr1.1-009434",4.54104556334142,6.06856834037052,6.52530544819275,6.3014972993291,4.07797932805259,7.46350953549675,6.64233905055737,7.84091122095862,0.151838081020045,2.64385487166225,0.631611241639766,1
"8749","PmetTSAr1.1-009436",3.64182862010549,4.67041779136358,14.5637252032128,4.42163886129395,3.67746350119028,3.73175476774837,4.31647269531488,4.04783503464651,-0.785144324067281,2.43897351547582,0.0525111578502193,1
"8750","PmetTSAr1.1-009437",3.41702438429651,4.52167837125646,16.4551180867469,4.97765332888181,3.53182138233126,3.76002563720101,3.14306264221958,4.52904619261147,-0.968476312063709,2.47922591477674,0.0257848655450949,1
"8751","PmetTSAr1.1-009442",29.5392765853001,7.88318926567739,4.63391256465862,5.45423715824283,8.9569903098298,4.35371389570644,2.4725426118794,6.39727774706371,-1.09906121351551,3.12754329828502,0.0410809239865556,1
"8752","PmetTSAr1.1-009451",4.04647624456166,3.65898973463516,2.9316589694779,2.91245673498404,4.66054780348867,3.90137998446421,4.9450852237588,3.82138272501593,0.356661158230395,1.97245894283395,0.201935757697781,1
"8753","PmetTSAr1.1-009456",1.93331642795724,1.63613362117833,1.74953841726907,2.11815035271566,1.63847383716399,2.57264912019017,1.90679133627988,2.00976424797134,0.128049627171486,1.00704769041045,0.643201729688423,1
"8754","PmetTSAr1.1-009457",6.42940114413686,6.72302178884185,2.74251968112449,6.3014972993291,4.04156879833783,8.76396953031815,7.71098034891202,6.39727774706371,0.276091403148764,2.63523128942688,0.43353842609195,1
"8755","PmetTSAr1.1-009459",4.27128048037064,6.60403025275615,2.41152592650602,5.71900595233229,3.67746350119028,7.15252997151772,13.158955595426,6.85018236632486,0.695513931664149,2.65920923568358,0.0833259174092321,1
"8756","PmetTSAr1.1-009461",16.320787519732,13.327052041598,7.84928046666664,11.5968731811183,7.42774806181008,15.4076238516884,13.5570768634404,12.1718116426433,-0.0148308297822212,3.61743234956929,0.965706988253854,1
"8757","PmetTSAr1.1-009463",8.3177567249323,8.18066810589163,5.29590007389556,11.8086882163898,10.5226430875643,10.4319508280239,11.1054880025092,7.86921775966244,0.2453992158613,3.2113990827425,0.438651962561776,1
"8758","PmetTSAr1.1-009464",1.52866880350107,2.02285611345684,2.36424110441766,3.97153191134187,1.31077906973119,3.22287911760087,2.97543263463453,2.29282963500956,-0.0164042639317895,1.34134213707011,0.978554309540171,1
"8759","PmetTSAr1.1-009466",2.02323812228083,1.6063857371569,2.88437414738955,3.1772255290735,1.74770542630825,3.42077520376934,3.01734013653079,2.46266886723249,0.14089742801321,1.38332775094987,0.659598860492779,1
"8760","PmetTSAr1.1-009467",2.06819896944263,1.75512515726402,2.69523485903613,3.28313304670928,1.78411595602301,3.30769172595879,2.9544788836864,2.6042015607516,0.122122236960334,1.39150569619966,0.6948663765545,1
"8761","PmetTSAr1.1-009468",3.5519069257819,6.03882045634909,3.35722236827308,4.81879205242814,3.422589793187,6.04996606286479,7.60621159417137,5.71792081817199,0.357051704502802,2.36372025134231,0.277821289932185,1
"8762","PmetTSAr1.1-009469",6.38444029697506,3.56974608257089,11.5374965895582,5.77195971115018,10.6318746767085,5.34319432654881,2.91257138179014,4.78380504094587,-0.203736861993297,2.67955452216175,0.633488665177249,1
"8763","PmetTSAr1.1-009470",2.87749421835496,3.51025031452804,6.47802062610439,3.1242717702556,2.18463178288532,3.10979563979031,4.58887145764058,2.85896040908599,-0.314967894386026,1.86679657302845,0.339581911403047,1
"8764","PmetTSAr1.1-009472",8.3627175720941,11.4231874642269,7.18729295742969,16.627480268818,6.29902164065266,17.0190634104888,13.2846781011147,8.46365507244269,0.0460880158165536,3.48023471635299,0.902287835069657,1
"8765","PmetTSAr1.1-009475",5.08057572928297,3.86722492278513,2.45881074859437,9.4787228284026,9.06622189897406,13.0611416871193,3.14306264221958,16.5876316804395,0.997803418269699,2.98494716695609,0.0353547078958415,1
"8766","PmetTSAr1.1-009478",4.94569318779758,4.78940932744928,5.0594759634538,5.08356084651759,4.40567409548539,5.71071562943312,6.57947779771298,5.32162927631848,0.150217975241397,2.40669747133316,0.600217115835694,1
"8767","PmetTSAr1.1-009479",4.18135878604705,4.0754601109351,9.45696441767065,3.7597168760703,3.56823191204602,2.57264912019017,3.03829388747892,3.34017156705096,-0.772209391382211,2.10092782421496,0.0230221986443596,1
"8768","PmetTSAr1.1-009482",10.0262689170806,2.94504051812099,12.8614716080321,2.43587290562301,10.6682852064233,1.92241912277947,3.26878514790836,3.53831733797771,-0.541996422155531,2.58043567215476,0.326641495055623,1
"8769","PmetTSAr1.1-009486",1.43874710917748,1.16016747683554,2.08053217188754,1.00612141753994,1.7112948965935,1.07429303920029,1.445808815421,1.0473419320414,-0.0856647278878896,0.508596976679933,0.76283614462864,1
"8770","PmetTSAr1.1-009487",5.12553657644477,8.2699117579559,4.87033667510038,8.26078637559109,5.64363210578707,13.7396425539827,11.6921930290568,10.1054343172644,0.631483087216479,3.09471255781921,0.0668999359450157,1
"8771","PmetTSAr1.1-009489",6.42940114413686,8.62688636621299,5.76874829477909,9.39929219017576,4.66054780348867,12.693620384235,10.3092454664802,9.85067546892996,0.310212527656269,3.0946653576354,0.368643393594177,1
"8772","PmetTSAr1.1-009493",2.47284659389879,0.892436520642723,1.56039912891566,1.37679772926518,2.33027390174434,1.15910564755821,1.46676256636914,1.13226154815287,-0.0410463334630237,0.677517018532596,0.912462787457532,1
"8773","PmetTSAr1.1-009494",24.6835050918261,3.98621645887083,2.78980450321284,1.82690467921726,5.5344005166428,1.49835608098988,1.2362713059397,7.10494121465925,-1.11344069892632,2.60940776024892,0.115363265659643,1
"8774","PmetTSAr1.1-009495",7.86814825331434,10.6794903636913,9.03140101887547,15.8331738865496,9.79443249326917,18.6587738387419,15.8410357167867,10.954630478379,0.345920903025014,3.633216005489,0.301578635689191,1
"8775","PmetTSAr1.1-009497",3.64182862010549,1.4873942010712,3.45179201244979,3.33608680552717,2.7672002583214,2.65746172854809,2.09537509481305,1.61347270611784,-0.37976135753952,1.42326654821842,0.234990431713201,1
"8776","PmetTSAr1.1-009498",2.60772913538418,2.08235188149969,3.83007058915661,2.85950297616615,2.7672002583214,3.27942085650615,1.7182075777467,1.52855309000637,-0.291132586723946,1.3981964353643,0.355035532800295,1
"8777","PmetTSAr1.1-009500",14.1626668559658,19.8120907582685,48.987075683534,12.5235639604314,11.2508536818594,13.1742251649299,4.31647269531488,19.4465920895255,-0.985976766083624,4.1691876328426,0.038473421416135,1
"8778","PmetTSAr1.1-009501",1.70851219214826,2.97478840214241,3.87735541124497,2.35644226739618,1.96616860459678,1.41354347263196,3.64595266497471,5.57638812465288,0.211909225413609,1.58762039730402,0.599493637531018,1
"8779","PmetTSAr1.1-009503",2.65268998254598,4.70016567538501,2.55338039277107,4.31573134365817,2.51232655031811,4.52333911242227,7.29190532994942,6.17082543743313,0.523454859854045,2.144348960851,0.142254582072247,1
"8780","PmetTSAr1.1-009504",5.75498843670992,5.77108950015627,3.45179201244979,4.81879205242814,3.45900032290175,4.86258954585394,10.2463842136358,8.74672045948091,0.4658096552528,2.5765384282384,0.202208891307446,1
"8781","PmetTSAr1.1-009508",3.28214184281112,3.59949396659232,4.72848220883532,4.7393614142013,3.0948950257542,4.26890128734852,4.81936271807002,4.81211157964969,0.0583502865822176,2.08187092773135,0.849133494343255,1
"8782","PmetTSAr1.1-009511",2.11315981660442,1.07092382477127,19.1976377678714,1.66804340276359,4.07797932805259,1.35700173372668,1.78106883059109,1.13226154815287,-1.52391747536458,2.01898566304772,0.0331589374843713,1
"8783","PmetTSAr1.1-009512",1.93331642795724,0.951932288685571,18.3465109702811,2.43587290562301,4.00515826862308,2.00723173113738,1.40390131352474,0.962422315929938,-1.49621255457373,2.00436249940724,0.0329683843489413,1
"8784","PmetTSAr1.1-009513",2.20308151092802,3.74823338669944,2.31695628232931,4.26277758484027,2.58514760974762,4.57988085132755,4.02312018204106,3.79307618631211,0.248196986597537,1.81299578877175,0.42110205659429,1
"8785","PmetTSAr1.1-009514",3.19222014848753,3.59949396659232,2.88437414738955,4.34220822306711,3.85951614976406,4.69296432913811,4.00216643109293,4.78380504094587,0.299533246381966,1.99580290918928,0.278884370514777,1
"8786","PmetTSAr1.1-009516",6.65420537994584,5.23562758777064,2.2223866381526,1.40327460867413,1.89334754516727,1.47008521153724,2.9544788836864,5.6046946633567,-0.375539741532721,1.80080013454615,0.427480070713475,1
"8787","PmetTSAr1.1-009517",9.75650383410978,11.9289014925911,6.71444473654616,9.37281531076681,8.11954812639043,13.2873086427404,14.290458146625,11.0678566331943,0.307517716267027,3.4113845302959,0.328185304240271,1
"8788","PmetTSAr1.1-009520",3.41702438429651,6.99075274503466,4.72848220883532,2.72711857912142,3.45900032290175,4.3254430262538,30.6553376371149,5.40654889242995,1.2963923323052,2.96580717482735,0.0263594096963099,1
"8789","PmetTSAr1.1-009522",1.70851219214826,1.69562938922117,1.89139288353413,1.32384397044729,1.42001065887546,2.60091998964281,1.86488383438361,1.52855309000637,0.178104707340309,0.860843606783721,0.563750346940996,1
"8790","PmetTSAr1.1-009523",1.48370795633928,2.20134341758538,2.08053217188754,1.35032084985624,1.20154748058692,2.60091998964281,1.65534632490231,1.6983923222293,0.0157109274390572,0.884539832348972,0.982961479213976,1
"8791","PmetTSAr1.1-009525",4.40616302185603,4.10520799495653,3.54636165662649,5.11003772592654,3.96874773890832,6.30440388793854,5.61560525409897,4.13275465075797,0.220682539599156,2.23798698704782,0.455244814571641,1
"8792","PmetTSAr1.1-009526",2.69765082970777,2.73680532997102,18.7720743690762,8.28726325500003,3.89592667947881,10.4602216974765,7.8995641074452,4.61396580872294,-0.270947354084167,2.90118392014982,0.606849401383052,1
"8793","PmetTSAr1.1-009527",6.87900961575482,11.571926884334,4.96490631927709,12.5500408398403,5.93491634350511,6.13477867122271,8.21387037166716,15.2572243613599,-0.0200726563026112,3.17198405297723,0.96441717396825,1
"8794","PmetTSAr1.1-009529",15.9611007424377,2.79630109801387,7.3764322457831,3.83914751429714,9.90366408241343,2.43129477292697,0.796242536028959,3.67985003149682,-0.83527688501977,2.55309088196677,0.17513565961157,1
"8795","PmetTSAr1.1-009530",5.35034081225375,6.21730776047764,2.97894379156625,4.28925446424922,5.27952680863951,5.79552823779104,2.51445011377566,3.22694541223568,-0.170038649124214,2.1749547683972,0.63737092047458,1
"8796","PmetTSAr1.1-009533",3.95655455023807,5.38436700787776,1.74953841726907,3.49494808198085,2.73078972860665,6.19132041012799,6.78901530719428,4.33090042168472,0.455963024545378,2.13959785773152,0.219741926587366,1
"8797","PmetTSAr1.1-009534",4.40616302185603,6.51478660069188,9.45696441767065,8.81680084317895,5.06106363035098,4.43852650406435,11.398840515783,5.97267966650638,-0.117183680389076,2.82291723209471,0.748050876705728,1
"8798","PmetTSAr1.1-009535",5.79994928387171,3.15327570627095,1.60768395100401,1.11202893517572,1.78411595602301,1.49835608098988,0.921965041717742,1.44363347389491,-1.04531004572638,1.14020130310262,0.0139250508434329,1
"8799","PmetTSAr1.1-009536",6.33947944981327,6.69327390482042,16.2186939763052,4.71288453479235,4.95183204120672,5.54109041271728,6.47470904297233,3.51001079927389,-0.724352473184666,2.77517098126446,0.061961272640746,1
"8800","PmetTSAr1.1-009543",1.66355134498646,0.951932288685571,4.39748845421685,2.70064169971247,2.25745284231483,3.30769172595879,6.30707903538728,1.16056808685669,0.434413417348385,1.54192759558407,0.373979964735572,1
"8801","PmetTSAr1.1-009545",3.01237675984035,4.96789663157782,2.1278169939759,3.99800879075082,3.16771608518371,7.77448909947578,7.08236782046811,4.35920696038854,0.6607427903883,2.21463289063324,0.0654040850504629,1
"8802","PmetTSAr1.1-009549",8.04799164196152,2.4690743737782,9.92981263855418,16.2832808365017,15.2924224801972,5.11702737092769,1.34104006068035,5.51977504724523,-0.432458270644831,3.00856813349391,0.460559197359004,1
"8803","PmetTSAr1.1-009551",7.95806994763793,13.9815054900693,2.88437414738955,7.01637304337064,5.35234786806902,8.56607344414968,12.2788980556045,10.2469670107835,0.193217644607002,3.1066275708379,0.641217412107173,1
"8804","PmetTSAr1.1-009554",3.73175031442909,5.86033315222055,2.26967146024096,5.374806520016,3.13130555546895,8.3681773579812,8.04624036408211,5.68961427946816,0.545394410976159,2.4303660025809,0.144949897327116,1
"8805","PmetTSAr1.1-009556",2.06819896944263,2.3500828376925,7.66014117831322,5.26889900238021,3.78669509033455,3.47731694267462,2.57731136662005,2.51928194464013,-0.488172415831428,1.91190536890773,0.2083982311841,1
"8806","PmetTSAr1.1-009559",2.78757252403137,5.62235008004915,1.93867770562248,5.48071403765178,2.94925290689518,10.0361586556869,9.51300293045125,7.02002159854779,0.892560424498259,2.52505691360197,0.0328757235131891,1
"8807","PmetTSAr1.1-009560",8.54256096074128,11.5124311162911,7.80199564457828,12.4176564427956,7.82826388867238,14.022351248509,16.0715269772161,13.3323797295,0.346603116026065,3.52568687762478,0.280374256472677,1
"8808","PmetTSAr1.1-009561",6.24955775548968,4.70016567538501,26.1485066148593,13.0795784280192,10.9595694441413,12.2978282118981,3.47832265738966,5.09517696668791,-0.656374535616654,3.36289828777254,0.195171009605433,1
"8809","PmetTSAr1.1-009562",3.5968677729437,3.4507545464852,2.41152592650602,2.35644226739618,2.58514760974762,2.40302390347433,1.78106883059109,1.86823155445223,-0.456404496600569,1.3844809697872,0.103433453905321,1
"8810","PmetTSAr1.1-009564",2.3379640524134,3.65898973463516,4.16106434377508,2.91245673498404,2.94925290689518,5.08875650147506,3.14306264221958,2.32113617371338,0.0483365720265179,1.75839692518424,0.886250462747126,1
"8811","PmetTSAr1.1-009569",8.22783503060871,10.173776335327,3.83007058915661,8.94918524022368,5.93491634350511,15.8882286323832,13.2218168482703,10.7847912461561,0.553658569696303,3.27876293738506,0.138735178817786,1
"8812","PmetTSAr1.1-009570",5.79994928387171,6.03882045634909,9.64610370602406,4.81879205242814,5.09747416006574,6.02169519341215,7.79479535270455,6.36897120835989,-0.050895082688134,2.70165280668421,0.870077636438447,1
"8813","PmetTSAr1.1-009571",12.8138414411119,15.0524293148406,24.2098289092369,10.3259829694889,21.6278546505646,8.02892692454953,7.06141406951998,14.5495608937644,-0.283895850831768,3.83305636578968,0.473705179675433,1
"8814","PmetTSAr1.1-009572",2.29300320525161,2.61781379388532,1.93867770562248,1.95928907626199,2.07540019374105,3.76002563720101,3.39450765359714,2.51928194464013,0.418635578471891,1.40016702868439,0.14482079182513,1
"8815","PmetTSAr1.1-009573",4.45112386901783,5.59260219602773,3.87735541124497,4.81879205242814,4.44208462520014,7.83103083838106,6.57947779771298,5.80284043428345,0.394020317483484,2.45827552198934,0.188372945031184,1
"8816","PmetTSAr1.1-009576",1.84339473363365,1.93361246139257,1.60768395100401,2.1975809909425,2.07540019374105,2.28994042566378,3.93930517824853,2.66081463815924,0.53237788036927,1.2584836488566,0.0620383072847874,1
"8817","PmetTSAr1.1-009577",1.48370795633928,1.6063857371569,2.64795003694778,3.01836425261982,1.49283171830497,2.79881607581128,2.01156009102053,1.18887462556051,-0.224590064485167,1.0663674191369,0.503528720489115,1
"8818","PmetTSAr1.1-009578",6.65420537994584,9.28133981468432,5.20133042971886,6.08968226405753,5.17029521949525,9.38592865827622,7.12427532236437,7.44461967910511,0.0960686352094433,2.83023807755827,0.760654869158359,1
"8819","PmetTSAr1.1-009579",1.84339473363365,1.21966324487839,1.79682323935742,1.2708902116294,1.23795801030168,1.15910564755821,1.32008630973222,1.21718116426433,-0.288968186581607,0.522696547360409,0.29161695050508,1
"8820","PmetTSAr1.1-009580",2.20308151092802,2.73680532997102,1.56039912891566,2.40939602621407,1.42001065887546,1.3004599948214,1.7182075777467,2.43436232852867,-0.381300260718017,1.02622187575625,0.202958647518618,1
"8821","PmetTSAr1.1-009583",8.27279587777051,5.65209796407058,3.07351343574296,1.87985843803515,5.42516892749854,1.38527260317932,7.60621159417137,7.24647390817836,0.201713179813799,2.35839084407614,0.686853759603035,1
"8822","PmetTSAr1.1-009587",3.68678946726729,2.4690743737782,4.25563398795179,2.8330260967572,5.31593733835427,2.28994042566378,1.57153132110979,1.61347270611784,-0.300204447390198,1.60776873989761,0.435046347312928,1
"8823","PmetTSAr1.1-009588",3.01237675984035,3.65898973463516,2.41152592650602,2.93893361439298,2.00257913431154,2.60091998964281,3.28973889885649,5.06687042798409,0.107909076057215,1.67387033013638,0.745288849922265,1
"8824","PmetTSAr1.1-009589",2.65268998254598,1.7253772732426,1.5131143068273,1.05907517635783,1.85693701545252,1.86587738387419,1.69725382679857,3.05710618001275,0.29979772308675,0.990603034304342,0.377810962931074,1
"8825","PmetTSAr1.1-009590",2.06819896944263,2.32033495367108,2.31695628232931,5.45423715824283,1.78411595602301,6.16304954067535,4.92413147281067,3.87799580242358,0.455949458031646,1.88513049524145,0.251591324909682,1
"8826","PmetTSAr1.1-009591",8.81232604371206,6.663526020799,4.4447732763052,9.29338467253998,12.5980432813053,10.8560138698135,7.45953533753446,12.7379424167198,0.575770411247551,3.19772677661103,0.0795520122437794,1
"8827","PmetTSAr1.1-009592",15.5114922708197,2.05260399747826,7.04543849116463,3.28313304670928,10.41341149842,2.14858607840058,2.01156009102053,4.47243311520383,-0.549979344762806,2.55858914267561,0.345697403736321,1
"8828","PmetTSAr1.1-009593",3.95655455023807,2.88554475007814,8.93683137469876,4.95117644947286,3.93233720919357,3.42077520376934,1.34104006068035,2.20791001889809,-0.928280454173264,1.99689452816426,0.0196187552333868,1
"8829","PmetTSAr1.1-009597",1.48370795633928,4.72991355940643,1.79682323935742,4.07743942897765,3.422589793187,2.79881607581128,5.63655900504711,7.35970006299365,0.658174287516231,1.99839413514939,0.103832729261322,1
"8830","PmetTSAr1.1-009598",5.03561488212118,4.64066990734216,4.68119738674697,5.00413020829076,4.55131621434441,4.63642259023283,5.17557648418823,3.96291541853504,-0.0781562873372814,2.25473997805288,0.775440513150914,1
"8831","PmetTSAr1.1-009600",2.15812066376622,3.59949396659232,2.55338039277107,2.8330260967572,1.67488436687874,3.76002563720101,4.60982520858871,3.62323695408918,0.295136827958308,1.66712666863047,0.366621970579017,1
"8832","PmetTSAr1.1-009603",3.73175031442909,4.90840086353498,3.26265272409637,3.44199432316295,4.84260045206245,5.88034084614895,4.92413147281067,5.54808158594906,0.462581441378007,2.21280514436877,0.102747317401185,1
"8833","PmetTSAr1.1-009606",3.73175031442909,6.27680352852048,2.60066521485943,3.68028623784347,4.26003197662637,1.4418143420846,3.68786016687097,4.16106118946179,-0.271485643722506,1.92383293546024,0.468422853886113,1
"8834","PmetTSAr1.1-009607",8.58752180790308,12.4941112889981,12.9560412522088,12.8942402721566,8.77493766125602,9.89480430842372,14.5209494070544,19.6164313217485,0.170256422078001,3.64801856157642,0.608810283464554,1
"8835","PmetTSAr1.1-009608",4.09143709172346,3.98621645887083,2.03324734979919,3.15074864966455,2.07540019374105,2.54437825073753,6.49566279392046,5.68961427946816,0.344049266835882,1.93859610366027,0.372359834395139,1
"8836","PmetTSAr1.1-009609",5.17049742360657,4.61092202332074,4.96490631927709,6.16911290228437,5.78927422464609,7.18080084097036,7.4176278356382,6.76526275021339,0.37615089067686,2.60336439832129,0.185249586686573,1
"8837","PmetTSAr1.1-009610",5.08057572928297,5.35461912385634,4.20834916586344,3.28313304670928,2.73078972860665,2.82708694526392,4.4631489519518,4.47243311520383,-0.300526648825854,2.03980459256452,0.316909073051328,1
"8838","PmetTSAr1.1-009613",2.20308151092802,2.32033495367108,5.34318489598392,2.27701162916934,2.87643184746567,2.03550260059002,2.43063510998314,2.37774925112102,-0.311010778750389,1.47560400147927,0.335584464766652,1
"8839","PmetTSAr1.1-009614",3.14725930132574,2.37983072171393,2.1278169939759,1.9063353174441,2.22104231260007,2.43129477292697,2.53540386472379,1.89653809315605,-0.0635149934273801,1.25656058124364,0.812889750724406,1
"8840","PmetTSAr1.1-009615",1.97827727511903,3.18302359029238,8.13298939919676,4.13039318779555,5.13388468978049,6.67192519082285,4.08598143488545,3.28355848964332,0.141054585616424,2.2111738984452,0.726900435474831,1
"8841","PmetTSAr1.1-009616",5.9348318253571,3.89697280680656,4.82305185301203,3.83914751429714,5.17029521949525,5.39973606545409,5.82514276358028,5.03856388928027,0.219066388346113,2.3365465202592,0.458090956918199,1
"8842","PmetTSAr1.1-009617",5.30537996509196,3.89697280680656,4.4447732763052,4.07743942897765,5.09747416006574,4.57988085132755,4.44219520100367,4.50073965390765,0.0735511966968733,2.2020835900057,0.797583526102243,1
"8843","PmetTSAr1.1-009618",1.43874710917748,1.39815054900693,2.08053217188754,2.80654921734825,1.96616860459678,1.89414825332683,1.65534632490231,2.12299040278663,-0.0283805586577279,0.988235782845611,0.967156557871449,1
"8844","PmetTSAr1.1-009619",1.75347303931005,0.922184404664147,1.70225359518072,2.43587290562301,1.92975807488203,2.0920443394953,1.57153132110979,1.81161847704459,0.113624577350752,0.879212602438873,0.715092042835999,1
"8845","PmetTSAr1.1-009621",3.5519069257819,6.12806410841336,3.78278576706826,3.09779489084666,3.422589793187,5.37146519600145,4.37933394815927,6.39727774706371,0.239531750225062,2.19662172039796,0.45738635819019,1
"8846","PmetTSAr1.1-009622",11.4200551790962,9.1326003945772,6.24159651566263,19.3810757273483,17.8411595602301,15.2379986349725,8.54913038683724,8.71841392077709,0.121233061039719,3.60069313343201,0.749866110229774,1
"8847","PmetTSAr1.1-009625",3.01237675984035,3.89697280680656,4.16106434377508,6.11615914346648,3.53182138233126,7.60486388275995,4.96603897470693,3.9063023411274,0.215748505223689,2.23893550905682,0.522189564149861,1
"8848","PmetTSAr1.1-009626",3.91159370307627,5.47361065994203,2.55338039277107,2.06519659389777,2.4395054908886,3.19460824814823,3.72976766876723,2.51928194464013,-0.234208192617337,1.72199500590915,0.478266026641816,1
"8849","PmetTSAr1.1-009627",8.76736519655026,6.00907257232767,10.0243822827309,6.27502041992016,6.00773740293462,5.56936128216992,6.11849527685411,6.02929274391403,-0.384863555859306,2.78654655007696,0.196269714285889,1
"8850","PmetTSAr1.1-009628",2.87749421835496,4.25394741506365,1.60768395100401,3.52142496138979,2.51232655031811,7.26561344932828,5.6994202578915,4.81211157964969,0.720180470859983,2.05278570255523,0.0490345695922607,1
"8851","PmetTSAr1.1-009629",4.09143709172346,5.38436700787776,2.36424110441766,2.46234978503196,6.08055846236413,2.82708694526392,4.79840896712189,4.64227234742676,0.355113135179475,2.0517685534623,0.304625110734036,1
"8852","PmetTSAr1.1-009630",3.19222014848753,4.25394741506365,1.60768395100401,2.38291914680512,3.56823191204602,2.51610738128489,3.14306264221958,3.31186502834714,0.124387895973464,1.6149019016685,0.695899471747846,1
"8853","PmetTSAr1.1-009632",4.36120217469423,5.56285431200631,8.700407264257,6.19558978169332,6.95441117551826,8.67915692196024,5.07080772944758,4.98195081187262,0.0496564314773189,2.67152030710963,0.879853775536337,1
"8854","PmetTSAr1.1-009634",7.01389215724021,10.9472213198841,7.09272331325299,11.5174425428914,7.17287435380679,12.0716612562769,10.120661707947,10.7564847074523,0.131090688646203,3.27184363678139,0.676967431588973,1
"8855","PmetTSAr1.1-009635",7.55342232318177,8.44839906208444,4.16106434377508,6.11615914346648,4.04156879833783,9.35765778882358,8.13005536787463,7.92583083707008,0.164560647039723,2.81502898287627,0.630405717304684,1
"8856","PmetTSAr1.1-009636",3.01237675984035,3.83747703876371,12.3886233871485,7.17523431982431,5.68004263550182,5.42800693490673,4.60982520858871,3.36847810575478,-0.466890249066564,2.51999391286207,0.248983654044844,1
"8857","PmetTSAr1.1-009638",7.64334401750536,10.1142805672842,7.80199564457828,13.0266246692013,7.46415859152483,13.1742251649299,15.1495619354984,10.5866454752293,0.263937931794683,3.41895891752952,0.418468530571781,1
"8858","PmetTSAr1.1-009640",2.83253337119316,5.02739239962067,4.4447732763052,5.56014467587862,2.73078972860665,7.54832214385467,12.8865568331003,6.53881044058282,0.733093475709073,2.59240823207904,0.0695147152137213,1
"8859","PmetTSAr1.1-009643",4.58600641050321,5.9198289202634,2.60066521485943,4.47459262011184,3.34976873375749,6.70019606027549,8.50722288494098,12.6247162619045,0.824201327602135,2.62651850699953,0.0350335649599217,1
"8860","PmetTSAr1.1-009644",3.50694607862011,7.02050062905609,2.31695628232931,4.28925446424922,2.36668443145909,4.86258954585394,15.6314982073054,5.12348350539173,0.706630342142829,2.51889447499814,0.146177621012128,1
"8861","PmetTSAr1.1-009646",5.26041911793016,3.95646857484941,5.20133042971886,6.40740481696488,4.22362144691161,9.3011160499183,5.34320649177328,5.03856388928027,0.199426000111915,2.50003872189986,0.544648259186593,1
"8862","PmetTSAr1.1-009647",12.4541546638176,5.59260219602773,5.0594759634538,4.395161981885,6.1897900515084,6.10650780177007,5.44797524651393,6.93510198243632,-0.152608129391493,2.7166093660447,0.664800811575895,1
"8863","PmetTSAr1.1-009652",3.68678946726729,3.06403205420668,1.74953841726907,2.8330260967572,2.40309496117385,3.76002563720101,3.77167517066349,3.39678464445861,0.235150460449849,1.6560030664211,0.438140347675659,1
"8864","PmetTSAr1.1-009654",2.15812066376622,1.78487304128545,1.89139288353413,2.09167347330672,2.18463178288532,2.37475303402169,2.17919009860557,2.63250809945542,0.24210594866276,1.15417686681174,0.34973691175892,1
"8865","PmetTSAr1.1-009655",2.11315981660442,3.4507545464852,3.26265272409637,3.8126706348882,1.82052648573776,6.4174873657491,2.6820801213607,4.01952849594268,0.237942520809793,1.8143592870639,0.510212109523794,1
"8866","PmetTSAr1.1-009660",6.24955775548968,4.72991355940643,10.9227939024096,3.91857815252398,7.82826388867238,6.30440388793854,4.27456519341862,5.12348350539173,-0.130358613692403,2.63528604690797,0.716321032932486,1
"8867","PmetTSAr1.1-009663",8.54256096074128,13.7732703019194,4.77576703092368,10.8025667988499,4.69695833320343,14.9835608098988,18.9840983590062,20.4939340215669,0.64115922955746,3.61067007495579,0.134456309398383,1
"8868","PmetTSAr1.1-009666",4.09143709172346,3.30201512637807,3.40450719036143,6.56626609341856,2.94925290689518,5.85206997669631,4.12788893678171,7.24647390817836,0.213062245873878,2.25188959165907,0.542182123224447,1
"8869","PmetTSAr1.1-009672",1.93331642795724,4.37293895114934,1.70225359518072,3.94505503193292,3.38617926347224,6.2761330184859,5.07080772944758,3.87799580242358,0.626281415198258,1.96370198754699,0.0728687308571125,1
"8870","PmetTSAr1.1-009673",2.74261167686957,3.80772915474228,2.36424110441766,3.60085559961663,3.02207396632469,6.02169519341215,4.31647269531488,3.70815657020064,0.44119584878928,1.91497132411329,0.146048106083644,1
"8871","PmetTSAr1.1-009678",2.06819896944263,3.53999819854947,3.12079825783131,2.78007233793931,2.51232655031811,4.26890128734852,4.65173271048497,3.17033233482803,0.344697935716391,1.73778300779822,0.252183084278155,1
"8872","PmetTSAr1.1-009679",4.31624132753244,6.00907257232767,2.03324734979919,5.18946836415338,3.16771608518371,5.34319432654881,6.28612528443915,6.73695621150957,0.290881156009725,2.31093528636059,0.418009099047938,1
"8873","PmetTSAr1.1-009680",2.51780744106059,1.96336034541399,2.60066521485943,3.28313304670928,2.07540019374105,1.86587738387419,2.51445011377566,1.92484463185988,-0.304735467525013,1.26540319499204,0.260844514967384,1
"8874","PmetTSAr1.1-009681",2.51780744106059,1.51714208509263,2.83708932530119,2.56825730266774,2.07540019374105,2.26166955621114,2.89161763084201,1.92484463185988,-0.0305168481565243,1.25337593368426,0.902849445735,1
"8875","PmetTSAr1.1-009682",2.02323812228083,2.05260399747826,2.2223866381526,2.72711857912142,1.85693701545252,2.12031520894794,2.6820801213607,1.9531511705637,-0.0659349881094153,1.1826559343965,0.81489491138989,1
"8876","PmetTSAr1.1-009683",3.05733760700214,2.26083918562823,2.31695628232931,3.07131801143771,2.40309496117385,2.0920443394953,2.57731136662005,1.98145770926752,-0.241447329061503,1.33919297509741,0.367589295292263,1
"8877","PmetTSAr1.1-009688",4.09143709172346,4.46218260321361,2.9316589694779,5.42776027883389,3.24053714461322,5.20183997928561,6.24421778254289,6.02929274391403,0.289769687662198,2.25631142218085,0.362616850927298,1
"8878","PmetTSAr1.1-009695",2.51780744106059,2.3500828376925,2.2223866381526,1.74747404099042,2.40309496117385,3.3925043343167,3.41546140454527,2.06637732537899,0.362313003665113,1.36722344703474,0.207283032693314,1
"8879","PmetTSAr1.1-009697",12.6339980524647,13.6840266498551,7.09272331325299,7.91658694327479,8.55647448296749,8.19855214126537,8.92629790390359,11.2943089428249,-0.160796493980305,3.29998790952034,0.615181856788747,1
"8880","PmetTSAr1.1-009698",1.61859049782466,2.14184764954254,16.6442573751003,3.57437872020768,5.68004263550182,6.4174873657491,1.82297633248735,1.38702039648726,-0.645527078863895,2.3037769218193,0.310604250882319,1
"8881","PmetTSAr1.1-009700",4.49608471617962,3.92672069082798,3.59364647871485,3.86562439370609,4.51490568462965,2.91189955362184,3.85549017445601,4.21767426686944,-0.0362912535689674,1.99356926891972,0.898776161485687,1
"8882","PmetTSAr1.1-009701",2.3829248995752,1.75512515726402,2.08053217188754,2.27701162916934,2.40309496117385,2.31821129511641,1.84393008343548,2.29282963500956,0.0582019666634357,1.15609969846972,0.839228786508381,1
"8883","PmetTSAr1.1-009714",2.29300320525161,4.1944516470208,2.08053217188754,2.46234978503196,2.25745284231483,3.81656737610629,5.46892899746206,3.93460887983122,0.486200759795459,1.76157950011564,0.141174967664993,1
"8884","PmetTSAr1.1-009715",4.49608471617962,7.5262146574203,2.83708932530119,6.16911290228437,3.24053714461322,6.89809214644397,11.3359792629386,9.56761008189174,0.559229919658774,2.72080123750329,0.16117124005807,1
"8885","PmetTSAr1.1-009716",1.88835558079544,1.18991536085696,3.02622861365461,2.80654921734825,1.89334754516727,2.71400346745336,2.66112637041257,2.46266886723249,0.135972517212742,1.25865839270556,0.690703071396405,1
"8886","PmetTSAr1.1-009717",3.05733760700214,2.91529263409956,5.01219114136544,3.68028623784347,3.71387403090504,1.75279390606363,2.55635761567192,3.34017156705096,-0.367872608590148,1.72471084725693,0.242998322871746,1
"8887","PmetTSAr1.1-009719",2.47284659389879,2.43932648975678,7.89656528875499,2.96541049380193,3.49541085261651,2.77054520635864,3.20592389506397,1.47194001259873,-0.519891029163039,1.7581263111133,0.194883276683416,1
"8888","PmetTSAr1.1-009723",3.05733760700214,1.30890689694266,7.3764322457831,14.4563761572844,4.26003197662637,9.64036648334997,3.18497014411584,3.05710618001275,-0.381203405641842,2.55060709584237,0.498790034674026,1
"8889","PmetTSAr1.1-009725",5.9797926725189,6.87176120894897,6.38345098192769,6.43388169637383,5.93491634350511,8.33990648852856,8.00433286218585,6.45389082447135,0.163248712036592,2.7795596097889,0.571702800875219,1
"8890","PmetTSAr1.1-009727",4.40616302185603,5.86033315222055,3.12079825783131,4.44811574070289,3.34976873375749,6.50229997410702,5.82514276358028,5.3499358150223,0.235531340301519,2.30144545772017,0.459421970277009,1
"8891","PmetTSAr1.1-009730",4.18135878604705,5.38436700787776,2.78980450321284,7.54591063154955,4.73336886291819,4.8343186764013,6.36994028823167,5.88776005039492,0.126422611747684,2.40341805855636,0.694891219302921,1
"8892","PmetTSAr1.1-009731",3.73175031442909,4.04571222691368,9.40967959558229,3.4684712025719,3.60464244176077,5.88034084614895,9.63872543614003,3.11371925742039,0.114464239275484,2.43891282133108,0.792596945642968,1
"8893","PmetTSAr1.1-009734",7.50846147601997,8.00218080176308,5.72146347269074,8.44612453145371,5.5344005166428,12.9763290787614,14.1437818899881,12.8794751102389,0.617138334389588,3.24473069227051,0.06831216008512,1
"8894","PmetTSAr1.1-009739",5.53018420090094,6.99075274503466,2.9316589694779,4.55402325833868,2.94925290689518,7.91584344673898,5.74132775978776,4.98195081187262,0.108859176305439,2.3978443394739,0.766822254602335,1
"8895","PmetTSAr1.1-009740",3.19222014848753,5.08688816766352,2.17510181606425,3.30960992611823,2.47591602060336,5.25838171819089,4.71459396332936,4.10444811205415,0.262352292682873,1.94989325598966,0.424915894280512,1
"8896","PmetTSAr1.1-009744",15.0169229520399,11.8396578405268,51.3513167879516,7.8636331844569,9.72161143383966,5.11702737092769,13.2637243501666,12.0585854878281,-1.09746072102292,3.98216370596477,0.0280538153003981,1
"8897","PmetTSAr1.1-009756",2.427885746737,2.67730956192817,1.89139288353413,1.64156652335464,3.49541085261651,3.25114998705351,3.03829388747892,2.09468386408281,0.45824716042151,1.39450001235063,0.108304873090607,1
"8898","PmetTSAr1.1-009757",2.47284659389879,2.3500828376925,1.65496877309236,2.14462723212461,3.24053714461322,3.33596259541143,2.59826511756818,2.23621655760192,0.39641867993081,1.3612391864073,0.144729599867585,1
"8899","PmetTSAr1.1-009758",4.7658497991504,4.10520799495653,4.11377952168673,4.31573134365817,5.13388468978049,3.92965085391685,3.20592389506397,4.18936772816561,-0.0754735438883308,2.09654125308981,0.798943606608247,1
"8900","PmetTSAr1.1-009760",3.64182862010549,2.97478840214241,17.3062448843373,2.43587290562301,3.85951614976406,4.80604780694866,9.32441917191807,3.42509118316243,-0.292832908816001,2.58812075370543,0.588116438159462,1
"8901","PmetTSAr1.1-009768",6.56428368562225,5.65209796407058,5.39046971807227,12.3117489251598,9.83084302298392,3.5338586815799,7.60621159417137,3.99122195723886,-0.265280432948554,2.79177479110938,0.505093993357041,1
"8902","PmetTSAr1.1-009774",3.28214184281112,5.32487123983491,3.6409313008032,6.91046552573485,4.76977939263294,6.38921649629646,6.49566279392046,5.01025735057644,0.235860503251396,2.40664669296802,0.455027599473339,1
"8903","PmetTSAr1.1-009775",3.37206353713472,3.27226724235665,2.60066521485943,6.38092793755594,5.27952680863951,2.14858607840058,3.96025892919667,2.26452309630574,-0.204387551282894,1.89752438790339,0.589030875072647,1
"8904","PmetTSAr1.1-009776",1.79843388647185,1.63613362117833,2.88437414738955,3.83914751429714,2.51232655031811,3.19460824814823,2.03251384196866,2.23621655760192,-0.0340519525044996,1.36724078541223,0.930731809780271,1
"8905","PmetTSAr1.1-009777",5.03561488212118,5.59260219602773,6.76172955863451,10.4583673665336,8.04672706696092,9.27284518046566,5.34320649177328,5.03856388928027,-0.0120703262510688,2.80900033667016,0.980548522336079,1
"8906","PmetTSAr1.1-009779",2.11315981660442,2.55831802584247,2.1278169939759,3.83914751429714,3.45900032290175,2.79881607581128,3.9183514273004,3.28355848964332,0.32710449258051,1.62475712813006,0.249701622801464,1
"8907","PmetTSAr1.1-009780",5.26041911793016,5.26537547179207,3.54636165662649,4.55402325833868,3.49541085261651,5.73898649888576,4.29551894436675,3.34017156705096,-0.143114782469257,2.16996572605338,0.634092411365903,1
"8908","PmetTSAr1.1-009782",5.88987097819531,8.03192868578451,5.29590007389556,6.77808112869012,5.02465310063623,9.38592865827622,9.84826294562134,16.0781139837707,0.632489397849033,3.06475014444407,0.0745080339404776,1
"8909","PmetTSAr1.1-009783",3.19222014848753,2.02285611345684,3.59364647871485,3.57437872020768,1.20154748058692,1.49835608098988,4.16979643867797,3.59493041538536,-0.231420508101178,1.54564914475891,0.538259527868972,1
"8910","PmetTSAr1.1-009785",20.3672637642937,13.6840266498551,36.7875915847388,11.8616419752077,26.7617393403451,19.4220873139631,13.2427705992185,18.0029586156306,-0.0938388472205947,4.32608776855199,0.804307488509862,1
"8911","PmetTSAr1.1-009793",3.64182862010549,4.61092202332074,4.3502036321285,3.94505503193292,3.38617926347224,4.15581780953796,4.98699272565506,3.79307618631211,-0.0170133415058804,2.06116322203488,0.95164034002281,1
"8912","PmetTSAr1.1-009794",2.56276828822238,2.88554475007814,4.3502036321285,2.27701162916934,1.85693701545252,2.79881607581128,3.72976766876723,2.66081463815924,-0.1124250222661,1.56035453426956,0.697091615258403,1
"8913","PmetTSAr1.1-009802",3.01237675984035,2.82604898203529,3.97192505542167,2.75359545853036,2.65796866917713,2.94017042307448,4.44219520100367,2.66081463815924,0.0282764102082992,1.68694486811981,0.949452175444073,1
"8914","PmetTSAr1.1-009803",10.5208382358603,2.11209976552111,7.84928046666664,2.30348850857828,5.31593733835427,7.49178040494939,2.49349636282753,2.03807078667516,-0.389927782425994,2.3356590732436,0.445535371269383,1
"8915","PmetTSAr1.1-009805",3.01237675984035,2.17159553356396,6.85629920281122,1.69452028217253,4.36926356577063,1.41354347263196,1.61343882300605,2.88726694778981,-0.413407249956383,1.60255107396419,0.352337689187392,1
"8916","PmetTSAr1.1-009808",1.57362965066287,2.76655321399244,1.89139288353413,3.09779489084666,1.67488436687874,2.742274336906,2.66112637041257,3.9063023411274,0.224842332007877,1.3854314277426,0.477619929887165,1
"8917","PmetTSAr1.1-009809",1.75347303931005,2.5880659098639,2.2223866381526,2.93893361439298,1.82052648573776,3.33596259541143,3.08020138937518,3.42509118316243,0.289670380977638,1.44221088700251,0.320083900684104,1
"8918","PmetTSAr1.1-009810",2.06819896944263,2.17159553356396,1.60768395100401,1.11202893517572,1.27436854001643,1.80933564496891,1.94869883817614,2.20791001889809,0.0709844437194556,0.877512058591985,0.843290760686356,1
"8919","PmetTSAr1.1-009814",9.98130806991876,9.63831442294141,10.7336546140562,15.5154513336422,7.90108494810189,20.1005881808265,13.808521874818,12.8511685715351,0.252557068452678,3.65962329952998,0.453415783167024,1
"8920","PmetTSAr1.1-009815",1.57362965066287,1.45764631704978,72.014784040562,3.07131801143771,3.16771608518371,8.53780257469704,4.63077895953684,2.57589502204778,-2.04426434201693,3.5992383285757,0.0271081475256645,1
"8921","PmetTSAr1.1-009818",5.84491013103351,9.57881865489856,3.54636165662649,6.9369424051438,4.29644250634112,8.08546866345481,8.27673162451155,7.84091122095862,0.134917460915337,2.78154386991351,0.70138637154867,1
"8922","PmetTSAr1.1-009822",5.48522335373914,2.5880659098639,5.43775454016062,2.80654921734825,5.02465310063623,2.62919085909545,2.13728259670931,3.56662387668154,-0.285535794387996,1.90735668611754,0.417630758199692,1
"8923","PmetTSAr1.1-009823",7.64334401750536,8.32940752599875,5.76874829477909,7.94306382268374,5.46157945721329,13.2873086427404,10.0368467041545,7.16155429206689,0.275912649982148,3.04880431179993,0.407416677428003,1
"8924","PmetTSAr1.1-009824",9.5316995983008,3.65898973463516,11.9630599883534,9.4787228284026,9.24827454754784,7.66140562166522,2.03251384196866,4.75549850224205,-0.548388189532827,2.87414206032201,0.217478882546862,1
"8925","PmetTSAr1.1-009825",3.82167200875268,4.49193048723504,3.54636165662649,3.60085559961663,3.85951614976406,2.43129477292697,3.56213766118219,4.13275465075797,-0.147151791100376,1.90356671526234,0.60824820788858,1
"8926","PmetTSAr1.1-009826",5.30537996509196,6.63377813677757,4.11377952168673,3.15074864966455,4.11438985776735,3.33596259541143,5.72037400883963,4.84041811835351,-0.0899689076736403,2.2370617852691,0.77491901186914,1
"8927","PmetTSAr1.1-009830",2.3379640524134,2.17159553356396,24.6826771301204,9.45224594899365,10.6318746767085,19.1111077499841,2.78684887610136,2.85896040908599,-0.126208482830003,3.21624210288833,0.856943115372278,1
"8928","PmetTSAr1.1-009831",1.66355134498646,1.4873942010712,1.89139288353413,1.29736709103834,1.74770542630825,2.03550260059002,2.09537509481305,1.89653809315605,0.31333693029249,0.869030004315776,0.263628941171806,1
"8929","PmetTSAr1.1-009833",1.52866880350107,2.76655321399244,1.5131143068273,1.53565900571886,1.49283171830497,2.2333986867585,2.80780262704949,2.43436232852867,0.285781929422552,1.0778221383017,0.35341395585047,1
"8930","PmetTSAr1.1-009835",3.82167200875268,2.43932648975678,2.50609557068272,3.44199432316295,2.18463178288532,2.77054520635864,0.942918792665873,2.32113617371338,-0.577702685025351,1.38183031586683,0.0795799914905945,1
"8931","PmetTSAr1.1-009836",3.05733760700214,4.13495587897795,3.59364647871485,6.16911290228437,3.78669509033455,6.2761330184859,6.03468027306158,4.3025938829809,0.261955834249802,2.24592854931297,0.409881912786937,1
"8932","PmetTSAr1.1-009837",2.96741591267855,1.63613362117833,1.65496877309236,5.26889900238021,3.34976873375749,3.13806650924295,1.52962381921353,2.00976424797134,-0.215121430784589,1.46355344492774,0.596561967556352,1
"8933","PmetTSAr1.1-009838",7.46350062885817,9.57881865489856,4.53934292048191,7.33409559627799,8.77493766125602,9.72517909170788,10.9378579949241,10.0771277785605,0.447770075616637,3.10875105628425,0.147291869160378,1
"8934","PmetTSAr1.1-009843",5.79994928387171,12.6131028250838,6.00517240522086,6.61921985223645,5.20670574921,8.19855214126537,29.6705113425528,9.9072885463376,0.771451677873275,3.40503634697143,0.100798812565829,1
"8935","PmetTSAr1.1-009844",2.92245506551675,3.62924185061374,2.9316589694779,3.86562439370609,3.13130555546895,3.5338586815799,5.61560525409897,4.33090042168472,0.314291152674389,1.93263438154491,0.280003604544311,1
"8936","PmetTSAr1.1-009846",3.5968677729437,4.70016567538501,4.16106434377508,4.28925446424922,2.33027390174434,3.95792172336949,4.1907501896261,4.81211157964969,-0.129186961354529,2.02507576775573,0.671245140827592,1
"8937","PmetTSAr1.1-009847",1.88835558079544,1.27915901292124,1.89139288353413,2.25053474976039,1.60206330744923,1.52662695044252,1.7182075777467,1.38702039648726,-0.2264988301144,0.809288830811547,0.410396052769078,1
"8938","PmetTSAr1.1-009848",1.70851219214826,1.04117594074984,2.03324734979919,2.30348850857828,1.56565277773448,1.13083477810557,1.86488383438361,1.24548770296816,-0.279987479197609,0.740476075568834,0.35837423790925,1
"8939","PmetTSAr1.1-009849",3.37206353713472,3.27226724235665,8.65312244216864,3.49494808198085,4.1508003874821,3.13806650924295,3.79262892161162,1.35871385778344,-0.589489229374998,1.98080053334478,0.137912073663553,1
"8940","PmetTSAr1.1-009854",2.65268998254598,3.48050243050662,3.21536790200802,2.5417804232588,2.00257913431154,3.5338586815799,3.9183514273004,2.57589502204778,0.0246836011053438,1.61151023076278,0.958046171138879,1
"8941","PmetTSAr1.1-009855",3.77671116159088,4.84890509549213,2.08053217188754,2.80654921734825,3.71387403090504,3.02498303143239,4.92413147281067,4.01952849594268,0.212173368843853,1.8947292338246,0.50201388691938,1
"8942","PmetTSAr1.1-009857",4.58600641050321,3.98621645887083,8.03841975502005,6.5927429728275,5.42516892749854,6.78500866863341,7.16618282426063,4.01952849594268,0.0151645875190159,2.55722368603849,0.971170093922226,1
"8943","PmetTSAr1.1-009858",5.66506674238632,4.67041779136358,2.03324734979919,9.16100027549525,9.97648514184294,6.38921649629646,3.66690641592284,3.59493041538536,0.126538820429375,2.51349151480067,0.767689635372066,1
"8944","PmetTSAr1.1-009859",3.82167200875268,4.10520799495653,2.9316589694779,1.98576595567094,1.7112948965935,1.89414825332683,2.17919009860557,2.03807078667516,-0.706257028475079,1.39853107020133,0.0147527791792431,1
"8945","PmetTSAr1.1-009864",2.78757252403137,3.68873761865659,3.07351343574296,2.80654921734825,2.69437919889189,1.72452303661099,2.66112637041257,3.99122195723886,-0.160099039254692,1.57979964240153,0.596821291765877,1
"8946","PmetTSAr1.1-009866",1.61859049782466,1.18991536085696,1.65496877309236,2.27701162916934,1.42001065887546,2.8836286841692,2.93352513273827,2.17960348019427,0.485433178296023,1.06472428037417,0.121747352807434,1
"8947","PmetTSAr1.1-009872",3.23718099564933,2.5880659098639,2.36424110441766,1.66804340276359,2.84002131775091,2.00723173113738,3.2268776460121,0.877502699818473,-0.130969874360207,1.2676944676182,0.710747627853814,1
"8948","PmetTSAr1.1-009873",4.54104556334142,6.09831622439194,7.70742600040158,5.98377474642175,4.40567409548539,7.35042605768619,5.84609651452841,4.64227234742676,-0.127180999568713,2.55651900722771,0.68099134753055,1
"8949","PmetTSAr1.1-009875",2.11315981660442,3.77798127072086,7.32914742369475,3.07131801143771,3.0948950257542,4.24063041789588,3.49927640833779,3.62323695408918,-0.16572900888711,1.96249306209702,0.640694544777135,1
"8950","PmetTSAr1.1-009876",3.37206353713472,2.32033495367108,6.80901438072287,4.02448567015976,4.44208462520014,2.85535781471656,1.63439257395418,1.86823155445223,-0.615319090885092,1.78935515768167,0.110572136628303,1
"8951","PmetTSAr1.1-009877",2.20308151092802,2.40957860573535,3.68821612289155,4.79231517301919,1.74770542630825,2.45956564237961,3.79262892161162,4.9536442731688,-0.0147972174861226,1.7333345116251,0.976528855568442,1
"8952","PmetTSAr1.1-009883",4.31624132753244,5.44386277592061,5.1540456076305,6.22206666110226,4.18721091719686,6.53057084355966,7.75288785080829,6.19913197613696,0.222983158504543,2.53526893055792,0.460443296154308,1
"8953","PmetTSAr1.1-009887",5.9348318253571,2.4690743737782,2.78980450321284,2.17110411153356,3.02207396632469,3.02498303143239,2.57731136662005,2.6042015607516,-0.241893200633911,1.64288857993094,0.467188554695982,1
"8954","PmetTSAr1.1-009888",4.45112386901783,5.9198289202634,2.36424110441766,3.62733247902557,3.34976873375749,5.6259030210752,6.16040277875037,5.23670966020702,0.314313665214367,2.22190474560751,0.348655479637832,1
"8955","PmetTSAr1.1-009900",2.56276828822238,4.90840086353498,2.83708932530119,4.44811574070289,2.73078972860665,4.89086041530658,4.42124145005554,3.08541271871657,0.0300527046662169,1.92912054361615,0.923106041353896,1
"8956","PmetTSAr1.1-009910",4.49608471617962,6.33629929656333,2.97894379156625,5.32185276119811,3.53182138233126,8.00065605509689,7.96242536028959,6.85018236632486,0.458568878123357,2.52661712695968,0.182020548272903,1
"8957","PmetTSAr1.1-009911",1.52866880350107,1.21966324487839,2.97894379156625,8.81680084317895,1.3836001291607,3.70348389829574,2.30491260429436,3.53831733797771,-0.416814398702333,1.70468745231548,0.418821400011838,1
"8958","PmetTSAr1.1-009913",13.4432933013771,15.0226814308192,4.96490631927709,7.8636331844569,11.1052115630004,4.63642259023283,6.8728303109868,8.15228314670065,-0.426784950852167,3.18029360764435,0.268748744509929,1
"8959","PmetTSAr1.1-009914",2.24804235808981,1.99310822943541,3.73550094497991,6.14263602287543,3.02207396632469,3.27942085650615,1.73916132869483,2.43436232852867,-0.439969609686081,1.64862646034777,0.234935959927595,1
"8960","PmetTSAr1.1-009917",4.45112386901783,3.53999819854947,5.62689382851404,5.98377474642175,2.94925290689518,5.00394389311714,3.66690641592284,3.99122195723886,-0.326139632166202,2.15717300016263,0.277203618166466,1
"8961","PmetTSAr1.1-009918",3.5968677729437,2.29058706964966,4.3502036321285,4.89822269065497,2.94925290689518,3.59040042048518,1.94869883817614,3.2552519509395,-0.368227522505076,1.77183959226398,0.243735851331352,1
"8962","PmetTSAr1.1-009921",7.73326571182895,2.61781379388532,1.74953841726907,4.47459262011184,4.62413727377392,2.65746172854809,3.05924763842705,4.04783503464651,-0.20455196337973,1.972485912874,0.610714316047238,1
"8963","PmetTSAr1.1-009922",3.91159370307627,1.66588150519975,2.97894379156625,3.86562439370609,2.14822125317056,3.98619259282213,4.4631489519518,2.85896040908599,0.123284146393682,1.72256749883501,0.733737331670785,1
"8964","PmetTSAr1.1-009931",3.86663285591448,3.30201512637807,2.88437414738955,3.89210127311503,3.8231056200493,2.31821129511641,5.13366898229197,3.651543492793,0.0989485954697157,1.87778189046986,0.75015429655112,1
"8965","PmetTSAr1.1-009933",2.87749421835496,4.43243471919219,3.12079825783131,3.04484113202877,2.22104231260007,4.57988085132755,4.88222397091441,4.21767426686944,0.240147704152717,1.9042888706722,0.444026347060654,1
"8966","PmetTSAr1.1-009936",5.35034081225375,5.20587970374922,8.51126797590358,4.81879205242814,5.27952680863951,8.14201040236009,13.012279338789,5.2084031215032,0.411450446040992,2.80929408977245,0.255664801641381,1
"8967","PmetTSAr1.1-009944",1.79843388647185,1.54688996911405,2.88437414738955,2.91245673498404,1.92975807488203,2.0920443394953,4.48410270289993,3.99122195723886,0.4575104441205,1.47332514120851,0.189836535921054,1
"8968","PmetTSAr1.1-009945",4.49608471617962,7.82369349763454,3.83007058915661,7.17523431982431,3.96874773890832,9.78172083061316,9.09392791148864,8.88825315300002,0.440651618186888,2.79933665382121,0.217437851906063,1
"8969","PmetTSAr1.1-009946",4.67592810482681,2.32033495367108,5.76874829477909,4.07743942897765,6.22620058122315,6.04996606286479,2.70303387230883,2.66081463815924,0.0681529165416717,2.12428721582906,0.85796481764646,1
"8970","PmetTSAr1.1-009951",3.19222014848753,5.11663605168494,1.60768395100401,3.01836425261982,1.60206330744923,4.43852650406435,7.79479535270455,6.68034313410192,0.66322485029147,2.09262217653362,0.127325573606116,1
"8971","PmetTSAr1.1-009959",10.1161906114042,6.96100486101324,11.915775166265,8.15487885795531,9.90366408241343,7.03944649370716,7.20809032615689,8.43534853373887,-0.187270666887063,3.13217498179585,0.538985280529251,1
"8972","PmetTSAr1.1-009961",3.19222014848753,3.27226724235665,1.89139288353413,3.23017928789139,2.47591602060336,5.08875650147506,4.54696395574432,3.14202579612421,0.394423932787137,1.77737648065809,0.210700761769783,1
"8973","PmetTSAr1.1-009962",4.90073234063579,1.45764631704978,1.5131143068273,5.90434410819491,4.1508003874821,3.92965085391685,2.4725426118794,1.61347270611784,-0.184955475864129,1.72421498952337,0.684495152177215,1
"8974","PmetTSAr1.1-009963",1.48370795633928,2.73680532997102,3.21536790200802,5.26889900238021,2.36668443145909,3.02498303143239,4.58887145764058,3.08541271871657,0.0359080414685583,1.72071583955473,0.920830153202903,1
"8975","PmetTSAr1.1-009974",1.93331642795724,1.57663785313548,2.1278169939759,4.02448567015976,1.56565277773448,2.96844129252712,3.18497014411584,1.86823155445223,-0.0137992699357436,1.30907443100147,0.977804755850789,1
"8976","PmetTSAr1.1-009977",2.15812066376622,3.09377993822811,5.29590007389556,6.3014972993291,3.56823191204602,7.7179473605705,4.6726864614331,4.21767426686944,0.257816556841177,2.231934717622,0.486997755889152,1
"8977","PmetTSAr1.1-009986",2.3379640524134,1.10067170879269,4.82305185301203,4.20982382602238,3.71387403090504,4.43852650406435,1.96965258912427,1.52855309000637,-0.0983849701166672,1.61726331394757,0.824369627131885,1
"8978","PmetTSAr1.1-009989",3.95655455023807,5.97932468830624,3.16808307991967,4.95117644947286,3.71387403090504,6.33267475739118,7.01950656762372,5.80284043428345,0.337702778166517,2.37588691078342,0.288349238519858,1
"8979","PmetTSAr1.1-009993",5.53018420090094,6.21730776047764,9.36239477349394,14.3504686396486,7.46415859152483,8.96186561648663,12.3836668103451,9.08639892392677,0.0947505354712246,3.20813663494521,0.787693861521901,1
"8980","PmetTSAr1.1-009994",3.46198523145831,5.65209796407058,2.45881074859437,3.8126706348882,2.51232655031811,6.24786214903326,3.9812126801448,3.9063023411274,0.109471450147629,2.02703761001493,0.750639728892401,1
"8981","PmetTSAr1.1-010004",2.87749421835496,3.42100666246377,3.6409313008032,3.01836425261982,3.60464244176077,4.91913128475922,4.71459396332936,4.50073965390765,0.456046456998377,1.96516422563721,0.0961461220371009,1
"8982","PmetTSAr1.1-010008",3.77671116159088,2.73680532997102,4.68119738674697,6.32797417873805,3.78669509033455,5.51281954326464,2.49349636282753,4.04783503464651,-0.149334400570539,2.08082110945337,0.663875511659655,1
"8983","PmetTSAr1.1-010009",9.66658213978619,5.11663605168494,2.2223866381526,2.64768794089458,1.92975807488203,2.45956564237961,2.34682010619062,6.6520365953981,-0.55036390059582,2.06347665302973,0.244582414315747,1
"8984","PmetTSAr1.1-010020",2.3829248995752,1.4873942010712,2.26967146024096,3.23017928789139,2.91284237718042,3.6752130288431,1.84393008343548,3.84968926371975,0.383985928227128,1.47004476968084,0.225715953811781,1
"8985","PmetTSAr1.1-010021",1.75347303931005,3.53999819854947,1.79682323935742,2.32996538798723,2.4395054908886,3.22287911760087,4.40028769910741,3.39678464445861,0.506873673776362,1.55399203136019,0.0994689282036477,1
"8986","PmetTSAr1.1-010023",5.53018420090094,3.65898973463516,2.69523485903613,2.27701162916934,7.64621124009861,5.00394389311714,4.90317772186254,3.84968926371975,0.597830735488539,2.1714860466305,0.0830428656400638,1
"8987","PmetTSAr1.1-010028",1.79843388647185,1.04117594074984,2.31695628232931,2.43587290562301,1.63847383716399,2.12031520894794,2.17919009860557,2.06637732537899,0.0849722545161998,1.00857603085856,0.796409904739684,1
"8988","PmetTSAr1.1-010029",1.43874710917748,1.90386457737114,11.915775166265,3.1242717702556,4.33285303605588,2.65746172854809,1.7182075777467,2.49097540593631,-0.712111504943407,1.89823836227116,0.179723476975019,1
"8989","PmetTSAr1.1-010030",1.75347303931005,2.76655321399244,1.93867770562248,1.45622836749202,3.64105297147553,1.80933564496891,2.45158886093127,1.35871385778344,0.217952014298011,1.14251884603277,0.516267073510359,1
"8990","PmetTSAr1.1-010031",6.60924453278405,7.85344138165596,5.67417865060239,7.2281880786422,4.91542151149196,9.21630344156038,8.1091016169265,7.86921775966244,0.13750294022808,2.85868065374329,0.657221041665142,1
"8991","PmetTSAr1.1-010035",4.09143709172346,1.24941112889981,13.8544528718875,3.62733247902557,3.8231056200493,2.20512781730586,2.11632884576118,1.21718116426433,-1.28228759575814,2.01516312689254,0.0184086560542648,1
"8992","PmetTSAr1.1-010038",2.87749421835496,3.24251935833523,3.68821612289155,2.88597985557509,2.47591602060336,4.1840886789906,3.2268776460121,2.91557348649364,0.0177502321294451,1.69990341550096,0.96882183588438,1
"8993","PmetTSAr1.1-010042",3.14725930132574,3.83747703876371,2.08053217188754,3.68028623784347,2.25745284231483,5.08875650147506,6.16040277875037,5.23670966020702,0.553727341214935,2.00521678921526,0.101924129241992,1
"8994","PmetTSAr1.1-010056",2.51780744106059,2.88554475007814,1.89139288353413,1.45622836749202,1.74770542630825,2.51610738128489,2.26300510239809,2.09468386408281,-0.0151031806750383,1.15925682807247,0.955998314151067,1
"8995","PmetTSAr1.1-010058",4.22631963320885,5.0571402836421,4.16106434377508,6.61921985223645,4.22362144691161,6.24786214903326,4.98699272565506,3.28355848964332,-0.102170497565097,2.2980534637329,0.748352335816893,1
"8996","PmetTSAr1.1-010060",8.40767841925589,9.07310462653435,3.16808307991967,8.81680084317895,6.37184270008217,15.4076238516884,14.8352556712764,11.435841636344,0.70347423713871,3.28840654025277,0.0652833399929604,1
"8997","PmetTSAr1.1-010062",4.99065403495938,2.52857014182105,12.6250474975903,4.58050013774762,5.42516892749854,2.94017042307448,2.49349636282753,1.98145770926752,-0.943646204719336,2.24020297661617,0.0359967403672334,1
"8998","PmetTSAr1.1-010073",2.427885746737,2.73680532997102,4.4447732763052,5.16299148474443,3.71387403090504,3.36423346486407,1.69725382679857,1.58516616741402,-0.520636338915003,1.67652414837324,0.149047130582894,1
"8999","PmetTSAr1.1-010074",3.95655455023807,6.00907257232767,1.56039912891566,3.20370240848244,3.05848449603944,3.98619259282213,4.25361144247049,5.06687042798409,0.146803829087496,1.98504061514082,0.687535591086657,1
"9000","PmetTSAr1.1-010075",4.09143709172346,4.67041779136358,2.83708932530119,3.94505503193292,3.34976873375749,7.46350953549675,3.7088139178191,5.29332273761466,0.34693434075377,2.16627201086008,0.286517856945008,1
"9001","PmetTSAr1.1-010081",3.14725930132574,2.40957860573535,2.41152592650602,3.52142496138979,2.87643184746567,3.50558781212726,0.880057539821481,2.40605578982485,-0.258883733714809,1.43331181058932,0.482269371377837,1
"9002","PmetTSAr1.1-010082",2.11315981660442,2.37983072171393,2.45881074859437,1.40327460867413,2.22104231260007,1.27218912536876,1.21531755499157,2.3494427124172,-0.24463111958755,0.984501611097493,0.446829531738918,1
"9003","PmetTSAr1.1-010084",1.61859049782466,1.63613362117833,1.84410806144578,2.09167347330672,2.18463178288532,1.69625216715835,2.32586635524249,1.86823155445223,0.16377976809308,0.98022127236255,0.535942954995991,1
"9004","PmetTSAr1.1-010091",1.75347303931005,2.23109130160681,2.1278169939759,2.93893361439298,2.29386337202958,3.73175476774837,0.963872543614003,2.3494427124172,0.0319051687101694,1.23957520924014,0.92030723076246,1
"9005","PmetTSAr1.1-010095",1.84339473363365,1.93361246139257,2.1278169939759,2.11815035271566,2.36668443145909,1.9506899922321,1.90679133627988,1.83992501574841,0.00110619553309587,1.05042134914272,1,1
"9006","PmetTSAr1.1-010097",4.13639793888525,7.61545830948457,2.41152592650602,3.07131801143771,2.40309496117385,6.07823693231743,12.4046205612933,6.17082543743313,0.650234492892328,2.49103166833197,0.149690779196346,1
"9007","PmetTSAr1.1-010098",2.24804235808981,1.84436880932829,2.41152592650602,1.82690467921726,1.27436854001643,0.961209561389733,2.51445011377566,2.00976424797134,-0.279805005257277,0.959970449562955,0.35741731141665,1
"9008","PmetTSAr1.1-010100",2.51780744106059,2.61781379388532,3.30993754618473,3.09779489084666,3.05848449603944,3.05325390088503,4.48410270289993,2.51928194464013,0.189410739212309,1.65454975578588,0.508787476557899,1
"9009","PmetTSAr1.1-010102",2.24804235808981,3.53999819854947,4.20834916586344,3.83914751429714,1.27436854001643,3.73175476774837,5.32225274082515,4.78380504094587,0.131635057696657,1.88372164226044,0.737767519632685,1
"9010","PmetTSAr1.1-010103",3.37206353713472,4.78940932744928,1.74953841726907,4.7393614142013,3.96874773890832,5.00394389311714,6.24421778254289,4.61396580872294,0.428786684505406,2.13348918787191,0.199571775469849,1
"9011","PmetTSAr1.1-010104",5.88987097819531,2.4690743737782,2.03324734979919,2.78007233793931,6.99082170523301,3.36423346486407,3.10115514032331,3.42509118316243,0.35756005698023,1.92988508955748,0.345478025009945,1
"9012","PmetTSAr1.1-010108",2.56276828822238,4.87865297951355,2.2223866381526,4.05096254956871,3.24053714461322,7.09598823261244,3.68786016687097,3.08541271871657,0.310368792684191,1.97327318468912,0.3767383527312,1
"9013","PmetTSAr1.1-010116",1.97827727511903,2.43932648975678,2.55338039277107,1.77395092039937,1.52924224801972,1.86587738387419,6.97759906572746,3.31186502834714,0.65564316060327,1.52738704483651,0.109547087230152,1
"9014","PmetTSAr1.1-010120",2.20308151092802,3.06403205420668,1.98596252771084,2.8330260967572,1.78411595602301,2.60091998964281,2.17919009860557,2.29282963500956,-0.195892644629166,1.28318597789161,0.485566513850894,1
"9015","PmetTSAr1.1-010123",2.65268998254598,3.27226724235665,3.6409313008032,3.28313304670928,2.29386337202958,4.89086041530658,3.28973889885649,2.80234733167835,0.0497805108910582,1.73553761573339,0.877798183350911,1
"9016","PmetTSAr1.1-010125",2.74261167686957,1.99310822943541,2.74251968112449,2.59473418207669,2.94925290689518,2.06377347004266,1.59248507205792,2.66081463815924,-0.124566691328556,1.3054359262998,0.671751919717098,1
"9017","PmetTSAr1.1-010144",3.64182862010549,4.16470376299937,4.16106434377508,3.49494808198085,4.1508003874821,6.33267475739118,3.47832265738966,2.85896040908599,0.121003594589125,2.03433398532452,0.703272163801578,1
"9018","PmetTSAr1.1-010152",1.48370795633928,2.85579686605671,1.89139288353413,3.15074864966455,2.14822125317056,3.44904607322198,3.49927640833779,2.88726694778981,0.340845531300847,1.45738450882021,0.258334072647694,1
"9019","PmetTSAr1.1-010153",2.92245506551675,1.84436880932829,18.6775047248995,2.09167347330672,12.343169573302,2.99671216197976,2.34682010619062,1.6983923222293,-0.396532120926613,2.49365738317452,0.572766751595744,1
"9020","PmetTSAr1.1-010155",1.43874710917748,1.51714208509263,2.26967146024096,3.25665616730033,2.18463178288532,2.45956564237961,3.10115514032331,2.29282963500956,0.237067430479457,1.25420225517987,0.445718203713084,1
"9021","PmetTSAr1.1-010162",4.00151539739986,5.32487123983491,2.50609557068272,2.22405787035145,1.96616860459678,4.41025563461172,4.84031646901815,4.04783503464651,0.122115016257505,1.90087817247953,0.744065740172877,1
"9022","PmetTSAr1.1-010163",3.28214184281112,4.87865297951355,1.84410806144578,1.32384397044729,1.49283171830497,2.51610738128489,3.68786016687097,2.06637732537899,-0.208793399076027,1.43447213949142,0.590922147117103,1
"9023","PmetTSAr1.1-010164",5.9797926725189,6.663526020799,9.92981263855418,3.52142496138979,3.38617926347224,4.15581780953796,16.3439257395418,7.52953929521658,0.273093519675851,2.85952854162887,0.555709846261586,1
"9024","PmetTSAr1.1-010168",2.3379640524134,2.4690743737782,3.12079825783131,4.42163886129395,2.14822125317056,2.71400346745336,1.76011507964296,2.37774925112102,-0.465502442243313,1.44859222423505,0.116214925779888,1
"9025","PmetTSAr1.1-010173",1.88835558079544,2.64756167790674,2.69523485903613,2.25053474976039,1.63847383716399,1.41354347263196,6.07658777495785,1.78331193834077,0.212097560847135,1.39185171511766,0.615134715901528,1
"9026","PmetTSAr1.1-010174",1.84339473363365,2.94504051812099,2.69523485903613,2.67416482030353,1.56565277773448,1.04602216974765,6.78901530719428,1.67008578352548,0.130831511715162,1.44963980344932,0.794983368134193,1
"9027","PmetTSAr1.1-010180",2.3379640524134,0.981680172706995,3.45179201244979,4.34220822306711,7.86467441838714,2.77054520635864,0.775288785080829,6.76526275021339,0.705430215825708,1.8939945814991,0.198044825109508,1
"9028","PmetTSAr1.1-010191",2.51780744106059,2.91529263409956,1.74953841726907,3.30960992611823,2.00257913431154,3.98619259282213,4.29551894436675,3.11371925742039,0.348184112811369,1.61426908975897,0.262351246079483,1
"9029","PmetTSAr1.1-010192",1.88835558079544,3.24251935833523,1.74953841726907,2.1975809909425,1.92975807488203,4.38198476515908,2.76589512515323,2.94388002519746,0.39720997300596,1.43800663366601,0.205909395148657,1
"9030","PmetTSAr1.1-010196",4.45112386901783,1.42789843302836,3.40450719036143,1.77395092039937,2.87643184746567,1.97896086168474,1.29913255878409,2.23621655760192,-0.390269425336514,1.3049725612105,0.290358638919241,1
"9031","PmetTSAr1.1-010197",1.97827727511903,2.67730956192817,1.70225359518072,1.2708902116294,1.20154748058692,1.97896086168474,1.86488383438361,2.37774925112102,-0.0333390119656038,0.959695894909824,0.920349323041246,1
"9032","PmetTSAr1.1-010207",3.64182862010549,4.40268683517077,2.17510181606425,2.35644226739618,2.40309496117385,2.8836286841692,4.02312018204106,2.43436232852867,-0.0955138560730888,1.63494081063051,0.762526054315137,1
"9033","PmetTSAr1.1-010210",3.28214184281112,8.47814694610587,16.8806814855421,1.82690467921726,1.60206330744923,2.31821129511641,8.73771414537042,5.57638812465288,-0.735107292602685,2.6165674234527,0.215308504532461,1
"9034","PmetTSAr1.1-010214",5.17049742360657,3.39125877844235,13.5707439393574,11.702780698754,8.33801130467896,8.14201040236009,4.21170394057423,3.651543492793,-0.475679066959635,2.87208642538907,0.275837111654543,1
"9035","PmetTSAr1.1-010234",3.73175031442909,3.3317630103995,8.55855279799194,4.68640765538341,3.78669509033455,4.66469345968547,4.56791770669245,3.62323695408918,-0.28030489157838,2.22362517791364,0.399989553239894,1
"9036","PmetTSAr1.1-010243",2.29300320525161,1.63613362117833,5.53232418433733,3.23017928789139,5.27952680863951,7.26561344932828,3.54118391023405,3.08541271871657,0.599858118634983,2.01489477144373,0.125022690941912,1
"9037","PmetTSAr1.1-010244",2.06819896944263,3.15327570627095,4.3502036321285,2.91245673498404,1.82052648573776,2.8836286841692,1.86488383438361,1.78331193834077,-0.575930397380265,1.41063587888405,0.0563262026114573,1
"9038","PmetTSAr1.1-010245",1.66355134498646,1.75512515726402,2.60066521485943,1.19145957340256,1.42001065887546,2.31821129511641,3.20592389506397,1.92484463185988,0.324234881078855,1.05271849127189,0.340413569670608,1
"9039","PmetTSAr1.1-010249",2.427885746737,3.59949396659232,3.16808307991967,3.23017928789139,2.58514760974762,3.30769172595879,3.7088139178191,3.28355848964332,0.051705317084534,1.69183952565425,0.862152502281894,1
"9040","PmetTSAr1.1-010279",1.66355134498646,1.24941112889981,1.74953841726907,4.42163886129395,2.36668443145909,4.01446346227477,2.03251384196866,2.94388002519746,0.30813754191733,1.3934829642621,0.409916194209026,1
"9041","PmetTSAr1.1-010287",2.60772913538418,2.32033495367108,3.21536790200802,2.70064169971247,2.47591602060336,2.40302390347433,4.48410270289993,2.51928194464013,0.143713332402026,1.53902843357293,0.649477021129464,1
"9042","PmetTSAr1.1-010290",2.87749421835496,4.34319106712792,1.70225359518072,3.33608680552717,1.78411595602301,5.17356910983297,4.52601020479619,4.04783503464651,0.336882805964701,1.82808729416196,0.347374185785325,1
"9043","PmetTSAr1.1-010297",4.00151539739986,1.42789843302836,4.01920987751002,6.53978921400961,2.11181072345581,3.81656737610629,1.73916132869483,2.12299040278663,-0.708983436778984,1.71290326985061,0.0743263813182269,1
"9044","PmetTSAr1.1-010299",7.50846147601997,2.17159553356396,3.92464023333332,5.00413020829076,19.1519386299613,1.89414825332683,0.984826294562134,2.20791001889809,0.378944202042077,2.43098717308535,0.583127073131513,1
"9045","PmetTSAr1.1-010304",1.66355134498646,2.37983072171393,1.98596252771084,1.74747404099042,1.96616860459678,1.72452303661099,1.90679133627988,1.6983923222293,-0.0965886216821359,0.96018729795161,0.743729155797401,1
"9046","PmetTSAr1.1-010318",1.88835558079544,2.73680532997102,2.2223866381526,2.5417804232588,2.40309496117385,3.61867128993782,3.39450765359714,3.31186502834714,0.433801965735562,1.50369240475482,0.114315113563858,1
"9047","PmetTSAr1.1-010321",2.51780744106059,1.7253772732426,6.00517240522086,1.98576595567094,4.1508003874821,3.50558781212726,1.9906063400724,2.74573425427071,0.0268437388638819,1.64271516836869,0.96133060017178,1
"9048","PmetTSAr1.1-010324",1.88835558079544,3.00453628616383,3.73550094497991,4.42163886129395,3.34976873375749,4.07100520118004,3.08020138937518,2.85896040908599,0.0268150091042019,1.75131094139807,0.927149662784925,1
"9049","PmetTSAr1.1-010327",2.74261167686957,2.97478840214241,1.89139288353413,2.62121106148563,1.78411595602301,2.85535781471656,2.76589512515323,2.54758848334395,-0.0399526413642839,1.37258542692591,0.894922512674635,1
"9050","PmetTSAr1.1-010331",2.65268998254598,1.63613362117833,2.78980450321284,2.72711857912142,2.33027390174434,2.17685694785322,2.6820801213607,3.0004931026051,0.0638375967327701,1.35596422447955,0.841381354274437,1
"9051","PmetTSAr1.1-010337",2.20308151092802,2.02285611345684,2.45881074859437,2.38291914680512,1.34718959944595,1.75279390606363,2.2001438495537,1.52855309000637,-0.39459207201261,1.03318543602089,0.139431672437925,1
"9052","PmetTSAr1.1-010340",3.23718099564933,3.65898973463516,2.78980450321284,2.51530354384985,2.11181072345581,2.20512781730586,2.7449413742051,2.26452309630574,-0.382126007161705,1.4594511947492,0.148747619933869,1
"9053","PmetTSAr1.1-010348",4.00151539739986,3.42100666246377,4.49205809839356,6.5927429728275,4.07797932805259,5.68244475998048,2.82875637799762,2.57589502204778,-0.292265506338774,2.09399195106569,0.38912530655841,1
"9054","PmetTSAr1.1-010350",3.37206353713472,4.84890509549213,2.50609557068272,3.41551744375401,2.0389896640263,4.52333911242227,5.72037400883963,4.78380504094587,0.27094479930924,1.99133588297499,0.431585948261597,1
"9055","PmetTSAr1.1-010363",1.48370795633928,1.7253772732426,1.5131143068273,1.72099716158148,1.67488436687874,2.2333986867585,1.90679133627988,1.3021007803758,0.138816113791917,0.815919648345031,0.618526304698583,1
"9056","PmetTSAr1.1-010369",1.75347303931005,1.96336034541399,3.07351343574296,2.14462723212461,1.67488436687874,1.47008521153724,4.14884268772984,2.26452309630574,0.112858970210111,1.24987270336203,0.759959769097529,1
"9057","PmetTSAr1.1-010380",2.11315981660442,2.55831802584247,2.08053217188754,2.38291914680512,1.45642118859021,3.76002563720101,2.87066387989388,2.32113617371338,0.189929903614609,1.32889187088062,0.544833358660286,1
"9058","PmetTSAr1.1-010381",2.3379640524134,2.40957860573535,1.89139288353413,2.25053474976039,2.33027390174434,3.30769172595879,2.51445011377566,2.17960348019427,0.213635279966027,1.30338872327022,0.427805947710261,1
"9059","PmetTSAr1.1-010384",2.92245506551675,2.49882225779962,4.68119738674697,3.49494808198085,4.22362144691161,2.51610738128489,2.53540386472379,4.01952849594268,-0.0322229501420339,1.77208665973505,0.928943878112217,1
"9060","PmetTSAr1.1-010385",2.02323812228083,2.40957860573535,2.74251968112449,2.8330260967572,3.34976873375749,3.3925043343167,3.08020138937518,3.79307618631211,0.438902168545349,1.59423938989225,0.0961345009258925,1
"9061","PmetTSAr1.1-010387",2.15812066376622,2.91529263409956,2.03324734979919,3.1772255290735,3.422589793187,2.94017042307448,3.96025892919667,3.99122195723886,0.465708227053038,1.65387436970648,0.0911641166937397,1
"9062","PmetTSAr1.1-010402",1.88835558079544,3.03428417018526,1.74953841726907,2.03871971448883,1.34718959944595,1.63971042825307,2.07442134386492,1.89653809315605,-0.325871802989486,1.017091994216,0.262912375909702,1
"9063","PmetTSAr1.1-010403",1.88835558079544,1.33865478096408,2.17510181606425,6.35445105814699,2.69437919889189,3.44904607322198,2.72398762325697,2.6042015607516,-0.0460681894725136,1.57349570593451,0.929931432263214,1
"9064","PmetTSAr1.1-010424",2.60772913538418,2.08235188149969,1.70225359518072,1.37679772926518,3.60464244176077,1.41354347263196,1.40390131352474,2.15129694149045,0.135877401670427,1.06728146112589,0.700995314962022,1
"9065","PmetTSAr1.1-010425",3.95655455023807,3.80772915474228,3.07351343574296,3.38904056434506,2.29386337202958,3.27942085650615,3.26878514790836,2.3494427124172,-0.341588845407393,1.69498739541074,0.210369080682869,1
"9066","PmetTSAr1.1-010432",2.3379640524134,3.03428417018526,2.26967146024096,2.32996538798723,2.22104231260007,3.36423346486407,3.18497014411584,3.28355848964332,0.273115693685245,1.49637683491004,0.316092550137421,1
"9067","PmetTSAr1.1-010435",1.61859049782466,1.54688996911405,2.60066521485943,2.09167347330672,1.92975807488203,1.89414825332683,1.34104006068035,1.75500539963695,-0.18401985112581,0.927981675110158,0.531779701258382,1
"9068","PmetTSAr1.1-010452",3.23718099564933,3.74823338669944,3.12079825783131,3.09779489084666,2.54873708003287,5.99342432395951,4.12788893678171,4.13275465075797,0.349135763088642,1.93337927498445,0.25179080155321,1
"9069","PmetTSAr1.1-010465",3.28214184281112,1.63613362117833,4.68119738674697,2.11815035271566,2.62155813946238,2.00723173113738,1.13150255119905,2.06637732537899,-0.576370328021708,1.311427099731,0.103613180716766,1
"9070","PmetTSAr1.1-010497",1.88835558079544,1.75512515726402,23.689695866265,2.35644226739618,2.80361078803616,2.742274336906,2.30491260429436,2.29282963500956,-1.54485260101299,2.31810952237728,0.0200879914596385,1
"9071","PmetTSAr1.1-010500",1.93331642795724,1.66588150519975,3.78278576706826,2.43587290562301,1.96616860459678,1.24391825591612,3.75072141971536,1.92484463185988,-0.127912374874129,1.26155686220018,0.709107741485703,1
"9072","PmetTSAr1.1-010508",2.96741591267855,3.71848550267801,2.45881074859437,4.92469957006392,2.65796866917713,4.35371389570644,4.21170394057423,4.5573527313153,0.158689579236384,1.92765129039023,0.603220062043269,1
"9073","PmetTSAr1.1-010515",1.97827727511903,1.63613362117833,2.60066521485943,1.95928907626199,2.11181072345581,2.77054520635864,0.942918792665873,2.15129694149045,-0.0359998797722741,1.05154760657743,0.928807717119545,1
"9074","PmetTSAr1.1-010521",2.3829248995752,1.6063857371569,1.56039912891566,3.1242717702556,1.74770542630825,2.54437825073753,2.01156009102053,1.21718116426433,-0.211696279651374,1.06264279841428,0.515182812306147,1
"9075","PmetTSAr1.1-010527",1.84339473363365,1.84436880932829,1.79682323935742,1.58861276453675,1.67488436687874,1.69625216715835,1.67630007585044,1.61347270611784,-0.0822592476595038,0.828904736697883,0.752538155262041,1
"9076","PmetTSAr1.1-010531",2.02323812228083,2.32033495367108,2.83708932530119,3.4684712025719,2.98566343660993,4.57988085132755,3.37355390264901,3.59493041538536,0.443339901005075,1.68576352552411,0.119845864440003,1
"9077","PmetTSAr1.1-010536",1.61859049782466,1.87411669334972,2.69523485903613,3.41551744375401,1.85693701545252,2.51610738128489,1.90679133627988,1.72669886093312,-0.26903639593626,1.17887511484263,0.380171252955733,1
"9078","PmetTSAr1.1-010541",1.84339473363365,2.97478840214241,1.74953841726907,2.25053474976039,1.63847383716399,2.45956564237961,4.71459396332936,3.05710618001275,0.428390703351828,1.41333814902792,0.197407023724355,1
"9079","PmetTSAr1.1-010547",2.20308151092802,1.63613362117833,2.69523485903613,2.43587290562301,3.45900032290175,2.03550260059002,1.2362713059397,0.962422315929938,-0.231338946247657,1.09269106268508,0.536061312430614,1
"9080","PmetTSAr1.1-010548",2.96741591267855,4.49193048723504,2.69523485903613,3.15074864966455,2.91284237718042,5.00394389311714,4.02312018204106,3.62323695408918,0.222394267552756,1.87894814854215,0.45372955054712,1
"9081","PmetTSAr1.1-010561",4.18135878604705,1.51714208509263,7.14000813534134,6.3014972993291,3.34976873375749,4.01446346227477,3.05924763842705,2.74573425427071,-0.536427222562513,2.03153604375829,0.169019916786765,1
"9082","PmetTSAr1.1-010562",6.38444029697506,2.43932648975678,1.84410806144578,2.93893361439298,5.46157945721329,3.05325390088503,7.98337911123772,3.76476964760829,0.579617457236438,2.10460335415116,0.153903979539695,1
"9083","PmetTSAr1.1-010571",1.61859049782466,2.37983072171393,2.17510181606425,2.56825730266774,1.85693701545252,2.31821129511641,2.64017261946444,1.92484463185988,-0.00410308251628064,1.17159407013974,1,1
"9084","PmetTSAr1.1-010581",2.96741591267855,1.54688996911405,29.5057289831324,1.77395092039937,2.65796866917713,3.22287911760087,2.80780262704949,3.14202579612421,-1.59284865109529,2.57428917478061,0.0247737024692866,1
"9085","PmetTSAr1.1-010592",1.79843388647185,2.55831802584247,1.89139288353413,1.08555205576678,1.67488436687874,1.69625216715835,3.08020138937518,1.24548770296816,0.0826272551174554,0.959223034224308,0.826712714503049,1
"9086","PmetTSAr1.1-010593",2.06819896944263,2.32033495367108,1.84410806144578,1.11202893517572,1.45642118859021,1.78106477551627,2.59826511756818,1.64177924482166,0.0439875166346094,0.937873302302987,0.918255106916914,1
"9087","PmetTSAr1.1-010594",2.47284659389879,4.04571222691368,2.55338039277107,2.09167347330672,2.58514760974762,4.26890128734852,5.04985397849945,3.56662387668154,0.472142534451599,1.76636399686044,0.131779295531117,1
"9088","PmetTSAr1.1-010597",1.52866880350107,2.97478840214241,2.64795003694778,2.11815035271566,1.34718959944595,2.54437825073753,2.82875637799762,2.09468386408281,-0.0669007978140489,1.21876918676052,0.829672234108922,1
"9089","PmetTSAr1.1-010611",1.61859049782466,1.93361246139257,2.55338039277107,1.64156652335464,1.52924224801972,1.72452303661099,3.45736890644153,1.89653809315605,0.171221418260593,1.07759113944485,0.614692292881669,1
"9090","PmetTSAr1.1-010614",1.43874710917748,1.78487304128545,1.60768395100401,2.17110411153356,1.3836001291607,2.8836286841692,0.984826294562134,1.27379424167198,-0.114891778490314,0.810649664837645,0.759496768687528,1
"9091","PmetTSAr1.1-010624",6.51932283846045,5.83058526819912,2.64795003694778,3.28313304670928,3.20412661489846,5.17356910983297,6.57947779771298,5.77453389557963,0.184412900140667,2.30584014565605,0.607644042916704,1
"9092","PmetTSAr1.1-010627",3.64182862010549,2.49882225779962,5.72146347269074,2.46234978503196,2.36668443145909,2.96844129252712,2.78684887610136,2.54758848334395,-0.409912983676944,1.66496320319483,0.185500427502353,1
"9093","PmetTSAr1.1-010650",1.43874710917748,1.33865478096408,3.87735541124497,1.40327460867413,2.14822125317056,1.10256390865293,2.17919009860557,1.64177924482166,-0.169814808185615,0.956207122076246,0.640523227257916,1
"9094","PmetTSAr1.1-010685",1.97827727511903,2.70705744594959,1.84410806144578,1.85338155862621,2.98566343660993,3.16633737869559,4.73554771427749,2.57589502204778,0.683089294763052,1.48774697405328,0.0193928943654405,1
"9095","PmetTSAr1.1-010717",1.93331642795724,0.951932288685571,21.7510181606425,1.72099716158148,4.98824257092147,3.10979563979031,1.15245630214718,1.21718116426433,-1.33061190550074,2.20344464182758,0.0823876428596325,1
"9096","PmetTSAr1.1-010743",2.47284659389879,2.70705744594959,2.26967146024096,2.5417804232588,2.18463178288532,2.31821129511641,3.16401639316771,2.29282963500956,-0.00155054984333662,1.35570454071081,1,1
"9097","PmetTSAr1.1-010760",1.84339473363365,1.84436880932829,2.50609557068272,2.56825730266774,2.36668443145909,2.68573259800072,3.20592389506397,1.58516616741402,0.171495387761515,1.25784341529477,0.572668874802107,1
"9098","PmetTSAr1.1-010767",1.66355134498646,4.04571222691368,1.60768395100401,2.8330260967572,2.80361078803616,1.52662695044252,2.30491260429436,2.23621655760192,-0.212658652941906,1.29045259741441,0.540375238378186,1
"9099","PmetTSAr1.1-010770",2.3379640524134,1.93361246139257,3.6409313008032,2.14462723212461,2.65796866917713,2.51610738128489,1.69725382679857,1.67008578352548,-0.230017101304595,1.2478634492837,0.451548195903203,1
"9100","PmetTSAr1.1-010789",2.60772913538418,1.24941112889981,26.6213548357429,1.29736709103834,4.40567409548539,2.68573259800072,1.00578004551026,1.41532693519109,-1.7386476231029,2.36619520646276,0.0268809142986708,1
"9101","PmetTSAr1.1-010869",2.29300320525161,2.4690743737782,4.06649469959838,2.11815035271566,5.02465310063623,2.79881607581128,0.984826294562134,3.99122195723886,0.223748240499635,1.59343159013176,0.581789286534664,1
"9102","PmetTSAr1.1-010888",2.02323812228083,3.53999819854947,9.92981263855418,1.32384397044729,3.05848449603944,2.71400346745336,4.63077895953684,3.59493041538536,-0.255492579358354,1.96212170087371,0.590703163780896,1
"9103","PmetTSAr1.1-010925",2.20308151092802,3.15327570627095,1.60768395100401,1.69452028217253,1.96616860459678,2.14858607840058,2.49349636282753,3.02879964130892,0.150788442169477,1.23508940176765,0.6203536770102,1
"9104","PmetTSAr1.1-012223",1033.33515031956,837.105456362874,1400.2454365024,810.060125516697,917.399706692974,744.400263557443,812.879814281775,826.975528232151,-0.305630399405853,9.84995172609924,0.488270703757518,1
"9105","PmetTSAr1.1-012224",621.718594553318,192.647296922742,1564.32376914899,610.689223567335,555.879557155169,533.245139615681,116.544762773502,135.61662693001,-1.15622617161234,9.08042918757845,0.0784828100608241,1
"9106","PmetTSAr1.1-012225",378.615293949486,80.4382783939308,959.125331240157,355.610967341551,1273.96802418957,240.387202955791,37.4653066952573,117.783507546602,-0.0873359207888738,8.74968673126245,0.91656900561748,1
"9107","PmetTSAr1.1-012226",518.443528622672,98.4952439949352,1424.59711987791,532.185276119811,455.058800375011,467.798076832821,33.7774465283864,50.5837846637294,-1.35347960307511,8.80617145561166,0.0950501401320464,1
"9108","PmetTSAr1.1-012227",1161.15883880055,1100.46347360454,1622.90966371646,1176.4736596571,1076.58654260588,991.629016920773,651.53593198117,1291.93873298113,-0.335212827233853,10.1473802353657,0.456511559309834,1
"9109","PmetTSAr1.1-012228",162.173775712599,112.982463513369,54.5666846899596,167.360354743946,94.4125035503604,64.48585322147,76.9840809834315,94.2041608063187,-0.590757257934857,6.69288685167121,0.185430708391918,1
"9110","PmetTSAr1.1-012229",266.437980280804,201.750149433298,99.6291201401603,274.51228571195,167.269973509586,88.3747379089501,119.562102910033,133.889928069077,-0.726523862064128,7.40076682258489,0.114422137845187,1
"9111","PmetTSAr1.1-012230",610.703186998678,601.412971261131,721.802809178712,573.065577927223,657.100829762188,659.163592157736,750.249052697813,640.350518557855,0.110680282904795,9.34826853606409,0.795618963548664,1
"9112","PmetTSAr1.1-012231",1723.70895848894,226.946607199444,4123.04734681605,2133.0568358229,3031.86839881796,1335.40278946487,46.0982520858871,136.947034249089,-0.850848553335597,10.6390283552428,0.362471872553158,1
"9113","PmetTSAr1.1-012232",192.702190935459,190.475701389178,211.268585090762,162.038501982748,217.552915045663,204.030864839697,222.780280080524,200.834892103615,0.160011932552291,7.64581198585562,0.695461162210764,1
"9114","PmetTSAr1.1-012233",3477.181997799,1563.10256590573,6.05245722730921,8.04897134031952,104.680272929921,2.68573259800072,68.8959331174531,1332.10571140185,-1.74453541820584,9.68013124888953,0.22185157157298,1
"9115","PmetTSAr1.1-012234",1010.36015741988,346.146378473291,232.688609496786,847.419002362719,513.31564791862,465.677761623873,335.029523909659,467.454180154912,-0.451815208426138,9.04252830001549,0.383380540753926,1
"9116","PmetTSAr1.1-012235",35.6989126464662,15.290412387012,8.13298939919676,26.6886944442174,20.0257913431154,14.4464142902986,10.4768754740653,16.0781139837707,-0.4925121457234,4.20232490244522,0.225156062129884,1
"9117","PmetTSAr1.1-012236",606.027258893851,499.764451559925,1164.71973768032,503.802061393421,615.811289065656,516.650139246981,516.991897143224,582.09566190539,-0.314059803335169,9.28950770915402,0.496467284776245,1
"9118","PmetTSAr1.1-012237",40.6446058342638,42.6882135707436,31.4444066887549,39.6888422340098,35.6823191204602,44.7527863435279,45.6163158140801,48.6023269544619,0.177091196656302,5.36482783962278,0.559697836145982,1
"9119","PmetTSAr1.1-012238",730.299040449056,506.606464884852,54.6612543341363,778.949792211185,825.645171811791,689.187255516438,140.033917586356,761.304358439285,0.222700010903085,9.13160126345958,0.741909278299203,1
"9120","PmetTSAr1.1-012239",367.68980808917,322.437314908216,95.6099102626502,391.089985749538,419.085197016833,318.103823081096,160.191425998458,398.612678027217,0.139082810753011,8.27224501446411,0.787640786136835,1
"9121","PmetTSAr1.1-012240",24.0090923843992,32.127714743138,27.8034753879517,26.8210788412621,25.4509602706139,23.662717731859,23.9082298318169,33.5998614414364,-0.0553054386416608,4.76739180262269,0.851362370504712,1
"9122","PmetTSAr1.1-012241",1274.64001703692,1081.72230667104,2200.44648070361,1153.75649712422,1244.83960041777,1125.18060421504,1191.93316893346,1287.268154095,-0.235869156834938,10.3663474691534,0.601488594668024,1
"9123","PmetTSAr1.1-012242",486.611248832121,117.325654580497,2547.42250518794,1626.97776280031,1264.13718116659,738.915714883631,44.5267207647773,91.1187480876021,-1.15978242707229,9.7559821089207,0.19769398655929,1
"9124","PmetTSAr1.1-012243",23.6494056071048,23.4413326088822,26.905063768273,19.9106133155272,20.3170755808334,25.6699494629964,23.279617303373,23.494427124172,-0.0168614605360464,4.54798294833875,0.952693846582048,1
"9125","PmetTSAr1.1-012244",97.1603907166416,24.8097352738677,491.620295252609,336.971244237653,262.5563297731,137.509509017637,7.60621159417137,18.6540090058185,-1.1568646764716,7.42742676640196,0.196227295086054,1
"9126","PmetTSAr1.1-012245",82.7729196248669,84.3352512007373,80.3369127281122,65.2390308636425,78.4646915352976,69.4615262451345,72.6676082881166,64.9635063252708,-0.130877664487355,6.22569222221274,0.726605058460323,1
"9127","PmetTSAr1.1-012246",819.950969689678,221.651483843631,591.958687724094,499.618714446807,732.507036801447,434.919055659401,98.2311844448358,199.249725936201,-0.54221060774352,8.8131225895244,0.36480147139952,1
"9128","PmetTSAr1.1-012247",252.365235119162,92.6349108427146,228.811254085541,246.049640347333,310.654639526292,170.303717582699,35.0765790871705,69.5774721339938,-0.485505556996371,7.45716332563407,0.414434119211828,1
"9129","PmetTSAr1.1-012248",85.5604921488982,83.6510498682446,78.1618109120479,65.0536927077798,79.156491599878,70.3096523287137,74.6372608772408,64.5955213221212,-0.113898333445405,6.23263086777713,0.761500578339939,1
"9130","PmetTSAr1.1-012249",819.546322065222,269.486081350081,730.550501265058,646.512441407639,897.883662765865,559.367422989919,127.335944511789,245.700755949173,-0.430172270329804,9.06900773375521,0.463260782518974,1
"9131","PmetTSAr1.1-012250",167.614038219176,60.9236664758766,151.264145860642,163.785976023739,210.380040691856,117.437191706263,23.0700797938917,44.0166676844428,-0.461120733732077,6.87468585609883,0.436926952546469,1
"9132","PmetTSAr1.1-012251",44.2864344543693,44.1161120037719,44.1640238305219,40.5096254956871,48.498825580054,38.1091320221576,43.7304782287484,41.6672249720256,-0.00894958980970477,5.4327859030335,0.976635466628162,1
"9133","PmetTSAr1.1-012252",330.642070027849,275.078683546109,517.532377757026,283.885101022717,323.361914396742,258.876351577817,266.070729539361,266.392835741666,-0.336068771800134,8.30048067918051,0.443312176154649,1
"9134","PmetTSAr1.1-012253",120.360187852128,108.490533026134,113.578142656224,79.5630226238821,129.512254195384,96.8559987447419,85.2398588569949,104.196368968768,-0.0212884085153478,6.71120035172607,0.957651422256442,1
"9135","PmetTSAr1.1-012254",541.823169146806,430.273394485878,749.653569388752,509.468113586935,496.85808848755,449.930887338753,436.382817245766,497.317578487444,-0.246704737341936,9.00566734769995,0.57110603776407,1
"9136","PmetTSAr1.1-012255",12.2743112751704,13.3567999256194,12.719617141767,12.7353789957029,14.8919066533349,10.7994721309082,9.8901704475176,11.8038266394937,-0.10996121246384,3.62840676699872,0.706300894606707,1
"9137","PmetTSAr1.1-012257",271.473595162926,234.205090900672,513.938731278311,225.635966323036,267.362519695448,239.567347741665,260.434170534314,265.23226765481,-0.27009789199365,8.1536980636183,0.546647498748142,1
"9138","PmetTSAr1.1-012258",1.70851219214826,2.82604898203529,1.79682323935742,2.67416482030353,1.23795801030168,1.97896086168474,1.65534632490231,2.63250809945542,-0.272762456561446,1.09137117480411,0.387076890511013,1
"9139","PmetTSAr1.1-012259",347.502387713523,309.437489590853,634.136749026905,268.449080327301,363.267854964113,281.973651920623,297.103234693542,317.372911947249,-0.307963976471721,8.46128012780613,0.495994144127611,1
"9140","PmetTSAr1.1-012260",145.897949040029,70.0265189864323,1551.84057611766,165.50697318532,201.677924090029,184.806673611902,69.3988231402082,99.6390162374524,-1.79909247510099,8.28121612712558,0.0214374652990642,1
"9141","PmetTSAr1.1-012261",12.7239197467883,6.36604718058476,148.379771713252,14.2445611220128,20.5719492888367,14.1637055957722,5.9089577673728,8.32212237892358,-1.89152335556949,4.84947303843765,0.0112752554425709,1
"9142","PmetTSAr1.1-012262",15.3316488821725,15.498647575162,18.8666440132529,22.7171625328755,19.5524544568236,23.1821129511641,24.7882873716384,22.5320048082421,0.314236806982496,4.34888789826595,0.280667587186696,1
"9143","PmetTSAr1.1-012264",6.51932283846045,8.00218080176308,4.58662774257026,4.58050013774762,4.95183204120672,5.6259030210752,6.09754152590598,5.49146850854141,-0.0956655727723624,2.53485119353472,0.754407163109622,1
"9144","PmetTSAr1.1-012265",30.9780236944776,22.0431820598753,17.0698207738955,36.3792323078915,26.3248129837681,24.7652816405119,20.6184909329604,22.8716832726879,-0.171817134316888,4.65501210497892,0.589153232200424,1
"9145","PmetTSAr1.1-012266",23.9191706900756,20.0500738304398,22.6021449582328,27.1917551529873,20.535538759122,30.2781011837766,22.5252822692403,21.7677282632389,0.0204974631298261,4.56509556620965,0.945378494031648,1
"9146","PmetTSAr1.1-012267",22.4354627337363,20.4367963227184,20.8526065409638,27.2182320323963,20.5719492888367,29.45824596965,22.483374767344,21.2865171052739,0.0443000170565885,4.53340734903258,0.879914550090057,1
"9147","PmetTSAr1.1-012268",30.2586501398889,20.4367963227184,16.8333966634538,36.1144635138021,24.6499286168893,25.1045320739436,19.9270171516721,20.7769994086051,-0.19722824030632,4.60438900703797,0.538507770077873,1
"9148","PmetTSAr1.1-012269",265.179076560274,293.819850479606,192.685650010039,298.500338456455,273.80718345496,250.423361611478,551.628447460484,302.002461431074,0.391780107871433,8.24594189228744,0.387504493197777,1
"9149","PmetTSAr1.1-012270",160.060615895995,157.039079749098,128.851140190763,128.068665701071,129.548664725099,126.144619497676,179.238385610308,174.679650341284,0.0868298622666032,7.20963168277712,0.832208719021786,1
"9150","PmetTSAr1.1-012271",261.58220878733,134.430687892815,479.940944196785,389.527849864411,374.591529705402,229.672543433241,73.5057583260418,113.933818282882,-0.676695328942878,8.0066746971397,0.226953431168786,1
"9151","PmetTSAr1.1-012272",477.978766177056,394.903160384405,724.214335105218,472.241621137957,550.417977697955,445.916423876478,326.627069779458,340.216288681233,-0.315220901948907,8.86608103450767,0.483047958542295,1
"9152","PmetTSAr1.1-012273",106.242481843324,112.684984673154,59.3897365429717,94.4695057311186,79.1200810701632,120.546987346054,153.611948200745,134.937270001118,0.389141210003521,6.7508675000959,0.356701031515407,1
"9153","PmetTSAr1.1-012274",12.6789588996265,14.3682279823478,9.17325548514053,10.5377980047604,11.1052115630004,9.49901213608677,9.65967918708816,16.8423905287739,0.00970498714699101,3.56018914124743,0.976607661576494,1
"9154","PmetTSAr1.1-012275",189.824696717104,62.6490437491192,899.357316120479,248.909143323499,702.177065549055,363.280672466414,53.5577874234216,61.3119628324778,-0.246997358451269,8.33385185775255,0.75693024919869,1
"9155","PmetTSAr1.1-012276",139.513508743054,113.517925425754,231.033640723694,84.8848753850802,157.329898897458,128.773810356772,121.887969265275,110.084129019163,-0.135003029423198,7.08666184920654,0.759520387942065,1
"9156","PmetTSAr1.1-012277",22.3005801922509,21.745703219661,18.3465109702811,20.2812896272525,20.2442545214039,19.7896086168474,22.6090972730328,23.0981355823185,0.0525703128276878,4.40021572247424,0.852349991741488,1
"9157","PmetTSAr1.1-012278",1020.29650464264,899.9032395321,664.919168206423,1072.84315365048,919.475106886715,962.67964660127,847.495410848086,1097.89741016643,0.0653710357355191,9.86998468335531,0.881135615017947,1
"9158","PmetTSAr1.1-012279",15.8711790481141,16.0936052555904,10.2135215710843,20.2018589890256,16.6032015499284,13.8527260317932,12.844649331204,18.2011043865574,-0.022632429585686,3.95892364204839,0.946344706049246,1
"9159","PmetTSAr1.1-012280",122.113660891439,31.5030091786881,120.008878460241,82.2901412030035,180.195711558324,7.91584344673898,10.2882917155321,35.0434949153313,-0.608607551948611,6.20347938451972,0.420967204459779,1
"9160","PmetTSAr1.1-012281",1195.32908264351,210.34728791549,1021.25758746425,641.19058864644,1371.03849640911,3.61867128993782,3.68786016687097,211.987668352921,-0.948037425964493,9.18567530521249,0.401691750056023,1
"9161","PmetTSAr1.1-012282",59.9328092666744,45.5440104368003,36.6930219405621,49.5647182535465,42.4546776474046,40.823135489611,38.1567804765456,42.9127126749937,-0.222454062835575,5.47796506395001,0.472185578102755,1
"9162","PmetTSAr1.1-012283",960.318734528806,427.953059532207,242.476567669075,486.936289209922,402.372763877761,417.108407904239,369.519397970281,472.153065579746,-0.350292051326888,8.88389109905943,0.473283678569208,1
"9163","PmetTSAr1.1-012284",15.4665314236579,12.6725985931267,8.65312244216864,9.69053786367416,12.7072748704496,4.38198476515908,8.08814786597837,10.5017258591179,-0.382575025084142,3.36780845544768,0.283406670010817,1
"9164","PmetTSAr1.1-012285",5801.92756114683,1116.43808732405,1019.0352008261,891.264714663934,2670.9672282853,601.915081516141,651.724515739703,1114.06044376631,-0.809153231203109,10.7594221279603,0.227718111843022,1
"9165","PmetTSAr1.1-012286",215.677183835137,272.312130332116,138.97009211767,104.292427991838,160.060688626064,167.363547159624,653.88275208736,363.201198108736,0.878668499813598,8.01989288772002,0.102590531759527,1
"9166","PmetTSAr1.1-012287",14.5223536332602,16.5100756318904,16.8806814855421,16.8657721834985,17.258591084794,17.8954603635206,18.8583758533175,19.842883631379,0.189029698845909,4.12053514569007,0.501948654759918,1
"9167","PmetTSAr1.1-012288",9.98130806991876,10.2630199873913,11.7266358779116,12.4970870810224,8.92057978011504,6.10650780177007,8.75866789631855,14.3231085841338,-0.222931527573767,3.37601144051595,0.488188940595103,1
"9168","PmetTSAr1.1-012289",288.064147765628,266.898015440217,309.431875746184,233.605507025129,295.216574927236,233.5173816788,254.692842774526,226.990133865946,-0.11990872238807,8.04224785932509,0.773839048198566,1
"9169","PmetTSAr1.1-012290",97.4301557996124,85.9416369378942,141.287048399999,82.7667250323646,103.915651805912,103.16040263268,95.2767055611494,92.2227030970512,-0.0460923515855528,6.64823541198351,0.908062038882053,1
"9170","PmetTSAr1.1-012291",94.86738751139,95.2824725206214,127.290741061847,82.3166180824125,115.676252903777,88.6009048645713,93.4956367305583,84.3817918760925,-0.0649007708455817,6.61166756073462,0.869597718721795,1
"9171","PmetTSAr1.1-012292",6.38444029697506,6.84201332492754,8.700407264257,6.83103488750802,7.53697965095434,7.52005127440203,9.26155791907368,9.42607738837263,0.232772349853044,2.97754463438516,0.425214996168977,1
"9172","PmetTSAr1.1-012293",23.1997971354869,30.7593120781525,36.6457371184738,20.042997712572,30.0022764849583,21.231422958932,30.1524476143598,26.4383071493695,-0.0367035072070079,4.77431822299913,0.905923681117701,1
"9173","PmetTSAr1.1-012294",137.804996550905,134.133209052601,152.729975345381,119.516633651981,149.064708652208,148.082814192924,150.573654313266,147.646905879134,0.129731099870999,7.15486420852425,0.744731728673075,1
"9174","PmetTSAr1.1-012295",410.672377975847,181.372848878623,470.011131558231,254.151565446471,542.589713809283,278.044001066707,141.312096394192,138.560506955207,-0.258223485926386,8.23900586102796,0.628719212569989,1
"9175","PmetTSAr1.1-012296",19.4680468210578,14.5467152864764,27.9926146763051,10.9084743164857,26.5068656323418,17.160417757752,18.8374221023693,13.8985105035765,0.0688784657997231,4.22600552596985,0.845635605121174,1
"9176","PmetTSAr1.1-012297",1843.84434210526,198.477882190942,60.3354329847387,108.290436782588,738.369132085522,124.052575158181,7.79479535270455,44.3846526875924,-1.27346137005691,8.6099110248362,0.232963954029398,1
"9177","PmetTSAr1.1-012298",58.4041404631733,51.2853520529351,49.7436328369476,53.3509120090258,58.475310721897,57.3898649888576,64.8099516825676,60.6892189809938,0.181880123435522,5.82864224182213,0.57710294605304,1
"9178","PmetTSAr1.1-012299",376.726938368691,107.122130361148,75.3720064088351,71.0374674542016,234.702274541312,79.3280596841056,65.7947779771298,75.7482975714269,-0.468263091187244,7.08492704933316,0.433720155162572,1
"9179","PmetTSAr1.1-012300",183.97978658607,200.827965028634,171.029201493574,136.911943423659,198.437386945416,197.980898776832,226.300510239809,171.339478774233,0.196938148249052,7.53849348768534,0.63303487311442,1
"9180","PmetTSAr1.1-012301",49.6817361137848,53.5759391225848,59.8625847638552,47.7113366949203,45.5131621434441,48.4845411112762,66.9053267773807,51.7160462118823,0.0125087991252296,5.72775778335926,0.970258618874822,1
"9181","PmetTSAr1.1-012302",28.7299813363878,31.7409922508595,24.7772467742971,20.1489052302078,30.0022764849583,27.1683055439863,30.5505688823743,25.5891109882548,0.104628437093228,4.77610761400852,0.722009427388305,1
"9182","PmetTSAr1.1-012303",157.902495232228,98.2870088067852,224.035487054618,131.087029953691,169.60024741133,134.201817291678,74.7210758810334,83.0230780183091,-0.405413922285347,7.06769654300303,0.372602920149554,1
"9183","PmetTSAr1.1-012304",7.1038138515638,7.58571042546314,6.05245722730921,6.35445105814699,7.2456954132363,7.8593017078337,6.13944902780224,6.08590582132167,0.0109273135844304,2.77916579147198,0.971703537497429,1
"9184","PmetTSAr1.1-012305",54.8971943845532,49.1137565193712,54.8976784445781,43.2367440748085,52.5768049081066,49.9546263228135,60.4096639834602,49.1401511898345,0.0695384080569306,5.69595283623647,0.828118537426219,1
"9185","PmetTSAr1.1-012307",56.0661764107599,62.0243381846692,60.3827178068271,48.849842509505,57.0188895333068,48.9651458919711,60.1582189720827,54.1787150791148,-0.0450243931659674,5.80775331917036,0.890375695018334,1
"9186","PmetTSAr1.1-012308",252.590039354971,232.658200931558,292.976757659437,224.576891146678,284.621110780242,222.661367808986,185.587372147592,190.078407396163,-0.183637757602829,7.88124639471169,0.663499435476511,1
"9187","PmetTSAr1.1-012309",201.73932121498,114.618597134547,160.484686167871,147.661556463691,178.520827191445,100.107148731795,31.6820714335733,108.385736696933,-0.576901172952112,7.02725637666585,0.246275971778055,1
"9188","PmetTSAr1.1-012310",118.831519048627,80.3787826258879,121.049144546184,34.4728969904474,92.2278717674751,49.8698137144556,71.0960769670068,84.6931638018346,-0.251729840468172,6.35085747781846,0.580797033847721,1
"9189","PmetTSAr1.1-012311",83.9419016510736,60.2097172593624,178.169209628915,125.738700313084,105.226430875643,111.783017815735,76.0830696926619,73.8517594782709,-0.288064007359911,6.6713690713886,0.516648574787443,1
"9190","PmetTSAr1.1-012312",2.427885746737,2.14184764954254,1.70225359518072,1.72099716158148,2.07540019374105,1.89414825332683,2.30491260429436,1.78331193834077,0.0172912070203776,1.04797486598043,0.982702896704933,1
"9191","PmetTSAr1.1-012313",121.484209031173,78.8318926567739,121.994840987951,33.9963131610864,95.3955878526588,48.0604780694866,70.970354461318,83.2212237892359,-0.259285533043603,6.35378984120897,0.574041734577561,1
"9192","PmetTSAr1.1-012314",75.4892623846559,46.6744300296144,149.798316375903,109.720188270671,91.49966117318,95.046663099773,59.8229589569126,64.6804409382326,-0.295163161322023,6.43697016061533,0.50686877149999,1
"9193","PmetTSAr1.1-012315",2.11315981660442,2.52857014182105,1.79682323935742,1.42975148808307,1.85693701545252,1.32873086427404,2.05346759291679,2.00976424797134,-0.114306677372116,0.963540249672524,0.697917252435649,1
"9194","PmetTSAr1.1-012316",81.4690550571748,58.4248442180769,173.913575640963,126.268237901263,103.988472865341,110.397745212556,72.8771457975979,74.304664097532,-0.283429280931603,6.64753943042607,0.524182566521563,1
"9195","PmetTSAr1.1-012317",127.194236620722,78.2071870923239,122.562258853012,34.7906195433548,90.7714505788849,49.1065002392343,69.7131294044302,81.8908164701562,-0.315344272116858,6.35439531541194,0.492436666279207,1
"9196","PmetTSAr1.1-012318",1.70851219214826,2.02285611345684,2.03324734979919,1.74747404099042,1.92975807488203,1.47008521153724,2.01156009102053,1.83992501574841,-0.0488098129126333,0.930806925436461,0.867181063586585,1
"9197","PmetTSAr1.1-012319",75.3993406903323,46.1984638852716,157.36388791004,108.475774938451,89.3150293902947,90.8060326818771,59.1524389265724,62.9254355385957,-0.358385031974133,6.43048559257115,0.42430041906682,1
"9198","PmetTSAr1.1-012320",118.336949729848,81.8364289429377,119.961593638152,36.8822930166615,94.2668614315014,49.2478545864975,69.8598056610671,84.947922650169,-0.258904386452379,6.35686056718548,0.566184044106789,1
"9199","PmetTSAr1.1-012321",2.15812066376622,2.08235188149969,1.89139288353413,1.32384397044729,2.29386337202958,1.86587738387419,1.82297633248735,2.00976424797134,0.105202021702135,0.992056560391885,0.723369090751054,1
"9200","PmetTSAr1.1-012322",190.99367874331,178.457556244523,233.019603251405,254.310426722924,207.976945730682,243.186019031602,113.129301368957,195.994473985262,-0.172426277606711,7.65957060289784,0.69158500861643,1
"9201","PmetTSAr1.1-012323",42.5329614150592,38.4640140397014,31.3025522224898,32.9901917435465,38.6679825570701,36.1867128993782,37.6538904537905,36.996646085895,0.0412902969058805,5.20596147065022,0.889390255525256,1
"9202","PmetTSAr1.1-012324",204.526893739011,164.981764782818,89.9357316120479,328.551596585608,193.740428612213,254.353012465395,192.648786217112,181.133541165755,0.0606330635743012,7.65324741032099,0.897015435520732,1
"9203","PmetTSAr1.1-012325",72.5218464719773,86.7150819224512,56.9309257943773,56.2104149851919,79.8482916644583,81.3070205457903,98.0006931844064,77.0503983518027,0.303720360450663,6.25059346403321,0.429689381106089,1
"9204","PmetTSAr1.1-012326",7.77822655899075,11.3339438121626,5.67417865060239,6.85751176691696,10.3405904389905,8.39644822743384,11.1054880025092,8.29381584021976,0.267044052529014,3.13605405558577,0.392481369694093,1
"9205","PmetTSAr1.1-012327",6.06971436684249,6.45529083264903,8.74769208634535,8.8432777225879,7.64621124009861,7.68967649111786,5.97181902021719,5.6046946633567,-0.163789037032062,2.84543409001994,0.585685022869268,1
"9206","PmetTSAr1.1-012328",78.0520306728782,49.4112353595854,50.1219114136544,65.1331233460067,59.2399318459068,54.3648819574252,51.8186260947267,51.9708050602167,-0.158965601023196,5.84728804840387,0.641699665287052,1
"9207","PmetTSAr1.1-012329",87.8984562013116,84.0377723605231,79.24936182008,69.7136234837543,79.5570074267403,79.4128722924635,89.4934702994654,87.9767222914779,0.0683102548570039,6.36157343685946,0.856660776324029,1
"9208","PmetTSAr1.1-012330",384.190438997549,354.148559275054,218.645017336545,200.721222799218,290.155511296885,244.23204120135,403.464474506253,393.998712218494,0.202187421101788,8.28197266665062,0.653971906034499,1
"9209","PmetTSAr1.1-012331",245.621108044893,273.561541461016,243.043985534136,251.742169420257,232.335590109853,214.434544798268,263.996308195496,256.287401424402,-0.0683452761462323,7.95239435373563,0.86872390627582,1
"9210","PmetTSAr1.1-012332",47.883302227313,49.8277057358854,40.8540862843372,37.5706918812941,52.1398785515295,53.9973606545409,60.4934789872528,43.5920696038854,0.255342875804661,5.59573462659162,0.41884736732571,1
"9211","PmetTSAr1.1-012333",102.330888140248,105.456248855948,85.4909583357426,92.2984016195851,96.2330300360982,67.9914410335973,93.5794517343508,101.563860869312,-0.101583131708853,6.54193138891662,0.794340041260965,1
"9212","PmetTSAr1.1-012336",12.7239197467883,11.4826832322697,13.0978957184738,9.31986155194892,14.6370329453316,10.4319508280239,12.1531755499157,11.6056808685669,0.0676052722169111,3.5835629647728,0.820447793569905,1
"9213","PmetTSAr1.1-012337",292.829997564779,261.037682287996,266.213548357429,241.813339641902,281.744678932776,307.587059644714,291.382860684703,317.939042721326,0.1747898802671,8.14277298233533,0.673374609977428,1
"9214","PmetTSAr1.1-012338",4.58600641050321,4.1944516470208,4.68119738674697,4.65993077597446,4.29644250634112,4.15581780953796,4.50505645384806,4.78380504094587,-0.0293977505591528,2.18384820199403,0.916657542989266,1
"9215","PmetTSAr1.1-012339",287.839343529819,288.762710195964,411.236097702408,388.601159085097,297.583259358695,364.185340288898,366.837317848921,365.578947359857,0.0184931897446882,8.43625583803357,0.965461206937359,1
"9216","PmetTSAr1.1-012340",688.260648352777,442.440279050641,602.881481626504,712.466348015323,443.625894044578,626.652092287201,100.473235796286,648.332962472333,-0.427251300113961,9.05851303313887,0.428204424400017,1
"9217","PmetTSAr1.1-012341",475.056311111539,436.966668390699,504.954615081524,414.124870835321,438.492009354798,436.982829129444,349.508565814817,434.845047568109,-0.141672953457276,8.76958020163592,0.738660004859725,1
"9218","PmetTSAr1.1-012342",460.533957478279,472.812868636515,582.123444729717,314.783619292957,438.710472533086,356.750101622854,390.955085190219,361.417886170396,-0.241770697014861,8.7221680565845,0.579003439639594,1
"9219","PmetTSAr1.1-012343",177.055816123154,84.8409652291015,136.842275123694,69.1840858955754,142.073886946975,69.5463388534924,55.5064862615977,61.764867451739,-0.50863454843291,6.63862467947694,0.276639060126222,1
"9220","PmetTSAr1.1-012344",206.460210166968,107.657592273534,244.746239129316,217.110411153356,201.168176674023,232.160379945073,40.7550455941138,119.000688710866,-0.387802979530377,7.41934803270966,0.460149297103132,1
"9221","PmetTSAr1.1-012345",14.6572361747456,16.4208319798261,35.7946103208834,28.8862754351599,22.5745284231483,37.7981524581786,5.46892899746206,16.2196466772898,-0.223041224928428,4.47762100504602,0.633883160111731,1
"9222","PmetTSAr1.1-012346",14.567314480422,9.69781019098426,15.5094216449799,15.8331738865496,14.8919066533349,15.5207073294989,10.2463842136358,13.3040731907962,-0.0434227670944973,3.78165283450189,0.888665388195105,1
"9223","PmetTSAr1.1-012347",260.81787438558,98.4654961109138,305.980083733734,286.479835204794,273.188204449809,229.248480391451,18.9631446080581,144.250121234675,-0.515843937367148,7.65974274797248,0.410378762003115,1
"9224","PmetTSAr1.1-012348",9.12705197384463,14.6062110545192,7.70742600040158,9.45224594899365,13.0713801675971,13.089412556572,14.1437818899881,13.5588320391306,0.395251898345406,3.57473807548699,0.192150634418991,1
"9225","PmetTSAr1.1-012349",47.2988112142096,37.9880478953586,56.0325141746986,83.2168319823166,88.4047661474258,113.620624330157,49.7442047508618,52.1689508311434,0.436553725174176,6.04711455350207,0.309230600991988,1
"9226","PmetTSAr1.1-012350",239.236667747918,206.331323572598,263.754737608834,443.726022014523,424.401134355187,517.837515763992,258.590240450879,254.589009102173,0.335923978457581,8.34927949623381,0.472168702282178,1
"9227","PmetTSAr1.1-012351",42.0383920962795,42.8072051068293,51.9660194751002,40.6155330133229,46.1685516783097,45.5443706882018,46.4125583501091,42.5730342105479,0.0265918158524066,5.48623555597809,0.930558346367408,1
"9228","PmetTSAr1.1-012352",148.280873939604,123.185987732717,130.36425449759,110.964601602892,135.629223187463,149.496357665556,132.490567245029,152.43071092008,0.15274785671937,7.08124925897137,0.701953216461658,1
"9229","PmetTSAr1.1-012353",2.3829248995752,3.24251935833523,3.07351343574296,2.99188737321088,3.422589793187,3.16633737869559,3.68786016687097,3.08541271871657,0.18994668971005,1.67672624357773,0.466941530183315,1
"9230","PmetTSAr1.1-012354",75.8489491619502,68.7771078575325,65.0166303714857,91.2128495638183,84.945765824524,88.4878213867607,69.5454993968451,73.6819202460479,0.0737126222280957,6.27151923374326,0.846189841174566,1
"9231","PmetTSAr1.1-012356",58.3142187688497,48.8757734471998,42.6509095236946,45.4078481863421,50.7198678926541,38.6180076723051,29.7124188444491,49.3666034994651,-0.213518172059565,5.50820596702554,0.506928260551348,1
"9232","PmetTSAr1.1-012358",167.479155677691,96.5318836495212,294.773580898794,79.9072220561984,197.126607875685,71.9776336264194,127.398805764633,152.006112839523,-0.219481457069165,7.21371987811027,0.663276045427685,1
"9233","PmetTSAr1.1-012359",6.20459690832788,6.63377813677757,9.45696441767065,5.61309843469651,7.79185335895763,7.68967649111786,7.66907284701576,6.0009862052102,0.0658599078876885,2.84597321859401,0.833982019789795,1
"9234","PmetTSAr1.1-012360",13.3983324542153,7.22873581720606,25.8647976823292,7.12228056100642,20.2806650511187,6.21959127958062,7.92051785839333,10.7847912461561,-0.244981322700647,3.63068760652607,0.588394084451365,1
"9235","PmetTSAr1.1-012361",168.018685843633,72.7335764323819,278.318462812047,80.2514214885147,215.550335911351,69.9421310258294,86.1618238987126,116.821085230672,-0.294962588626047,7.08753655547509,0.57508593436445,1
"9236","PmetTSAr1.1-012362",5.21545827076836,5.71159373211343,9.40967959558229,6.56626609341856,7.17287435380679,7.15252997151772,7.83670285460081,6.6520365953981,0.101596790907698,2.81241621492156,0.742619803753452,1
"9237","PmetTSAr1.1-012363",13.7130583843478,7.22873581720606,24.9191012405622,6.67217361105434,21.5550335911351,5.51281954326464,7.58525784322324,10.643258552637,-0.212875764677414,3.61611751517511,0.650097277027079,1
"9238","PmetTSAr1.1-012364",9.93634722275697,10.8282297837984,13.7598832277108,6.69865049046329,11.3600852710036,6.89809214644397,7.4176278356382,7.81260468225479,-0.298992628661285,3.23076521814417,0.353964889279468,1
"9239","PmetTSAr1.1-012365",59.7080050308654,54.3791319911632,47.6158158429717,29.0716135910225,52.5039838486771,35.5082120325148,40.1683405675662,36.204063002188,-0.214612574972293,5.47400703719951,0.520094074489036,1
"9240","PmetTSAr1.1-012366",44.1065910657221,48.1023284626428,46.6228345791163,24.6764516091375,48.4260045206245,29.0624537973131,32.268776460121,34.6472033734778,-0.179150984198175,5.26830448510443,0.590070477884224,1
"9241","PmetTSAr1.1-012367",54.942155231715,55.0930812076774,48.0413792417669,28.7538910381151,49.8824257092147,34.6883568183883,40.294063073255,39.063023411274,-0.18848004030918,5.45608605522206,0.566031269038878,1
"9242","PmetTSAr1.1-012368",9.44177790397721,11.0364649719483,12.4831930313253,7.91658694327479,10.6682852064233,7.18080084097036,7.79479535270455,7.5578458339204,-0.299908997875437,3.2191630651579,0.322020394718331,1
"9243","PmetTSAr1.1-012369",45.7701424107086,48.5485467229641,45.3934292048191,24.411682815048,48.2439518720507,30.2498303143239,31.7030251845215,33.0054241286561,-0.196648127190795,5.26554658389683,0.554807829747741,1
"9244","PmetTSAr1.1-012370",219.049247372271,121.490358343496,305.365381046585,394.161303760976,230.369421505257,253.222177687289,55.6322087672865,183.681129649099,-0.524848879571549,7.78412793219041,0.322068482393529,1
"9245","PmetTSAr1.1-012371",18.6587515721454,24.3337691295249,21.7037333385541,18.057231756901,20.972465115699,17.8389186246153,18.3135783286661,18.1161847704459,-0.137599799807829,4.30804221772412,0.629434008958062,1
"9246","PmetTSAr1.1-012372",24.9532701747969,15.8258742993976,35.60547103253,49.7765332888181,24.8683917951778,26.800784241102,6.16040277875037,17.4934409189618,-0.744957312483861,4.65746489194585,0.0906515711446752,1
"9247","PmetTSAr1.1-012373",272.957303119265,276.328094675008,290.376092444577,230.269420219602,291.320648247757,266.50948633003,278.202951338329,272.705193872618,0.0514161725983203,8.08954651212636,0.90119255562905,1
"9248","PmetTSAr1.1-012374",114.695121109742,64.1661858342118,53.2899944935741,43.5544666277158,56.6183737064444,52.2445667484772,63.6994028823167,65.1616520961976,-0.213533581034509,6.00520271432379,0.588862496193737,1
"9249","PmetTSAr1.1-012375",159.790850813024,188.185114319529,170.414498806425,148.800062278275,180.01365890975,158.571306759853,161.637234813879,174.28335879943,0.015720725084417,7.39036383473755,0.969101651356439,1
"9250","PmetTSAr1.1-012376",60.7870653627485,16.3613362117833,7.84928046666664,79.6159763827,20.5719492888367,2.71400346745336,1.02673379645839,119.680045639758,-0.193219187524349,5.27208555689273,0.839730020487812,1
"9251","PmetTSAr1.1-012377",11.0603684018019,4.9381487475564,8.74769208634535,13.4767316191534,8.55647448296749,10.6298469141923,7.48048908848259,9.79406239152231,-0.0685203484371028,3.23201636695227,0.842160342572382,1
"9252","PmetTSAr1.1-012378",98.3293727428483,106.408181144634,118.543048975502,70.7726986601121,95.7232826200916,70.8750697177665,87.4190489556005,88.4013203720352,-0.202533456332395,6.52533292522082,0.607773875239133,1
"9253","PmetTSAr1.1-012379",422.901728403855,587.342222118997,163.747338891967,246.420316659059,325.728598828201,332.861216935374,676.470895609445,470.25652748659,0.345936227624651,8.65568089123273,0.492278747206204,1
"9254","PmetTSAr1.1-012380",99.6332373105404,157.247314937248,41.5160737935741,68.5751176691696,81.7780497393403,74.9743457883992,156.398797076846,118.604397169013,0.234481695097165,6.64265141020809,0.621460637502363,1
"9255","PmetTSAr1.1-012381",134.073246236476,22.4299045521538,38.3479907136545,12.6029945986582,63.6456059413922,9.78172083061316,3.89739767635227,9.31285123355734,-1.25998665970556,5.20042456414424,0.0944616438864479,1
"9256","PmetTSAr1.1-012382",168.333411773765,126.279767670945,156.276337002007,107.337269123866,164.429952191835,142.032848130059,126.665424481449,145.014397779679,0.0506386382893419,7.15077001957338,0.901424224927159,1
"9257","PmetTSAr1.1-012383",159.880772507347,129.433043377216,140.956054645381,112.632645005655,154.453467049992,115.769210408558,111.453001293106,129.162736105538,-0.087804054261618,7.04189849228147,0.827775086054236,1
"9258","PmetTSAr1.1-012384",24.9982310219587,23.2628453047536,30.8769888236947,28.1184459323004,25.742244508332,26.1222833742386,24.1177673412982,26.6930659977039,-0.0627955995813306,4.71701134845056,0.825259823157765,1
"9259","PmetTSAr1.1-012385",213.474102324208,216.713335096075,193.82048574016,168.975444387892,227.092473830929,212.003250025341,242.225360960389,255.126833337545,0.239922837894045,7.75650530488102,0.56018259620157,1
"9260","PmetTSAr1.1-012386",11.914624497876,11.0067170879269,15.6985609333333,14.3239917602397,11.9426537464397,12.9480582093088,15.086700682654,13.3889928069077,0.0125720443336342,3.73883596961155,0.969426173175485,1
"9261","PmetTSAr1.1-012387",316.119716394589,200.679225608527,222.711512036144,258.890926860672,330.498378220834,248.614025966509,119.562102910033,185.322908893921,-0.175620948055412,7.87866883117543,0.70058371700985,1
"9262","PmetTSAr1.1-012388",17.0401610743208,14.3979758663693,23.7369806883533,16.7863415452716,23.6668443145909,19.7047960084895,13.7666143729217,16.5876316804395,0.035142910883447,4.19095355579664,0.911478323688158,1
"9263","PmetTSAr1.1-012389",21.176559013206,14.3682279823478,16.2186939763052,16.7863415452716,22.1011915368565,16.0861247185517,7.50144283943072,10.954630478379,-0.27644464432539,3.97252662319658,0.430448194937306,1
"9264","PmetTSAr1.1-012390",26.8865866027541,30.8783036142382,49.6017783706825,34.6317582669011,28.9099605935157,32.7942085650615,35.0346715852742,32.7223587416179,-0.132786194520162,5.08705662410851,0.66721974840376,1
"9265","PmetTSAr1.1-012391",135.467032498492,112.000783340662,154.006665541766,78.0008867387543,128.63840148223,96.9690822225525,93.8937579985728,74.4745033297549,-0.283254719485535,6.77121186113023,0.497444473718095,1
"9266","PmetTSAr1.1-012392",147.696382926501,136.423796122251,168.995954143774,106.304670826917,144.586213497293,138.385905970669,118.283924102197,144.335040850787,-0.0360502716795378,7.11041679858735,0.929203463783067,1
"9267","PmetTSAr1.1-012393",72.2970422361683,67.2599657724399,71.1636572429716,64.1270019284667,72.2749014837892,68.2176079892184,63.6155878785242,64.1709232415638,-0.0348711969900707,6.08638813968432,0.924488081201497,1
"9268","PmetTSAr1.1-012394",38.3516026290122,32.4251935833523,53.5737034261042,28.2773072087541,42.4546776474046,34.5187316016725,30.1524476143598,29.0708152488249,-0.16384454919723,5.17601712649434,0.609687262346029,1
"9269","PmetTSAr1.1-012395",220.353111939963,411.889202160638,13.7598832277108,63.9681406520131,142.292350125264,73.5608023157672,570.193470800527,408.435046957444,0.750527192947902,7.89570227516149,0.337301795444981,1
"9270","PmetTSAr1.1-012397",347.18766178339,240.571138081257,384.236464289958,495.170598706104,340.948200248968,375.66331328667,83.0816225093374,332.064005534533,-0.374503006600991,8.34393276931928,0.463591782668357,1
"9271","PmetTSAr1.1-012398",45.0957297032816,37.0658634906944,53.4318489598392,65.5832302959587,48.8265203474868,43.565409826517,12.9703718368928,46.1113515485256,-0.40988163408421,5.46381903830218,0.305445930240659,1
"9272","PmetTSAr1.1-012399",198.097492594874,126.16077613486,142.280029663855,147.661556463691,171.05666859992,146.358291156313,86.7904364271565,133.69178229815,-0.191403502695838,7.17056577514767,0.651520591416132,1
"9273","PmetTSAr1.1-012400",86.2349048563252,85.4954186775729,167.861118413654,83.6404620528598,108.721841728259,84.4168161855807,77.3612485004978,82.1172687797868,-0.263236381924705,6.60034371440431,0.528766507200706,1
"9274","PmetTSAr1.1-012401",101.836318821468,64.9693787027902,76.7432662493973,76.2534126977639,87.8221976719897,75.7942010025257,43.6257094740077,68.7282759728791,-0.212718145015954,6.21960983908455,0.594545514862413,1
"9275","PmetTSAr1.1-012402",28.8199030307114,12.0478930286768,384.520173222488,81.7606036148246,191.919902126475,186.559467517966,3.58309141213032,16.2196466772898,-0.348584790302628,6.82270932522888,0.723065849352563,1
"9276","PmetTSAr1.1-012403",35.3392258691718,24.482508549632,38.6316996461846,43.3426515924443,38.1582351410635,31.2110398757137,14.5209494070544,29.0708152488249,-0.328603430702064,4.99531906683306,0.342393100401478,1
"9277","PmetTSAr1.1-012404",38.4415243233358,24.5122564336535,39.8138201983934,44.3752498893932,40.5613301022374,31.7764572647665,15.736266962046,28.3914583199332,-0.337861120897486,5.0444756865643,0.330933169514996,1
"9278","PmetTSAr1.1-012405",30.7532194586686,11.8099099565054,390.856339382328,81.4958348207352,194.432228676793,184.948027959166,3.4364151554934,16.5876316804395,-0.366452719159954,6.83679262764012,0.709985035514135,1
"9279","PmetTSAr1.1-012406",165.321035013925,147.460261094199,139.2538010502,113.479905146742,156.055530357441,157.214305026127,140.515853858163,167.121804507363,0.134846967260628,7.2129810497298,0.739120020968134,1
"9280","PmetTSAr1.1-012407",4.49608471617962,3.92672069082798,2.97894379156625,1.74747404099042,2.84002131775091,2.31821129511641,2.64017261946444,2.91557348649364,-0.28924571877298,1.6020766866334,0.355229110355926,1
"9281","PmetTSAr1.1-012408",24.2338966202082,25.9104069826604,67.6172955863451,28.7009372792972,26.4340445729123,28.2425985831866,30.9486901503888,27.9102471619682,-0.366385309633066,5.02446590226118,0.308653703081876,1
"9282","PmetTSAr1.1-012409",360.046464071664,368.576283025445,46.7646890453814,184.888048912669,314.805439913774,214.151836103742,758.651506828013,419.474597051934,0.829997062069433,8.38155756143675,0.166312889583171,1
"9283","PmetTSAr1.1-012410",32.7314967337877,38.01779577938,53.4791337819275,43.8192354218053,43.0372461228407,47.1275393775495,55.1712262464276,48.9136988802039,0.209292084004604,5.50308361079579,0.506420831454159,1
"9284","PmetTSAr1.1-012411",321.020448735225,325.917817338722,428.211348832127,235.379457945528,320.412661489846,265.463464160282,306.029532597446,281.763286257841,-0.159087304850777,8.2788121021933,0.711443720779684,1
"9285","PmetTSAr1.1-012412",39.3407412665717,30.0156149776169,46.5282649349396,30.1836425261982,28.4730342369386,38.4201115861367,41.3836581225577,31.6467102708727,-0.0609787776033292,5.16213279279823,0.844002447318156,1
"9286","PmetTSAr1.1-012413",134.253089625124,110.483641255569,231.411919300401,122.905674216326,163.774562656969,137.820488581616,134.124959818983,119.283754097905,-0.1100930667817,7.17300354922606,0.796852673786254,1
"9287","PmetTSAr1.1-012414",143.515024140454,153.32059424642,183.323255236545,119.675494928435,165.631499672422,135.163026853068,140.222501344889,136.975340787793,-0.0534749456772091,7.20245817927735,0.895554308192575,1
"9288","PmetTSAr1.1-012415",299.079555320268,301.078334180833,334.965679673894,242.448784747717,309.161807807987,292.688311443174,310.639357806035,297.699867548093,0.039440549910848,8.22172749034717,0.924955275510767,1
"9289","PmetTSAr1.1-012416",57.9545319915553,39.1482153721941,107.998533649799,41.8599463455433,56.2542684092969,33.303084215209,39.0368380163671,38.7516514855319,-0.561067768103646,5.69561894695875,0.150332346639591,1
"9290","PmetTSAr1.1-012417",9.21697366816823,8.77562578632011,11.6793510558232,8.4990782902716,7.46415859152483,7.88757257728634,6.41184779012793,5.18009658279937,-0.501363507905759,3.03396026450892,0.09152615114516,1
"9291","PmetTSAr1.1-012418",10.2061123057277,11.7206663044411,15.3202823566264,9.45224594899365,13.9088223510365,12.1847447340875,10.7492742363909,11.1527762493058,0.0402834537435827,3.57204639091113,0.895671748663481,1
"9292","PmetTSAr1.1-012419",133.713559459182,112.714732557176,150.17659495261,179.592673030879,158.677088496903,151.24915157162,167.148071313237,126.13393646423,0.066078419454127,7.20446577687007,0.872066160636681,1
"9293","PmetTSAr1.1-012420",38.9810544892773,37.036115606673,47.2375372662649,53.6951114413421,52.9773207349689,41.9822411371692,47.7535984107894,35.0151883766275,0.00613220366452778,5.47237398303707,0.98488614165932,1
"9294","PmetTSAr1.1-012421",42.6678439565446,41.736281282058,50.4056203461845,36.2203710314379,45.6952147920179,46.307684163423,43.0809119493563,38.5535057146052,0.0221283865170933,5.43099759535885,0.942663503503103,1
"9295","PmetTSAr1.1-012422",74.5900454414199,56.6994669448343,92.9146754036141,52.5036518679395,76.2072386929828,62.9309554015749,60.3887102325121,55.3958962433791,-0.118082406846551,6.05537847827218,0.760492550461462,1
"9296","PmetTSAr1.1-012423",12.5440763581411,10.9174734358626,16.6915421971887,10.0612141753994,15.1467803613382,12.382640820256,8.92629790390359,10.1903539333758,-0.105704552840008,3.60384745885889,0.73485327252055,1
"9297","PmetTSAr1.1-012424",136.591053677537,80.1705474377379,182.661267727309,123.752934357413,138.942581391506,130.413520785025,70.5093719404591,91.8547180939015,-0.277161366464418,6.89975883749644,0.526233783546804,1
"9298","PmetTSAr1.1-012425",1.48370795633928,0.951932288685571,2.55338039277107,1.5621358851278,1.42001065887546,1.27218912536876,1.29913255878409,0.905809238522295,-0.401351471741756,0.566517246968712,0.208915292744059,1
"9299","PmetTSAr1.1-012426",229.255359677999,234.8000485811,240.206896208834,158.066970071406,218.972925704538,188.510157510198,234.36770435484,211.53476373366,-0.0149968954643897,7.74498462790146,0.971369251079331,1
"9300","PmetTSAr1.1-012427",243.957556699906,233.669628988286,200.345791188353,147.6880333431,204.699998056354,206.914493523866,199.186356512929,274.233746962625,0.100213862183388,7.74076865823662,0.813024255010337,1
"9301","PmetTSAr1.1-012428",4.09143709172346,3.51025031452804,2.41152592650602,2.93893361439298,2.87643184746567,3.47731694267462,3.24783139696023,3.36847810575478,0.00325648453408965,1.72359356609438,1,1
"9302","PmetTSAr1.1-012429",45.0507688561198,49.9764451559925,31.3025522224898,35.1348189756711,44.6028989005752,26.8573259800072,37.3395841895686,43.3373107555511,-0.0861454355983628,5.29502187833572,0.788954716375674,1
"9303","PmetTSAr1.1-012430",11.0603684018019,9.0136088584915,13.6180287614457,9.45224594899365,11.7241905681512,9.35765778882358,7.75288785080829,8.52026814985034,-0.207179844274146,3.33821813625059,0.489953191983999,1
"9304","PmetTSAr1.1-012431",54.267742524288,52.6537547179206,76.6014117831322,59.8907012230354,56.7276052955887,55.5805293438887,43.3742644626301,56.2167858657899,-0.199977129810579,5.83209771494923,0.553055405065615,1
"9305","PmetTSAr1.1-012432",66.631975493782,66.9922348162471,45.8662774257026,46.5728308803357,58.0383843653199,47.2688937248127,57.5390001035664,61.0005909067358,-0.014219840878835,5.81506054420124,0.966791147202718,1
"9306","PmetTSAr1.1-012433",357.079048158986,284.151788172643,309.337306102007,237.788853971742,317.936745469243,286.016386252351,273.844571141118,303.332868750154,-0.00877607886981437,8.21063223977523,0.983414487905958,1
"9307","PmetTSAr1.1-012434",27.4710776158575,26.862339271346,23.7842655104417,21.6845642359266,24.4314654386008,21.7120277396269,21.0794734538193,22.2206328825,-0.158099046554531,4.56762106394881,0.574772553447598,1
"9308","PmetTSAr1.1-012435",16.5905526027028,14.9631856627763,23.4059869337349,17.2364484952237,18.8606543922432,18.573961230384,16.4067869923862,14.3231085841338,-0.0821860364947074,4.13755943057808,0.781393055268012,1
"9309","PmetTSAr1.1-012436",198.50214021933,182.681755775565,160.200977235341,176.018294310672,180.70545897433,185.259007523145,194.869883817614,197.211655149526,0.0795043395577747,7.52743100234354,0.844615108672376,1
"9310","PmetTSAr1.1-012437",9.03713027952104,8.50789483012729,8.0857045771084,7.04284992277958,9.21186401783308,7.26561344932828,8.92629790390359,7.98244391447772,0.0320117002282533,3.05610094905051,0.915932976343123,1
"9311","PmetTSAr1.1-012438",147.876226315148,125.863297294645,147.00851187269,138.156356755879,156.674509362592,135.5022772865,147.744897935268,126.983132625344,0.0205266983375158,7.13735534848504,0.959103334886111,1
"9312","PmetTSAr1.1-012439",63.0351077208383,62.3813127929263,61.4702687148592,47.7907673331472,66.9953746751497,52.188025009572,55.3807637559089,51.0933023603982,-0.0564922169274453,5.84796375478673,0.866699621820643,1
"9313","PmetTSAr1.1-012440",151.922702559709,83.0263443037947,679.388323765459,404.301948574602,332.610188944289,415.807947909417,13.6618456181811,293.340660587704,-0.321231120310966,8.2133365679312,0.671965568835099,1
"9314","PmetTSAr1.1-012441",16.5006309083792,18.4436880932829,30.0731468481927,17.0246334599521,20.7540019374105,19.3090038361526,17.9992720644441,19.3333659347102,-0.0831853703460707,4.32075727142147,0.784783722980074,1
"9315","PmetTSAr1.1-012442",88.6627906030622,63.481984501719,121.049144546184,107.734422315,104.753093989351,86.2261518305496,34.6365503172597,57.9434847267231,-0.425990765693532,6.376917317288,0.337550855725605,1
"9316","PmetTSAr1.1-012444",44.9608471617962,47.0016567538501,49.8382024811243,30.766133873195,50.6834573629393,43.3957846098012,48.005043422167,39.5725411079428,0.0743940642309775,5.47039974368654,0.813197223873496,1
"9317","PmetTSAr1.1-012445",92.664306000462,62.7680352852048,91.6379852072286,104.530719906518,79.0472600107337,98.4108965646371,75.1191971490478,84.5233245696116,-0.0607389552053065,6.42873280934343,0.876947567584394,1
"9318","PmetTSAr1.1-012446",8.49760011357949,6.5445344847133,9.22054030722888,9.53167658722049,8.44724289382322,9.52728300553941,7.71098034891202,8.49196161114651,0.0165872980464164,3.09699426380874,0.958648035960841,1
"9319","PmetTSAr1.1-012447",8.63248265506487,9.0136088584915,14.0908769823293,8.02249446091058,8.84775872068553,10.4036799585712,11.6712392781087,10.3318866268949,0.0565307571806087,3.34843419546624,0.859306761271626,1
"9320","PmetTSAr1.1-012448",75.9838317034356,62.9465225893334,89.7938771457828,76.5976121300802,66.5584483185726,118.850735178895,96.9320518860517,80.9567006929301,0.250977479882811,6.38615158726342,0.526386164023831,1
"9321","PmetTSAr1.1-012449",19.7827727511903,17.045537544276,25.9593673265059,19.8047057978915,19.3704018082498,26.2070959825965,20.5765834310642,24.8248344432516,0.140444214644938,4.44336237850116,0.634354159198532,1
"9322","PmetTSAr1.1-012450",102.645614070381,55.3905600478917,257.324001804818,58.9640104437223,131.806117567414,99.3155643871215,78.3251210441118,74.1348248653091,-0.306148531144836,6.74512856192457,0.550381711566191,1
"9323","PmetTSAr1.1-012451",22.6153061223835,15.6771348792905,12.4359082092369,15.2242056601438,16.1662751933513,12.6653495147824,26.7998474626589,19.8711901700828,0.19618084146656,4.14960174827414,0.553509126189322,1
"9324","PmetTSAr1.1-012452",131.690321336901,83.9485287084588,60.2881481626504,546.906421071184,248.101349476342,338.882912128786,8.59103788873351,124.831835683854,-0.191886902177433,7.59229765859469,0.81061893605018,1
"9325","PmetTSAr1.1-012454",51.0755223758005,37.2740986788444,58.3494704570279,53.6951114413421,58.2932580733232,55.2130080410044,49.932788509395,59.2455855070989,0.152286603052162,5.72640122636834,0.640677873200228,1
"9326","PmetTSAr1.1-012455",291.930780621543,231.02206731038,492.565991694376,258.44081991072,317.281355934377,254.042032901416,238.495593291621,233.302491996899,-0.288372094746956,8.1783269917129,0.516012184842845,1
"9327","PmetTSAr1.1-012456",262.526386577728,144.604464228143,228.905823729718,231.381449154777,253.198823636408,191.337244455462,119.499241657188,156.252093645096,-0.26817653772334,7.63308741171593,0.54345061853741,1
"9328","PmetTSAr1.1-012457",101.971201362954,58.990054014484,83.2212868755017,112.26196869393,80.9770180856157,101.12490003209,71.8085044992432,81.8342033927486,-0.0863261299324393,6.43601495791192,0.829603054672824,1
"9329","PmetTSAr1.1-012458",83.0876455549994,56.3424923365772,58.2549008128512,57.0576751262782,66.6312693780021,52.0466706623088,59.6134214474313,54.4900870048568,-0.129939687278096,5.93064751986597,0.709283470701596,1
"9330","PmetTSAr1.1-012461",4.40616302185603,4.43243471919219,3.07351343574296,4.18334694661344,3.8231056200493,5.11702737092769,5.4270214955658,5.46316196983759,0.300068613240062,2.18898209834162,0.30032747420342,1
"9331","PmetTSAr1.1-012462",269.180591957674,153.73706462272,203.703013556626,387.383222632286,157.621183135176,355.506183366938,59.1105314246761,234.576286238571,-0.32979392448833,7.83074677114201,0.538388215178045,1
"9332","PmetTSAr1.1-012463",58.1343753802025,67.408705192547,60.8555660277106,73.4203866010067,65.9758798431366,39.9467385365792,50.6661697925796,51.6877396731785,-0.319285844625394,5.87211613272489,0.353580180357079,1
"9333","PmetTSAr1.1-012464",217.745382804579,113.874900034011,355.960140681123,129.922047259697,323.798840753319,132.844815557952,78.8699185687632,102.979187804503,-0.356546840161857,7.50804128301133,0.506775469007876,1
"9334","PmetTSAr1.1-012465",4.58600641050321,5.71159373211343,4.06649469959838,3.09779489084666,6.08055846236413,1.86587738387419,2.2001438495537,3.53831733797771,-0.358230307079536,1.97956695780037,0.338173531691709,1
"9335","PmetTSAr1.1-012466",130.386456769209,128.957077232873,182.188419506425,97.1701474308311,139.088223510365,141.863222913344,148.520186720349,123.812800290516,0.0386504188580294,7.09333324724756,0.925502625804609,1
"9336","PmetTSAr1.1-012467",182.990647948511,202.82107325807,164.409326401204,163.415299712013,207.612840433535,184.495694047923,176.64012049274,196.220926294892,0.100187007850254,7.530504992744,0.805477636157356,1
"9337","PmetTSAr1.1-012468",34.1702438429651,45.663001972886,28.6073173634537,36.0085559961663,38.6679825570701,44.4135359100962,47.6488296560488,39.1762495660893,0.233815630802201,5.29879834798628,0.444616932123568,1
"9338","PmetTSAr1.1-012469",193.196760254238,195.027127644456,292.693048726907,154.121915039473,210.343630162141,173.63968017811,191.412514911172,177.793369598704,-0.148768804611176,7.6335827383349,0.725397588498854,1
"9339","PmetTSAr1.1-012470",2.96741591267855,4.16470376299937,2.83708932530119,3.04484113202877,2.84002131775091,3.44904607322198,3.83453642350788,2.80234733167835,-0.0110665055818788,1.72623275888732,0.97943294519753,1
"9340","PmetTSAr1.1-012471",61.2366738343665,61.3996326202193,51.9660194751002,45.7255707392494,51.775773254382,38.9007163668315,47.3764308937231,61.1138170615511,-0.145632846730703,5.71410148685729,0.658546312772367,1
"9341","PmetTSAr1.1-012472",169.142707022677,199.638049667777,189.186573175501,129.021833359793,193.849660201357,177.852039726553,209.872769496475,177.340464979443,0.143685612034287,7.49824663033395,0.727532640870893,1
"9342","PmetTSAr1.1-012473",15.4215705764961,16.6885629360189,12.3413385650602,7.54591063154955,12.4888116921611,9.21630344156038,10.6445054816503,9.59591662059556,-0.309373873255779,3.56027450094053,0.334374272620258,1
"9343","PmetTSAr1.1-012474",120.045461921996,89.1841562962294,129.749551810441,76.6240890094891,135.519991598319,94.3681622329097,85.9941938911276,79.4847606803314,-0.0719377830709061,6.66421343153825,0.861395865035893,1
"9344","PmetTSAr1.1-012475",32.2818882621697,30.0453628616383,29.0328807622489,27.827200258802,33.3884557484306,23.662717731859,22.7767272806179,26.1552417623313,-0.169746393393072,4.81772988268792,0.561265487270621,1
"9345","PmetTSAr1.1-012476",36.7330121311875,28.2902377043743,40.3812380634537,24.8353128855912,40.6341511616669,28.2143277137339,24.725426118794,22.7867636565765,-0.162306025118976,4.94832672119157,0.610811644632442,1
"9346","PmetTSAr1.1-012477",20.5920680001027,24.4527606656106,10.4499456815261,20.2812896272525,17.4770542630825,22.9842168649957,22.5881435220847,22.3621655760192,0.17167669321015,4.33766727187145,0.591995633951821,1
"9347","PmetTSAr1.1-012478",91.7650890572261,106.884147288977,126.34504462008,111.997199899841,103.114620152187,109.917140431861,131.694324709,122.28424720051,0.0958905769805492,6.82099922560473,0.807926130612951,1
"9348","PmetTSAr1.1-012479",15.6014139651433,17.5512515726402,20.7107520746987,14.4034223984665,18.6057806842399,16.9059799326782,18.7326533476287,18.0312651543344,0.0831058049081458,4.13975664385787,0.774728140911151,1
"9349","PmetTSAr1.1-012480",21.2215198603678,23.9470466372464,12.0103448104417,19.4869832449841,14.7462645344759,24.3977603376276,23.2586635524249,21.7394217245351,0.133824436390781,4.33422916815987,0.674824761377714,1
"9350","PmetTSAr1.1-012481",87.6286911183408,105.27776155182,110.693768508835,114.27421152901,95.2499457337998,108.07953391744,129.515134610395,121.68980988773,0.121325984679815,6.76974014074465,0.758049114474327,1
"9351","PmetTSAr1.1-012482",14.342510244613,16.3018404437404,20.9471761851405,14.9859137454633,17.0765384362202,16.3971042825307,17.8735495587553,19.8711901700828,0.0980238327703344,4.1114346288829,0.738159467984955,1
"9352","PmetTSAr1.1-012483",285.051771005788,297.419344446198,400.691582376705,194.684494293978,288.043700573429,225.262287798629,244.383597308046,264.977508806475,-0.203775900963784,8.10389244826197,0.638081229727417,1
"9353","PmetTSAr1.1-012484",13.4432933013771,11.5124311162911,11.3483573012048,12.9736709103834,13.7631802321775,11.5345147366768,9.78540169277695,10.2752735494873,-0.120700587797656,3.57135717962829,0.677625447072454,1
"9354","PmetTSAr1.1-012485",10.7456424716693,13.1783126214909,16.9279663076305,8.8432777225879,12.5616327515906,9.41419952772885,10.3930604702727,10.2469670107835,-0.220556039423631,3.53498214482321,0.471952848945556,1
"9355","PmetTSAr1.1-012486",545.689802002721,298.520016154991,803.179987992768,279.225170246742,519.28697479184,279.118294105907,274.452229918613,298.747209480134,-0.490175322472752,8.68759472372241,0.319152955397966,1
"9356","PmetTSAr1.1-012487",18.8385949607926,22.2514172480252,18.9612136574296,18.6926768627157,21.8827283585679,22.0512781730586,27.7637200062729,23.4378140467644,0.272872061946142,4.44639677426129,0.335149384447029,1
"9357","PmetTSAr1.1-012488",128.363218646928,76.7197928912528,182.093849862248,66.6952592311345,128.856864660519,66.52135582206,69.2731006345194,76.0030564197613,-0.413853864992917,6.63449757194173,0.362466662127144,1
"9358","PmetTSAr1.1-012489",69.6443522536224,7.55596254144172,213.63282619518,167.01615531163,135.192296830886,63.7225397462488,2.6820801213607,6.53881044058282,-1.13743574272258,6.37983000950608,0.223878266382193,1
"9359","PmetTSAr1.1-012490",55.3468028561712,45.3060273646289,89.2737441028109,89.862528713962,72.7846488997958,72.1472588431352,45.9306220783021,68.2187582762103,-0.111016263385111,6.0750070310508,0.78447051894202,1
"9360","PmetTSAr1.1-012491",99.9929240878348,77.998951904174,120.765435613654,79.0864387945211,113.746494828895,92.2478470239617,77.3822022514459,75.6916844940193,-0.0734539976227343,6.52615764922603,0.854012208611725,1
"9361","PmetTSAr1.1-012492",14.4773927860984,16.272092559719,15.6512761112449,18.2955236715815,16.6396120796432,15.2097277655199,16.0924807281642,15.5402897483981,-0.0281808428370453,4.00768904001383,0.922934194025804,1
"9362","PmetTSAr1.1-012493",32.6415750394641,31.1162866864096,36.6457371184738,38.0207988312462,33.0607609809978,26.5463464160282,28.7275925498869,27.938553700672,-0.251758344270609,4.99525653614384,0.381132809606133,1
"9363","PmetTSAr1.1-012494",94.1030531096395,59.6445074629553,96.7920308148591,62.7766810786105,94.4125035503604,75.5114923079993,63.8251253880055,64.453988628602,-0.0711824927564192,6.25720185413207,0.857191865595237,1
"9364","PmetTSAr1.1-012495",43.6120217469423,35.6082171736446,55.9852293526102,42.3100532954954,44.7485410194342,42.547658526222,42.3056231642755,41.7238380494332,-0.0508371407500589,5.44828451117152,0.868423057765598,1
"9365","PmetTSAr1.1-012496",4.99065403495938,5.29512335581349,5.43775454016062,3.83914751429714,5.8620952840756,3.61867128993782,3.18497014411584,4.13275465075797,-0.222021900970594,2.20082146072808,0.468702732230997,1
"9366","PmetTSAr1.1-012497",48.4228323932545,30.372589585874,142.658308240562,53.4038657678437,53.0865523241132,52.8665258764353,18.8374221023693,35.0434949153313,-0.781957167625903,5.76466530931359,0.102104904429878,1
"9367","PmetTSAr1.1-012498",51.0305615286387,42.6287178027007,57.5929133036142,104.927873097652,104.461809751633,106.779073922618,47.1668933842418,42.9693257524014,0.234060896766721,6.12430007443355,0.60939507157866,1
"9368","PmetTSAr1.1-012499",5.35034081225375,4.72991355940643,17.1171055959839,8.04897134031952,8.44724289382322,7.37869692713883,2.87066387989388,5.37824235372613,-0.549553646866018,2.89803211565794,0.205485421602235,1
"9369","PmetTSAr1.1-012500",123.237682070483,116.55220959594,120.292587392771,89.3329911257831,108.64902066883,130.526604262835,115.518028977043,137.286712713535,0.130629055779031,6.87939679511437,0.742110986804895,1
"9370","PmetTSAr1.1-012501",25.4028786464149,24.3337691295249,35.5581862104416,24.4646365738659,28.8735500638009,17.4431264522784,15.4010069468759,18.9370743928567,-0.44482450798919,4.57589018563505,0.155376691735651,1
"9371","PmetTSAr1.1-012502",11.465016026258,7.5262146574203,7.04543849116463,7.59886439036744,10.41341149842,6.30440388793854,7.27095157900128,8.01075045318155,-0.0720327893375055,3.04605372150895,0.819249112374641,1
"9372","PmetTSAr1.1-012503",96.0363695375967,108.996247054498,107.147406852208,122.217275351694,87.931429261134,139.262302923701,134.187821071828,115.745436759927,0.135361862162221,6.83299765475322,0.734904039062813,1
"9373","PmetTSAr1.1-012504",3.86663285591448,3.86722492278513,2.97894379156625,3.09779489084666,3.27694767432797,3.22287911760087,2.91257138179014,2.74573425427071,-0.185609026579552,1.72467808391729,0.493219156406758,1
"9374","PmetTSAr1.1-012505",103.095222541999,113.488177541733,107.620255073092,120.284463154841,89.3150293902947,145.453623333829,139.258628801275,118.80254293994,0.148960217745737,6.87322970745419,0.710319690060706,1
"9375","PmetTSAr1.1-012506",9.71154298694798,6.69327390482042,7.94385011084334,6.69865049046329,9.46673772583637,5.96515345450687,6.41184779012793,6.6520365953981,-0.123140688329152,2.90605911894724,0.687289977759943,1
"9376","PmetTSAr1.1-012507",3.50694607862011,4.0754601109351,3.02622861365461,2.51530354384985,3.75028456061979,3.10979563979031,3.2268776460121,3.17033233482803,0.0134305459393316,1.74746869780362,0.969391387142346,1
"9377","PmetTSAr1.1-012508",309.37558932032,356.706877300896,262.525332234537,286.082682013659,303.736638880488,310.272792242715,390.452195167464,366.371530443564,0.174460921549555,8.33653920875332,0.68006122043184,1
"9378","PmetTSAr1.1-012509",13.6680975371861,10.6199945956484,8.65312244216864,11.1732431105751,14.6734434750464,12.0433903868243,14.8143019203283,13.8985105035765,0.329246255280159,3.64479285257697,0.259879210580814,1
"9379","PmetTSAr1.1-012510",15.2866880350107,19.3361246139257,13.8071680497991,16.4421421129553,14.4185697670431,13.0328708176667,19.591757136502,17.6632801511848,-0.00397066090564912,4.02361911107744,0.991445294294473,1
"9380","PmetTSAr1.1-012511",140.907295005069,166.439411099868,121.75841687751,135.826391367892,137.59539179206,142.202473346775,182.067141988306,170.57520222923,0.162842508814778,7.22630430581658,0.6888953295689,1
"9381","PmetTSAr1.1-012512",14.9270012577163,10.0845326832628,9.31510995140559,9.71701474308311,13.9088223510365,11.9585777784664,14.2275968937806,11.5490677911593,0.23083649923538,3.58764986064024,0.44050981287942,1
"9382","PmetTSAr1.1-012513",14.6122753275838,19.9310822943541,14.327301092771,16.9981565805432,16.6760226093579,14.3050599430354,18.627884592888,19.1918332411911,0.0619368714326348,4.0789698777216,0.832282507466139,1
"9383","PmetTSAr1.1-012514",39.3857021137335,20.6747793948897,24.7772467742971,90.0743437492336,77.2631440547107,44.7527863435279,18.1878558229773,17.6349736124809,-0.148994846625585,5.38043560450211,0.774753150330142,1
"9384","PmetTSAr1.1-012515",62.6304600963821,28.8851953848028,118.684903441767,147.158495754921,75.3333859798286,97.8454791755843,18.9631446080581,48.9986184963154,-0.567630319516826,6.22618779040431,0.303432760804998,1
"9385","PmetTSAr1.1-012516",53.8181340526701,26.5351125471103,101.756937134136,125.262116483723,66.0851114322808,83.9362114048858,16.8258620113488,42.0918230525829,-0.557074990545942,6.01323626862051,0.292399219587182,1
"9386","PmetTSAr1.1-012517",57.1002758954812,79.6648334093737,74.5681644333331,99.3677284217736,59.0214686676183,97.2517909170788,92.0917354170336,87.5804307496244,0.112609753844249,6.33809396722971,0.777277802047682,1
"9387","PmetTSAr1.1-012518",57.594845214261,48.8460255631784,54.613969512048,47.2877066243772,47.8070255154737,48.032207200034,75.9783009379212,54.1787150791148,0.117741705425077,5.76437315818686,0.724584330691097,1
"9388","PmetTSAr1.1-012519",26.7517040612688,28.7959517327385,28.0398994983935,22.3464862211503,24.9776233843221,34.6883568183883,43.7514319796965,30.6276748775351,0.340302773103815,4.91004008674317,0.262491503435578,1
"9389","PmetTSAr1.1-012520",50.5809530570208,42.6287178027007,45.9608470698793,49.829487047636,44.2387936034277,42.8303672207484,40.6921843412694,45.2338488487071,-0.127666927777518,5.50170712453789,0.671152592845225,1
"9390","PmetTSAr1.1-012521",7.41853978169638,11.2447001600983,10.7809394361445,10.9879049547125,11.6513695087217,13.9658095096038,13.5570768634404,11.7189070233822,0.330888011593112,3.52159395141296,0.256528555771685,1
"9391","PmetTSAr1.1-012522",23.7842881485902,23.8280551011607,33.1466602839356,27.1652782735784,22.5745284231483,32.8790211734194,36.4804804006952,30.7125944936466,0.18528248904354,4.85231680042617,0.539377898211933,1
"9392","PmetTSAr1.1-012523",50.8507181399915,46.5851863775501,56.8363561502006,55.680877397013,49.7003730606409,65.4753336523124,72.5837932843241,60.7741385971052,0.243563146310544,5.84240382887219,0.467131355106586,1
"9393","PmetTSAr1.1-012524",23.379640524134,17.6404952247045,22.223866381526,21.3668416830193,18.897064921958,24.2846768598171,25.2911773943935,22.6169244243536,0.107408794605336,4.4610741343553,0.7097928268753,1
"9394","PmetTSAr1.1-012525",25.9424088123564,23.2628453047536,29.9312923819276,28.9657060733867,23.6304337848762,34.2642937765987,37.5072141971536,31.4485644999459,0.231326112944967,4.87948673191385,0.437964872355779,1
"9395","PmetTSAr1.1-012526",53.3235647338903,47.5371186662357,57.1200650827307,54.3570334265657,47.5521518074704,65.2491666966913,72.9190532994942,59.9815555133982,0.210793233995941,5.84098491321621,0.530371391763451,1
"9396","PmetTSAr1.1-012527",20.6819896944263,18.8304105855615,19.3867770562248,22.1346711858787,19.6980965756826,24.369489468175,25.1864086396529,23.5227336628758,0.195412023050359,4.44574612725451,0.488632480903258,1
"9397","PmetTSAr1.1-012528",20.9067939302352,21.0912497711897,26.0066521485943,25.8414343031311,19.5888649865383,28.5818490166182,31.0115514032331,27.2875033104841,0.182578418608366,4.64997346273633,0.537255384709173,1
"9398","PmetTSAr1.1-012529",23.9641315372374,23.500828376925,28.8437414738955,26.847555720671,21.3365704128466,32.907292042872,37.737705457583,30.1181571808663,0.243904496267544,4.81887616552592,0.419762105291414,1
"9399","PmetTSAr1.1-012530",51.7049742360657,41.6767855140152,48.7033667510038,51.2062847769012,43.5469935388473,57.7856571611945,59.6972364512238,54.2353281565224,0.155565782559528,5.67621345615987,0.626437487804989,1
"9400","PmetTSAr1.1-012531",21.176559013206,18.235452905133,24.9663860626505,23.2996538798723,20.972465115699,29.7409546641764,30.1734013653079,27.4573425427071,0.306068695249054,4.61875618794711,0.29565627728847,1
"9401","PmetTSAr1.1-012532",25.5827220350621,23.4115847248608,30.6405647132529,28.6744603998883,23.3027390174434,32.2570620454613,36.291896642162,31.0522729580924,0.183016228317239,4.8563473667867,0.537210524958546,1
"9402","PmetTSAr1.1-012533",49.9964620439174,42.2717431944436,47.6631006650601,48.2143974036903,44.8941831382933,57.4181358583102,59.4876989417425,53.669197382446,0.195856829490351,5.65868402480156,0.534154062351267,1
"9403","PmetTSAr1.1-012534",150.034346978914,154.123787114998,114.098275699196,170.669964670065,137.923086559493,164.932252386697,187.054134713961,175.24578111536,0.175566772325712,7.29305251405765,0.668744079288731,1
"9404","PmetTSAr1.1-012535",270.529417372528,212.429639796989,295.908416628915,184.676233877397,282.327247408212,218.929613041238,219.071466162704,181.473219630201,-0.0955020157604432,7.86554795103093,0.823166831071022,1
"9405","PmetTSAr1.1-012536",8.67744350222667,8.44839906208444,9.36239477349394,5.87786722878597,8.9569903098298,7.35042605768619,6.89378406193494,6.0009862052102,-0.147155073363739,2.95409701641932,0.6253065286397,1
"9406","PmetTSAr1.1-012537",92.5294234589766,87.3397874869011,79.3439314642567,66.430490437045,70.3815539386219,68.1327953808605,88.152430238785,87.2973653625862,-0.0525630415001694,6.32213066315874,0.890703815778384,1
"9407","PmetTSAr1.1-012538",142.1661987256,100.339612804263,141.759896620883,99.4206821805915,125.142990629614,115.429959975126,87.3980952046523,91.9396377100129,-0.203923565396594,6.8201801845082,0.613974247780057,1
"9408","PmetTSAr1.1-012539",9.93634722275697,9.54907077087713,10.3553760373494,8.63146268731633,9.75802196355441,7.74621823002314,11.0635805006129,10.954630478379,0.0403288634965232,3.29426836365483,0.893819287714713,1
"9409","PmetTSAr1.1-012541",61.4614780701754,69.4018134219824,38.2061362473894,43.8192354218053,46.423425386313,57.0506145554259,59.1524389265724,57.0659820269046,0.0453681377003239,5.75857140798884,0.894580335319851,1
"9410","PmetTSAr1.1-012542",6.56428368562225,10.4712551755413,5.76874829477909,5.56014467587862,5.75286369493133,4.72123519859075,6.13944902780224,6.42558428576753,-0.301486736456437,2.69769147468897,0.334480701575599,1
"9411","PmetTSAr1.1-012544",64.653698218663,74.1614748654103,37.6387183823292,40.9332555662302,47.7706149857589,45.2616619936754,51.9443486004155,56.8961427946817,-0.106870195648637,5.71341768507809,0.758686332593467,1
"9412","PmetTSAr1.1-012545",6.87900961575482,11.363691696184,5.1540456076305,5.53366779646967,5.42516892749854,3.98619259282213,6.45375529202419,5.01025735057644,-0.471918476230412,2.65268020489179,0.154488646066765,1
"9413","PmetTSAr1.1-012546",84.8860794414713,91.9507095102219,79.5803555746985,44.0575273364858,81.6688181501961,52.7817132680774,65.7319167242854,65.1616520961976,-0.179301017710113,6.1452848074494,0.654867592191064,1
"9414","PmetTSAr1.1-012547",48.2879498517691,54.1411489189919,54.9922480887548,55.7867849146488,54.8342577504214,66.52135582206,63.1126978557691,61.9064001452581,0.208571363124346,5.84582838044306,0.527042267547887,1
"9415","PmetTSAr1.1-012548",48.4677932404163,52.0587970374922,54.7085391562247,55.8397386734667,52.3583417298181,60.7823693231743,62.0859640593107,59.8683293585829,0.155504623960977,5.80313112351496,0.630508811806237,1
"9416","PmetTSAr1.1-012549",87.583730271179,93.854574087593,80.1477734397587,45.937385774521,80.2852180210354,56.4003845580152,64.9775816901527,65.1616520961976,-0.204728435645967,6.16685404353982,0.606769577107443,1
"9417","PmetTSAr1.1-012550",35.0244999390393,35.0430073772376,47.7103854871484,30.8455645114219,38.3038772599225,31.578561178598,33.4212327622682,33.8829268284746,-0.115124613686428,5.1611169177349,0.702116146104506,1
"9418","PmetTSAr1.1-012551",65.2831500789281,51.7018224292351,80.6679064827306,72.4407420628757,77.518017762714,80.2044566371374,56.1141450390935,56.9244493333855,0.00356991974133983,6.0803064075364,0.992958278970327,1
"9419","PmetTSAr1.1-012552",5.12553657644477,4.75966144342786,8.51126797590358,6.9369424051438,7.71903229952812,6.75673779918077,5.09176148039571,5.26501619891084,-0.0291675364942447,2.66138890477923,0.934470218348663,1
"9420","PmetTSAr1.1-012553",94.1480139568013,51.8803097333636,85.7273824461844,60.0495624994891,88.7324609148586,73.5890731852198,53.3482499139403,61.0005909067358,-0.0767075218797662,6.15195439024876,0.848010265608503,1
"9421","PmetTSAr1.1-012554",230.28945916272,213.470815737739,251.838962442569,298.897491647589,236.777674735054,221.219553466902,172.302694046477,273.01656579836,-0.138766213928925,7.8904837019114,0.74286768855625,1
"9422","PmetTSAr1.1-012555",3.64182862010549,3.62924185061374,4.11377952168673,4.65993077597446,3.64105297147553,5.03221476256978,5.04985397849945,4.81211157964969,0.208729402184831,2.13404572140242,0.461586944334203,1
"9423","PmetTSAr1.1-012556",82.3233111532489,76.5115577031028,102.324354999196,110.938124723483,78.9380284215894,131.176834260246,94.4595092741723,89.8166473072263,0.0839588814271625,6.58308537887893,0.8342230143264,1
"9424","PmetTSAr1.1-012557",6.38444029697506,6.99075274503466,6.66715991445781,7.04284992277958,7.10005329437728,8.19855214126537,8.69580664347416,7.33139352428982,0.209819964421888,2.88118400506241,0.459232890510792,1
"9425","PmetTSAr1.1-012558",8.67744350222667,6.18755987645621,18.7247895469879,8.12840197854636,11.1780326224299,7.35042605768619,5.59465150315084,8.03905699188537,-0.373819865830085,3.21348403076517,0.318189432955297,1
"9426","PmetTSAr1.1-012559",6.87900961575482,6.99075274503466,6.71444473654616,6.80455800809907,7.06364276466252,9.55555387499205,8.44436163209659,6.9067954437325,0.223665577847203,2.90403383147246,0.435427560192781,1
"9427","PmetTSAr1.1-012560",8.49760011357949,5.26537547179207,16.2659787983935,8.26078637559109,9.72161143383966,7.32215518823355,4.88222397091441,6.02929274391403,-0.452558559632833,3.05688263900645,0.222021837740284,1
"9428","PmetTSAr1.1-012561",9.62162129262439,5.86033315222055,19.1503529457831,7.30761871686904,11.9426537464397,7.32215518823355,5.72037400883963,7.33139352428982,-0.374346915068745,3.22036683376998,0.336283421309461,1
"9429","PmetTSAr1.1-012562",8.85728689087386,5.02739239962067,17.400814528514,6.98989616396169,9.6852009041249,7.12425910206508,4.98699272565506,5.94437312780256,-0.46235379601369,3.05134713579484,0.231179662172218,1
"9430","PmetTSAr1.1-012563",148.68552156406,167.510334924639,134.288894730923,129.816139742061,140.544644698955,114.214312588662,122.998518065526,126.275469157749,-0.203307889829057,7.08321819321265,0.610723988638567,1
"9431","PmetTSAr1.1-012564",126.295019677486,135.025645573244,207.343944857429,95.9522109780196,146.042634685883,126.710036886729,146.320042870795,136.295983858902,-0.0237094454402328,7.12981961701913,0.955066384215097,1
"9432","PmetTSAr1.1-012565",135.197267415521,136.066821513994,199.163670636144,146.946680719649,153.433972217979,156.81851285379,151.118451837917,140.740110435402,-0.036067496765415,7.25260270322198,0.929590154672439,1
"9433","PmetTSAr1.1-012566",28.7749421835496,36.8873761865659,29.5057289831324,29.4952436615656,30.0022764849583,29.5147877085553,29.8381413501378,27.6837948523376,-0.0913286857826525,4.92005196512712,0.750918121681078,1
"9434","PmetTSAr1.1-012567",49.1871667950051,41.7065333980366,77.2161144702808,35.7967409608947,56.9460684738772,46.4773093801388,51.3157360719716,44.8658638455574,-0.0302272289407084,5.65793351590432,0.930017818738821,1
"9435","PmetTSAr1.1-012568",25.5827220350621,17.3430163844902,84.6398315381523,36.5380935843452,40.7433827508112,36.8086720273362,15.7153132110979,19.8145770926752,-0.53703091496167,5.11620137602849,0.245279564004453,1
"9436","PmetTSAr1.1-012569",11.2402117904491,10.5010030595627,16.4078332646586,9.92882977835468,11.4329063304332,13.2590377732878,11.3150255119905,9.34115777226117,-0.0822601386674915,3.55251117305644,0.784340568759622,1
"9437","PmetTSAr1.1-012570",78.0070698257165,75.6786169505029,128.236437503614,55.680877397013,92.2278717674751,71.5252997151772,75.4335034132698,67.5394013473186,-0.138177809669601,6.33253968694697,0.734828316193518,1
"9438","PmetTSAr1.1-012571",11.5099768734198,6.93125697699181,14.3745859148594,8.23430949618214,11.4329063304332,7.09598823261244,3.24783139696023,6.34066466965606,-0.546599316745225,3.11848451614142,0.154552864102366,1
"9439","PmetTSAr1.1-012572",14.2525885502894,14.6657068225621,26.101221792771,9.92882977835468,18.5693701545252,12.3260990813507,12.362713059397,13.3889928069077,-0.196005522405203,3.93035277603566,0.564043256613747,1
"9440","PmetTSAr1.1-012573",51.3452874587713,49.5599747796925,62.8888133775098,49.6441488917734,54.6157945721329,45.4312872103912,41.111259360232,44.1298938392581,-0.204020313936362,5.64082939492136,0.519416638239447,1
"9441","PmetTSAr1.1-012574",8.67744350222667,9.66806230696283,18.4883654365461,8.92270836081473,11.7241905681512,8.22682301071801,8.29768537545968,10.0771277785605,-0.254205460394658,3.40038958795733,0.442682648407388,1
"9442","PmetTSAr1.1-012575",42.3980788735738,6.63377813677757,5.24861525180721,121.396492090016,228.33043184123,87.7810496504447,1.42485506447287,16.8706970674777,0.928324414614013,5.99593320492831,0.358497631069063,1
"9443","PmetTSAr1.1-012577",72.4319247776537,15.6771348792905,10.8282242582329,261.538614801567,387.007520338134,162.614041091581,3.56213766118219,34.2226052929205,0.704264864175335,6.88932990078764,0.478382551173381,1
"9444","PmetTSAr1.1-012578",20.5021463057791,22.2514172480252,19.9541949212851,15.1712519013259,20.2442545214039,20.1288590502791,27.449413742051,20.635466715086,0.184665059436395,4.38240692658905,0.529391644380863,1
"9445","PmetTSAr1.1-012579",150.978524769312,102.868182946085,192.874789298393,141.465966681997,147.462645344759,135.445735547594,113.883636403089,122.935297590698,-0.178459764794195,7.11416992763092,0.665811466551995,1
"9446","PmetTSAr1.1-012580",68.7451353103864,71.4544174194607,100.622101404016,73.8969704303677,76.3892913415566,73.3629062295987,76.1878384474025,67.0864967280575,-0.102921589148596,6.24840745716434,0.785913324504707,1
"9447","PmetTSAr1.1-012581",31.9222014848753,21.9836862918324,35.8418951429718,22.7701162916934,29.6745817175255,24.7935525099646,21.833808487952,20.5788536376784,-0.215188692941119,4.71283138495293,0.481264790482058,1
"9448","PmetTSAr1.1-012582",51.2553657644477,54.5278714112704,54.0465516469878,50.0148252034986,55.1619525178542,52.7251715291721,49.618482245173,47.4983719450128,-0.0337064365022286,5.69810692061923,0.914999284255417,1
"9449","PmetTSAr1.1-012583",19.3331642795724,22.2514172480252,18.6302199028112,16.9981565805432,20.2078439916892,21.4293190451005,22.8186347825141,21.2015974891625,0.149869736229132,4.35211509804746,0.595292808211047,1
"9450","PmetTSAr1.1-012584",69.3296263234898,66.9327390482042,78.0672412678712,100.479757356949,75.6246702175467,78.5082044699791,77.4450635042903,75.0123275651275,-0.0382534892516741,6.2805621618689,0.920206535019757,1
"9451","PmetTSAr1.1-012585",114.200551790962,51.4638393570637,45.913562247791,78.3450861710706,68.1241010963071,48.7672498058026,62.2535940668957,56.1601727883823,-0.301087428679896,6.03801343353761,0.457928760497228,1
"9452","PmetTSAr1.1-012586",32.0570840263607,28.7067080806743,29.6002986273091,29.6541049380193,34.1166663427257,25.1045320739436,35.8518678722513,31.1938056516115,0.0733884557069932,4.94707623329032,0.801378717612172,1
"9453","PmetTSAr1.1-012587",93.4286404022126,53.7246785426919,85.0653949369475,85.2290748173965,73.4036279049466,62.7047884459537,56.2608212957304,56.2733989431976,-0.35239584438959,6.14594565499062,0.362363925630201,1
"9454","PmetTSAr1.1-012588",5.75498843670992,7.22873581720606,5.76874829477909,5.85139034937702,6.04414793264938,7.26561344932828,7.64811909606763,6.17082543743313,0.140700923283775,2.70769022539059,0.627293298003892,1
"9455","PmetTSAr1.1-012589",8.40767841925589,8.86486943838438,11.6793510558232,8.76384708436106,8.92057978011504,11.0539099559819,10.916904243976,7.24647390817836,0.018015259782897,3.25432948332678,0.957674197584857,1
"9456","PmetTSAr1.1-012590",40.2849190569694,38.8209886479584,37.9697121369476,38.5238595400161,34.8812874667356,38.787632889021,35.8309141213032,40.1386718820192,-0.0563044629276307,5.25608877908292,0.847611665432825,1
"9457","PmetTSAr1.1-012591",3.23718099564933,3.03428417018526,4.16106434377508,3.57437872020768,3.45900032290175,3.22287911760087,3.16401639316771,3.84968926371975,-0.0303566434263659,1.81620884256062,0.920250385518452,1
"9458","PmetTSAr1.1-012592",7.77822655899075,8.32940752599875,11.7739207,8.34021701381793,8.84775872068553,10.6863886530976,10.7073667344947,7.78429814355097,0.072339375614193,3.22365858593526,0.814303820661934,1
"9459","PmetTSAr1.1-012593",40.824449222911,38.4640140397014,37.213154983534,34.6317582669011,35.0269295855946,36.8652137662415,32.8764352376168,39.8839130336848,-0.0631305352019491,5.21071518155506,0.828967393776245,1
"9460","PmetTSAr1.1-012594",3.73175031442909,3.00453628616383,3.92464023333332,2.8330260967572,3.0948950257542,3.22287911760087,2.99638638558266,4.04783503464651,-0.00692957004851211,1.77139843056895,0.979801954308046,1
"9461","PmetTSAr1.1-012595",8.09295248912332,9.63831442294141,12.577762675502,9.39929219017576,9.10263242868882,10.7994721309082,10.1625692098433,6.93510198243632,-0.100637077825683,3.27017919633759,0.738901069448966,1
"9462","PmetTSAr1.1-012596",35.8337951879516,35.9354438978803,35.5109013883533,32.2753159995049,33.169992570142,32.9638337817773,31.8287476902102,36.8834199310797,-0.049431408931891,5.10265169062249,0.863852881897273,1
"9463","PmetTSAr1.1-012597",3.77671116159088,3.65898973463516,3.78278576706826,3.15074864966455,3.27694767432797,3.27942085650615,3.41546140454527,3.96291541853504,-0.0405098989538804,1.84695149960915,0.871663210239653,1
"9464","PmetTSAr1.1-012598",7.50846147601997,9.04335674251293,12.5304778534136,9.29338467253998,9.24827454754784,9.83826256951844,11.1683492553536,6.93510198243632,-0.0436754692760418,3.24884018939957,0.886921084404024,1
"9465","PmetTSAr1.1-012599",35.0244999390393,32.1574626271594,36.0783192534135,31.7987321701439,30.8761291981125,31.7199155258612,30.3829388747892,33.7130875962517,-0.0919982891185427,5.03462500715035,0.747522257668995,1
"9466","PmetTSAr1.1-012600",3.86663285591448,4.25394741506365,4.25563398795179,2.85950297616615,3.45900032290175,3.59040042048518,3.16401639316771,3.79307618631211,-0.117985151128161,1.89225518340086,0.659586409406377,1
"9467","PmetTSAr1.1-012601",20.3672637642937,10.3522636394556,16.5024029088353,35.6114028050321,23.8488969631647,25.1045320739436,15.5267294525647,17.1820689932198,-0.0217895998446159,4.3663881738827,0.955342942369105,1
"9468","PmetTSAr1.1-012602",131.510477948254,134.847158269115,96.0354736614454,83.4286470175882,111.56186304601,100.870462207017,125.492014428354,106.262746294147,-0.00525617014999537,6.79846802994828,0.989710679140841,1
"9469","PmetTSAr1.1-012603",18.0292997118803,16.063857371569,12.0103448104417,11.702780698754,15.9114014853481,14.6725812459197,17.3497057850521,13.8418974261688,0.0964073385918886,3.907806451369,0.746033365080935,1
"9470","PmetTSAr1.1-012604",127.868649328148,124.49489462966,103.222766618875,88.5651616229237,112.290073640305,111.18932955723,116.838115286776,105.130484745994,0.00424968927218332,6.79779139996519,0.991665308071083,1
"9471","PmetTSAr1.1-012605",64.7436199129866,61.9945903006478,72.2512081510037,52.4506981091216,66.3035746105693,68.4155040753869,66.8424655245363,58.7360678104301,0.050125043716736,6.00058366974652,0.886465622722336,1
"9472","PmetTSAr1.1-012606",36.3283645067313,42.509726266615,29.4111593389557,26.5563100471726,33.2792241592863,26.4332629382177,28.7066387989388,27.7970210071529,-0.214270893959808,4.97434557312346,0.474472627334176,1
"9473","PmetTSAr1.1-012607",52.6041911793016,50.4524113003353,67.995574163052,40.2978104604155,55.5988788744313,42.0670537455271,48.8431934600922,48.743859647981,-0.113978780735981,5.66899733324932,0.72767313482746,1
"9474","PmetTSAr1.1-012608",21.7160891791476,18.2652007891544,36.3147433638553,16.7333877864537,21.7370862397089,15.1531860266146,17.2239832793633,20.8619190247166,-0.310053692426466,4.39555835523252,0.339551541835168,1
"9475","PmetTSAr1.1-012609",55.4816853976565,49.2922438234997,68.8939857827307,40.8803018074123,58.9486476081888,44.4135359100962,49.0736847205216,49.3382969607613,-0.0882546737960065,5.70302556874877,0.789100478811971,1
"9476","PmetTSAr1.1-012610",19.3781251267342,19.5741076860971,35.5109013883533,15.5684050924601,21.1545177642728,14.3898725513934,17.496382041689,20.0693359410096,-0.299193771957897,4.35334966383009,0.360664131064028,1
"9477","PmetTSAr1.1-012611",53.0987604980813,54.6468629473561,69.745112580321,39.8212266310545,61.4609741585069,45.2051202547701,48.0679046750114,49.5930558090956,-0.0886750447317624,5.72132197572285,0.790443111515596,1
"9478","PmetTSAr1.1-012612",22.9749928996779,21.5672159155325,35.4636165662649,17.104064098179,20.972465115699,15.8882286323832,18.7116995966805,20.4939340215669,-0.351173835202549,4.43931257488188,0.260421719326185,1
"9479","PmetTSAr1.1-012613",54.1328599828027,50.1846803441424,72.1093536847387,41.039163083866,57.5650474790281,42.7172837429378,51.6509960871417,47.6965177159396,-0.123115391681338,5.70569840584768,0.71124001155816,1
"9480","PmetTSAr1.1-012614",22.0757759564419,20.6152836268469,34.2814960140561,14.6946680719649,21.1181072345581,14.8704773320882,17.8525958078072,19.6730443991561,-0.317122292115503,4.37120720793415,0.324920603361314,1
"9481","PmetTSAr1.1-012615",73.3761025680514,78.1179434402597,110.8356229751,66.6687823517255,61.7522583962249,68.6699419004606,61.1430452666448,100.65805163079,-0.170852447173049,6.27997747092144,0.668459064430671,1
"9482","PmetTSAr1.1-012616",12.3192721223322,8.21041598991305,13.5707439393574,11.6763038193451,9.61237984469539,10.5733051752871,8.92629790390359,10.2186604720796,-0.217446700971829,3.41856933370177,0.459869183770785,1
"9483","PmetTSAr1.1-012617",12.4541546638176,8.95411309044865,12.7669019638554,11.0408587135304,10.122127260702,10.6015760447397,9.51300293045125,12.0019724104204,-0.0968531129863418,3.45788080568392,0.737727865866294,1
"9484","PmetTSAr1.1-012618",18.7037124193072,17.1347811963403,15.3202823566264,10.5377980047604,11.3600852710036,14.9552899404461,13.6618456181811,22.7584571178727,0.0253519947062762,3.96468485557254,0.941113329202691,1
"9485","PmetTSAr1.1-012619",8.54256096074128,6.72302178884185,9.03140101887547,5.6660521935144,8.41083236410847,2.71400346745336,3.87644392540414,5.43485543113377,-0.553171776607243,2.66528771264283,0.123888804429711,1
"9486","PmetTSAr1.1-012620",4.7208889519886,5.20587970374922,3.54636165662649,5.42776027883389,4.76977939263294,3.08152477033767,4.88222397091441,6.62373005669428,0.0305780374382533,2.27748311588519,0.92645104390616,1
"9487","PmetTSAr1.1-012621",78.2318740615254,55.5987952360416,72.6767715497989,63.4386030638341,73.8041437318089,62.5917049681432,52.3215161174819,58.8492939652454,-0.124801881568067,6.01664901112281,0.727951775049489,1
"9488","PmetTSAr1.1-012622",92.2146975288441,88.8866774560152,106.24899523253,73.5792478774604,79.8847021941731,75.9920970886942,88.8858115219696,82.9098518634938,-0.139315149276849,6.42847532872037,0.716296214995161,1
"9489","PmetTSAr1.1-012623",66.2722887164876,53.8139221947562,66.3406053899596,69.1311321367575,72.4205436026482,54.2800693490673,46.4125583501091,54.8297654693027,-0.165115847973696,5.91869855591373,0.63472723756934,1
"9490","PmetTSAr1.1-012624",35.968677729437,39.4456942124084,30.2150013144577,31.3751020996008,34.9176979964503,33.4161676930195,35.8518678722513,42.4881145944364,0.0982747091593889,5.15069683573795,0.740190771008383,1
"9491","PmetTSAr1.1-012625",7.23869639304919,7.58571042546314,4.11377952168673,5.26889900238021,5.57081104635756,3.73175476774837,4.79840896712189,6.28405159224842,-0.250017908895483,2.49413357478374,0.43041090893996,1
"9492","PmetTSAr1.1-012626",57.9095711443935,58.573583638184,49.8854873032127,42.6012989689938,52.5768049081066,48.5693537196342,53.1177586535108,63.5198728513759,0.0597032790666254,5.73890330643523,0.854912868964792,1
"9493","PmetTSAr1.1-012627",7.23869639304919,8.44839906208444,4.96490631927709,5.50719091706073,6.44466375951168,3.81656737610629,5.44797524651393,5.91606658909874,-0.276736006924939,2.59271301243187,0.378072693646851,1
"9494","PmetTSAr1.1-012628",69.9141173365931,61.6971114604336,99.3454112076301,74.5059386567735,85.9288501268224,64.2879571353015,64.1603854031756,69.8888440597358,-0.103698887793657,6.20496687870565,0.787470596816687,1
"9495","PmetTSAr1.1-012629",118.831519048627,47.41812713015,223.231645079116,360.270898117526,200.294323960869,231.905942119999,20.8280284424417,83.8439676407199,-0.481912119874607,7.32985807384396,0.473569095263088,1
"9496","PmetTSAr1.1-012630",201.694360367818,183.693183832294,256.803868761846,169.399074458435,235.357664076178,152.832320260968,139.111952544638,155.346284406574,-0.249606177569338,7.54557845741376,0.556559367901914,1
"9497","PmetTSAr1.1-012631",34.3950480787741,8.32940752599875,32.2009638421686,44.9047874775721,40.0879932159456,26.6311590243861,3.41546140454527,14.6910935872835,-0.499012913600493,4.67951572991023,0.381782776748729,1
"9498","PmetTSAr1.1-012632",12.2293504280086,7.94268503372023,15.0365734240963,15.8066970071406,16.5667910202136,12.0999321257296,7.10332157141624,10.7564847074523,-0.134166923043351,3.61418641554705,0.697136983861834,1
"9499","PmetTSAr1.1-012633",43.8368259827513,39.4456942124084,29.5057289831324,31.8252090495529,32.0412661489846,36.2432546382835,42.8085131870306,35.3265603023695,0.0182044280601753,5.18754757059241,0.953360728116976,1
"9500","PmetTSAr1.1-012634",915.537730755657,881.846273931096,668.985662906022,444.361467120337,718.161288093833,470.116288127937,553.493331294867,590.24794505209,-0.319797771794896,9.35622243748375,0.479926620108478,1
"9501","PmetTSAr1.1-012635",30.0338459040799,35.2512425653876,22.6494297803212,18.7456306215336,27.0894341077779,18.0933564496891,17.8316420568591,22.2206328825,-0.324296838073598,4.58761656299993,0.302504505936289,1
"9502","PmetTSAr1.1-012636",43.1174524281626,21.4779722634682,26.3849307253011,39.1328277664219,32.733066213565,30.9283311811873,21.3309184651969,21.9658740341657,-0.283011547156777,4.89183040827721,0.389380416931588,1
"9503","PmetTSAr1.1-012637",160.150537590318,136.245308818122,132.019223270682,136.647174629569,150.22984560308,130.696229479551,126.728285734293,152.940228616749,-0.0114568286580283,7.13715737135487,0.977269663219672,1
"9504","PmetTSAr1.1-012638",65.4629934675753,74.4292058216031,57.6874829477909,58.8051491672686,63.0266269362414,75.3135962218308,86.7485289252603,77.163624506618,0.237467942235815,6.12716026028092,0.526282957206842,1
"9505","PmetTSAr1.1-012639",69.4645088649752,77.5229857598312,64.2127883959837,59.0699179613581,71.6923330083531,67.7087323390709,82.4320562299454,71.7004625367804,0.119155995340015,6.14035431144222,0.749338272020896,1
"9506","PmetTSAr1.1-012640",2.24804235808981,2.91529263409956,2.45881074859437,2.67416482030353,3.20412661489846,3.42077520376934,3.93930517824853,2.94388002519746,0.388304025072419,1.60617956194955,0.141497900186845,1
"9507","PmetTSAr1.1-012641",129.442278978811,93.7355825515073,163.700054069879,130.239769812604,106.027462529367,114.270854327568,106.822222333569,116.792778691968,-0.220121354350854,6.90909160774743,0.584643895179774,1
"9508","PmetTSAr1.1-012642",16.8153568385118,19.0981415417543,18.4410806144578,16.3362345953196,18.3873175059514,15.6055199378568,16.3020182376455,15.398757054879,-0.105967911122794,4.09652466479178,0.708782311629384,1
"9509","PmetTSAr1.1-012643",9.03713027952104,10.173776335327,10.6863697919678,9.74349162249205,8.77493766125602,9.01840735539191,7.37572033374194,6.96340852114014,-0.303569238509328,3.17450533606698,0.286559983401376,1
"9510","PmetTSAr1.1-012644",69.5544305592988,59.8527426511053,88.1389083726904,61.558744625799,82.1057445067731,68.5285875531974,62.4840853273252,66.7185117249078,0.00388381677341913,6.12768516995628,0.992289819195228,1
"9511","PmetTSAr1.1-012645",76.5233618693772,69.5208049580681,103.884754128112,67.0394586634508,90.7350400491701,85.3497548775178,70.6141406951998,81.6643641605257,0.0510675495602133,6.3348841276005,0.895189708432172,1
"9512","PmetTSAr1.1-012646",65.2381892317663,67.8251755688469,49.128930149799,57.163582643914,58.4024896624675,53.9408189156356,61.5621202856074,66.1523809508314,0.00415826203884782,5.9066502039054,0.990660872559312,1
"9513","PmetTSAr1.1-012647",26.1672130481654,22.0431820598753,21.8928726269075,25.7090499060864,23.0114547797253,30.2781011837766,26.2550499380075,25.4192717560319,0.131701552703991,4.65312407447052,0.645335767080403,1
"9514","PmetTSAr1.1-012648",11.3750943319344,9.9952890311985,10.2135215710843,13.9533154485144,9.24827454754784,14.7856647237303,11.8598230366419,11.3792285589363,0.053641983319401,3.54438250744326,0.858663762482258,1
"9515","PmetTSAr1.1-012649",117.842380411068,89.5113830204651,151.0277217502,196.061292023244,139.81643410466,118.935547787253,73.86197209216,105.640002442663,-0.339377168175723,6.95585965183598,0.432723456212962,1
"9516","PmetTSAr1.1-012650",4.13639793888525,3.09377993822811,3.73550094497991,5.16299148474443,4.51490568462965,4.69296432913811,2.78684887610136,3.11371925742039,-0.100061409231526,1.9868457675593,0.753495411812798,1
"9517","PmetTSAr1.1-012652",119.865618533349,86.2986115461513,158.78243257269,117.742682731582,142.80209754127,107.005240878239,69.2311931326232,79.3432279868123,-0.276959062793163,6.7837413748046,0.514997355649895,1
"9518","PmetTSAr1.1-012653",51.6600133889039,43.9376246996434,34.139641547791,51.5240073298085,44.784951549149,41.0493024452321,40.7340918431657,50.5554781250256,-0.0335982501811179,5.48738953454436,0.914823706189175,1
"9519","PmetTSAr1.1-012654",134.567815555256,145.705135936935,127.4798803502,133.628810376949,121.574758717568,135.247839461426,172.72176906544,148.269649730618,0.0939825004657095,7.12892677761999,0.814917815011121,1
"9520","PmetTSAr1.1-012655",51.2104049172859,50.571402836421,46.0554167140561,43.5809435071248,45.6588042623031,50.9723776231085,60.4725252363046,51.9708050602167,0.127495029027617,5.64748309900578,0.6858396682841,1
"9521","PmetTSAr1.1-012656",47.1189678255624,43.4616585553006,41.8470675481926,40.5890561339139,39.1777299730767,46.2228715550651,57.4342313488257,48.3475681061275,0.144366346829047,5.51064088652085,0.638251578517411,1
"9522","PmetTSAr1.1-012657",189.195244856839,23.7983072171393,42.4617702353412,55.7338311558309,139.634381456086,17.471397321731,9.65967918708816,94.5721458094684,-0.251898052920541,6.16181561039976,0.731063602620145,1
"9523","PmetTSAr1.1-012658",5.39530165941555,5.44386277592061,5.39046971807227,6.43388169637383,7.9739060075314,7.66140562166522,4.9450852237588,5.12348350539173,0.177567894989777,2.61056364096459,0.550071865837249,1
"9524","PmetTSAr1.1-012659",125.39580273425,89.4221393684008,150.318449418875,178.32178281925,138.796939272647,122.32805212157,93.5165904815064,120.7273875718,-0.193174447484284,6.99333927951736,0.643493825112912,1
"9525","PmetTSAr1.1-012660",2.20308151092802,1.18991536085696,3.6409313008032,4.65993077597446,3.0948950257542,2.48783651183225,3.05924763842705,3.70815657020064,0.0771000753370856,1.61766700843638,0.84038118788146,1
"9526","PmetTSAr1.1-012661",111.997470280034,90.2550801210007,130.316969675502,107.575561038547,127.145569763925,118.115692573127,120.945050472609,107.25347514878,0.105329563836358,6.83617059478201,0.789288446119478,1
"9527","PmetTSAr1.1-012662",5.57514504806273,5.86033315222055,5.48503936224898,6.43388169637383,4.29644250634112,4.94740215421186,6.85187656003867,6.31235813095224,-0.0583857872084237,2.53256777090825,0.841008899529043,1
"9528","PmetTSAr1.1-012663",129.712044061782,131.158420650459,72.0620688626503,109.137696923675,99.5463882401409,106.750803053166,107.346066107273,127.860635325163,-0.00190804700140989,6.78805709984626,0.996504991753905,1
"9529","PmetTSAr1.1-012664",106.37736438481,85.7036538657228,105.350583612851,85.8909968026202,109.195178614551,93.322140063162,91.4631228885896,87.9484157527741,-0.00519480047424528,6.58064126898555,0.989444818732968,1
"9530","PmetTSAr1.1-012665",7.1487746987256,6.81226544090612,9.45696441767065,4.95117644947286,7.31851647266581,6.78500866863341,7.79479535270455,5.49146850854141,-0.0464286631479226,2.81247058198273,0.880382116131165,1
"9531","PmetTSAr1.1-012666",5.53018420090094,5.23562758777064,4.25563398795179,4.50106949952079,6.29902164065266,3.87310911501157,4.73554771427749,4.52904619261147,-0.00870639568249562,2.30126627593476,0.98046233220407,1
"9532","PmetTSAr1.1-012667",61.0118695985575,66.8434953961399,88.7063262377507,48.6645043536424,57.7471001276019,56.4851971663731,71.0751232160587,59.69849012636,-0.114080406681976,5.99628049431034,0.752993657363347,1
"9533","PmetTSAr1.1-012668",116.853241773508,90.344323773065,89.3683137469876,46.0432932921567,89.3878504497242,54.7889449992148,65.019489192049,70.2851356015893,-0.293684143338244,6.28186780664162,0.480926583036125,1
"9534","PmetTSAr1.1-012669",4.27128048037064,4.0754601109351,4.06649469959838,2.80654921734825,2.54873708003287,3.50558781212726,3.28973889885649,2.3494427124172,-0.371566717673022,1.77376490323364,0.186510656099325,1
"9535","PmetTSAr1.1-012670",35.1593824805246,42.2122474264008,31.3971218666665,39.3181659222845,38.8864457353586,37.8829650665365,38.7853930049896,38.9781037951625,0.0610367615700806,5.24385141074054,0.836384670363385,1
"9536","PmetTSAr1.1-012671",18.7936341136308,23.4115847248608,26.9996334124497,21.022642250703,22.1376020665712,22.4753412148482,32.3106839620172,29.0142021714173,0.232237616234843,4.61979765963334,0.434749365951543,1
"9537","PmetTSAr1.1-012672",37.5423073800998,44.7705654522433,33.6667933269075,44.1634348541216,38.1946456707783,42.1235954844324,44.2543220024516,41.9502903590638,0.0560388648969527,5.35402890620216,0.8515210513736,1
"9538","PmetTSAr1.1-012673",265.358919948921,88.6189464998224,209.424477029316,356.272889326775,370.877655674497,185.230736653692,106.906037337362,78.9186299062549,-0.309910405864546,7.69870944992747,0.576570719631453,1
"9539","PmetTSAr1.1-012674",19.198281738087,21.537468031511,21.3254547618473,15.6743126100959,23.6668443145909,13.4569338594563,14.3952269013657,20.1542555571211,-0.11758292191327,4.22732284623128,0.702119158617625,1
"9540","PmetTSAr1.1-012675",47.7933805329894,53.4866954705205,40.1448139530119,28.6215066410704,53.5234786806902,52.5838171819089,45.0296107875324,34.0527660606975,0.123117354998535,5.47456839439465,0.708967701898902,1
"9541","PmetTSAr1.1-012676",33.765596218509,49.0542607513283,42.6509095236946,44.8783105981631,75.6246702175467,48.2301032862025,51.3995510757641,50.1025735057644,0.403200875182881,5.63017470493079,0.219806279062578,1
"9542","PmetTSAr1.1-012677",170.176806507399,141.510684289914,325.556000078312,136.673651508978,181.652132746914,120.801425171127,174.796190409305,152.091032455634,-0.298228088416626,7.45494528179152,0.506432003308337,1
"9543","PmetTSAr1.1-012678",23.2447579826487,25.9401548666818,38.2061362473894,25.1530354384985,21.5914441208499,27.5075559774179,27.5960899986879,24.4851559788058,-0.152640145734321,4.74270735206629,0.610747128241586,1
"9544","PmetTSAr1.1-012679",6.87900961575482,6.27680352852048,12.8614716080321,5.21594524356232,6.77235852694448,4.63642259023283,7.31285908089755,6.11421236002549,-0.325689293696254,2.81895264531858,0.335960372552011,1
"9545","PmetTSAr1.1-012680",18.3889864891747,23.500828376925,24.1152592650601,20.3342433860704,25.1232655031811,21.2879646978373,25.9616974247337,23.4378140467644,0.150186073412112,4.51298546870188,0.597856595780649,1
"9546","PmetTSAr1.1-012681",9.5316995983008,9.66806230696283,9.92981263855418,10.8290436782588,9.57596931498064,10.3188673502133,9.30346542096994,10.3601931655987,-0.0151286838124671,3.32216968771912,0.960527934328211,1
"9547","PmetTSAr1.1-012682",2.78757252403137,6.06856834037052,4.20834916586344,8.65793956672528,3.45900032290175,6.81327953808605,5.11271523134384,5.29332273761466,-0.0765909249863929,2.42621861739149,0.838961359801585,1
"9548","PmetTSAr1.1-012683",160.824950297745,180.420916589937,123.082391895983,401.760168151344,182.271111752065,279.061752367002,199.374940271462,190.304859705793,-0.0254390885159845,7.74626410321786,0.957407112094432,1
"9549","PmetTSAr1.1-012684",3.37206353713472,5.59260219602773,4.25563398795179,7.5723875109585,3.96874773890832,6.16304954067535,5.23843773703263,4.18936772816561,-0.0935322183323251,2.35479736420697,0.783712775790928,1
"9550","PmetTSAr1.1-012685",6.56428368562225,7.37747523731318,4.87033667510038,17.4482635304953,6.95441117551826,13.3155795121931,8.27673162451155,6.93510198243632,-0.0349681265000544,3.17693157506978,0.936145196435478,1
"9551","PmetTSAr1.1-012686",68.8800178518718,66.0403025275615,63.7872249971885,62.9620192344731,63.682016471107,70.4510066759769,70.0483894196003,71.6155429206689,0.0759075841162984,6.07137200119546,0.83594948451828,1
"9552","PmetTSAr1.1-012687",36.1035602709224,31.3840176426024,47.6158158429717,23.3526076386902,38.6315720273553,33.7271472569986,31.7658864373658,27.6837948523376,-0.0702643764843319,5.08041487447339,0.824432808460494,1
"9553","PmetTSAr1.1-012688",91.6302065157407,86.417603082237,88.1389083726904,87.0295026172048,92.4463349457636,88.4878213867607,99.6560395093087,93.8927888805766,0.0843787009875417,6.50818660837389,0.824140400573003,1
"9554","PmetTSAr1.1-012689",125.755489511544,211.715690580475,74.6154492554214,76.200458938946,57.2009421818805,50.0394389311714,77.7803235194604,296.850671386978,-0.0191129790088187,6.92287878573634,0.97400733258492,1
"9555","PmetTSAr1.1-012690",74.1853978169638,106.913895172998,56.221653463052,52.9537588178916,49.3362677634934,42.7455546123905,55.7998387748715,136.295983858902,-0.0306688971917978,6.16733660168577,0.947368940451623,1
"9556","PmetTSAr1.1-012691",189.959579258589,157.842272617676,195.617308979517,182.663991042317,184.055227708088,180.17025102167,196.315692633035,168.338985671628,0.0055789039493396,7.50724273167636,0.989188933253901,1
"9557","PmetTSAr1.1-012692",57.9994928387171,49.8574536199068,68.5629920281122,46.9435071920609,57.4194053601691,53.827735437825,54.6892899746206,53.8956496920765,-0.0226919709512374,5.79325691265794,0.944726410057335,1
"9558","PmetTSAr1.1-012693",3.5968677729437,2.94504051812099,4.01920987751002,2.51530354384985,3.56823191204602,2.85535781471656,2.61921886851631,2.49097540593631,-0.175846395954691,1.6453160194081,0.526706376856901,1
"9559","PmetTSAr1.1-012694",98.3743335900101,67.0814784683113,144.029568081124,85.8115661643933,148.409319117342,96.1774978778786,54.6264287217762,71.3607840723346,-0.0931720667899359,6.58163869423744,0.835160873891081,1
"9560","PmetTSAr1.1-012695",52.4243477906544,64.3744210223617,54.0465516469878,60.2349006553517,58.4024896624675,63.1288514877433,67.0310492830695,61.2270432163664,0.112214006049715,5.91108593729457,0.739193601666133,1
"9561","PmetTSAr1.1-012696",48.0631456159602,43.3724149032363,105.728862189558,86.1292887173007,83.8898604627961,94.7639544052466,29.6914650935009,61.7082543743313,-0.0691329180511797,6.11313005138216,0.881467422862792,1
"9562","PmetTSAr1.1-012697",77.7822655899075,72.5550891282534,73.7170376357427,64.471201360783,73.0759331375138,64.3444988742068,67.4920318039283,71.2758644562231,-0.062995249120797,6.14256680846762,0.864819465200263,1
"9563","PmetTSAr1.1-012698",20.5920680001027,31.5922528307524,8.84226173052206,16.4686189923643,17.0765384362202,15.2662695044252,20.3251384196866,29.8633983325319,0.0898823804553205,4.32725958604555,0.812227884490338,1
"9564","PmetTSAr1.1-012701",92.6193451533002,83.7700414043303,109.227939024096,107.681468556183,88.2955345582815,102.142651332385,95.2557518102013,97.9123173765193,-0.0359629492666715,6.60249760482879,0.925959540582914,1
"9565","PmetTSAr1.1-012702",29.8989633625945,34.507545464852,32.1536790200802,29.812966214473,31.3494660844043,29.2038081445763,32.9812039923574,40.7614157335033,0.0877231212701397,5.02886277545725,0.764593564773178,1
"9566","PmetTSAr1.1-012703",34.3051263844505,36.2329227380946,30.3568557807228,30.1306887673803,31.1674134358305,29.6278711863659,36.7528791630209,33.0054241286561,-0.00506833507752719,5.03387166631999,0.986694432128223,1
"9567","PmetTSAr1.1-012704",5.53018420090094,5.65209796407058,3.97192505542167,4.44811574070289,5.35234786806902,5.20183997928561,6.68424655245363,5.88776005039492,0.238804788608384,2.43495043858283,0.406836664146909,1
"9568","PmetTSAr1.1-012705",28.7299813363878,33.6746047122521,30.4987102469878,29.1245673498404,31.2038239655453,30.7304350950188,32.5621289733948,42.7994865201784,0.169995710045587,5.02146671824292,0.561060656702719,1
"9569","PmetTSAr1.1-012706",18.748673266469,19.21713307784,12.6723323196787,13.185485945655,15.2924224801972,14.022351248509,18.3135783286661,17.5500539963695,0.0305675254767884,4.01690638422943,0.920633731981071,1
"9570","PmetTSAr1.1-012707",22.0757759564419,23.6495677970322,22.7912842465863,20.5725353007509,26.1063498054795,23.4930925151432,25.1025936358603,24.4002363626943,0.153691388068511,4.55987167843945,0.580889392269572,1
"9571","PmetTSAr1.1-012708",15.3316488821725,14.308732214305,17.9682323935742,13.9268385691055,16.8944857876464,16.7928964548677,11.88077678759,13.1908470359809,-0.0664620026236809,3.91572517812328,0.820759886903223,1
"9572","PmetTSAr1.1-012709",42.1732746377649,36.5601494623302,34.7543442349396,37.8884144342014,42.1998039394014,36.1584420299255,36.2290353893176,38.8365711016434,0.0192785914569406,5.25399599825834,0.948431807175014,1
"9573","PmetTSAr1.1-012711",60.1126526553216,40.3678786170725,51.2094623216866,104.769011821199,52.7224470269656,40.2859889700109,32.1011464525359,47.9795831029778,-0.567674774456461,5.74827861833353,0.131529347371419,1
"9574","PmetTSAr1.1-012712",32.4167708036551,33.4961174081235,27.6616209216866,24.914743523818,27.5627709940697,27.2813890217968,27.4075062401547,29.5803329454937,-0.0832926725867189,4.8504911051434,0.771287396331168,1
"9575","PmetTSAr1.1-012714",33.0462226639202,32.7226724235665,27.6616209216866,26.7151713236263,29.5289395986665,29.6278711863659,29.4819275840196,31.9863887353185,0.00582233802977996,4.91443704524763,0.985023219514307,1
"9576","PmetTSAr1.1-012715",56.2010589522453,39.6241815165369,53.9992668248994,105.113211253515,52.5403943783919,41.7278033120955,32.9812039923574,48.6306334931657,-0.536002671244661,5.75254451582637,0.154150660274435,1
"9577","PmetTSAr1.1-012717",70.9032559741526,49.4409832436069,78.8237984212848,33.3608680552717,73.0759331375138,46.1380589467072,49.7022972489656,38.6101187920128,-0.163786570575875,5.78273798682105,0.66414880179108,1
"9578","PmetTSAr1.1-012718",91.9898932930351,87.5777705590725,97.8322969008028,51.1268541386743,96.1237984469539,65.899396694102,75.5801796699067,69.4359394404747,-0.0974643919185814,6.31284609290178,0.807330924000657,1
"9579","PmetTSAr1.1-012719",10.5657990830221,11.571926884334,13.2397501847389,5.71900595233229,13.5811275836037,9.01840735539191,8.92629790390359,8.8599466142962,-0.024066469203195,3.35569226590299,0.942897462207989,1
"9580","PmetTSAr1.1-012720",42.2631963320885,44.473086612029,41.1377952168673,38.6827208164698,38.7772141462144,46.1663298161598,39.3720980315372,36.51543492793,-0.0504224468027447,5.35699581171853,0.865321490161863,1
"9581","PmetTSAr1.1-012721",185.553416236733,173.459911728924,173.488012242168,125.500408398403,167.37920509873,127.953955142645,125.324384420769,153.336520158602,-0.197036153826754,7.26728314837265,0.631635553688779,1
"9582","PmetTSAr1.1-012722",5.53018420090094,6.00907257232767,5.95788758313251,5.87786722878597,5.68004263550182,6.67192519082285,6.45375529202419,6.02929274391403,0.0877265750163833,2.60641327536718,0.756212870152711,1
"9583","PmetTSAr1.1-012723",42.3980788735738,37.1253592587373,55.0395329108432,45.3284175481152,46.3506043268835,43.8481185210434,41.6979643867797,46.8190150161211,-0.00925912814853946,5.4881171013073,0.976181174578056,1
"9584","PmetTSAr1.1-012724",8.3177567249323,8.00218080176308,10.308091215261,7.83715630504796,8.99340083954455,7.68967649111786,7.56430409227511,7.86921775966244,-0.100861175704934,3.06674893167412,0.725399768854299,1
"9585","PmetTSAr1.1-012725",43.7019434412659,37.3335944468872,54.8031088004014,44.4811574070289,43.3649408902735,44.6962446046226,41.3417506206615,46.6491757838982,-0.0342787657487725,5.47910261421328,0.910485846718817,1
"9586","PmetTSAr1.1-012726",6.87900961575482,6.18755987645621,6.05245722730921,6.32797417873805,6.11696899207889,6.53057084355966,6.55852404676485,6.2557450535446,0.00157559371338547,2.6837233872966,1,1
"9587","PmetTSAr1.1-012727",8.45263926641769,7.85344138165596,9.55153406184735,7.96954070209269,9.39391666640686,7.01117562425452,7.1452290733125,7.89752429836626,-0.105164828367243,3.0383324513503,0.716729917403216,1
"9588","PmetTSAr1.1-012728",115.324572970007,124.346155209553,111.68674977269,105.086734374106,108.466968020256,110.708724776535,112.291151331031,119.113914865682,-0.0186449735761785,6.82577917435043,0.961893049901533,1
"9589","PmetTSAr1.1-012729",29.7640808211091,36.5601494623302,36.7403067626505,29.8394430938819,29.5289395986665,31.2110398757137,35.4327928532887,35.241640686258,-0.0159887869043114,5.04883433517233,0.956678327821988,1
"9590","PmetTSAr1.1-012730",22.8850712053543,25.3749450702748,20.2379038538152,22.6906856534666,19.5524544568236,19.2807329666999,22.5462360201884,26.1552417623313,-0.0591434226021436,4.48567702603574,0.837322290390374,1
"9591","PmetTSAr1.1-012731",31.6973972490663,25.4046929542962,44.0694541863452,42.018807621997,30.4756133712502,29.7409546641764,16.6372782528156,27.4007294652994,-0.45814796119933,4.95335841928991,0.158536596059599,1
"9592","PmetTSAr1.1-012732",17.8494563232331,18.8899063536043,11.111933190763,12.8942402721566,12.4159906327315,11.4779729977715,32.9392964904612,16.9273101448854,0.280999040076211,4.07787785456493,0.44844634042362,1
"9593","PmetTSAr1.1-012733",20.2323812228083,17.7297388767688,25.0609557068272,26.0002955795848,17.2221805550792,18.0933564496891,16.3229719885937,20.3807078667516,-0.305774253860681,4.33541272664301,0.292573511740623,1
"9594","PmetTSAr1.1-012734",20.8618330830734,20.0500738304398,12.3413385650602,12.1528876487061,11.1416220927151,10.5450343058344,37.2976766876723,19.4748986282293,0.263762034613533,4.17448088830041,0.516564072710916,1
"9595","PmetTSAr1.1-012735",20.7719113887499,18.8899063536043,23.689695866265,27.5359545853036,16.1662751933513,16.2557499352675,17.5592432945334,20.324094789344,-0.370462000773687,4.33687291286597,0.200912000761976,1
"9596","PmetTSAr1.1-012736",93.11391447208,56.9077021329843,85.3018190473892,55.3896317235146,81.377533912478,70.2813814592611,59.2781614322612,59.9532489746944,-0.101698499815489,6.13443890289129,0.794877831098099,1
"9597","PmetTSAr1.1-012737",42.8926481923536,30.3130938178312,38.2534210694778,26.9799401177158,35.4638559421716,33.4161676930195,26.4226799455926,28.2782321651179,-0.163342616778861,5.03580256613868,0.591505440964526,1
"9598","PmetTSAr1.1-012738",22.0757759564419,26.654104083196,12.1049144546184,20.996165371294,25.8514760974762,28.2425985831866,31.7449326864177,25.0512867528822,0.437436647185909,4.59471140610597,0.162263234926735,1
"9599","PmetTSAr1.1-012739",70.0939607252403,60.0609778392553,102.560779109638,82.078326167732,84.363197349088,78.6212879477896,66.7167430188475,63.831244777118,-0.100835080438747,6.24974903496969,0.794995830574384,1
"9600","PmetTSAr1.1-012740",1.84339473363365,1.63613362117833,1.89139288353413,2.09167347330672,1.31077906973119,2.14858607840058,3.87644392540414,2.17960348019427,0.362579605311691,1.13417706000089,0.269033098369456,1
"9601","PmetTSAr1.1-012741",42.6228831093828,20.3773005546755,42.4617702353412,29.7600124556551,42.3454460582604,23.7758012096696,22.0642997483814,24.2303971304714,-0.266261272176258,4.9541737069203,0.441117718662231,1
"9602","PmetTSAr1.1-012742",8.04799164196152,6.33629929656333,10.2135215710843,9.18747715490419,12.4159906327315,5.39973606545409,6.57947779771298,6.53881044058282,-0.12871113558794,3.02543357590111,0.704990440198444,1
"9603","PmetTSAr1.1-012744",61.9560473889552,29.182674225017,53.006285561044,36.4851398255273,53.9604050372673,29.6844129252712,21.5614097256263,28.2499256264141,-0.436688312460007,5.29651165662635,0.237633765156787,1
"9604","PmetTSAr1.1-012745",9.80146468127158,7.67495407752742,11.3483573012048,9.21395403431314,12.051885335584,5.56936128216992,6.70520030340176,7.21816736947454,-0.270925709838438,3.12897400704444,0.403925584357407,1
"9605","PmetTSAr1.1-012746",99.1386679917607,109.680448386991,111.544895306425,75.0089993655435,112.872642115741,107.740283484008,112.374966334824,97.968930453927,0.124399557829587,6.69141089224471,0.751580819416956,1
"9606","PmetTSAr1.1-012747",26.03233050668,24.690743737782,14.185446626506,18.5338155862621,20.1350229322597,21.7120277396269,20.4508609253754,16.5593251417357,-0.0817832000507555,4.34691498114844,0.790169457522791,1
"9607","PmetTSAr1.1-012748",120.450109546452,102.897930830106,182.566698083132,89.2006067287384,117.096263562653,90.890845290235,83.9407262982108,122.114407968287,-0.257874830303914,6.82898938804995,0.538117722438899,1
"9608","PmetTSAr1.1-012749",38.9360936421155,32.7524203075879,46.7646890453814,38.8680589723324,36.9202771307618,44.7527863435279,39.8540343033442,45.4886076970415,0.0866589082435688,5.34348466591054,0.77514829974633,1
"9609","PmetTSAr1.1-012750",34.2601655372887,25.1964577661462,40.7122318180721,42.971975280719,42.5639092365489,37.0913807218626,24.3482586017276,29.5803329454937,-0.100029323276226,5.11461901334689,0.756098625325094,1
"9610","PmetTSAr1.1-012751",14.0277843144804,15.5878912272262,19.008498479518,19.8841364361183,16.5667910202136,18.3195234053102,20.4508609253754,16.2762597546975,0.0639976362687125,4.13586812140486,0.827090229420496,1
"9611","PmetTSAr1.1-012752",32.3718099564933,23.4115847248608,38.0642817811244,42.3894839337222,41.2895406965325,38.6462785417578,25.6683449114599,28.6179106295638,-0.0218372134008575,5.08171376992668,0.946754402045687,1
"9612","PmetTSAr1.1-012753",13.9378626201568,14.7252025906049,21.5618788722891,18.08370863631,17.3678226739383,19.8744212252054,21.2051959595081,16.3894859095128,0.132424240110854,4.16640352970416,0.655964654416398,1
"9613","PmetTSAr1.1-012754",72.8365724021099,71.0379470431607,71.4946509975901,48.9027962683229,69.4712906957531,53.6863810905618,69.5664531477933,65.6428632541626,-0.0324350491959121,6.030936982705,0.929029530045724,1
"9614","PmetTSAr1.1-012755",58.4491013103351,81.5984458707663,34.6124897686746,49.0087037859587,41.0710775182439,26.404992068765,41.8865481453129,73.2856287041944,-0.292509029856412,5.66827852580573,0.456705147458122,1
"9615","PmetTSAr1.1-012756",18.8835558079544,18.0867134850259,32.0118245538151,35.2936802521248,28.8371395340862,22.0512781730586,19.3612658760726,16.191340138586,-0.271305436433735,4.57872622391236,0.414349823035623,1
"9616","PmetTSAr1.1-012757",77.4675396597749,39.7134251686012,64.5437821506022,106.119332671055,85.6011553593896,90.2406152928243,41.907501896261,58.113323958946,-0.0615365642435103,6.13999576968318,0.887832456846796,1
"9617","PmetTSAr1.1-012758",63.8444029697506,51.2853520529351,139.206516228112,62.3795278874763,71.2554066517761,59.708076283974,56.9313413260706,54.4051673887453,-0.386142064620227,6.12765366859665,0.361335301219635,1
"9618","PmetTSAr1.1-012759",90.3713027952104,95.0147415644286,100.905810336546,123.83236499564,106.573620475089,135.219568591973,127.042591998515,111.1031644125,0.226743765305459,6.79864011051801,0.565644482723351,1
"9619","PmetTSAr1.1-012760",23.7842881485902,21.5969637995539,24.8718164184738,29.4687667821567,22.3924757745745,26.6877007632914,26.00360492663,26.1269352236274,0.0213370222610707,4.65423263771972,0.941682553093666,1
"9620","PmetTSAr1.1-012761",275.160384630193,127.469683031802,32.9102361734938,42.4424376925401,110.069031327705,35.8191915964939,33.7984002793345,67.9639994278759,-0.948689324038488,6.50363447495551,0.125769620795711,1
"9621","PmetTSAr1.1-012762",25.6276828822238,25.3451971862533,33.8559326152609,24.7294053679554,28.2545710586501,24.0019681652907,23.8244148280244,22.8716832726879,-0.146550291218161,4.70702875096584,0.611255431005326,1
"9622","PmetTSAr1.1-012763",100.037884934997,56.3424923365772,17.0225359518072,19.8311826773004,47.2972780994671,17.3865847133731,16.0924807281642,28.3348452425255,-0.824733146236162,5.24151852735672,0.110086822537513,1
"9623","PmetTSAr1.1-012764",8.54256096074128,8.56739059817014,12.577762675502,9.4787228284026,10.0857167309872,10.2340547418554,9.36632667381433,9.73744931411467,0.0106221954505081,3.30478992040475,0.975681925504732,1
"9624","PmetTSAr1.1-012765",26.7966649084306,17.9379740649187,24.7299619522087,24.914743523818,27.6355920534993,19.6199834001316,16.9096770151413,15.5402897483981,-0.244138673896133,4.44711865362629,0.428591411522688,1
"9625","PmetTSAr1.1-012766",21.7610500263094,21.5969637995539,21.8455878048192,20.7578734566135,22.9750442500106,22.0512781730586,21.7919009860557,25.8155632978854,0.107885138634361,4.48453067590028,0.699249249545188,1
"9626","PmetTSAr1.1-012767",43.0724915810008,43.3426670192149,37.2604398056223,48.5850737154155,45.3311094948703,44.978953299149,43.1228194512526,51.9424985215129,0.105549067755126,5.48443478222164,0.726408721328077,1
"9627","PmetTSAr1.1-012768",2.83253337119316,4.25394741506365,2.2223866381526,3.52142496138979,2.65796866917713,2.85535781471656,3.10115514032331,3.02879964130892,-0.148749645018388,1.64461229258523,0.612760558883067,1
"9628","PmetTSAr1.1-012769",50.1313445854028,39.2672069082798,30.0258620261043,48.2938280419171,39.578245799939,50.463501972961,43.1437732022007,54.0371823855957,0.15853357453086,5.47357879332411,0.61819767695368,1
"9629","PmetTSAr1.1-012770",132.139929808519,124.851869237917,91.827124495582,98.3616070042336,109.085947025407,102.708068721438,108.058493639509,109.91428978694,-0.0573025750883513,6.77714408670037,0.884414917163918,1
"9630","PmetTSAr1.1-012771",36.1485211180842,30.0453628616383,32.0118245538151,42.8131140042654,33.5340978672896,36.5825050717151,34.1127065435565,37.8458422470096,0.0105492548350796,5.14772047038416,0.972215970974651,1
"9631","PmetTSAr1.1-012772",31.3826713189338,13.5055393457265,69.9815366907628,83.6669389322687,65.46613242713,84.0492948826963,14.0390131352474,26.1835483010351,-0.0656174395692794,5.60253260007374,0.907654675450368,1
"9632","PmetTSAr1.1-012773",40.0601148211604,32.2764541632451,29.1274504064256,40.3507642192334,32.4417819758469,35.4516702936096,33.9869840378677,37.1947918568217,-0.0282872776707251,5.13644392870805,0.924882147945441,1
"9633","PmetTSAr1.1-012774",31.0229845416394,14.7252025906049,67.6172955863451,84.3553377969013,65.757416664848,83.7383153187173,14.7514406674839,26.9195183073345,-0.0488828817911371,5.60483729646088,0.929737125871738,1
"9634","PmetTSAr1.1-012775",52.5592303321398,39.9514082407726,84.5925467160639,41.3304087573644,62.5532900499496,46.7600180746652,38.1986879784419,45.1772357712995,-0.180614855809074,5.68472390700423,0.614470792462841,1
"9635","PmetTSAr1.1-012776",62.9002251793529,48.8757734471998,65.0166303714857,52.2124061944411,63.3179111739594,47.5516024193391,42.5989756775493,50.8668500507676,-0.164391338519718,5.76076014941971,0.618461377481468,1
"9636","PmetTSAr1.1-012777",1.84339473363365,1.66588150519975,3.97192505542167,1.74747404099042,2.51232655031811,1.92241912277947,1.52962381921353,1.78331193834077,-0.243084655108828,1.11704728082122,0.460004215454715,1
"9637","PmetTSAr1.1-012778",13.8479409258332,14.2789843302836,14.185446626506,13.3178703426997,14.5642118859021,14.418143420846,16.7210932566081,15.087385129137,0.128447030293673,3.86948311842215,0.646490986190417,1
"9638","PmetTSAr1.1-012779",53.1437213452431,58.6925751742697,47.6158158429717,35.4790184079874,52.4311627892476,41.3885528786638,47.4392921465675,45.6018338518568,-0.0609236570216672,5.57839947168224,0.849528019587747,1
"9639","PmetTSAr1.1-012780",47.6135371443422,58.6330794062269,52.8171462726906,64.0210944108309,48.2439518720507,61.6304954067535,60.8287390024229,55.565735475602,0.0203248859974569,5.81341693304655,0.951108330002672,1
"9640","PmetTSAr1.1-012781",31.1578670831248,15.290412387012,27.6143360995983,14.4298992778755,22.174012596286,9.04667822484454,14.12282813904,16.0781139837707,-0.525947798675791,4.23105928276993,0.145449012357561,1
"9641","PmetTSAr1.1-012782",12.6339980524647,10.5604988276056,9.88252781646583,14.1121767249681,9.61237984469539,14.0788929874143,15.086700682654,13.8418974261688,0.157295751580534,3.64897334166989,0.600147805904879,1
"9642","PmetTSAr1.1-012783",30.0788067512417,30.8485557302168,39.2936871554215,32.6459923112302,29.0920132420895,29.0907246667657,28.0151650176505,28.6745237069714,-0.209717436756424,4.95533395164664,0.464129512385094,1
"9643","PmetTSAr1.1-012784",16.77039599135,12.9998253173623,37.0240156951806,14.9859137454633,18.751422803099,14.0788929874143,11.7341005309531,13.5871385778344,-0.490819930873681,4.13187366969473,0.175812247995014,1
"9644","PmetTSAr1.1-012785",9.89138637559517,8.24016387393447,34.1869263698794,12.1793645281151,15.9478120150628,12.1847447340875,9.6177716851919,9.45438392707645,-0.449013588783786,3.80743890612422,0.2860401925001,1
"9645","PmetTSAr1.1-012786",29.5842374324619,30.0453628616383,39.1045478670681,32.1958853612781,31.0581818466862,30.1932885754187,28.3923325347168,28.0517798554873,-0.153547415447947,4.96048054871092,0.593569055742575,1
"9646","PmetTSAr1.1-012787",15.0169229520399,10.6794903636913,27.6143360995983,10.6701824018052,16.0570436042071,11.3083477810557,9.45014167760686,10.6149520139331,-0.430407500420485,3.8038765758249,0.230462984708701,1
"9647","PmetTSAr1.1-012788",8.54256096074128,7.4072231213346,35.60547103253,12.8942402721566,14.8554961236202,12.0716612562769,8.50722288494098,9.17131854003824,-0.529786654921127,3.77277905269684,0.233562080751948,1
"9648","PmetTSAr1.1-012789",28.7299813363878,29.0339348049099,42.5090550574296,32.9107611053196,30.2935607226764,31.5502903091453,29.5866963387603,28.108392932895,-0.155576563554412,4.98400216916363,0.596328000422322,1
"9649","PmetTSAr1.1-012790",14.3874710917748,11.1852043920555,32.4846727746987,11.1997199899841,15.3652435396267,11.9585777784664,10.0787542060508,11.6339874072707,-0.496492214672042,3.88998924718966,0.180109241429804,1
"9650","PmetTSAr1.1-012791",10.5208382358603,8.24016387393447,34.5179201244979,11.6233500605272,16.0570436042071,12.5805369064244,8.69580664347416,8.74672045948091,-0.492909894822333,3.79792161945818,0.24888381523443,1
"9651","PmetTSAr1.1-012792",29.134628960844,30.2833459338097,40.7122318180721,32.3282697583228,30.3299712523911,31.4089359618822,28.58091629325,27.5139556201147,-0.16852848562594,4.97009170757029,0.561626279111859,1
"9652","PmetTSAr1.1-012793",14.6572361747456,9.40033135077002,21.7037333385541,11.0673355929393,13.3626644053152,10.3754090891186,8.46531538304472,8.71841392077709,-0.472334937599826,3.61603095737579,0.158294992987796,1
"9653","PmetTSAr1.1-012794",9.89138637559517,8.83512155436296,34.801629057028,11.4380119046646,14.6370329453316,12.4109116897086,8.88439040200733,9.96390162374524,-0.49988721099508,3.7964735326129,0.232634645693315,1
"9654","PmetTSAr1.1-012795",29.5392765853001,27.1598181115602,37.5441487381525,28.5685528822525,29.2740658906632,26.9138677189125,26.1083736813706,26.042015607516,-0.180508553274026,4.85543567376631,0.530823197408221,1
"9655","PmetTSAr1.1-012796",15.6014139651433,12.4346155209553,37.8751424927709,12.708902116294,18.2416753870924,14.9270190709935,12.4255743122414,12.6530228006083,-0.431250769306066,4.09994324997029,0.255156057233859,1
"9656","PmetTSAr1.1-012797",9.30689536249182,8.59713848219156,34.6124897686746,12.6029945986582,15.5108856584857,12.4957242980665,8.63294539062977,9.17131854003824,-0.506305680409005,3.79740607349699,0.234328228379667,1
"9657","PmetTSAr1.1-012798",28.2803728647698,27.427549067753,39.2936871554215,27.853677138211,26.7617393403451,27.0552220661757,26.2760036889557,26.2684679171466,-0.20739464933746,4.84333686091721,0.47392558592287,1
"9658","PmetTSAr1.1-012799",12.6339980524647,10.2630199873913,28.512747719277,11.0408587135304,14.9647277127644,10.6863886530976,8.3815003792522,10.5017258591179,-0.486560704370525,3.7455009960575,0.187532791573321,1
"9659","PmetTSAr1.1-012800",9.39681705681541,8.2699117579559,34.0923567257027,11.0938124723483,15.2560119504825,12.7218912536876,8.82152914916294,9.70914277541085,-0.433087968713766,3.77689404550877,0.311108221455145,1
"9660","PmetTSAr1.1-012801",25.3129569520913,28.6769601966528,36.7403067626505,29.8394430938819,27.4899499346402,27.3662016301547,27.8265812591173,27.9951667780797,-0.123251778166751,4.85622256881416,0.668898789281324,1
"9661","PmetTSAr1.1-012802",15.1068446463635,11.5421790003125,27.1887727008031,11.8351650957988,15.1831908910529,12.5522660369718,10.602597979754,11.1527762493058,-0.406533627089078,3.85185423304886,0.229009415036133,1
"9662","PmetTSAr1.1-012803",9.30689536249182,9.31108769870574,32.4846727746987,12.3382258045687,16.8216647282169,12.0433903868243,8.31863912640781,8.97317276911148,-0.458058529786409,3.78012522256602,0.273213621162364,1
"9663","PmetTSAr1.1-012804",26.3920172839744,27.635784255903,36.3147433638553,28.3832147263899,28.2181605289353,26.5463464160282,26.9255699683477,26.1269352236274,-0.138729244885786,4.8265518489346,0.629363870317714,1
"9664","PmetTSAr1.1-012805",13.892901772995,10.1440284513056,23.5005565779116,10.6172286429873,13.7995907618922,9.58382474444469,9.36632667381433,10.7564847074523,-0.41699128689473,3.67248905286664,0.215964756255183,1
"9665","PmetTSAr1.1-012806",9.93634722275697,9.16234827859862,33.1466602839356,12.232318286933,14.5642118859021,11.7889525617505,9.03106665864425,9.34115777226117,-0.526412883716183,3.77491871893084,0.194555254997419,1
"9666","PmetTSAr1.1-012807",5.9348318253571,7.43697100535602,5.72146347269074,3.8126706348882,4.66054780348867,5.56936128216992,5.67846650694337,4.50073965390765,-0.163912509570648,2.45253864925423,0.587496457188572,1
"9667","PmetTSAr1.1-012808",17.8494563232331,21.1209976552111,18.8193591911646,16.3097577159106,20.2442545214039,21.2031520894794,21.0794734538193,15.8516616741402,0.081077236195425,4.25717683995453,0.778092253926653,1
"9668","PmetTSAr1.1-012809",5.26041911793016,7.13949216514178,5.10676078554215,4.79231517301919,5.46157945721329,5.99342432395951,5.23843773703263,5.18009658279937,-0.0295494437657572,2.48130556152159,0.924588153432306,1
"9669","PmetTSAr1.1-012810",42.577922262221,49.6194705477354,41.0432255726906,26.3444950119011,41.9449302313981,31.182769006261,36.4804804006952,33.2318764382867,-0.159792305974636,5.24256772725789,0.613914072461652,1
"9670","PmetTSAr1.1-012811",4.67592810482681,7.85344138165596,4.68119738674697,4.28925446424922,5.49798998692805,5.93688258505423,4.75650146522562,5.49146850854141,0.00872852216448823,2.44930083602751,0.97755820702213,1
"9671","PmetTSAr1.1-012812",49.861579502432,55.9855177283201,48.5142274626504,28.8862754351599,45.4767516137293,38.1656737610629,42.1379931566904,37.1098722407103,-0.169652500980582,5.43704867332568,0.596667210484323,1
"9672","PmetTSAr1.1-012813",29.6291982796237,30.4618332379383,13.6653135835341,21.3933185624282,23.3391495471581,17.7541060162574,30.8229676447,24.6549952110287,0.0212303835715818,4.58688146609853,0.949729338389465,1
"9673","PmetTSAr1.1-012814",9.5766604454626,7.46671888937745,6.95086884698793,7.28114183746009,7.20928488352154,7.91584344673898,8.8634366510592,8.06736353058919,0.0374613497362101,2.99605126585872,0.902855924975315,1
"9674","PmetTSAr1.1-012815",65.9126019391933,50.8986295606566,161.997800474698,179.169042960336,124.341958975889,136.944091628584,83.3959287735594,96.695136212255,-0.0533222380765664,6.81350648557858,0.911463320286859,1
"9675","PmetTSAr1.1-012816",34.6648131617449,32.544185119438,29.5057289831324,35.3201571315337,29.310476420378,36.9782972440521,36.4804804006952,35.8926910764459,0.0706770974044,5.0832986615163,0.808127627193028,1
"9676","PmetTSAr1.1-012817",9.486738751139,8.32940752599875,12.719617141767,13.3708241015176,11.4329063304332,10.0361586556869,9.28251167002181,9.42607738837263,-0.128718202912402,3.40177783400418,0.667967684746166,1
"9677","PmetTSAr1.1-012818",13.2634499127299,10.9769692039055,28.0398994983935,9.4787228284026,13.1077906973119,9.41419952772885,9.86921669656947,10.8697108622675,-0.511521844877691,3.71888177948792,0.156217734072005,1
"9678","PmetTSAr1.1-012819",29.5842374324619,28.0522546322029,24.5881074859437,33.0166686229554,26.3976340431976,35.2255033379884,32.5411752224467,30.3163029517931,0.111066601372182,4.90841316276467,0.702976625089927,1
"9679","PmetTSAr1.1-012820",11.5099768734198,13.0593210854052,11.7266358779116,14.668191192556,14.3457487076136,14.418143420846,14.5838106598988,14.4080282002453,0.179222427174276,3.77149477211321,0.524323594377642,1
"9680","PmetTSAr1.1-012821",28.6400596420642,18.4436880932829,13.1924653626506,28.5950297616615,30.0386870146731,19.2807329666999,3.60404516307845,23.0698290436147,-0.227029281914955,4.3688754276907,0.634516933005673,1
"9681","PmetTSAr1.1-012822",19.198281738087,17.4025121525331,18.204656504016,17.8454167216295,16.8216647282169,18.0368147107838,14.8143019203283,19.0219940089682,-0.080745759115493,4.14787987415594,0.77620819341033,1
"9682","PmetTSAr1.1-012823",65.1482675374427,56.3424923365772,60.5245722730921,65.1596002254156,63.4635532928184,65.2491666966913,61.5830740365555,61.6799478356275,0.027754233060119,5.96474616429503,0.935622205212425,1
"9683","PmetTSAr1.1-012824",3.95655455023807,3.51025031452804,3.97192505542167,3.86562439370609,2.69437919889189,3.13806650924295,2.70303387230883,2.91557348649364,-0.416207792828174,1.76576739622639,0.107558089552142,1
"9684","PmetTSAr1.1-012825",18.2541039476893,17.2835206164474,17.1171055959839,19.3016450891215,19.1519386299613,17.867189494068,14.772394418432,18.6823155445223,-0.030764706748169,4.15897546132171,0.915979708444732,1
"9685","PmetTSAr1.1-012826",66.8118188824292,62.9762704733548,58.5858945674697,67.5160424928118,63.1358585253856,67.2563984278287,67.8063380681503,62.4159178419269,0.0263703682919239,6.01404618635086,0.93986741596618,1
"9686","PmetTSAr1.1-012827",3.82167200875268,3.77798127072086,3.02622861365461,4.36868510247606,3.31335820404273,3.59040042048518,2.97543263463453,2.77404079297453,-0.251049777990881,1.81456726901387,0.365174581667051,1
"9687","PmetTSAr1.1-012828",36.5082078953785,33.9720835524663,41.232364861044,42.7601602454475,43.6562251279916,42.4345750484114,42.8085131870306,32.9205045125447,0.067007354223241,5.30737368066888,0.824113846872763,1
"9688","PmetTSAr1.1-012829",42.7577656508682,47.6561102023214,49.3653542602408,42.3365301749043,43.2557093011293,45.4878289492965,59.9486814626014,54.5467000822645,0.158565416872214,5.59198588846969,0.613708174162933,1
"9689","PmetTSAr1.1-012830",10.7006816245075,11.5421790003125,14.0435921602409,13.7944541720608,10.7775167955676,8.39644822743384,8.40245413020033,9.42607738837263,-0.437625555986561,3.45167257832137,0.129839556821886,1
"9690","PmetTSAr1.1-012831",89.7868117821071,94.3900359999787,88.9427503481924,106.145809550464,93.0289034211997,116.193273450347,118.828721626848,102.979187804503,0.184556737897877,6.66326180584413,0.634313947138935,1
"9691","PmetTSAr1.1-012832",3.95655455023807,5.02739239962067,4.4447732763052,5.74548283174124,3.78669509033455,5.71071562943312,4.84031646901815,4.64227234742676,-0.0172872277492124,2.27382988359145,0.959979750268037,1
"9692","PmetTSAr1.1-012833",26.3920172839744,20.2583090185898,25.0609557068272,16.7863415452716,27.0530235780632,11.7324108228453,11.8598230366419,23.5793467402835,-0.253914630206088,4.34961296478554,0.465132665115778,1
"9693","PmetTSAr1.1-012834",10.6107599301839,10.5307509435841,11.7739207,11.4909656634825,9.50314825555113,14.5029560292039,11.4617017686274,12.6813293393121,0.117328646703818,3.54016759991793,0.686045006647756,1
"9694","PmetTSAr1.1-012835",14.342510244613,16.1233531396119,21.9874422710843,22.6112550152397,17.0765384362202,22.6732373010166,19.8641558988277,20.012722863602,0.0850617272543473,4.2780517830583,0.775975473578567,1
"9695","PmetTSAr1.1-012836",20.951754777397,22.162173595961,33.9505022594376,20.016520833163,25.4509602706139,24.3977603376276,30.8020138937518,25.7023371430701,0.132755220986747,4.67178750384625,0.662172266575937,1
"9696","PmetTSAr1.1-012838",36.1485211180842,43.6698937434506,22.7912842465863,33.0960992611823,31.6771608518371,40.6252394034425,39.979756809033,31.8165495030956,0.0862296101179868,5.13108646727146,0.783972080544491,1
"9697","PmetTSAr1.1-012839",9.21697366816823,7.05024851307751,7.09272331325299,7.33409559627799,6.5903058783707,9.04667822484454,8.46531538304472,7.21816736947454,0.0313112073534753,2.96598089770964,0.921240513366431,1
"9698","PmetTSAr1.1-012840",28.9547855721968,30.6998163101097,28.3236084309236,35.8232178403037,30.3299712523911,37.6567981109154,35.809960370355,36.1474499247803,0.176533182744456,5.04593810453555,0.54393727337,1
"9699","PmetTSAr1.1-012841",15.0169229520399,11.6611705363982,38.7262692903613,16.7069109070448,23.6304337848762,22.5036120843008,11.7550542819012,13.4172993456115,-0.202782638428618,4.26454866827761,0.608983474028147,1
"9700","PmetTSAr1.1-012842",28.5950987949024,29.0041869208885,30.0731468481927,32.5400847935944,27.6355920534993,38.8441746279263,36.1452203855251,33.9395399058822,0.184085993804495,5.0073453092285,0.52530927338256,1
"9701","PmetTSAr1.1-012843",14.8820404105546,7.82369349763454,47.521246198795,14.7211449513739,25.9242971569058,20.7225473087845,8.00433286218585,9.85067546892996,-0.396666147586712,4.22593746701061,0.427191790796172,1
"9702","PmetTSAr1.1-012844",77.9621089785547,68.9555951616611,81.7554573907627,85.8645199232112,95.1407141446555,72.005904495872,56.4494050542636,80.022584915704,-0.051094352932779,6.27289100772757,0.894758377295419,1
"9703","PmetTSAr1.1-012845",28.909824725035,28.40922924046,27.708905743775,39.6358884751919,32.9515293918535,31.578561178598,25.5007149038748,35.4680929958886,0.00884863048683,4.9696471190769,0.976254997121922,1
"9704","PmetTSAr1.1-012846",9.62162129262439,10.4117594074984,8.74769208634535,12.4970870810224,11.4329063304332,10.4036799585712,8.98915915674799,11.4641481750478,0.0322498369347395,3.39369659216152,0.910546643624277,1
"9705","PmetTSAr1.1-012847",344.265206717874,345.194446184605,304.561539071083,206.148983078052,337.015863039775,240.245848608528,294.986905847781,293.368967126408,-0.0421280810629681,8.2083803459297,0.921999473986569,1
"9706","PmetTSAr1.1-012848",37.946955004556,54.2601404550776,46.2445560024095,57.1106288850961,44.8941831382933,58.3510745502473,51.6509960871417,51.121608899102,0.0748453500209451,5.6514866942738,0.816217758446675,1
"9707","PmetTSAr1.1-012849",7.1038138515638,9.22184404664147,7.2818626016064,7.83715630504796,7.39133753209532,6.86982127699133,5.72037400883963,7.52953929521658,-0.195531304990537,2.89333156636634,0.501298008317172,1
"9708","PmetTSAr1.1-012850",122.608230210218,143.950010779671,86.4366547775097,95.3432427516138,121.756811366142,99.202480909311,126.351118217227,112.405265192876,0.0361147655044126,6.82744620241073,0.928747019173494,1
"9709","PmetTSAr1.1-012851",11.5998985677434,14.3979758663693,9.12597066305217,15.7537432483228,14.8190855939054,13.6831008150774,16.5534632490231,13.7286712713535,0.206260194419379,3.78431268482536,0.489161290717004,1
"9710","PmetTSAr1.1-012852",11.4200551790962,10.8282297837984,7.94385011084334,8.04897134031952,10.122127260702,8.08546866345481,10.8540429911316,9.9072885463376,0.0276668869403307,3.27990845064753,0.929140553941042,1
"9711","PmetTSAr1.1-012853",31.8772406377135,22.9951143485608,88.3753324831322,39.1328277664219,31.094592376401,39.1268833224527,28.2247025271318,25.9004829139969,-0.551929400795113,5.26236554348826,0.166198040555087,1
"9712","PmetTSAr1.1-012854",25.4928003407385,22.5786439722609,34.8489138791163,14.0856998455592,25.4873708003287,16.2274790658149,17.3916132869483,15.9082747515478,-0.370080337691899,4.4294165156503,0.267862001128082,1
"9713","PmetTSAr1.1-012855",4.7658497991504,3.68873761865659,12.5304778534136,5.53366779646967,3.31335820404273,5.54109041271728,5.09176148039571,2.3494427124172,-0.695832167891874,2.43173923135011,0.0839496180449842,1
"9714","PmetTSAr1.1-012856",8.00303079479973,8.56739059817014,6.80901438072287,9.31986155194892,9.86725355269868,7.12425910206508,6.8728303109868,6.76526275021339,-0.0980133767188412,2.99588222321458,0.746993257465308,1
"9715","PmetTSAr1.1-012857",27.3811559215339,30.4618332379383,25.0609557068272,27.827200258802,27.0530235780632,33.6706055180933,32.0592389506397,29.4388002519746,0.142309706365291,4.86715077541195,0.619338794154626,1
"9716","PmetTSAr1.1-012858",29.6291982796237,25.7616675625533,23.9261199767067,38.2855676253356,25.0504444437516,37.7416107192733,38.7853930049896,33.9395399058822,0.204344410669983,4.98687756923576,0.507064562613373,1
"9717","PmetTSAr1.1-012859",79.0411693104378,75.9166000226743,22.885853890763,43.5544666277158,40.0879932159456,45.2333911242227,166.414690030052,73.5970006299365,0.555368274073286,6.09643413208873,0.28845850146776,1
"9718","PmetTSAr1.1-012860",17.1300827686444,16.4208319798261,2.74251968112449,6.51331233460067,6.88159011608875,6.78500866863341,32.750712731928,14.3797216615414,0.506775279666157,3.70410432460356,0.359541652042625,1
"9719","PmetTSAr1.1-012861",38.4864851704976,38.3747703876371,35.6527558546183,37.3323999666136,34.5900032290175,36.9217555051468,37.6119829518943,41.7804511268409,0.0101744044215272,5.23481946350352,0.973025934447259,1
"9720","PmetTSAr1.1-012862",143.91967176491,27.1895659955816,152.067987836144,48.7439349918692,159.769404388346,54.1952567407093,22.6929122768253,23.4095075080606,-0.516114077271078,6.30412002519237,0.4271065042657,1
"9721","PmetTSAr1.1-012863",8.54256096074128,10.1440284513056,14.1381618044176,9.05509275785946,12.5252222218758,8.56607344414968,10.5606904778578,9.9072885463376,-0.0102107201576647,3.39043904009988,0.974712320582093,1
"9722","PmetTSAr1.1-012864",10.5208382358603,9.25159193066289,8.0857045771084,8.57850892849844,10.267769379561,9.49901213608677,8.80057539821481,8.88825315300002,0.0394603008187197,3.21671863076453,0.892465273876004,1
"9723","PmetTSAr1.1-012866",11.1053292489637,8.92436520642723,9.40967959558229,7.36057247568693,9.43032719612162,8.59434431360232,8.92629790390359,8.88825315300002,-0.0362774045875422,3.19166399001181,0.899715325566472,1
"9724","PmetTSAr1.1-012868",15.5564531179815,12.0776409126982,10.9227939024096,11.3056275076199,12.7800959298791,10.1775130029501,10.3301992174283,11.7755201007898,-0.145945559089429,3.57558361575045,0.616585242237675,1
"9725","PmetTSAr1.1-012870",13.7580192315096,11.8991536085696,9.78795817228912,9.71701474308311,11.906243216725,10.5733051752871,9.78540169277695,12.4831835683854,-0.0132873254707357,3.49791768272352,0.966059049709799,1
"9726","PmetTSAr1.1-012872",3.5519069257819,4.22419953104222,1.65496877309236,1.93281219685304,2.51232655031811,1.80933564496891,2.17919009860557,1.83992501574841,-0.450658347364953,1.33423993911058,0.17230016649469,1
"9727","PmetTSAr1.1-012873",90.0565768650778,76.8387844273384,106.627273809237,89.2006067287384,90.2252926331636,76.9815775195365,76.8374047267945,102.016765488573,-0.0677894969410119,6.47012537241477,0.861103903390479,1
"9728","PmetTSAr1.1-012874",4.18135878604705,3.53999819854947,4.39748845421685,4.89822269065497,4.62413727377392,2.54437825073753,2.82875637799762,3.67985003149682,-0.320474762643443,1.96047554089582,0.278587501984073,1
"9729","PmetTSAr1.1-012875",467.143202011063,180.658899662109,1146.32594188795,725.440018925706,641.735586222562,424.119583528493,64.4537379164494,206.326360612156,-0.914584697793633,8.91305736483123,0.164745669637377,1
"9730","PmetTSAr1.1-012876",28.235412017608,27.3680532997102,23.6424110441766,28.0125384146647,24.5406970277451,25.9243872880701,22.3366985107071,25.9570959914045,-0.119467465095944,4.69002629663186,0.672670956379973,1
"9731","PmetTSAr1.1-012877",6.92397046291662,3.80772915474228,11.4429269453815,9.69053786367416,8.70211660182651,5.45627780435937,3.33164640075275,4.52904619261147,-0.534857487712399,2.76140692869431,0.166998922411587,1
"9732","PmetTSAr1.1-012878",145.17857548544,143.384800983264,125.919481221285,132.304966406502,142.583634362982,140.251783354543,137.435652468788,157.639114041583,0.0798519301507682,7.13596125334498,0.840847759099585,1
"9733","PmetTSAr1.1-012879",57.8196494500699,21.953938407811,75.4665760530118,52.6095593855753,43.7290461874211,40.2294472311056,21.2680572123525,21.3714367213854,-0.715190998380923,5.38697337702779,0.076191414284358,1
"9734","PmetTSAr1.1-012880",126.115176288838,127.320943611695,84.5452618939756,83.4551238969972,85.8560290673929,111.104516948872,147.242007912513,130.323304192395,0.171245335025382,6.80815749879265,0.678489943076144,1
"9735","PmetTSAr1.1-012881",41.04925345872,41.3793066738009,55.8906597084335,37.4383074842494,46.6054780348867,42.0105120066219,42.8923281908231,40.9029484270224,-0.0274032287630391,5.44551373139995,0.928644124336815,1
"9736","PmetTSAr1.1-012882",122.068700044277,126.963969003438,85.2545342253009,84.2229533998566,87.6037344937012,110.821808254346,153.423364442212,132.899199214443,0.212041208771738,6.81986295825773,0.607307360082347,1
"9737","PmetTSAr1.1-012883",43.2073741224862,38.7614928799156,55.2759570212849,38.576813298834,49.2270361743491,40.9644898368742,41.7189181377278,38.3553599436784,-0.0460281790823494,5.43683262662384,0.880928147873361,1
"9738","PmetTSAr1.1-012884",66.6769363409438,65.3858490790902,89.415598569076,62.4060047668853,72.6390067809368,61.8849332318272,61.9602415536219,63.4915663126721,-0.126819599615928,6.0882568222321,0.73469727393158,1
"9739","PmetTSAr1.1-012885",8.81232604371206,12.1073887967196,5.01219114136544,6.98989616396169,9.64879037441015,9.55555387499205,11.1054880025092,9.02978584651913,0.254942382008186,3.18621332827746,0.428668779801066,1
"9740","PmetTSAr1.1-012886",1.61859049782466,1.81462092530687,1.89139288353413,2.1975809909425,2.11181072345581,1.52662695044252,1.5086700682654,1.67008578352548,-0.157709582553497,0.889425527935892,0.578256962873952,1
"9741","PmetTSAr1.1-012887",53.5034081225375,51.7613181972779,65.063915193574,64.2858632049204,59.7860897916282,67.7652740779762,73.9876945978488,68.4169040471371,0.202509616470193,5.98039815165744,0.560315719029262,1
"9742","PmetTSAr1.1-012888",3.37206353713472,4.10520799495653,2.97894379156625,3.49494808198085,2.87643184746567,3.59040042048518,4.31647269531488,3.39678464445861,0.0236781108427965,1.84129759218314,0.942730222562392,1
"9743","PmetTSAr1.1-012889",4.18135878604705,4.40268683517077,4.4447732763052,4.28925446424922,4.98824257092147,4.26890128734852,5.61560525409897,5.77453389557963,0.254342943042511,2.26620998681462,0.361459309102869,1
"9744","PmetTSAr1.1-012890",53.6832515111847,50.363167648271,68.5157072060238,63.3591724256073,63.1722690551004,60.8389110620796,62.9241140972359,66.6618986475001,0.104292225288709,5.93666670092941,0.760859773917881,1
"9745","PmetTSAr1.1-012891",2.78757252403137,4.64066990734216,3.49907683453814,3.41551744375401,3.422589793187,3.33596259541143,4.27456519341862,4.18936772816561,0.0832221870000962,1.9116736726638,0.772486467005876,1
"9746","PmetTSAr1.1-012893",20.5021463057791,17.6404952247045,24.5408226638553,17.8718936010384,19.9165597539711,23.1538420817115,22.8605422844104,20.6637732537899,0.105537316571977,4.389108840659,0.714249540177578,1
"9747","PmetTSAr1.1-012894",50.086383738241,45.6927498569074,56.3162231072287,44.1104810953037,50.2465310063623,50.9723776231085,52.0910248570524,52.3670966020702,0.0682847550938288,5.65233794832522,0.82786579839871,1
"9748","PmetTSAr1.1-012895",26.1672130481654,22.8463749284537,37.5441487381525,21.0491191301119,31.4586976735486,22.9276751260904,22.6929122768253,21.8243413406465,-0.121044997454657,4.69289823878801,0.695877801022341,1
"9749","PmetTSAr1.1-012896",23.6494056071048,22.8463749284537,22.7439994244979,24.2792984180033,24.9412128546074,18.6587738387419,22.5043285182922,17.0122297609969,-0.17040296067663,4.46848597404698,0.552919881052553,1
"9750","PmetTSAr1.1-012897",101.431671197012,84.6029821569301,99.5818353180719,87.6649477230196,99.2186934727081,94.3964331023623,82.4739637318417,91.2602807811212,-0.0230746548634449,6.53350342941626,0.952067327160187,1
"9751","PmetTSAr1.1-012898",35.6989126464662,30.2238501657669,27.708905743775,33.4932524523164,37.6848982547717,31.0979563979031,28.3504250328206,32.2977606610606,0.0255464260228194,5.00582951247135,0.930460325706396,1
"9752","PmetTSAr1.1-012900",74.2753195112874,55.1823248597417,198.359828660642,74.2941236215019,90.2981136925931,72.2603423209458,84.9255525927729,69.4359394404747,-0.343227023801904,6.49059503107117,0.455976343443658,1
"9753","PmetTSAr1.1-012901",7.86814825331434,6.99075274503466,7.2818626016064,7.33409559627799,8.04672706696092,5.484548673812,9.55491043234751,7.52953929521658,0.0560641340983898,2.92102842997402,0.855214624437659,1
"9754","PmetTSAr1.1-012902",8.72240434938847,10.5010030595627,5.91060276104415,9.00213899904157,9.32109560697735,8.17028127181273,10.8121354892353,10.3601931655987,0.177576664968201,3.19673058577637,0.554235323026864,1
"9755","PmetTSAr1.1-012903",52.4693086378162,50.0359409240353,65.8204723469877,55.5749698793772,56.3270894687264,51.8487745761403,60.5772939910453,48.2343419513122,-0.0450698957767012,5.78582183368548,0.889828915214662,1
"9756","PmetTSAr1.1-012904",4.09143709172346,4.64066990734216,3.6409313008032,4.15687006720449,3.96874773890832,4.94740215421186,6.07658777495785,4.61396580872294,0.246808790301944,2.19721442624305,0.386828264391681,1
"9757","PmetTSAr1.1-012905",4.36120217469423,4.55142625527789,3.30993754618473,4.87174581124603,4.55131621434441,3.64694215939046,4.14884268772984,4.89703119576116,0.00717907390505301,2.12322373557748,0.977076869838983,1
"9758","PmetTSAr1.1-012906",13.5781758428625,10.6794903636913,18.3937957923694,13.1325321868371,14.5278013561874,13.7961842928879,8.33959287735594,10.7847912461561,-0.233242073423216,3.69535541375242,0.458846994955787,1
"9759","PmetTSAr1.1-012907",25.2679961049295,25.672423910489,28.3236084309236,38.126706348882,25.3053181517549,26.9421385883652,22.5252822692403,30.9956598806848,-0.151045674081501,4.80516617224627,0.61381233068109,1
"9760","PmetTSAr1.1-012908",18.1641822533657,7.61545830948457,36.5984522963854,29.9718274909266,18.9698859813875,28.7797451027867,5.80418901263215,13.9834301196879,-0.451475522463679,4.32419671347267,0.348759889712651,1
"9761","PmetTSAr1.1-012909",27.4710776158575,25.8211633305961,21.5145940502007,22.9289775681471,21.7006757099941,28.440494669355,27.2608299835178,30.1747702582739,0.13866818323353,4.68529999339728,0.631972065831317,1
"9762","PmetTSAr1.1-012910",38.3516026290122,35.6974608257089,25.8175128602409,25.9738187001758,30.4027923118207,25.1045320739436,29.2514363235902,31.1088860355001,-0.119048040787568,4.91993813523126,0.690546703301021,1
"9763","PmetTSAr1.1-012911",277.543309529768,281.206747654522,222.853366502409,197.305705355464,254.655244824998,194.729748789779,225.315683945247,236.614357025246,-0.103223493191221,7.88469697329166,0.805666052529998,1
"9764","PmetTSAr1.1-012912",11.3301334847726,12.1966324487839,9.64610370602406,8.76384708436106,9.3575061366921,7.52005127440203,8.48626913399285,10.1337408559682,-0.240625015225341,3.28348971251634,0.409147067884963,1
"9765","PmetTSAr1.1-012913",4.8108106463122,7.34772735329175,3.26265272409637,4.07743942897765,4.55131621434441,7.23734257987564,8.88439040200733,5.46316196983759,0.421400749780337,2.53091982018042,0.213973694927867,1
"9766","PmetTSAr1.1-012914",95.541800218817,119.437754346018,66.9080232550198,94.1782600576202,102.167946379603,111.18932955723,135.675537389145,110.169048635274,0.288057716072349,6.70707360685883,0.472947600432315,1
"9767","PmetTSAr1.1-012915",3.64182862010549,4.43243471919219,2.17510181606425,2.93893361439298,3.20412661489846,5.08875650147506,4.63077895953684,3.42509118316243,0.307636319545229,1.91160838425632,0.316705856522511,1
"9768","PmetTSAr1.1-012916",3.19222014848753,3.42100666246377,3.78278576706826,5.26889900238021,3.0948950257542,5.484548673812,5.61560525409897,5.03856388928027,0.294719990556778,2.14868412663132,0.336836100259528,1
"9769","PmetTSAr1.1-012917",34.9345782447157,36.262670622116,46.1027015361444,45.3284175481152,33.3520452187158,53.7711936989198,49.6603897470693,44.5544919198154,0.157315428599974,5.42833847659658,0.616132286080037,1
"9770","PmetTSAr1.1-012918",7.23869639304919,9.63831442294141,8.51126797590358,10.273029210671,7.86467441838714,15.3510821127831,10.9797654968204,13.3889928069077,0.414891729424349,3.38915641816661,0.182466913676802,1
"9771","PmetTSAr1.1-012919",3.41702438429651,3.09377993822811,4.39748845421685,5.40128339942494,3.67746350119028,5.79552823779104,5.53179025030645,4.84041811835351,0.283115888574504,2.19792118939835,0.35078980707065,1
"9772","PmetTSAr1.1-012920",30.2586501398889,36.054435433966,43.3601818550199,43.1043596777638,30.5120239009649,53.3188597876775,49.9118347584469,42.9410192136975,0.209890758457856,5.3663516060349,0.510897339790555,1
"9773","PmetTSAr1.1-012921",6.60924453278405,9.8762974951128,8.51126797590358,10.6437055223962,8.66570607211175,15.0118316793514,11.9645917913825,12.4265704909777,0.429791251109049,3.39726470032478,0.162426382607212,1
"9774","PmetTSAr1.1-012922",3.77671116159088,3.42100666246377,3.73550094497991,5.21594524356232,4.33285303605588,5.03221476256978,5.55274400125458,4.92533773446498,0.295038484397845,2.19151466905202,0.30009816425479,1
"9775","PmetTSAr1.1-012923",11.0603684018019,11.3934395802054,15.5094216449799,13.9797923279234,10.6318746767085,17.3300429744678,15.2962381921353,14.5495608937644,0.15532937544536,3.78488169941961,0.606720526647729,1
"9776","PmetTSAr1.1-012924",6.78908792143123,9.37058346674859,9.31510995140559,10.8290436782588,7.02723223494777,15.0118316793514,12.0274530442269,12.0585854878281,0.344801263566271,3.37509628429071,0.280883518518819,1
"9777","PmetTSAr1.1-012925",3.05733760700214,3.53999819854947,3.40450719036143,5.45423715824283,3.45900032290175,5.93688258505423,5.57369775220271,4.98195081187262,0.364036050412953,2.16972684047652,0.237220942940744,1
"9778","PmetTSAr1.1-012926",9.75650383410978,10.6794903636913,11.3483573012048,12.5765177192493,9.61237984469539,16.9059799326782,14.290458146625,13.7852843487612,0.299511152160216,3.63671233531193,0.317450818914628,1
"9779","PmetTSAr1.1-012927",8.13791333628512,9.25159193066289,7.61285635622487,10.0876910548083,6.95441117551826,13.9940803790564,11.9017305385381,13.8418974261688,0.41139678720107,3.36388735540658,0.190407229164983,1
"9780","PmetTSAr1.1-012928",21.8959325677948,23.2628453047536,17.9682323935742,23.0613619651918,19.9529702836859,23.3234672984273,30.341031372893,24.9097540593631,0.192989189555243,4.53347653200989,0.50760340514983,1
"9781","PmetTSAr1.1-012929",18.5688298778218,20.198813250547,17.3062448843373,21.1020728889298,17.6591069116563,19.8178794863001,23.7196460732837,17.946345538223,0.0362083707415645,4.2932410933736,0.900374459481017,1
"9782","PmetTSAr1.1-012930",56.0212155635981,69.1043345817682,50.3583355240962,80.2778983679237,64.1917638871135,79.1301635979371,80.4624036408211,81.1548464638569,0.253501906706772,6.13255527390909,0.506022829208164,1
"9783","PmetTSAr1.1-012931",74.5900454414199,94.5685233041072,76.3649876726905,101.45940189508,76.7533966387041,64.0617901796804,79.4566235953109,87.8918026753664,-0.171293577815179,6.35680791744592,0.655701583333032,1
"9784","PmetTSAr1.1-012932",66.631975493782,72.2278624040177,73.8588921020078,55.5749698793772,79.739060075314,67.0585023416602,71.28466072554,70.2002159854779,0.103719416406251,6.12167100380117,0.780589534865304,1
"9785","PmetTSAr1.1-012933",67.4412707426943,70.353745710668,70.8799483104415,58.3550422173165,75.6974912769762,71.8080084097036,72.2066257672577,71.3324775336307,0.124285761251902,6.12557344642507,0.73629499194533,1
"9786","PmetTSAr1.1-012934",13.5781758428625,14.4574716344121,11.8212055220883,18.9574456568052,12.6344538110201,17.9802729718785,20.0108321554646,16.7008578352548,0.194246902974194,3.9854217135734,0.520847220479472,1
"9787","PmetTSAr1.1-012935",37.6322290744234,40.1298955449011,39.2936871554215,38.3385213841535,36.7382244821881,41.4168237481164,42.5151606737568,39.4876214918313,0.0436536484947493,5.30404171357905,0.882402805110414,1
"9788","PmetTSAr1.1-012936",4.31624132753244,5.94957680428482,3.30993754618473,5.45423715824283,4.76977939263294,6.04996606286479,5.38511399366954,4.9536442731688,0.147200874505927,2.34860577410558,0.616218324474781,1
"9789","PmetTSAr1.1-012937",99.9030023935112,110.632380675676,62.2268258682729,71.83177383647,91.2811979948915,80.8829575040008,83.4797437773519,117.585361775675,0.115093258337228,6.4885095264094,0.775432947396078,1
"9790","PmetTSAr1.1-012938",83.0876455549994,98.2870088067852,76.033993918072,70.2166841925243,80.6493233181829,70.0552145036399,89.598239054206,93.3832711839078,0.0264502672687046,6.37028407350203,0.945329208476928,1
"9791","PmetTSAr1.1-012939",72.0722380003593,58.8710624783983,48.6560819289155,49.5382413741376,56.1814473498674,58.8599502003948,52.028163604208,62.5291439967422,0.00297067383979202,5.84301326186958,0.993541395799214,1
"9792","PmetTSAr1.1-012940",59.6630441837036,60.7749270557694,63.8817946413652,50.5973165504954,62.8445742876676,52.5272754430036,62.3374090706882,59.4154247393218,0.0136151694597149,5.88422140603354,0.968209622729027,1
"9793","PmetTSAr1.1-012941",40.7794883757492,37.8988042432943,30.2150013144577,27.827200258802,35.2089822341683,31.2110398757137,25.7102524133561,34.930268760516,-0.105816127202716,5.04567726804993,0.726235293417835,1
"9794","PmetTSAr1.1-012942",90.7759504196666,93.2596164071645,69.9342518686744,69.1046552573485,94.5217351395047,79.1301635979371,102.338119630669,89.0523707622231,0.176206241953043,6.42758132497132,0.64831362685485,1
"9795","PmetTSAr1.1-012944",6.11467521400429,7.43697100535602,5.62689382851404,5.77195971115018,7.17287435380679,6.53057084355966,6.53757029581672,5.15179004409555,0.0234643984603699,2.66797274232221,0.934186404662658,1
"9796","PmetTSAr1.1-012945",20.8168722359117,27.5167927198173,89.8884467899595,42.6012989689938,37.8305403736307,41.3602820092112,22.5462360201884,27.0327444621497,-0.489540728161203,5.27583957009061,0.250859082635815,1
"9797","PmetTSAr1.1-012946",32.1919665678461,33.9423356684449,23.1222780012047,20.8373040948403,30.6576660198239,26.8855968494599,22.9862647900992,33.5149418253249,0.0506519017383248,4.81130642580981,0.869692316466614,1
"9798","PmetTSAr1.1-012947",88.6627906030622,76.7197928912528,85.9638065566262,67.436611854585,89.1329767417209,69.9138601563767,74.9515671414628,83.1363041731244,-0.00740653796860739,6.31372389733061,0.984590173033309,1
"9799","PmetTSAr1.1-012948",36.0585994237606,30.0156149776169,41.3269345052207,36.3792323078915,34.7720558775913,34.7731694267462,32.436406467706,31.7033233482803,-0.104765939977562,5.11854196706584,0.71999569028292,1
"9800","PmetTSAr1.1-012949",12.2293504280086,11.2149522760769,10.4972305036144,9.45224594899365,12.051885335584,8.76396953031815,8.67485289252603,10.3601931655987,-0.123289034717493,3.38703796541378,0.672787993802639,1
"9801","PmetTSAr1.1-012950",31.6524364019045,29.0636826889313,66.1987509236945,38.0472757106551,34.808466407306,47.5798732887918,41.4046118735059,26.6364529202962,-0.132382659973977,5.30297616573204,0.706652020845199,1
"9802","PmetTSAr1.1-012951",218.869403983624,252.381048037762,152.257127124497,163.733022264921,202.515366273469,210.024289163657,275.814223730242,228.320541185026,0.219604874145546,7.73509620811726,0.604799037079393,1
"9803","PmetTSAr1.1-012952",30.3485718342125,25.7319196785318,55.3232418433733,40.1919029427797,44.4936673114309,38.1091320221576,35.9147291250957,35.0718014540351,0.0191328394927616,5.25563817069427,0.954631535870465,1
"9804","PmetTSAr1.1-012953",77.5574613540985,75.262146574203,68.4211375618471,71.0109905747926,80.1759864318911,79.299788814653,78.4927510516969,76.0030564197613,0.103407825309921,6.24489361334413,0.780551398005945,1
"9805","PmetTSAr1.1-012954",32.0570840263607,36.0841833179874,31.1606977562248,37.4912612430673,35.4274454124569,37.1479224607679,31.3258576674551,34.7321229895893,0.0187872077632382,5.1081762466696,0.948459328327528,1
"9806","PmetTSAr1.1-012955",50.9856006814769,46.8826652177644,91.02328252008,41.1715474809107,56.2542684092969,49.1913128475922,57.4342313488257,48.3475681061275,-0.122731176549252,5.78691872818526,0.730785237164728,1
"9807","PmetTSAr1.1-012956",62.7203817907057,68.6283684374254,75.9867090959837,86.7117800642975,80.5765022587534,87.8941331282553,71.4732444840731,73.3988548590097,0.0915783331171248,6.24768647491301,0.808136546321206,1
"9808","PmetTSAr1.1-012957",3.10229845416394,2.73680532997102,3.16808307991967,2.93893361439298,3.67746350119028,4.55160998187491,2.78684887610136,4.5573527313153,0.382567931026778,1.80828642671539,0.170281413146764,1
"9809","PmetTSAr1.1-012958",51.7499350832275,60.5666918676195,27.8980450321284,51.3916229327638,43.6926356577063,68.9809214644396,84.6531538304472,63.2934205417454,0.443615622146326,5.8228506562149,0.23265143893469,1
"9810","PmetTSAr1.1-012959",3.46198523145831,4.99764451559925,3.07351343574296,3.44199432316295,3.02207396632469,3.95792172336949,5.07080772944758,4.24598080557326,0.121581950829406,1.99219281449338,0.681245556067907,1
"9811","PmetTSAr1.1-012960",53.1437213452431,62.0243381846692,30.6878495353413,59.3346867554475,46.423425386313,73.5890731852198,92.5527179378924,71.2758644562231,0.467918571054966,5.93560932985798,0.220433630295288,1
"9812","PmetTSAr1.1-012961",2.83253337119316,2.20134341758538,2.31695628232931,3.15074864966455,3.60464244176077,3.81656737610629,3.14306264221958,3.651543492793,0.431807080126367,1.657869672241,0.106551369949436,1
"9813","PmetTSAr1.1-012962",4.7208889519886,6.24705564449906,3.54636165662649,4.92469957006392,4.22362144691161,3.87310911501157,7.4176278356382,5.32162927631848,0.099483756542617,2.35202947534499,0.756832398607435,1
"9814","PmetTSAr1.1-012963",48.1980281574456,61.2211453160908,28.6073173634537,51.2327616563101,39.4690142107947,70.5640901537874,85.1560438532024,65.0201194026785,0.459109540271232,5.81406933047093,0.221201454252261,1
"9815","PmetTSAr1.1-012964",3.64182862010549,2.40957860573535,2.60066521485943,2.75359545853036,4.00515826862308,4.09927607063268,3.28973889885649,3.70815657020064,0.407374438478602,1.75509869278277,0.138569229036376,1
"9816","PmetTSAr1.1-012965",5.08057572928297,6.45529083264903,4.06649469959838,5.32185276119811,4.00515826862308,4.60815172078019,7.18713657520876,5.2084031215032,0.00607763930424515,2.40898536412411,0.994260255597532,1
"9817","PmetTSAr1.1-012966",21.7610500263094,24.3932648975678,105.539722901204,21.6316104771087,24.3222338494565,21.7402986090795,24.2225360960389,23.8057990499141,-0.880471283468552,5.06419207314032,0.059807437932407,1
"9818","PmetTSAr1.1-012968",18.0292997118803,20.7342751629326,16.6915421971887,16.4156652335464,18.3873175059514,20.8639016560477,22.3995597635515,19.5032051669332,0.175341654786407,4.26255773158581,0.53564816624273,1
"9819","PmetTSAr1.1-012969",20.9067939302352,18.7411669334972,16.596972553012,23.5379457945528,18.5693701545252,24.7935525099646,25.4588074019786,21.5695824923121,0.179918861668705,4.41547839951287,0.536750759078395,1
"9820","PmetTSAr1.1-012970",13.1735282184063,12.9105816652981,13.4761742951807,13.9533154485144,16.0934541339218,12.6653495147824,12.2369905537082,13.0776208811656,0.0141380164587848,3.75575105516457,0.9614880210298,1
"9821","PmetTSAr1.1-012971",9.35185620965362,7.79394561361311,11.5847814116465,10.749613040032,12.1611169247283,12.0151195173717,12.2160368027601,8.94486623040766,0.200340498901553,3.41468421133882,0.499089288032325,1
"9822","PmetTSAr1.1-012972",17.7145737817477,13.8030181859408,19.5759163445782,12.9736709103834,18.2052648573776,12.1282029951822,12.8236955802559,15.5685962871019,-0.124782979381321,3.94493168142034,0.678792230123039,1
"9823","PmetTSAr1.1-012973",4.90073234063579,5.681845848092,3.26265272409637,3.70676311725241,4.76977939263294,4.55160998187491,5.00794647660319,3.82138272501593,0.0465953950249614,2.17851931658034,0.881664847241117,1
"9824","PmetTSAr1.1-012974",35.1593824805246,38.3747703876371,42.1780613028111,58.8316260466776,41.5808249342505,51.1137319703717,45.28105579891,49.9327342735415,0.106080225974776,5.50379022695402,0.73767994949237,1
"9825","PmetTSAr1.1-012975",52.514269484978,31.1162866864096,82.4174448999997,57.7460739909108,61.7158478665102,56.3438428191099,15.6524519582535,37.8175357083058,-0.383809675297497,5.62814408451774,0.375166322555154,1
"9826","PmetTSAr1.1-012976",81.5589767514983,74.5184494736674,83.9778440289153,111.202893517572,73.0395226077991,117.889525617505,97.8121094258732,98.3935285344843,0.140274901061476,6.52929708781502,0.723466958931473,1
"9827","PmetTSAr1.1-012977",12.7688805939501,11.5421790003125,12.7669019638554,12.9736709103834,12.1247063950135,14.0506221179617,13.3475393539591,13.5305255004268,0.0844823730647921,3.69495134895091,0.765501795851513,1
"9828","PmetTSAr1.1-012978",31.8322797905517,31.4732612946667,29.316589694779,40.4566717368692,28.5822658260829,42.6890128734852,35.0346715852742,39.1196364886816,0.127725475055942,5.12434024590066,0.672885106857819,1
"9829","PmetTSAr1.1-012979",83.7620582624264,105.90246711627,65.2057696598391,110.911647844074,82.1421550364879,120.264278651527,130.625683410646,113.02800904436,0.286137711751949,6.66610499964587,0.48189941339455,1
"9830","PmetTSAr1.1-012980",38.3066417818504,22.1324257119395,47.2375372662649,39.0533971281951,43.5105830091325,38.3635698472314,16.9096770151413,27.8253275458567,-0.212915487487057,5.0965760280225,0.555759036897871,1
"9831","PmetTSAr1.1-012981",10.6107599301839,8.44839906208444,11.8684903441767,12.5765177192493,13.5811275836037,11.280076911603,6.09754152590598,9.56761008189174,-0.104084540977875,3.40032452579871,0.750437426841451,1
"9832","PmetTSAr1.1-012982",41.3639793888525,44.5623302640933,34.4706353024095,35.8496947197126,39.0320878542177,34.1229394293355,38.1567804765456,41.0161745818377,-0.0367600362149137,5.2717790000952,0.902186591004965,1
"9833","PmetTSAr1.1-012983",40.824449222911,43.2831712511721,48.7033667510038,32.6195154318212,45.9136779703064,37.9960485443471,45.4277320555469,41.8087576655447,0.0493426051176487,5.39679650678265,0.872239065497346,1
"9834","PmetTSAr1.1-012984",7.95806994763793,9.45982711881286,5.72146347269074,5.00413020829076,7.42774806181008,5.06048563202242,5.30129898987702,6.70864967280575,-0.20186504700189,2.73063954032022,0.527728194244026,1
"9835","PmetTSAr1.1-012985",66.2722887164876,54.6171150633346,85.1126797590358,71.7788200776521,79.4113653078812,110.793537384893,42.8294669379787,73.0591763945638,0.140016042922832,6.19063496352364,0.734350951622606,1
"9836","PmetTSAr1.1-012986",85.2008053716038,104.563812335306,66.6243143224897,47.4995216596488,79.7026495455993,42.0670537455271,61.1639990175929,76.4559610390225,-0.228459590362922,6.13885003671456,0.581653669949177,1
"9837","PmetTSAr1.1-012987",3.23718099564933,3.2127714743138,4.11377952168673,4.58050013774762,3.71387403090504,5.06048563202242,1.96965258912427,3.08541271871657,-0.136470963407804,1.8796427739769,0.67451998662469,1
"9838","PmetTSAr1.1-012988",41.1841360002053,35.4297298695161,79.3912162863451,35.6114028050321,50.2101204766475,47.2971645942654,46.2030208406278,42.9127126749937,-0.0374824562934152,5.56470384393777,0.914884027866898,1
"9839","PmetTSAr1.1-012989",64.1591288998832,37.5120817510158,219.732568244577,104.345381750655,112.290073640305,64.2031445269436,29.4190663311752,38.4968926371975,-0.800733736757337,6.38888461051513,0.152290919750174,1
"9840","PmetTSAr1.1-012990",12.4091938166558,10.5010030595627,17.7318082831325,6.85751176691696,13.9088223510365,11.3366186505083,12.9494180859447,11.6056808685669,0.0712354252088923,3.61052919188201,0.833304342992408,1
"9841","PmetTSAr1.1-012991",19.0184383494398,15.3499081550548,27.0469182345381,11.5439194223004,20.0257913431154,13.5982882067195,17.0982607736745,14.4080282002453,-0.162054358614077,4.11349575444854,0.620633081771245,1
"9842","PmetTSAr1.1-012992",13.8029800786714,9.8762974951128,14.2800162706827,7.62534126977639,13.1442012270267,8.59434431360232,9.76444794182881,8.37873545633123,-0.190907765884004,3.42383082529176,0.548890805588978,1
"9843","PmetTSAr1.1-012993",18.2091431005275,16.4208319798261,27.4251968112449,11.8616419752077,19.5160439271088,13.5417464678142,16.4906019961787,15.2006112839523,-0.189495753918808,4.11952448035065,0.557574013818446,1
"9844","PmetTSAr1.1-012994",9.486738751139,10.5307509435841,13.381604651004,12.0205032516614,9.21186401783308,10.5450343058344,11.4826555195755,15.9365812902516,0.0554284711856569,3.54071124502576,0.857905624890614,1
"9845","PmetTSAr1.1-012995",16.095983283923,9.96554114717707,2.83708932530119,2.38291914680512,27.8540552317878,5.11702737092769,3.9812126801448,67.312949037688,1.73686067944958,4.08822612493194,0.0201114896417493,1
"9846","PmetTSAr1.1-012996",29.0896681136822,26.0591464027675,18.9139288353413,22.1346711858787,27.817644702073,26.5180755465756,23.1329410467361,22.6735375017612,0.0576594374108266,4.62078343598774,0.844207245691693,1
"9847","PmetTSAr1.1-012997",112.042431127196,106.31893749257,142.942017173092,90.7097888550483,106.500799415659,89.251134861982,99.2579182412942,96.1006988994747,-0.20868469102108,6.72033117468937,0.596763427150652,1
"9848","PmetTSAr1.1-012998",25.9424088123564,28.3497334724172,25.6283735718875,35.3995877697605,30.2571501929616,37.0913807218626,31.9754239468471,31.9863887353185,0.186723058275877,4.94936284806359,0.520993942673644,1
"9849","PmetTSAr1.1-012999",84.7961577471477,61.3103889681551,94.4750745325298,82.5019562382751,84.6180710570912,74.5785536160622,66.1300379922999,66.8883509571307,-0.144822541399513,6.2661639841975,0.704897466610242,1
"9850","PmetTSAr1.1-013000",10.4758773886985,9.63831442294141,8.88954655261041,9.63758410485627,9.79443249326917,9.41419952772885,8.1719628697709,9.62422315929938,-0.0631536792920368,3.25026228223653,0.825876332292892,1
"9851","PmetTSAr1.1-013001",3.32710268997292,3.27226724235665,9.03140101887547,3.30960992611823,4.36926356577063,4.46679737351699,5.78323526168402,3.67985003149682,-0.0408431453280304,2.23480341034778,0.903543296567537,1
"9852","PmetTSAr1.1-013002",62.5405384020586,53.9031658468205,46.3391256465862,51.0474235004475,69.9446275820449,48.2866450251078,37.737705457583,51.6877396731785,-0.0425482767640596,5.72088031536158,0.900129832771446,1
"9853","PmetTSAr1.1-013003",53.4134864282139,49.1435044033926,61.8012624694777,45.5402325833868,48.5716466394835,43.9894728683066,33.9031690340752,81.0133137703378,-0.0166351282092579,5.7067450825432,0.963075758675305,1
"9854","PmetTSAr1.1-013004",25.3579177992531,19.4253682659899,22.7912842465863,19.4340294861662,20.0986124025449,23.8606138180275,18.1669020720291,23.5510402015797,-0.0215962631957353,4.43581986591356,0.940466857094838,1
"9855","PmetTSAr1.1-013005",35.2493041748482,31.1757824544525,35.0853379895581,26.87403260008,37.2479718981946,32.0026242203876,25.2283161415491,29.1274283262325,-0.054640364730195,4.97972620706874,0.853875879823268,1
"9856","PmetTSAr1.1-013006",63.3048728038091,58.1868611459055,100.811240692369,41.8864232249523,71.0369434734875,47.1840811164548,48.9270084638847,48.8853923415001,-0.290067935420429,5.90865271449776,0.445476180196555,1
"9857","PmetTSAr1.1-013007",18.2990647948511,20.0798217144613,19.3867770562248,18.2160930333547,17.3678226739383,14.1354347263196,22.2528835069146,20.3807078667516,-0.0349836495936056,4.23478272998738,0.904313153472808,1
"9858","PmetTSAr1.1-013008",57.0553150483194,48.9352692152426,76.6486966052206,40.0065647869171,65.757416664848,53.9690897850882,50.9804760568015,46.8756280935288,-0.0328593818588988,5.7834614849963,0.924178514909765,1
"9859","PmetTSAr1.1-013009",16.545591755541,16.6290671679761,15.6985609333333,17.1305409775879,16.1662751933513,16.1992081963623,18.8793296042656,17.1254559158121,0.0508789087998317,4.07558858875933,0.857595884376646,1
"9860","PmetTSAr1.1-013010",26.481938978298,14.7549504746264,15.5567064670682,63.3856493050162,53.9239945075526,39.805384189316,8.96820540579986,11.4924547137516,-0.0748492267236754,4.87572263482508,0.893934223397775,1
"9861","PmetTSAr1.1-013011",16.8153568385118,15.7663785313548,15.4621368228915,18.0307548774921,16.2390962527809,16.2274790658149,18.4183470834067,18.0595716930383,0.0612637405587412,4.08247903612954,0.828732128282541,1
"9862","PmetTSAr1.1-013012",29.0896681136822,16.8967981241689,15.8877002216867,75.6179675919492,59.8589108510577,43.1413467847274,7.79479535270455,10.3035800881911,-0.184104166866831,5.01734370693099,0.759676272698431,1
"9863","PmetTSAr1.1-013013",3.50694607862011,2.76655321399244,3.26265272409637,3.07131801143771,2.69437919889189,2.68573259800072,2.76589512515323,2.49097540593631,-0.240027748957032,1.5668114241355,0.344339242562943,1
"9864","PmetTSAr1.1-013014",8.63248265506487,9.81680172706995,9.69338852811241,9.87587601953678,6.80876905665924,11.3083477810557,9.51300293045125,8.83164007559238,-0.0596947120745191,3.22865768996651,0.840676494851797,1
"9865","PmetTSAr1.1-013016",2.96741591267855,2.82604898203529,3.07351343574296,2.96541049380193,2.91284237718042,3.25114998705351,2.59826511756818,2.80234733167835,-0.0333207631451758,1.57743273816788,0.901823182844834,1
"9866","PmetTSAr1.1-013017",8.90224773803565,9.43007923479144,9.03140101887547,10.4583673665336,9.32109560697735,10.7429303920029,8.98915915674799,7.89752429836626,-0.0347413484850904,3.23407483707788,0.90743839520431,1
"9867","PmetTSAr1.1-013019",3.05733760700214,2.97478840214241,3.68821612289155,3.36256368493612,2.18463178288532,2.742274336906,2.99638638558266,2.09468386408281,-0.377431655745437,1.55874611335977,0.153109158461924,1
"9868","PmetTSAr1.1-013020",8.85728689087386,8.71613001827726,9.69338852811241,11.702780698754,9.32109560697735,11.0256390865293,9.99493920225825,9.6525296980032,0.0366688911910316,3.31246963349998,0.90003237272916,1
"9869","PmetTSAr1.1-013022",2.92245506551675,2.29058706964966,3.16808307991967,2.88597985557509,2.54873708003287,2.68573259800072,3.18497014411584,2.12299040278663,-0.0870548459030847,1.47813439859655,0.739587124203361,1
"9870","PmetTSAr1.1-013023",10.1161906114042,10.2927678714127,9.03140101887547,11.1732431105751,9.75802196355441,11.67586908394,9.82730919467321,10.162047394672,0.0274255457235651,3.3671537249981,0.92419612003048,1
"9871","PmetTSAr1.1-013025",24.4587008560171,15.4391518071191,21.9401574489959,34.2875588345848,32.0048556192699,21.5989442618163,17.5592432945334,22.1640198050924,-0.043727094226428,4.5692829565316,0.896646920596289,1
"9872","PmetTSAr1.1-013026",24.5036617031789,21.6862074516182,32.2009638421686,18.5073387068531,24.7955707357483,19.5351707917737,21.2680572123525,21.4563563374969,-0.15358063642095,4.52645850756653,0.604823503771048,1
"9873","PmetTSAr1.1-013027",17.0401610743208,6.30655141254191,25.6756583939758,14.9859137454633,18.0232122088039,10.9408264781714,6.03468027306158,14.124962813207,-0.381465255075643,3.82584895366004,0.361648496767055,1
"9874","PmetTSAr1.1-013028",158.307142856685,84.9302088811658,102.418924643373,115.015564152461,120.045516469548,137.6508633649,108.414707405627,122.28424720051,0.0843688620355476,6.89107471054695,0.8364696067851,1
"9875","PmetTSAr1.1-013029",7.68830486466715,4.9381487475564,4.20834916586344,5.29537588178916,5.13388468978049,6.61538345191757,4.21170394057423,5.32162927631848,-0.0558969249350891,2.45538953020475,0.862397499338717,1
"9876","PmetTSAr1.1-013030",20.9067939302352,19.6038555701185,17.8736627493975,17.3158791334506,18.3873175059514,20.8921725255004,22.8395885334622,20.0976424797134,0.119730378660529,4.30765518524278,0.671888015251923,1
"9877","PmetTSAr1.1-013031",93.3836795550508,96.7103709536497,44.5423024072287,89.0152685728758,52.3947522595328,91.3997209403825,91.5469378923822,97.006508137997,0.0381921508994846,6.35879405569113,0.927870104829734,1
"9878","PmetTSAr1.1-013032",25.7625654237092,34.4777975808305,35.7946103208834,32.3017928789139,29.0920132420895,31.3806650924295,33.4421865132163,34.4207510638472,-2.44909382528109e-06,5.00662675859011,1,1
"9879","PmetTSAr1.1-013033",85.7403355375454,80.0218080176308,133.437767933333,70.5344067454316,106.391567826515,76.9533066500839,76.7954972248983,80.5604091510766,-0.117866350419757,6.47337794751095,0.770740758829426,1
"9880","PmetTSAr1.1-013034",8.18287418344691,6.72302178884185,7.18729295742969,6.72512736987223,8.48365342353798,5.99342432395951,6.74710780529802,7.64276545003186,0.00263835949180445,2.86163055975002,0.997724095777356,1
"9881","PmetTSAr1.1-013035",18.3440256420129,16.3315883277618,28.2290387867469,21.0755960095209,22.0647810071417,19.4503581834158,17.2658907812595,16.2196466772898,-0.162748070374111,4.31661630586451,0.589081915522327,1
"9882","PmetTSAr1.1-013037",17.8944171703949,16.3018404437404,30.5932798911645,20.2548127478435,21.5550335911351,20.5811929615213,17.7268733021184,17.6066670737771,-0.133845229857927,4.34820518268018,0.661989971301836,1
"9883","PmetTSAr1.1-013038",8.13791333628512,7.5262146574203,7.14000813534134,6.83103488750802,8.3016007749642,5.51281954326464,5.6994202578915,7.5578458339204,-0.131753441881445,2.83688018523354,0.658017342198434,1
"9884","PmetTSAr1.1-013040",74.5900454414199,63.0060183573762,74.2844555008029,47.1817991067414,67.7964063288743,69.9138601563767,74.658214628189,71.9552213851148,0.134493107016703,6.08707529737765,0.721807991401399,1
"9885","PmetTSAr1.1-013041",24.1889357730464,23.8280551011607,27.3779119891565,23.8821452268691,27.5627709940697,30.1932885754187,33.4840940151125,27.7970210071529,0.262380127185889,4.77366772854678,0.353628595626268,1
"9886","PmetTSAr1.1-013042",15.8262182009523,13.118816853448,13.1924653626506,15.3301131777796,15.4380645990562,14.4746851597513,14.772394418432,12.6530228006083,-0.00341846278071795,3.84917898793351,0.992631208450188,1
"9887","PmetTSAr1.1-013043",2.65268998254598,3.30201512637807,4.4447732763052,3.83914751429714,3.53182138233126,5.25838171819089,5.76228151073589,4.86872465705734,0.450907653853739,2.09656637395026,0.12896406987405,1
"9888","PmetTSAr1.1-013044",2.69765082970777,3.3317630103995,3.07351343574296,3.89210127311503,3.0948950257542,5.7672573683384,4.86127021996628,4.04783503464651,0.448824794096364,1.97007920108073,0.125250516212795,1
"9889","PmetTSAr1.1-013045",63.5296770396181,68.5391247853611,65.4421937702809,83.2962626205435,71.1461750626318,70.5075484148822,89.5563315523098,77.0787048905065,0.134634102944557,6.20368070772429,0.720133632605696,1
"9890","PmetTSAr1.1-013046",47.6135371443422,38.4045182716585,44.0221693642569,34.1022206787222,45.5131621434441,30.2781011837766,37.1090929291391,30.3729160292007,-0.195960541557484,5.26604838996802,0.5259994414798,1
"9891","PmetTSAr1.1-013047",14.3874710917748,17.3132685004688,19.7177708108433,16.0185120424122,16.3119173122104,17.6692934078995,15.6314982073054,16.4460989869204,-0.0296168038732643,4.06582516409041,0.918442234204395,1
"9892","PmetTSAr1.1-013048",18.8835558079544,6.51478660069188,34.5179201244979,20.4666277831151,16.7488436687874,18.0368147107838,6.24421778254289,16.0215009063631,-0.494148703508595,4.10590378880816,0.266720320008087,1
"9893","PmetTSAr1.1-013049",34.0353613014797,30.7890599621739,35.6527558546183,36.7234317402078,35.2453927638831,35.649566379778,28.2875637799762,28.8160564004905,-0.100336312083071,5.05347435437572,0.731232233225648,1
"9894","PmetTSAr1.1-013050",65.0583458431191,53.7544264267133,72.7713411939756,102.995060900799,85.8560290673929,113.705436938515,80.1900048784954,91.1187480876021,0.332127839500876,6.37935263338236,0.406597897235354,1
"9895","PmetTSAr1.1-013051",12.5440763581411,10.1440284513056,33.5722236827308,18.2425699127637,19.8073281648269,17.8389186246153,14.0180593842993,12.2850377974586,-0.2194713261951,4.11720503440989,0.559028055837244,1
"9896","PmetTSAr1.1-013052",27.7858035459901,20.1690653665255,79.6276403967868,25.2589429561343,36.7018139524733,24.2281351209118,13.8294756257661,16.7857774513663,-0.73923165040484,4.93441915177028,0.0965943893459582,1
"9897","PmetTSAr1.1-013053",4.90073234063579,3.71848550267801,8.88954655261041,4.97765332888181,7.86467441838714,6.78500866863341,5.6994202578915,5.29332273761466,0.193210218192435,2.60167353321542,0.565360097849576,1
"9898","PmetTSAr1.1-013054",60.3374568911305,60.1204736072981,43.502036321285,67.6749037692655,56.6183737064444,69.3767136367766,57.9999826244252,63.038661693411,0.0926254430654603,5.9044848049687,0.787690287480658,1
"9899","PmetTSAr1.1-013056",15.9161398952759,17.8487304128545,12.9087564301204,17.0246334599521,16.967306847076,18.0650855802364,15.6734057092016,18.4558632348918,0.117521634359301,4.05942054645639,0.681053807270368,1
"9900","PmetTSAr1.1-013057",8.72240434938847,9.93579326315565,7.89656528875499,9.39929219017576,10.0493062012725,9.83826256951844,12.2788980556045,11.2093893267134,0.269911222158724,3.31966093565731,0.342740136632548,1
"9901","PmetTSAr1.1-013058",45.5902990220614,49.0840086353498,69.5086884698793,33.1225761405912,50.6834573629393,48.3997285029183,37.2138616838798,41.3558530462835,-0.151052371006708,5.55214830442141,0.6532727442441,1
"9902","PmetTSAr1.1-013060",26.03233050668,22.727383392368,27.708905743775,25.8149574237222,29.3468869500927,32.4832290010824,46.4335121010572,29.6086394841975,0.431442924205817,4.9111265780576,0.150765650289888,1
"9903","PmetTSAr1.1-013061",47.5236154500186,40.0703997768583,27.4251968112449,75.8827363860387,55.7081104635756,70.1682979814505,58.0837976282178,55.7072681691211,0.327641660173407,5.75206041068212,0.373245121303528,1
"9904","PmetTSAr1.1-013062",13.5781758428625,13.7732703019194,12.7669019638554,19.0103994156231,19.333991278535,17.1038760188467,15.4429144487722,16.3045662934013,0.203717597674806,3.99819511579291,0.483628566612495,1
"9905","PmetTSAr1.1-013063",20.4122246114555,17.9082261808973,29.4111593389557,19.6723214008467,22.9750442500106,27.4792851079653,14.9819319279133,26.7213725364077,0.076907159419871,4.49186555433342,0.808898105991469,1
"9906","PmetTSAr1.1-013064",12.0045461921996,8.71613001827726,16.4551180867469,9.39929219017576,14.7462645344759,12.9480582093088,8.40245413020033,14.1815758906147,0.111820803188388,3.60387570662595,0.732937383952607,1
"9907","PmetTSAr1.1-013065",3.5968677729437,3.15327570627095,4.49205809839356,4.95117644947286,4.36926356577063,3.70348389829574,4.10693518583358,4.64227234742676,0.0536694412218079,2.06656117538628,0.858394010576378,1
"9908","PmetTSAr1.1-013066",48.3778715460927,56.8482063649414,43.2656122108432,35.9556022373484,53.1593733835427,47.9191237222234,54.8778737331538,53.1030666083695,0.180737844689588,5.62209871819703,0.571566269246317,1
"9909","PmetTSAr1.1-013067",12.4541546638176,15.7366306473333,9.83524299437747,8.55203204908949,13.3626644053152,11.0539099559819,13.8923368786105,12.0302789491242,0.11181228515512,3.60622685245793,0.715004019202502,1
"9910","PmetTSAr1.1-013068",37.3175031442909,14.1302449101764,60.6664267393572,37.1735386901599,31.9684450895551,20.2419425280897,4.75650146522562,13.6437516552421,-1.08057062741166,4.78222544177625,0.0301982292709217,1
"9911","PmetTSAr1.1-013069",11.1053292489637,13.6245308818122,12.3886233871485,14.165130483786,13.9088223510365,12.5805369064244,12.9075105840484,15.879968212844,0.106893268474012,3.74251152210955,0.7083158008615,1
"9912","PmetTSAr1.1-013070",114.065669249477,141.778415246107,19.2449225899598,57.6931202320929,81.6688181501961,71.3274036290087,171.695035268981,148.014890882284,0.506304064806849,6.65484437033915,0.355671279823929,1
"9913","PmetTSAr1.1-013071",60.8769870570721,61.0724058959837,69.2722643594375,53.1126200943453,51.7029521949525,43.4805972181591,54.3959374613468,54.8014589305988,-0.257394723108173,5.81109850305913,0.43213944566097,1
"9914","PmetTSAr1.1-013072",9.71154298694798,9.28133981468432,12.7669019638554,20.3607202654793,13.7631802321775,9.1597617026551,9.57586418329564,10.6715650913408,-0.274312266462275,3.58174794277968,0.410474830060782,1
"9915","PmetTSAr1.1-013073",4.85577149347399,6.21730776047764,6.00517240522086,5.11003772592654,5.02465310063623,4.1840886789906,4.90317772186254,4.6988854248344,-0.238460339010074,2.3740021015509,0.39448308733918,1
"9916","PmetTSAr1.1-013074",10.5657990830221,9.19209616262005,13.7125984056224,20.8902578536582,13.7267697024627,9.92307517787636,10.0997079569989,9.82236893022614,-0.321210401454615,3.62086744020026,0.330121731618987,1
"9917","PmetTSAr1.1-013075",74.9497322187143,69.7885359142609,64.4964973285138,41.992330742588,72.6754173106515,50.463501972961,56.4494050542636,53.4710516115192,-0.108189616583309,5.92099982781121,0.762769543539853,1
"9918","PmetTSAr1.1-013076",44.8709254674726,47.0909004059143,36.7403067626505,39.8741803898724,45.4767516137293,40.6252394034425,55.9046075296122,47.0737738644555,0.165620790920741,5.48455225374636,0.587802084077489,1
"9919","PmetTSAr1.1-013077",11.2851726376109,12.1966324487839,11.2065028349397,7.28114183746009,13.5811275836037,8.31163561907593,11.0635805006129,8.80333353688855,-0.00672310518511026,3.39542051969292,0.984557515979907,1
"9920","PmetTSAr1.1-013078",12.0495070393614,13.4460435776837,11.111933190763,16.7863415452716,12.0154748058692,11.9585777784664,9.93207794941386,12.3699574135701,-0.208619502829388,3.64637444284001,0.477276944340546,1
"9921","PmetTSAr1.1-013079",39.0709761836009,33.6151089442092,46.5282649349396,74.1882161038661,54.2152787452706,42.0105120066219,24.9349636282753,48.1494223352007,-0.192597356800288,5.50458928810284,0.597092416039063,1
"9922","PmetTSAr1.1-013080",9.44177790397721,11.0662128559698,6.76172955863451,11.0143818341215,6.80876905665924,8.53780257469704,9.05202040959238,10.2186604720796,-0.146712862403408,3.19845534696063,0.631978102975607,1
"9923","PmetTSAr1.1-013081",40.9593317643964,30.9377993822811,44.1167390084336,73.764586033323,54.2880998047001,38.6462785417578,23.2377098014767,48.5174073383504,-0.205234025398087,5.47143796426192,0.581225991084656,1
"9924","PmetTSAr1.1-013082",9.35185620965362,10.2927678714127,9.88252781646583,6.77808112869012,10.5954641469938,7.37869692713883,7.94147160934146,7.98244391447772,-0.0988436916573967,3.1425629158195,0.741519951843458,1
"9925","PmetTSAr1.1-013083",79.4008560877321,46.228211769293,47.6631006650601,64.8683545519172,75.1877438609696,43.9894728683066,48.8012859581959,40.0254457272039,-0.195474246961756,5.80283911640466,0.589104341626499,1
"9926","PmetTSAr1.1-013084",4.27128048037064,3.95646857484941,3.54636165662649,3.89210127311503,4.69695833320343,2.91189955362184,3.01734013653079,2.97218656390128,-0.209861825977241,1.89314650823511,0.464519018834107,1
"9927","PmetTSAr1.1-013085",94.5976224284193,70.6512245508822,132.444786669477,65.8744759694572,92.1186401783308,69.7159640702083,76.3764222059357,78.2392729773632,-0.20004194512864,6.4102498523083,0.621827708093013,1
"9928","PmetTSAr1.1-013086",35.2043433276864,23.4115847248608,68.4211375618471,50.0148252034986,42.5639092365489,24.1433225125539,8.8634366510592,23.664266356395,-0.835725436706006,5.11162146056007,0.0578806400679607,1
"9929","PmetTSAr1.1-013087",7.37357893453458,4.43243471919219,6.05245722730921,6.38092793755594,4.69695833320343,3.64694215939046,3.39450765359714,4.3025938829809,-0.595607119639045,2.34632563958868,0.0430639721590065,1
"9930","PmetTSAr1.1-013088",30.663297764345,30.6105726580454,40.1448139530119,33.1755298994091,32.2597293272732,37.374089416389,36.606202906384,30.8824337258695,0.0272435942677749,5.08853484785449,0.927313380160122,1
"9931","PmetTSAr1.1-013089",11.5998985677434,13.7435224178979,9.74067335020077,13.688546654425,11.0323905035708,13.2873086427404,20.073693408309,15.6252093645096,0.298973874638256,3.77315049602772,0.331349018141352,1
"9932","PmetTSAr1.1-013090",29.0447072665204,16.4208319798261,15.6985609333333,10.8555205576678,16.8944857876464,8.67915692196024,9.80635544372507,11.1810827880096,-0.628933411347728,3.89379602426964,0.0771629609464391,1
"9933","PmetTSAr1.1-013091",30.9780236944776,30.6403205420668,20.3324734979919,26.9534632383068,30.4392028415354,30.2781011837766,36.0614053817326,33.0337306673599,0.253145707441659,4.90241193851447,0.391173668311771,1
"9934","PmetTSAr1.1-013092",63.6645595811035,26.0293985187461,82.7484386546182,40.9597324456392,63.1358585253856,33.2748133457563,14.8143019203283,24.2020905917676,-0.656145411639931,5.4474060798852,0.147410678197266,1
"9935","PmetTSAr1.1-013094",23.1997971354869,15.4688996911405,56.8363561502006,30.4219344408787,30.9853607872567,24.1715933820065,13.0960943425816,25.5891109882548,-0.424039476535688,4.78201510733117,0.28965380966854,1
"9936","PmetTSAr1.1-013095",31.7423580962281,25.6129281424461,139.064661761847,61.7970365404795,64.6286902436906,74.4937410077043,32.5202214714985,40.2518980368345,-0.285052361446792,5.87787803090233,0.568706039812416,1
"9937","PmetTSAr1.1-013096",3.01237675984035,2.23109130160681,1.84410806144578,1.80042779980831,2.14822125317056,2.28994042566378,1.46676256636914,1.75500539963695,-0.214367758249148,1.08616023278217,0.465284235118542,1
"9938","PmetTSAr1.1-013097",11.5549377205816,13.9517576060479,9.40967959558229,17.6600785657668,11.8334221572955,11.5910564755821,12.1741293008638,12.2001181813472,-0.139841153833517,3.65701194759518,0.646348385483783,1
"9939","PmetTSAr1.1-013098",3.46198523145831,3.27226724235665,1.89139288353413,2.35644226739618,3.24053714461322,1.97896086168474,1.92774508722801,2.49097540593631,-0.197172073020378,1.39754472001953,0.525736712910654,1
"9940","PmetTSAr1.1-013099",11.914624497876,14.2194885622407,8.51126797590358,18.8780150185784,11.1416220927151,9.86653343897108,12.0064992932788,13.0776208811656,-0.218035039595788,3.64623387418647,0.494021611093655,1
"9941","PmetTSAr1.1-013100",2.47284659389879,2.73680532997102,1.93867770562248,1.69452028217253,2.40309496117385,2.06377347004266,1.82297633248735,1.61347270611784,-0.166378486804299,1.10494338565106,0.563113222892611,1
"9942","PmetTSAr1.1-013101",2.60772913538418,2.88554475007814,2.2223866381526,1.9063353174441,2.62155813946238,1.72452303661099,2.11632884576118,2.06637732537899,-0.176683410174984,1.21815651683397,0.523651477507711,1
"9943","PmetTSAr1.1-013102",11.3301334847726,6.90150909297039,8.32212868755017,10.6966592812141,12.4159906327315,10.5167634363818,9.09392791148864,11.0961631718981,0.210596063516919,3.33731208515168,0.483125771212832,1
"9944","PmetTSAr1.1-013103",9.03713027952104,10.8877255518412,8.36941350963852,9.58463034603838,9.39391666640686,12.0151195173717,11.7969617837975,10.7847912461561,0.215112435155801,3.36476706077801,0.451791921246183,1
"9945","PmetTSAr1.1-013104",13.5332149957007,10.7984818997769,8.98411619678711,10.273029210671,12.1611169247283,10.6298469141923,12.4884355650858,10.8697108622675,0.0827165443459547,3.49556439006779,0.777305929951532,1
"9946","PmetTSAr1.1-013105",11.465016026258,8.09142445382735,8.18027422128511,9.69053786367416,12.3067590435873,9.72517909170788,9.24060416812555,11.2093893267134,0.182266452408499,3.32896468215672,0.533962538551971,1
"9947","PmetTSAr1.1-013106",9.08209112668284,10.5307509435841,8.55855279799194,10.5642748841694,10.267769379561,13.0328708176667,11.88077678759,11.5773743298631,0.270352079452417,3.4269199284159,0.341252773728088,1
"9948","PmetTSAr1.1-013107",11.7347811092288,12.1966324487839,8.36941350963852,10.4848442459425,12.5252222218758,10.9973682170766,13.0751405916334,12.2850377974586,0.191291592722787,3.52659743257015,0.505964152315674,1
"9949","PmetTSAr1.1-013108",12.2743112751704,7.43697100535602,7.51828671204816,10.749613040032,13.1077906973119,10.3754090891186,8.69580664347416,12.1151985652357,0.220865531920763,3.37080942216131,0.474171874487959,1
"9950","PmetTSAr1.1-013109",11.3750943319344,13.6542787658337,11.6320662337349,12.3911795633866,11.8334221572955,16.5101877603413,15.5267294525647,13.8985105035765,0.235781564703692,3.7463459945582,0.412347781095565,1
"9951","PmetTSAr1.1-013110",12.4991155109794,11.3934395802054,9.69338852811241,10.9614280753036,13.5811275836037,10.4884925669291,12.2998518065526,11.6906004846784,0.108969557380617,3.54076760938947,0.702598748306758,1
"9952","PmetTSAr1.1-013111",12.4541546638176,8.24016387393447,7.84928046666664,9.24043091372208,11.8334221572955,10.1492421334975,9.21965041717742,11.4075350976402,0.173461790083829,3.33756935555743,0.560019280451695,1
"9953","PmetTSAr1.1-013112",8.49760011357949,10.8282297837984,8.74769208634535,8.76384708436106,9.3575061366921,11.3083477810557,12.7817880783596,9.36946431096499,0.217058566981247,3.32545632501863,0.454983002270669,1
"9954","PmetTSAr1.1-013113",12.6789588996265,11.8396578405268,9.64610370602406,9.4257690695847,14.3093381778988,11.1104516948872,13.5151693615442,11.3226154815287,0.205439461075598,3.5598932128254,0.479849233329426,1
"9955","PmetTSAr1.1-013114",60.6521828212631,57.6811471175413,31.2552674004015,41.1450706015018,47.4429202183261,42.9151798291063,52.0700711061043,48.3192615674237,5.15025246844135e-05,5.57738407947462,1,1
"9956","PmetTSAr1.1-013115",24.0090923843992,25.1667098821248,18.3937957923694,18.6132462244889,21.1545177642728,17.1321468882994,19.8432021478796,23.3528944306529,-0.0810809170028738,4.39359417995168,0.781022483776578,1
"9957","PmetTSAr1.1-013116",85.9201789261926,87.8455015152654,100.243822827309,88.1150546729716,90.5529874005964,89.4490309481504,90.3106665864425,84.5233245696116,-0.0292986521234842,6.48671381679372,0.938592113561048,1
"9958","PmetTSAr1.1-013117",15.2866880350107,17.8784782968759,19.1030681236947,13.211962825064,15.8021698962038,19.0262951416262,18.9631446080581,16.8423905287739,0.110340029242173,4.09389303142721,0.705829247952834,1
"9959","PmetTSAr1.1-013120",32.0570840263607,24.1850297094178,37.4022942718874,33.3608680552717,33.4248662781453,24.4543020765329,21.0794734538193,25.5041913721434,-0.28204130191034,4.857264150386,0.352323814511221,1
"9960","PmetTSAr1.1-013121",63.6195987339417,71.4246695354393,23.9261199767067,36.617524222572,49.6639625309262,43.1696176541801,48.3193496863889,46.9322411709364,-0.0566392570529621,5.58565359697103,0.879834512277329,1
"9961","PmetTSAr1.1-013122",30.438493528536,30.5213290059811,27.8507602100401,24.5705440915017,31.4586976735486,24.2846768598171,29.7962338482416,29.7784787164204,0.0245592698305938,4.84033445501919,0.933081548359688,1
"9962","PmetTSAr1.1-013123",18.2541039476893,21.8646947557467,21.0890306514055,23.5114689151439,25.0140339140369,18.9414825332683,27.2817837344659,24.4002363626943,0.174437613718801,4.49893556960981,0.544462257209283,1
"9963","PmetTSAr1.1-013124",145.852988192867,68.8068557415539,187.437034758232,127.486174354074,119.535769053542,101.435879596069,63.8879866408499,75.0689406425352,-0.557098525507237,6.79741124887012,0.209042667712395,1
"9964","PmetTSAr1.1-013125",10.2960340000513,7.31797946927033,13.9963073381526,9.79644538130995,11.1780326224299,8.11373953290745,5.2174839860845,6.87848890502868,-0.400003720049995,3.19305013069247,0.228428594597913,1
"9965","PmetTSAr1.1-013126",52.4243477906544,53.3379560504134,51.4931712542167,39.3446428016935,50.0644783577885,42.7172837429378,51.9862561023118,47.6965177159396,-0.0304534338806741,5.60561339730048,0.923001721047812,1
"9966","PmetTSAr1.1-013127",14.6122753275838,13.3567999256194,24.1625440871485,15.7007894895049,12.8893275190234,15.3793529822357,16.2810644866974,9.70914277541085,-0.320261582440277,3.93689139801225,0.310761428148428,1
"9967","PmetTSAr1.1-013128",97.8348034240686,110.781120095783,75.8448546297186,64.6830163960546,79.156491599878,86.8763818279603,112.228290078187,89.8449538459301,0.0763792074841834,6.48736935010473,0.848119003936453,1
"9968","PmetTSAr1.1-013129",18.7037124193072,17.4620079205759,29.5057289831324,18.8780150185784,22.9386337202958,18.6870447081945,15.7572207129941,16.8706970674777,-0.18689577820457,4.31482123479858,0.540326546139803,1
"9969","PmetTSAr1.1-013130",1.52866880350107,1.39815054900693,1.93867770562248,2.22405787035145,1.60206330744923,3.59040042048518,3.28973889885649,2.3494427124172,0.614962278496101,1.209808672753,0.0490253726421952,1
"9970","PmetTSAr1.1-013131",2.20308151092802,2.79630109801387,2.9316589694779,2.8330260967572,3.31335820404273,2.62919085909545,3.10115514032331,3.62323695408918,0.230904935748412,1.58166025037124,0.380016384255353,1
"9971","PmetTSAr1.1-013132",2.427885746737,1.96336034541399,3.35722236827308,2.75359545853036,2.0389896640263,3.08152477033767,3.14306264221958,3.53831733797771,0.178739470314039,1.51145216804319,0.555825620690112,1
"9972","PmetTSAr1.1-013134",3.01237675984035,2.61781379388532,2.17510181606425,2.5417804232588,2.69437919889189,2.48783651183225,2.99638638558266,2.85896040908599,0.0944441900596838,1.45221353245108,0.738904790546914,1
"9973","PmetTSAr1.1-013135",2.60772913538418,2.40957860573535,3.54636165662649,2.64768794089458,2.07540019374105,2.82708694526392,2.55635761567192,2.68912117686306,-0.133447130192473,1.44777985708733,0.615832011422699,1
"9974","PmetTSAr1.1-013137",2.96741591267855,2.85579686605671,3.12079825783131,3.01836425261982,2.62155813946238,2.60091998964281,3.18497014411584,2.83065387038217,-0.0856133753717059,1.56623109751793,0.744500123803302,1
"9975","PmetTSAr1.1-013138",2.56276828822238,3.15327570627095,4.49205809839356,3.52142496138979,3.45900032290175,4.29717215680116,4.04407393298919,3.53831733797771,0.163188367044569,1.88614437825941,0.572272484273767,1
"9976","PmetTSAr1.1-013139",1.70851219214826,1.63613362117833,1.56039912891566,2.75359545853036,1.27436854001643,3.19460824814823,3.64595266497471,2.43436232852867,0.459684135966317,1.23437770651381,0.172056696267402,1
"9977","PmetTSAr1.1-013140",2.427885746737,2.55831802584247,2.36424110441766,2.30348850857828,3.05848449603944,2.57264912019017,2.51445011377566,3.31186502834714,0.243465948160376,1.4337395444538,0.350382610608429,1
"9978","PmetTSAr1.1-013141",2.56276828822238,2.52857014182105,3.35722236827308,3.30960992611823,3.0948950257542,3.36423346486407,3.35260015170088,3.59493041538536,0.190169638456776,1.68228774215109,0.47952968327845,1
"9979","PmetTSAr1.1-013142",1.66355134498646,1.90386457737114,2.03324734979919,2.09167347330672,1.7112948965935,3.02498303143239,3.01734013653079,1.92484463185988,0.335963082535422,1.16397177875762,0.240849746824802,1
"9980","PmetTSAr1.1-013143",2.3379640524134,2.23109130160681,2.60066521485943,2.96541049380193,2.87643184746567,2.742274336906,2.84971012894575,2.91557348649364,0.164315679532218,1.46145086131102,0.524642270996053,1
"9981","PmetTSAr1.1-013144",3.5968677729437,3.4507545464852,5.43775454016062,3.70676311725241,3.78669509033455,4.24063041789588,3.52023015928592,3.70815657020064,-0.081112896529992,1.9953125038468,0.769745122368633,1
"9982","PmetTSAr1.1-013145",1.84339473363365,1.96336034541399,2.45881074859437,2.03871971448883,1.42001065887546,2.742274336906,2.57731136662005,2.43436232852867,0.155119733591127,1.16981543381021,0.61509389994788,1
"9983","PmetTSAr1.1-013146",2.65268998254598,2.4690743737782,2.45881074859437,2.93893361439298,2.91284237718042,3.08152477033767,2.51445011377566,2.94388002519746,0.117202832741042,1.49020323711249,0.645931520632587,1
"9984","PmetTSAr1.1-013147",3.01237675984035,2.82604898203529,3.40450719036143,3.36256368493612,2.69437919889189,3.47731694267462,3.28973889885649,3.70815657020064,0.0662835128452161,1.71579194619787,0.818217520260619,1
"9985","PmetTSAr1.1-013148",1.43874710917748,2.14184764954254,3.07351343574296,2.38291914680512,1.56565277773448,4.43852650406435,4.06502768393732,2.91557348649364,0.529047116130847,1.49818618067536,0.125247313853505,1
"9986","PmetTSAr1.1-013149",9.21697366816823,6.99075274503466,9.03140101887547,7.36057247568693,8.19236918581994,9.47074126663413,8.3815003792522,9.08639892392677,0.110319289152511,3.09177672721595,0.706022203943677,1
"9987","PmetTSAr1.1-013150",1.97827727511903,1.99310822943541,3.30993754618473,2.5417804232588,2.11181072345581,3.56212955103254,2.89161763084201,2.68912117686306,0.205008460928819,1.43176395172325,0.492927221116566,1
"9988","PmetTSAr1.1-013151",8.04799164196152,8.95411309044865,8.93683137469876,8.02249446091058,8.37442183439371,8.96186561648663,8.42340788114846,9.22793161744588,0.0431415389973345,3.11773892138889,0.881572161527939,1
"9989","PmetTSAr1.1-013152",33.5407919827,28.1712461682886,31.6808307991967,31.0309026672845,33.4248662781453,34.9993363823673,26.0455124285262,29.6652525616052,-0.0033946861590392,4.960146368813,0.991601499893823,1
"9990","PmetTSAr1.1-013153",36.3733253538931,22.1919214799824,41.5160737935741,44.4282036482111,41.2531301668177,51.0571902314664,10.0158929532064,27.4856490814109,-0.15508207634034,5.10188440508908,0.715921727711416,1
"9991","PmetTSAr1.1-013154",45.2755730919288,41.3495587897795,38.5844148240962,37.3059230872046,38.8500352056439,41.13411505359,36.8995554196578,52.395403140774,0.058908223281265,5.37625793530575,0.846433539388498,1
"9992","PmetTSAr1.1-013155",13.7580192315096,16.0043616035262,22.3657208477911,16.0185120424122,16.7488436687874,16.3405625436255,17.3706595360002,16.191340138586,-0.0312168411323883,4.07967640320676,0.915636013634949,1
"9993","PmetTSAr1.1-013156",4.04647624456166,4.43243471919219,3.73550094497991,4.07743942897765,3.78669509033455,4.29717215680116,3.52023015928592,5.01025735057644,0.0258118293914839,2.06207931189902,0.926773347385658,1
"9994","PmetTSAr1.1-013157",40.9593317643964,42.8072051068293,30.3095709586344,56.183938105783,44.4936673114309,31.4937485702401,31.0325051541813,32.9771175899523,-0.28321845567199,5.2796430633744,0.376064913696949,1
"9995","PmetTSAr1.1-013158",34.7097740089067,27.3680532997102,58.1603311686745,44.95774123639,41.2895406965325,35.02760725182,34.1127065435565,33.9678464445861,-0.193881675762645,5.27622529389806,0.55080191147007,1
"9996","PmetTSAr1.1-013159",9.12705197384463,12.5238591730195,14.2800162706827,11.4909656634825,10.0493062012725,9.97961691678164,12.048406795175,12.5681031844968,-0.0863934135467369,3.53230613669043,0.768768574182501,1
"9997","PmetTSAr1.1-013160",97.520077493936,109.025994938519,54.8503936224898,106.887162173914,97.3253459275408,96.2340396167838,129.703718368928,118.547784091605,0.26248365774895,6.66297489625452,0.523371202536306,1
"9998","PmetTSAr1.1-013161",5.48522335373914,7.16924004916321,3.30993754618473,5.34832964060705,5.93491634350511,5.28665258764353,5.53179025030645,4.72719196353823,0.00621299081787712,2.43708527839997,0.983204386620341,1
"9999","PmetTSAr1.1-013162",24.0990140787228,26.2971294749389,22.8385690686746,26.0532493384027,22.9022231905811,36.8652137662415,37.3605379405167,24.8531409819555,0.297092940078796,4.79330641796423,0.326406805168778,1
"10000","PmetTSAr1.1-013163",13.6680975371861,14.1302449101764,23.5951262220883,11.6498269399362,10.8503378549971,12.7784329925929,17.1611220265189,13.7003647326497,-0.207557172367364,3.88229618098827,0.515229986692404,1
"10001","PmetTSAr1.1-013164",11.1952509432873,11.8396578405268,14.6110100253011,12.8412865133387,10.8867483847118,18.4608777525734,16.5953707509194,13.2191535746847,0.229884062622506,3.78368816718554,0.445908741468944,1
"10002","PmetTSAr1.1-013165",24.8633484804733,26.1483900548318,20.7107520746987,24.9676972826359,21.0816967048433,39.098612453,37.255769185776,24.5983821336211,0.335980155884909,4.77671842526347,0.280051135604534,1
"10003","PmetTSAr1.1-013166",13.892901772995,14.6954547065835,20.4270431421686,12.9736709103834,11.906243216725,14.8987482015409,17.9992720644441,15.5969028258058,-0.0353261228221371,3.94095626082358,0.905120807026338,1
"10004","PmetTSAr1.1-013167",11.3301334847726,11.571926884334,15.1784278903614,13.6091160161981,9.28468507726259,19.195920358342,16.7420470075563,12.0302789491242,0.148806751482893,3.77440477101821,0.641877590362931,1
"10005","PmetTSAr1.1-013168",28.9547855721968,24.6015000857177,36.3620281859436,55.9721230705114,29.8930448958141,41.9256993982639,47.9631359202707,42.233355746102,0.151068363259024,5.26899428029858,0.65805109002451,1
"10006","PmetTSAr1.1-013169",29.9888850569181,24.5122564336535,23.5005565779116,24.2263446591854,26.9437919889189,27.818535541397,30.8858288975444,27.4573425427071,0.146287691067812,4.7537907928268,0.608530309913205,1
"10007","PmetTSAr1.1-013170",26.6617823669452,22.6976355083466,14.5637252032128,23.6968070710065,24.9048023248926,23.4365507762379,20.7023059367529,25.7872567591816,0.113299786393732,4.51539710576442,0.705929016958148,1
"10008","PmetTSAr1.1-013172",24.5036617031789,18.027217716983,39.0572630449798,18.4808618274442,30.1115080741026,22.8994042566378,16.3858332414381,17.5500539963695,-0.202146719588435,4.54977459206225,0.554360197387844,1
"10009","PmetTSAr1.1-013173",90.1914594065632,92.3969277705432,90.1721557224896,86.7912107025243,86.8027028399766,80.2044566371374,71.0332157141624,89.6751146137072,-0.133790181803681,6.42570746309198,0.724361786897823,1
"10010","PmetTSAr1.1-013174",27.6958818516665,33.525865292145,31.8226852654617,25.7884805443132,24.4678759683155,21.0052560033109,26.1083736813706,29.7218656390128,-0.230034256871727,4.78532355940203,0.42869071507923,1
"10011","PmetTSAr1.1-013175",4.8108106463122,5.59260219602773,4.11377952168673,5.00413020829076,5.09747416006574,4.57988085132755,4.50505645384806,5.03856388928027,-0.0263928262760824,2.29447416859235,0.938389567131244,1
"10012","PmetTSAr1.1-013176",95.4069176773316,93.9140698556359,91.0705673421683,84.3553377969013,86.29295542397,81.2787496763377,68.3092280909054,96.5536035187359,-0.133843702196109,6.44634274855991,0.726728597464088,1
"10013","PmetTSAr1.1-013177",24.9982310219587,30.1941022817455,32.1063941979918,26.8210788412621,26.179170864909,21.938194695248,27.2608299835178,29.4954133293822,-0.121746005847585,4.77789257646765,0.67196544049164,1
"10014","PmetTSAr1.1-013178",3.73175031442909,4.46218260321361,3.45179201244979,3.73323999666136,3.93233720919357,3.78829650665365,3.39450765359714,4.3025938829809,-0.000688807462116749,1.96786669180731,1,1
"10015","PmetTSAr1.1-013179",11.465016026258,10.0845326832628,9.31510995140559,8.76384708436106,10.4862325578495,11.2518060421504,10.8121354892353,9.82236893022614,0.0974857996081879,3.36615060327173,0.733957118129781,1
"10016","PmetTSAr1.1-013180",21.2664807075296,17.4322600365545,24.9663860626505,19.539937003802,19.8801492242564,20.7508181782372,19.8641558988277,20.6637732537899,-0.0350047601130419,4.36476425381637,0.902027207525574,1
"10017","PmetTSAr1.1-013181",11.1502900961255,10.7389861317341,9.92981263855418,8.92270836081473,10.8867483847118,11.3931603894136,11.7341005309531,9.17131854003824,0.0848993513674583,3.3995107656448,0.769312271712761,1
"10018","PmetTSAr1.1-013182",21.6711283319858,18.7709148175186,24.1152592650601,19.9370901949362,22.8294021311516,21.7968403479848,20.2622771668422,21.597889031016,0.0341004835414432,4.4216088324058,0.905605709839574,1
"10019","PmetTSAr1.1-013183",36.0136385765988,35.5784692896232,29.5057289831324,30.1836425261982,32.6966556838502,32.3136037843666,34.4689203096747,31.4202579612421,-0.00415189909923335,5.03713349469417,0.989317964858564,1
"10020","PmetTSAr1.1-013184",130.791104393665,76.4520619350599,78.1145260899595,68.9193171014859,93.4658297777768,65.7015006079335,82.3272874752047,75.889830264946,-0.158517735496271,6.39249750789831,0.694038643052174,1
"10021","PmetTSAr1.1-013185",12.4091938166558,15.8258742993976,14.4691555590361,13.7150235338339,14.6370329453316,13.5982882067195,12.6351118217227,14.606173971172,-0.0251126851326115,3.81232063811553,0.932184498597726,1
"10022","PmetTSAr1.1-013186",6.11467521400429,6.99075274503466,6.90358402489957,6.72512736987223,6.55389534865595,6.61538345191757,6.95664531477933,5.18009658279937,-0.0793296637299877,2.71515258558767,0.784160956248289,1
"10023","PmetTSAr1.1-013187",14.2975493974512,16.5100756318904,15.131143068273,12.8148096339298,13.544717053889,11.6193273450347,11.9226842894863,13.6154451165382,-0.212764081079453,3.78027528335836,0.454533668563153,1
"10024","PmetTSAr1.1-013188",17.9393780175567,17.6702431087259,14.9420037799196,13.8738848102876,17.3314121442235,14.8422064626356,14.0180593842993,15.5685962871019,-0.0611766628662583,3.98473348730631,0.83178798647279,1
"10025","PmetTSAr1.1-013189",5.75498843670992,6.84201332492754,6.33616615983933,6.38092793755594,6.9180006458035,7.01117562425452,6.8728303109868,5.51977504724523,0.0551984285677125,2.70433699867267,0.849974539628842,1
"10026","PmetTSAr1.1-013190",15.2417271878489,16.063857371569,15.7458457554216,12.2852720457509,13.836001291607,13.0611416871193,11.2521642591461,13.8985105035765,-0.188930384200153,3.80520025867991,0.509096834546265,1
"10027","PmetTSAr1.1-013191",3.5968677729437,3.74823338669944,6.76172955863451,5.08356084651759,4.84260045206245,5.484548673812,3.64595266497471,3.79307618631211,-0.110441803898835,2.22503925390506,0.7307006365096,1
"10028","PmetTSAr1.1-013192",16.2308658254084,18.5924275133901,17.1171055959839,14.0592229661502,16.5667910202136,14.2767890735828,13.4732618596479,16.0781139837707,-0.128234818800626,3.98705426179294,0.654326556239036,1
"10029","PmetTSAr1.1-013193",14.8820404105546,16.5100756318904,16.2659787983935,10.8290436782588,14.7826750641906,11.986848647919,12.4046205612933,13.9551235809841,-0.138106600552176,3.80815396461534,0.637618984432794,1
"10030","PmetTSAr1.1-013194",14.5223536332602,17.4025121525331,17.3062448843373,14.1386536043771,15.0739593019087,15.7751451545727,14.6885794146395,14.7760132033949,-0.0711383449826479,3.95607625203832,0.801692982288721,1
"10031","PmetTSAr1.1-013195",6.24955775548968,7.49646677339887,5.72146347269074,6.69865049046329,6.88159011608875,7.03944649370716,7.12427532236437,5.54808158594906,0.0214618700769634,2.73538716694545,0.941669065631644,1
"10032","PmetTSAr1.1-013196",15.2866880350107,15.9151179514619,14.6582948473895,11.5174425428914,14.8190855939054,13.9375386401511,11.566470523368,15.6818224419172,-0.0348533514739279,3.83089937154766,0.906087332497238,1
"10033","PmetTSAr1.1-013197",26.2121738953272,27.9927588641601,53.5264186040159,19.8311826773004,32.9151188621388,21.7120277396269,23.5520160656987,23.1547486597262,-0.331379616182292,4.8408003292702,0.339928243924471,1
"10034","PmetTSAr1.1-013198",24.0990140787228,14.1897406782193,20.0487645654618,15.9390814041854,24.1765917305975,13.8244551623406,12.0064992932788,13.1342339585733,-0.23440105618413,4.10640650498974,0.478434843079867,1
"10035","PmetTSAr1.1-013199",51.1204832229623,38.2557788515514,75.1355822983933,44.3487730099842,67.395890502012,42.8020963512958,32.4573602186541,59.9815555133982,-0.0435106931376921,5.68610353463101,0.905303428596231,1
"10036","PmetTSAr1.1-013200",17.8494563232331,17.6404952247045,10.2135215710843,41.039163083866,14.3457487076136,21.2879646978373,24.8092411225865,20.1542555571211,-0.107211330380154,4.3920012307485,0.784398459134454,1
"10037","PmetTSAr1.1-013201",1.79843388647185,1.07092382477127,1.93867770562248,1.45622836749202,2.00257913431154,1.4418143420846,1.11054880025092,1.86823155445223,0.0417232641069845,0.712960671999432,0.902168243753724,1
"10038","PmetTSAr1.1-013203",76.2535967864064,80.5870178140379,101.425943379518,52.6095593855753,77.5544282924287,55.4674458660781,72.5837932843241,67.482788269911,-0.186789840485632,6.19077833083235,0.63303666150564,1
"10039","PmetTSAr1.1-013204",35.968677729437,40.1596434289225,45.2988595606424,24.411682815048,35.7915507096044,25.783032940807,34.3222440530378,33.1469568221752,-0.176000872523151,5.10493964607533,0.573292934159421,1
"10040","PmetTSAr1.1-013205",3.82167200875268,3.27226724235665,2.17510181606425,7.89011006386585,5.5344005166428,3.64694215939046,9.47109542855499,5.49146850854141,0.48717929508515,2.39061556089841,0.224635194637336,1
"10041","PmetTSAr1.1-013206",94.5077007340957,51.6720745452137,75.0410126542166,146.099420578563,129.657896314244,80.8546866345481,41.0693518583358,44.4412657650001,-0.311606195794211,6.37456866904852,0.517503382623378,1
"10042","PmetTSAr1.1-013207",9.21697366816823,6.48503871667045,8.22755904337346,13.8474079308787,13.3990749350299,7.29388431878091,4.9450852237588,5.06687042798409,-0.303117096056003,3.10693674331637,0.4247437409785,1
"10043","PmetTSAr1.1-013208",37.9919158517178,37.0956113747159,49.0816453277107,55.0719091706073,34.0438452832962,49.5022924115712,42.1589469076386,49.1684577285383,-0.0355713306268652,5.47014695097781,0.910987279282105,1
"10044","PmetTSAr1.1-013209",13.6231366900243,12.2858761008482,21.420024406024,20.1224283507988,19.4068123379646,18.0368147107838,13.976151882403,14.4646412776529,-0.0342432150822868,4.06389941327759,0.914189773961432,1
"10045","PmetTSAr1.1-013210",3.77671116159088,4.8191572114707,6.80901438072287,6.24854354051121,4.44208462520014,5.90861171560159,5.23843773703263,5.77453389557963,-0.0189475291477565,2.44358546522189,0.954525117973316,1
"10046","PmetTSAr1.1-013211",4.40616302185603,3.56974608257089,5.95788758313251,3.73323999666136,4.58772674405916,3.16633737869559,4.33742644626301,3.76476964760829,-0.14987432008028,2.08534827079821,0.604835726212709,1
"10047","PmetTSAr1.1-013212",43.5670608997805,45.0085485244147,40.3812380634537,33.6785906081791,46.4962464457425,40.4838850561793,46.1820670896796,42.2616622848058,0.109342265917413,5.40321792740222,0.715999530054917,1
"10048","PmetTSAr1.1-013213",9.89138637559517,8.83512155436296,35.4163317441766,14.5887605543291,16.1298646636366,12.6653495147824,9.53395668139938,13.3606862682038,-0.410015352183776,3.91584436070408,0.319143968164841,1
"10049","PmetTSAr1.1-013214",132.184890655681,103.939106770856,129.229418767469,119.754925566662,132.971254518286,138.103197276143,103.406760929024,149.373604740067,0.110876512355728,6.97932910473658,0.78138003689251,1
"10050","PmetTSAr1.1-013215",2.60772913538418,1.27915901292124,3.21536790200802,1.72099716158148,2.51232655031811,1.92241912277947,1.46676256636914,1.50024655130255,-0.242521610220342,1.05230113829734,0.456562828764595,1
"10051","PmetTSAr1.1-013216",4.13639793888525,3.95646857484941,4.91762149718874,5.29537588178916,6.04414793264938,4.89086041530658,4.52601020479619,4.5573527313153,0.125911752881162,2.27846550090918,0.658796746490132,1
"10052","PmetTSAr1.1-013217",73.3311417208896,47.1206482899358,144.927979700803,57.9578890261824,77.9913546490058,65.4470627828597,57.8113988658921,65.9542351799046,-0.274820645867378,6.20673019792579,0.526216697007774,1
"10053","PmetTSAr1.1-013220",6.56428368562225,7.4072231213346,5.24861525180721,6.48683545519172,8.19236918581994,8.25509388017065,8.25577787356342,7.07663467595543,0.303751151782209,2.85854147804963,0.289029007530374,1
"10054","PmetTSAr1.1-013221",35.0694607862011,47.5668665502571,28.1817539646585,34.4728969904474,45.1490568462965,42.0105120066219,54.6054749708281,44.5544919198154,0.358468726847764,5.37579280002464,0.249992973252868,1
"10055","PmetTSAr1.1-013222",24.0090923843992,27.8142715600315,20.5688976084337,22.6642087740576,22.6837600122925,31.5220194396927,36.5014341516433,33.6847810575478,0.388094029398481,4.7814614024522,0.192378798688555,1
"10056","PmetTSAr1.1-013223",29.6291982796237,24.7204916218034,30.4514254248995,31.7193015319171,30.8761291981125,33.925043343167,30.1524476143598,27.145970616965,0.0675593929655613,4.90153148682277,0.815289675569688,1
"10057","PmetTSAr1.1-013224",13.5332149957007,12.1668845647625,12.5304778534136,17.9513242392653,13.7995907618922,21.3727773061952,15.1705156864465,12.6247162619045,0.163687255164423,3.90308202042623,0.592449635247308,1
"10058","PmetTSAr1.1-013225",77.7822655899075,78.8616405407953,57.6401981257026,105.722179479921,68.4153853340252,94.4812457107202,101.688553351277,91.3452003972327,0.153376065774347,6.40196513895053,0.700199293359536,1
"10059","PmetTSAr1.1-013226",38.0368766988796,38.4045182716585,46.1972711803211,46.4934002421088,45.5131621434441,47.3819772026233,35.7051916156144,45.6867534679683,0.0431288905425766,5.425857870074,0.887094750240903,1
"10060","PmetTSAr1.1-013227",1.52866880350107,2.11209976552111,2.1278169939759,1.9063353174441,1.96616860459678,2.20512781730586,2.09537509481305,2.32113617371338,0.159790644919266,1.06836571254571,0.555240157656481,1
"10061","PmetTSAr1.1-013228",3.41702438429651,1.7253772732426,3.6409313008032,2.96541049380193,3.16771608518371,2.03550260059002,1.88583758533175,2.68912117686306,-0.262133258690408,1.45444954799811,0.388223660589552,1
"10062","PmetTSAr1.1-013229",37.946955004556,37.1253592587373,37.213154983534,30.7396569937861,38.5587509679258,33.4444385624722,38.5549017445601,37.9307618631211,0.0543368414662163,5.18979630914351,0.853657728520861,1
"10063","PmetTSAr1.1-013230",11.914624497876,6.00907257232767,10.4972305036144,11.6233500605272,12.6708643407348,9.04667822484454,3.45736890644153,6.62373005669428,-0.334571716349285,3.17437166198546,0.386915581813424,1
"10064","PmetTSAr1.1-013231",68.3854485330921,59.2280370866554,70.9272331325298,42.2835764160864,68.4517958637399,44.3852650406435,43.6466632249558,49.1684577285383,-0.227669763140192,5.80371825199983,0.512913816476766,1
"10065","PmetTSAr1.1-013232",4.7658497991504,4.9381487475564,5.24861525180721,5.48071403765178,5.35234786806902,5.82379910724368,5.36416024272141,5.03856388928027,0.0778841903189567,2.40991024704107,0.779202795580099,1
"10066","PmetTSAr1.1-013233",136.950740454831,144.33673327195,105.870716655823,126.347668539489,113.600852710036,136.859279020226,157.488392126149,130.294997653691,0.0678835697506525,7.03930298740756,0.86588037571952,1
"10067","PmetTSAr1.1-013235",4.36120217469423,5.29512335581349,3.59364647871485,4.68640765538341,3.60464244176077,4.35371389570644,4.86127021996628,3.70815657020064,-0.119407532822278,2.12887452834398,0.683033053862298,1
"10068","PmetTSAr1.1-013236",25.4928003407385,17.3132685004688,44.5895872293171,41.9393769837701,25.0868549734664,28.129515105376,24.6835186168977,18.9370743928567,-0.417202963624419,4.8240359000217,0.22626425305051,1
"10069","PmetTSAr1.1-013238",25.0431918691205,16.7480587040618,44.5895872293171,41.7010850690896,27.1258446374927,29.2038081445763,22.9024497863066,18.8804613154491,-0.384424734788435,4.82414310358944,0.272885527400094,1
"10070","PmetTSAr1.1-013240",27.2462733800485,15.8258742993976,41.1850800389557,25.86791118254,35.5002664718864,26.9421385883652,14.772394418432,14.3514151228376,-0.266193302249795,4.65850862949483,0.482863847221132,1
"10071","PmetTSAr1.1-013241",12.7688805939501,14.2789843302836,13.7598832277108,10.5907517635783,13.4718959944594,13.089412556572,14.5628569089507,11.5490677911593,0.0361642389898564,3.70815835798276,0.903003954990681,1
"10072","PmetTSAr1.1-013242",55.7964113277891,19.6930992221828,11.915775166265,24.7558822473643,25.7786550380467,16.7928964548677,14.6257181617951,18.3992501574841,-0.569203828873159,4.55554664967164,0.168374968220475,1
"10073","PmetTSAr1.1-013243",13.6231366900243,14.8144462426692,19.3867770562248,19.1163069332589,11.4329063304332,18.9414825332683,24.8092411225865,18.73892862193,0.144116082332294,4.14377724858324,0.653497279104727,1
"10074","PmetTSAr1.1-013244",4.7658497991504,4.70016567538501,4.01920987751002,5.34832964060705,4.1508003874821,4.07100520118004,4.58887145764058,4.01952849594268,-0.164176180249686,2.17660864795651,0.557876601175006,1
"10075","PmetTSAr1.1-013245",102.106083904439,118.753553013525,51.39860161004,61.6116983846169,79.4113653078812,65.3057084355966,86.1199163968164,88.1748680624046,-0.0657213489381211,6.35180107757328,0.874659309249635,1
"10076","PmetTSAr1.1-013246",196.883549721506,113.517925425754,106.910982741767,94.6018901281633,113.892136947754,86.7915692196024,93.3489604739214,102.837655110984,-0.367153409997469,6.8284236888621,0.379784168172371,1
"10077","PmetTSAr1.1-013247",4.8108106463122,2.79630109801387,2.97894379156625,2.88597985557509,2.47591602060336,1.72452303661099,2.38872760808688,2.80234733167835,-0.51367343493311,1.54058087334692,0.078540301843032,1
"10078","PmetTSAr1.1-013248",38.6663285591448,38.5532576917656,33.7140781489959,38.2326138665177,36.0828349473225,40.2294472311056,31.9335164449509,38.100601095344,-0.0277734407919353,5.20947385710026,0.925323356440482,1
"10079","PmetTSAr1.1-013250",6.92397046291662,8.18066810589163,8.13298939919676,15.7537432483228,7.75544282924287,11.2518060421504,6.30707903538728,9.02978584651913,-0.186576108067287,3.20699507153605,0.589237606032475,1
"10080","PmetTSAr1.1-013252",45.1406905504434,42.509726266615,65.7731875248994,34.6317582669011,51.484489016664,48.5128119807289,51.6509960871417,44.7526376907421,0.0631822492365127,5.5883409904033,0.848181292618615,1
"10081","PmetTSAr1.1-013253",56.9653933539958,43.4319106712792,99.2508415634534,50.2795939975881,72.9302910186548,35.3951285547043,29.6076500897084,35.3831733797771,-0.528131055181471,5.72641182074046,0.186300011440305,1
"10082","PmetTSAr1.1-013254",8.90224773803565,12.4346155209553,6.71444473654616,10.8025667988499,6.95441117551826,12.1847447340875,13.326585603011,10.8414043235637,0.155423004060235,3.37066328002671,0.630395598270327,1
"10083","PmetTSAr1.1-013255",37.5872682272616,34.8347721890876,60.240863340562,35.7437872020768,47.4793307480409,27.6771811941338,23.0910335448398,26.2118548397389,-0.436374966492841,5.1958674520369,0.20294937660143,1
"10084","PmetTSAr1.1-013256",15.9161398952759,16.837302356126,17.542668994779,15.0388675042812,16.2026857230661,16.2274790658149,15.2124231883427,16.8990036061816,-0.0174150798755307,4.02629302560064,0.951866269286268,1
"10085","PmetTSAr1.1-013257",25.3579177992531,28.0522546322029,37.8278576706826,26.7946019618532,30.0750975443879,29.0059120584078,36.5642954044877,35.4963995345924,0.152571001590602,4.96387215523205,0.608555275558361,1
"10086","PmetTSAr1.1-013258",20.9067939302352,18.1759571370901,18.9612136574296,19.036876295032,19.333991278535,17.867189494068,16.9934920189338,17.5500539963695,-0.10348993544905,4.22199673389255,0.710305210546069,1
"10087","PmetTSAr1.1-013259",26.2121738953272,29.2124221090385,36.6457371184738,28.1713996911183,28.9099605935157,31.5220194396927,35.3489778494962,36.4588218505224,0.137713628649619,4.98288928066864,0.63894486936438,1
"10088","PmetTSAr1.1-013260",44.1065910657221,47.6858580863428,60.9501356718873,47.5259985390577,43.437761949703,27.9881607581128,32.6040364752911,41.7804511268409,-0.457881146426524,5.4366979260251,0.144909738612218,1
"10089","PmetTSAr1.1-013261",11.1952509432873,12.1966324487839,12.1994840987951,12.0999338898882,11.1416220927151,16.8211673243203,16.7420470075563,13.4739124230191,0.287398102070978,3.73354172193518,0.325194206161148,1
"10090","PmetTSAr1.1-013262",12.6339980524647,13.7732703019194,14.1381618044176,17.58064792754,14.6370329453316,17.5279390606363,12.530343066982,16.3045662934013,0.0683398011797203,3.90253212142052,0.813999508778982,1
"10091","PmetTSAr1.1-013263",5.12553657644477,5.8008373841777,5.81603311686745,4.89822269065497,3.75028456061979,3.05325390088503,4.06502768393732,5.66130774076434,-0.387046678729788,2.27152623956329,0.188968770792311,1
"10092","PmetTSAr1.1-013264",13.1285673712445,12.9403295493195,13.6653135835341,16.3362345953196,14.2729276481841,16.4819168908887,11.566470523368,15.879968212844,0.0527423535690435,3.84261736488569,0.855792662564007,1
"10093","PmetTSAr1.1-013265",4.54104556334142,6.27680352852048,5.29590007389556,4.79231517301919,3.60464244176077,3.42077520376934,4.06502768393732,5.74622735687581,-0.312379876931864,2.25644227818424,0.294139082152915,1
"10094","PmetTSAr1.1-013266",12.3192721223322,10.9472213198841,13.5707439393574,11.3850581458467,14.6734434750464,13.400392120551,10.4140142212209,9.62422315929938,-0.00332700018619241,3.59671606805989,0.993368450854589,1
"10095","PmetTSAr1.1-013267",9.98130806991876,6.48503871667045,6.05245722730921,5.40128339942494,8.81134819097078,6.16304954067535,5.09176148039571,5.46316196983759,-0.129098950420552,2.75118124083583,0.69157229189673,1
"10096","PmetTSAr1.1-013268",48.3778715460927,56.1045092644058,37.9697121369476,30.4484113202877,36.6654034227586,41.4733654870217,77.235525994809,52.2821769859587,0.26462378077033,5.57408312893026,0.457966012985992,1
"10097","PmetTSAr1.1-013269",30.5284152228596,30.1346065137026,24.3516833755019,24.9941741620448,29.8566343660993,26.2353668520492,28.3713787837687,26.6930659977039,0.0148891182909139,4.79216939089849,0.959459405739711,1
"10098","PmetTSAr1.1-013270",60.2475351968069,66.7839996280971,50.1691962357428,48.2938280419171,55.0163103989952,45.6291832965597,64.537552920242,63.7463251610065,0.0218564566986013,5.82949828272875,0.948906908445324,1
"10099","PmetTSAr1.1-013271",19.198281738087,20.6747793948897,23.4059869337349,22.2670555829234,23.1206863688696,25.1045320739436,23.8034610770762,22.3621655760192,0.141959078062629,4.49539513810014,0.61200955814678,1
"10100","PmetTSAr1.1-013272",4.36120217469423,5.62235008004915,4.16106434377508,3.99800879075082,3.89592667947881,3.42077520376934,4.29551894436675,4.52904619261147,-0.169281516500312,2.12009731467053,0.549492087626403,1
"10101","PmetTSAr1.1-013273",5.66506674238632,4.87865297951355,4.77576703092368,5.05708396710865,5.64363210578707,7.66140562166522,6.8728303109868,5.37824235372613,0.32823142836899,2.53788846797656,0.250760842913218,1
"10102","PmetTSAr1.1-013274",3.5968677729437,1.96336034541399,2.97894379156625,4.20982382602238,2.14822125317056,3.27942085650615,3.64595266497471,2.3494427124172,-0.152966464745029,1.62519870496343,0.622750940877858,1
"10103","PmetTSAr1.1-013275",45.6352598692232,51.0771168647852,53.0535703831323,33.1225761405912,47.0788149211786,35.5930246408728,48.7174709544034,50.5837846637294,-0.00691889274466386,5.5130421676093,0.982811767227618,1
"10104","PmetTSAr1.1-013276",20.2323812228083,51.2258562848923,32.8156665293171,7.89011006386585,47.2972780994671,6.44575823520174,45.4486858064951,13.3323797295,0.00462735143526225,4.81483229029099,0.994199223145604,1
"10105","PmetTSAr1.1-013278",44.4662778430165,44.7705654522433,71.1636572429716,42.7866371248564,54.3973313938444,47.3537063331707,49.932788509395,48.0361961803855,-0.0244889281490961,5.65588300010171,0.940600564784672,1
"10106","PmetTSAr1.1-013279",154.755235930903,120.002964142425,242.429282846987,159.099568368355,128.784043601089,154.980906339368,132.972503516836,143.655683921895,-0.271102953502134,7.27274174339967,0.520100321212591,1
"10107","PmetTSAr1.1-013280",30.5284152228596,25.9699027507032,43.8803148979918,35.9291253579394,32.0412661489846,22.3905286064902,17.2868445322077,24.8248344432516,-0.497926669340425,4.86568071616381,0.117532226134007,1
"10108","PmetTSAr1.1-013281",11.0154075546401,10.4117594074984,18.3937957923694,12.0734570104793,9.46673772583637,10.5733051752871,8.90534415295546,10.7281781687484,-0.385757580026632,3.52325276343323,0.202306423860526,1
"10109","PmetTSAr1.1-013282",157.902495232228,161.709497540461,117.881061466265,101.141679342173,144.404160848719,119.840215609738,130.038978384098,131.087580737398,-0.0359638667081251,7.05592969835011,0.929769851835059,1
"10110","PmetTSAr1.1-013283",24.9083093276351,18.6816711654543,20.9471761851405,23.5908995533707,21.5914441208499,27.3096598912495,23.8453685789725,23.5793467402835,0.128636686152152,4.53103711711468,0.652658392142777,1
"10111","PmetTSAr1.1-013284",3.14725930132574,2.85579686605671,3.16808307991967,3.65380935843452,2.91284237718042,3.87310911501157,3.08020138937518,2.97218656390128,0.000612531610562345,1.70950822629533,1,1
"10112","PmetTSAr1.1-013285",4.00151539739986,3.80772915474228,10.1662367489959,3.70676311725241,7.68262176981336,2.65746172854809,2.61921886851631,3.17033233482803,-0.426788302089898,2.25206381288529,0.320447836666521,1
"10113","PmetTSAr1.1-013286",45.0507688561198,45.3952710166932,50.0273417694777,73.1556178069172,55.5260578150018,69.4049845062292,74.3229546130189,63.3783401578568,0.297751185810315,5.89732533239156,0.395791779820338,1
"10114","PmetTSAr1.1-013287",15.9611007424377,16.7480587040618,11.6793510558232,14.2445611220128,17.0037173767907,17.8954603635206,24.5997036131052,21.8243413406465,0.471842994077991,4.13468905153259,0.111308305110414,1
"10115","PmetTSAr1.1-013288",24.8633484804733,23.1438537686679,26.1957914369477,23.5908995533707,19.333991278535,20.7790890476898,20.5765834310642,27.62718177493,-0.146619739264777,4.54364931561804,0.608209714950965,1
"10116","PmetTSAr1.1-013289",11.4200551790962,10.173776335327,10.7336546140562,8.07544821972847,8.04672706696092,6.72846692972813,6.09754152590598,9.73744931411467,-0.399763551209925,3.15840632802159,0.181193950759093,1
"10117","PmetTSAr1.1-013290",12.3192721223322,17.9379740649187,11.0646483686747,14.7740987101918,15.1103698316234,18.4326068831208,25.1025936358603,21.3997432600892,0.51196188765922,4.09533644487139,0.0968739891392731,1
"10118","PmetTSAr1.1-013291",30.0788067512417,28.0225067481815,35.5581862104416,29.8394430938819,22.3924757745745,26.5180755465756,25.6473911605117,33.0903437447676,-0.197640359582066,4.85554815129137,0.498665820798292,1
"10119","PmetTSAr1.1-013292",5.88987097819531,6.03882045634909,7.3764322457831,5.79843659055913,4.95183204120672,5.23011084873825,4.65173271048497,5.91606658909874,-0.273176404931725,2.53295355080695,0.33039859174693,1
"10120","PmetTSAr1.1-013293",39.5205846552189,43.8781289316005,28.5600325413654,41.7805157073165,36.7018139524733,42.151866353885,46.0982520858871,41.3275465075797,0.112826221280158,5.32446920646329,0.712098405650244,1
"10121","PmetTSAr1.1-013294",16.4556700612174,15.7366306473333,18.9612136574296,15.8861276453675,16.4939699607841,13.9940803790564,17.1192145246226,16.5593251417357,-0.0624826571165114,4.04086274870355,0.825872537525503,1
"10122","PmetTSAr1.1-013295",4.00151539739986,4.37293895114934,3.54636165662649,3.8126706348882,3.60464244176077,4.26890128734852,3.75072141971536,3.56662387668154,-0.0519317302402006,1.9737408113537,0.857810514923756,1
"10123","PmetTSAr1.1-013296",12.8138414411119,14.8441941266906,9.03140101887547,9.53167658722049,12.9257380487381,12.7218912536876,15.2124231883427,12.5681031844968,0.208818476205943,3.6464381459336,0.485258936630972,1
"10124","PmetTSAr1.1-013297",2.65268998254598,4.43243471919219,2.17510181606425,2.38291914680512,2.80361078803616,2.71400346745336,3.60404516307845,2.29282963500956,-0.0325450834821087,1.5604024648009,0.926337225204862,1
"10125","PmetTSAr1.1-013298",12.5440763581411,14.2492364462621,8.88954655261041,8.92270836081473,12.5252222218758,12.5239951675192,16.6372782528156,12.0868920265319,0.26993349143489,3.62816385821812,0.375285634971752,1
"10126","PmetTSAr1.1-013299",3.05733760700214,3.98621645887083,2.31695628232931,2.91245673498404,2.65796866917713,3.42077520376934,3.7088139178191,2.54758848334395,0.00518258854810298,1.65221879511777,0.989498834690114,1
"10127","PmetTSAr1.1-013300",13.4882541485389,14.5467152864764,9.36239477349394,10.749613040032,11.6149589790069,12.8632456009508,15.1076544336021,12.1718116426433,0.104383323334336,3.65007840761346,0.72547402755814,1
"10128","PmetTSAr1.1-013301",2.96741591267855,3.30201512637807,2.36424110441766,2.43587290562301,2.36668443145909,2.79881607581128,3.60404516307845,2.6042015607516,0.0433554514053511,1.52150852441558,0.892670029070197,1
"10129","PmetTSAr1.1-013302",11.5549377205816,15.3201602710334,8.93683137469876,9.34633843135787,12.0882958652988,12.9197873398561,14.9819319279133,12.6247162619045,0.219946173955997,3.6193319994094,0.464908994231997,1
"10130","PmetTSAr1.1-013303",2.65268998254598,4.1944516470208,3.59364647871485,2.67416482030353,3.78669509033455,3.56212955103254,3.77167517066349,3.67985003149682,0.173303332700001,1.82903497735682,0.532448558017237,1
"10131","PmetTSAr1.1-013304",12.0045461921996,10.7389861317341,13.9017376939759,13.2913934632908,10.3405904389905,12.2695573424454,12.1322217989676,12.2850377974586,-0.0856399761329911,3.60655058580246,0.763147742710277,1
"10132","PmetTSAr1.1-013305",10.8355641659929,12.3156239848696,8.32212868755017,9.45224594899365,9.39391666640686,9.951346047329,10.916904243976,10.7281781687484,0.00186301466417622,3.36511065896762,0.997578289251469,1
"10133","PmetTSAr1.1-013306",50.9406398343151,47.0314046378715,58.9641731441765,41.5687006720449,54.4337419235591,43.1413467847274,49.3879909847436,51.7726592892899,0.00193453622057329,5.63551648430832,0.996085175269207,1
"10134","PmetTSAr1.1-013307",23.4695622184576,22.8761228124751,36.4565978301203,34.2875588345848,27.526360464355,43.0848050458221,31.472533924092,27.4290360040032,0.145673483922187,4.94900529729023,0.644580046955725,1
"10135","PmetTSAr1.1-013309",88.6178297559004,44.7705654522433,64.8274910831323,36.2733247902557,68.4517958637399,47.9756654611287,47.2297546370862,50.3007192766912,-0.13183792385085,5.80999303950006,0.723353610084011,1
"10136","PmetTSAr1.1-013310",20.7269505415881,17.9379740649187,21.6564485164658,13.1590090662461,18.7878333328137,14.4746851597513,15.3590994449797,14.4080282002453,-0.220362428216392,4.09721718859752,0.461848488413166,1
"10137","PmetTSAr1.1-013311",9.98130806991876,12.137136680741,9.78795817228912,6.16911290228437,7.79185335895763,7.97238518564425,5.84609651452841,4.72719196353823,-0.531830911793384,3.01848380440085,0.0992680922557013,1
"10138","PmetTSAr1.1-013312",7.01389215724021,6.00907257232767,4.91762149718874,7.36057247568693,5.57081104635756,7.03944649370716,7.83670285460081,5.91606658909874,0.0591473408106845,2.70594528728034,0.847315133571948,1
"10139","PmetTSAr1.1-013313",74.365241205611,57.2051809731985,54.8976784445781,107.284315365048,104.680272929921,88.1203000838764,68.9587943702975,65.5862501767549,0.15593257984293,6.27988078953747,0.702120417181848,1
"10140","PmetTSAr1.1-013314",10.9704467074783,8.2699117579559,6.90358402489957,12.6559483574761,13.5083065241742,10.4602216974765,8.42340788114846,7.98244391447772,0.0543636940787046,3.31595695074506,0.863931576007251,1
"10141","PmetTSAr1.1-013315",45.2755730919288,45.1870358285432,66.0096116353411,51.1798078974922,43.0372461228407,49.2761254559501,49.5975284942249,40.7048026560956,-0.185049110935512,5.61001892971782,0.56256681574251,1
"10142","PmetTSAr1.1-013316",16.1859049782466,16.7183108200403,14.5164403811244,17.5541710481311,13.2534328161709,17.7258351468048,18.8793296042656,16.7291643739586,0.0354825846862054,4.04539953775084,0.903793927818989,1
"10143","PmetTSAr1.1-013317",76.9729703409951,70.5917287828394,69.1304098931724,51.312192294537,69.325648576894,63.0440388793854,66.318621750833,66.3222201830543,-0.0160909280152359,6.05928472681037,0.965737664415001,1
"10144","PmetTSAr1.1-013318",11.0154075546401,7.19898793318463,17.542668994779,21.8963792711982,15.0011382424792,16.8211673243203,11.2312105081979,15.7101289806211,0.0268052453103982,3.86922015388404,0.940759498233585,1
"10145","PmetTSAr1.1-013319",13.1735282184063,8.35915541002017,6.09974204939757,7.51943375214061,7.39133753209532,5.88034084614895,6.22326403159476,13.2191535746847,-0.103087394037689,3.09425729875794,0.774026261344751,1
"10146","PmetTSAr1.1-013320",53.4134864282139,60.7749270557694,89.6047378574294,71.5934819217894,67.7964063288743,79.5259557702741,73.694342084575,75.0123275651275,0.104363277114233,6.15964038392734,0.784928780472297,1
"10147","PmetTSAr1.1-013321",66.2722887164876,71.2461822313107,71.4000813534134,61.0027301582111,72.8574699592253,71.6383831929877,81.5100911882276,77.163624506618,0.16765240044032,6.16389138575077,0.650652044514628,1
"10148","PmetTSAr1.1-013322",86.4597090921341,103.492888510534,85.2545342253009,80.2249446091058,69.6533433443268,90.7494909429718,61.6878427912962,111.159777489908,-0.0930013036884302,6.42871031109482,0.815115051664669,1
"10149","PmetTSAr1.1-013323",8.49760011357949,12.2858761008482,10.1662367489959,8.23430949618214,9.02981136925931,8.73569866086551,7.16618282426063,11.1810827880096,-0.118777685003695,3.2436164883848,0.695632255483453,1
"10150","PmetTSAr1.1-013324",30.1237675984035,29.2124221090385,28.6546021855421,33.1755298994091,29.1284237718042,27.5923685857759,26.3598186927482,27.4573425427071,-0.132773886679868,4.85915274687582,0.638694789822814,1
"10151","PmetTSAr1.1-013325",22.2106584979273,17.3430163844902,13.1451805405622,22.8760238093292,18.7878333328137,17.0473342799414,13.2008630973222,16.9556166835892,-0.19693544463996,4.15024328894913,0.521775870070308,1
"10152","PmetTSAr1.1-013326",48.1980281574456,31.2947739905382,27.5197664554216,20.3077665066614,35.9736033581782,22.2491742592271,25.6264374095636,37.6760030147867,-0.0668036916425895,4.96151608154561,0.844776785868266,1
"10153","PmetTSAr1.1-013327",42.5329614150592,49.4112353595854,37.4968639160641,43.8986660600321,43.8382777765653,49.360938064308,59.3200689341575,58.2265501137613,0.281808596425936,5.58735725968712,0.370283755051116,1
"10154","PmetTSAr1.1-013329",83.2674889436466,90.909533569472,88.611756593574,82.4225256000483,87.785787142275,89.2228639925293,112.689272599046,104.762499742844,0.192445894938887,6.53176067953478,0.615992610834808,1
"10155","PmetTSAr1.1-013330",29.5842374324619,36.4114100422231,16.8806814855421,22.2670555829234,34.2987189912995,34.4056481238619,45.9306220783021,33.2884895156943,0.492135066388454,4.98666663198035,0.128187066786077,1
"10156","PmetTSAr1.1-013331",4.31624132753244,4.78940932744928,2.50609557068272,3.65380935843452,3.89592667947881,3.61867128993782,4.35838019721114,4.07614157335033,0.0596816192273949,1.98835705103259,0.838270407192375,1
"10157","PmetTSAr1.1-013332",2.65268998254598,2.5880659098639,3.40450719036143,2.88597985557509,2.47591602060336,3.59040042048518,2.87066387989388,3.59493041538536,0.124949798475933,1.61818001653028,0.651152571137121,1
"10158","PmetTSAr1.1-013333",23.5594839127812,25.464188722339,41.5160737935741,23.9086221062781,27.5627709940697,24.5391146848908,20.6184909329604,22.5886178856497,-0.263549743438638,4.71537093228427,0.392404472538889,1
"10159","PmetTSAr1.1-013334",6.56428368562225,6.12806410841336,20.2851886759035,5.93082098760386,5.35234786806902,6.55884171301229,8.96820540579986,9.02978584651913,-0.374603643755253,3.11219492380797,0.359529826845649,1
"10160","PmetTSAr1.1-013335",44.4213169958547,25.0179704620177,27.1887727008031,17.2629253746327,30.0750975443879,21.6554860007216,14.2695043956769,21.7111151858313,-0.376569380616279,4.65785057679644,0.283589622109586,1
"10161","PmetTSAr1.1-013336",18.9285166551162,15.8853700674405,22.223866381526,21.6580873565177,20.0986124025449,20.920443394953,16.6163245018675,16.6159382191433,-0.08389336252831,4.26125188702286,0.772538187960319,1
"10162","PmetTSAr1.1-013337",19.3781251267342,20.1690653665255,28.0871843204818,17.4482635304953,19.4068123379646,17.5562099300889,22.5043285182922,20.3807078667516,-0.0903423269293804,4.36968735541712,0.758434717222072,1
"10163","PmetTSAr1.1-013338",23.6494056071048,26.2971294749389,28.512747719277,30.9779489084666,24.4314654386008,23.5496342540485,24.3273048507795,28.4480713973408,-0.119516216723814,4.71896179105213,0.67524397827613,1
"10164","PmetTSAr1.1-013339",46.2647117294883,35.1917467973447,49.6963480148593,64.1270019284667,52.4675733189623,53.827735437825,29.5657425878121,37.5627768599714,-0.171634052793102,5.52811495523319,0.613720725730951,1
"10165","PmetTSAr1.1-013340",1.75347303931005,2.05260399747826,2.2223866381526,3.57437872020768,1.67488436687874,2.68573259800072,1.7182075777467,1.98145770926752,-0.263987626968845,1.18469895320683,0.395626837371304,1
"10166","PmetTSAr1.1-013341",13.4432933013771,12.0478930286768,15.3675671787148,13.4502547397445,14.3821592373283,15.2097277655199,12.9913255878409,14.4929478163567,0.0721978359962,3.80557001626546,0.800644106978308,1
"10167","PmetTSAr1.1-013342",6.42940114413686,6.57428236873473,7.61285635622487,6.61921985223645,6.62671640808546,8.56607344414968,7.58525784322324,5.71792081817199,0.0667586394371486,2.81319055081407,0.823870063447542,1
"10168","PmetTSAr1.1-013343",14.1626668559658,9.84654961109138,19.81234045502,18.6661999833068,19.6980965756826,19.7330668779422,14.0180593842993,14.2098824293185,0.114736336074773,4.0291185201484,0.721491555078682,1
"10169","PmetTSAr1.1-013345",12.0944678865232,12.4643634049767,13.9017376939759,12.2852720457509,14.3093381778988,12.3543699508033,13.9132906295587,12.6530228006083,0.0692365427848438,3.70685179168083,0.807493020812568,1
"10170","PmetTSAr1.1-013346",15.0618837992017,9.57881865489856,20.0960493875501,19.036876295032,18.9698859813875,18.8566699249103,13.2427705992185,14.8892393582102,0.0487004035904914,4.02442520192076,0.881264311813093,1
"10171","PmetTSAr1.1-013348",11.4200551790962,11.0067170879269,11.3483573012048,12.8677633927477,12.6344538110201,12.9763290787614,11.8388692856937,12.3982639522739,0.0951890459975661,3.59982953716033,0.73413069436946,1
"10172","PmetTSAr1.1-013349",24.2338966202082,23.5900720289893,47.521246198795,21.2609341653835,33.7889715752929,30.0802050976081,28.2247025271318,26.8629052299268,0.029734313039055,4.88250378591828,0.930162619896975,1
"10173","PmetTSAr1.1-013350",50.8057572928297,41.3198109057581,30.6405647132529,30.2630731644251,57.3465843007396,27.4792851079653,27.784673757221,42.4881145944364,0.0190717345866138,5.26940740370693,0.956492906230196,1
"10174","PmetTSAr1.1-013351",10.2061123057277,10.2035242193485,12.577762675502,7.73124878741217,11.2872642115741,8.33990648852856,8.21387037166716,9.22793161744588,-0.134545971282431,3.28931207085431,0.652117350691271,1
"10175","PmetTSAr1.1-013352",22.3905018865745,20.5855357428255,23.6424110441766,27.0593707559426,26.179170864909,31.6633737869559,30.9696439013369,32.1562279675415,0.368792299008385,4.74944420946832,0.198370292183217,1
"10176","PmetTSAr1.1-013354",13.7580192315096,16.9860417762332,9.17325548514053,13.688546654425,12.6708643407348,10.9973682170766,13.640891867233,13.502218961723,-0.0786417205180343,3.71347778359342,0.797368272071895,1
"10177","PmetTSAr1.1-013355",60.7421045155867,40.3678786170725,27.7561905658633,48.0290592478277,41.0346669885292,39.7488424504107,42.7456519341862,55.2260570111562,0.0150280010952815,5.47635577300621,0.964563266307436,1
"10178","PmetTSAr1.1-013356",9.80146468127158,12.345371868891,4.96490631927709,10.4848442459425,8.9569903098298,9.8099917000658,10.1416154588952,11.4641481750478,0.100045743807846,3.2952004000706,0.756591635977057,1
"10179","PmetTSAr1.1-013357",6.47436199129866,6.06856834037052,8.22755904337346,8.60498580790738,6.37184270008217,8.11373953290745,8.1719628697709,8.52026814985034,0.0867365729987864,2.9323229805641,0.772143026864507,1
"10180","PmetTSAr1.1-013358",38.0368766988796,36.0246875499446,65.725902702811,57.7195971115018,49.7003730606409,59.0861171560159,59.3619764360537,55.4242027820829,0.179021521573884,5.7196798683454,0.599724461783048,1
"10181","PmetTSAr1.1-013359",15.3316488821725,13.6245308818122,21.0417458293172,11.5703963017093,16.7124331390727,13.1742251649299,12.1741293008638,13.6154451165382,-0.143929459284434,3.87836137376403,0.636153135147147,1
"10182","PmetTSAr1.1-013360",10.3859556943749,9.78705384304853,9.59881888393571,7.36057247568693,11.8334221572955,8.48126083579176,8.08814786597837,10.4451127817102,0.0652217192635512,3.25612427837865,0.828654538018374,1
"10183","PmetTSAr1.1-013361",38.0818375460414,38.0475436634014,33.997787081526,45.1960331510705,37.2115613684799,37.1479224607679,42.4522994209124,41.6106118946179,0.0282779627385393,5.29585500241051,0.924549922898047,1
"10184","PmetTSAr1.1-013362",35.8337951879516,36.0841833179874,39.62468091004,27.4035701882589,30.948950257542,32.2570620454613,37.7586592085312,37.0249526245988,-0.00932345793108381,5.11587765341302,0.974795514818769,1
"10185","PmetTSAr1.1-013363",4.18135878604705,4.8191572114707,4.82305185301203,1.03259829694889,5.02465310063623,3.19460824814823,2.53540386472379,3.56662387668154,-0.0503684558441816,1.88561857768498,0.899945369508218,1
"10186","PmetTSAr1.1-013364",4.7658497991504,4.84890509549213,2.1278169939759,4.34220822306711,3.67746350119028,4.80604780694866,4.73554771427749,5.43485543113377,0.209855627575212,2.14147411142036,0.502972900740418,1
"10187","PmetTSAr1.1-013365",129.39731813165,33.3771258720378,17.7318082831325,22.981931326965,38.9592667947881,16.9342508021309,20.7023059367529,34.449057602551,-0.873592126234546,5.29824428522021,0.100370679335602,1
"10188","PmetTSAr1.1-013366",39.5205846552189,39.3564505603441,40.6176621738954,42.4159608131312,38.0125930222045,48.0039363305814,43.7723857306446,43.9883611457389,0.102089958013278,5.39317347890876,0.730887217037627,1
"10189","PmetTSAr1.1-013367",67.7559966728269,63.1547577774834,53.006285561044,51.3916229327638,61.8614899853692,74.8612623105886,66.2767142489368,65.2748782510129,0.189221236496071,5.97753243738788,0.586508459314372,1
"10190","PmetTSAr1.1-013368",5.12553657644477,6.12806410841336,3.92464023333332,4.15687006720449,4.22362144691161,4.12754694008532,3.54118391023405,5.18009658279937,-0.182379423680879,2.2051492003627,0.538487853801581,1
"10191","PmetTSAr1.1-013369",13.3533716070535,11.3041959281412,16.2186939763052,20.2548127478435,16.2755067824956,18.8001281860051,18.4393008343548,15.3138374387675,0.170779822358901,4.02775661809844,0.572667866059552,1
"10192","PmetTSAr1.1-013370",42.8476873451918,38.9399801840441,48.7506515730922,74.4265080185466,59.7496792619134,68.5568584226501,43.5418944702152,40.7331091947995,0.0522190488845071,5.70756459691807,0.88265303417043,1
"10193","PmetTSAr1.1-013371",23.2897188298104,26.6243561991746,18.8666440132529,17.9248473598563,22.5017073637188,15.8034160240253,16.5534632490231,18.7106220832262,-0.237687182054745,4.32851665115359,0.42348718318353,1
"10194","PmetTSAr1.1-013372",46.9391244369153,37.9583000113372,105.9652863,44.6929724423005,50.0280678280737,34.1229394293355,20.6813521858048,35.4397864571848,-0.747741312882234,5.55500924121569,0.0639416773817662,1
"10195","PmetTSAr1.1-013373",4.09143709172346,2.94504051812099,7.3764322457831,5.26889900238021,5.31593733835427,3.19460824814823,2.30491260429436,3.22694541223568,-0.488791948114207,2.09122006423855,0.165358865472337,1
"10196","PmetTSAr1.1-013374",3.86663285591448,5.11663605168494,3.92464023333332,2.93893361439298,4.4784951549149,1.75279390606363,2.03251384196866,2.91557348649364,-0.510992049717074,1.77792550809149,0.126062645658765,1
"10197","PmetTSAr1.1-013375",37.4973465329381,49.5004790116497,31.2079825783131,27.37709330885,36.3377086553258,25.1610738128489,31.6192101807289,37.3646310890447,-0.158227046630067,5.11136547461888,0.617240332775938,1
"10198","PmetTSAr1.1-013376",25.4028786464149,23.5603241449679,20.2851886759035,20.1753821096167,28.2545710586501,16.1709373269096,16.6372782528156,18.4275566961879,-0.170663213760207,4.40388351870732,0.575108067217865,1
"10199","PmetTSAr1.1-013377",15.7362965066287,14.8441941266906,19.7177708108433,12.2852720457509,17.2950016145088,16.0013121101938,15.7991282148904,14.7760132033949,0.0306920970348764,3.98759873445783,0.919936988268438,1
"10200","PmetTSAr1.1-013379",34.1702438429651,35.5784692896232,35.3217620999999,36.9882005342973,31.8228029706961,43.1978885236327,41.6351031339353,41.6389184333217,0.156228122031248,5.23304057087265,0.597190538003573,1
"10201","PmetTSAr1.1-013380",12.7688805939501,11.6611705363982,11.1592180128514,14.7211449513739,12.7436854001643,10.7994721309082,11.1473955044054,11.1244697106019,-0.136304545479381,3.5941682469019,0.634423383935326,1
"10202","PmetTSAr1.1-013381",11.5998985677434,10.2630199873913,8.93683137469876,11.3850581458467,8.04672706696092,9.49901213608677,7.81574910365268,8.91655969170384,-0.300032032040119,3.26563241658971,0.292960785210964,1
"10203","PmetTSAr1.1-013382",22.7951495110307,18.9494021216472,26.8577789461846,19.3545988479394,25.5237813300434,17.867189494068,17.4335207888446,19.0219940089682,-0.139284088681772,4.39422903868828,0.637371578916166,1
"10204","PmetTSAr1.1-013383",8.18287418344691,8.71613001827726,7.32914742369475,6.51331233460067,8.11954812639043,6.72846692972813,9.53395668139938,6.93510198243632,0.0278982089218864,2.96709060801716,0.929570782364871,1
"10205","PmetTSAr1.1-013384",18.8835558079544,15.7961264153762,22.9331387128513,15.4360206954154,21.6642651802794,14.0506221179617,13.5989843653367,14.7477066646911,-0.189143456541326,4.10344357319059,0.537269146834379,1
"10206","PmetTSAr1.1-013385",6.92397046291662,6.4255429486276,6.90358402489957,5.05708396710865,6.55389534865595,5.34319432654881,7.66907284701576,6.39727774706371,0.0402540773871396,2.6935219886239,0.901583402503738,1
"10207","PmetTSAr1.1-013386",28.9547855721968,29.1231784569742,28.0871843204818,19.4869832449841,28.8735500638009,21.8533820868901,22.2528835069146,22.5603113469459,-0.14495557806324,4.65555671466394,0.623778269479228,1
"10208","PmetTSAr1.1-013387",38.1267983932032,41.7660291660794,32.4846727746987,27.5359545853036,33.7161505158634,27.6489103246811,32.3316377129654,34.7038164508854,-0.123817468539409,5.07031007181993,0.678378692550988,1
"10209","PmetTSAr1.1-013388",11.5998985677434,15.8258742993976,8.13298939919676,9.16100027549525,11.8698326870102,9.49901213608677,13.1170480935297,12.0585854878281,0.0566893758450107,3.52028837859287,0.856477848114389,1
"10210","PmetTSAr1.1-013389",37.6322290744234,38.6127534598085,53.4318489598392,28.2773072087541,40.7797932805259,37.1761933302205,45.9306220783021,38.893184179051,0.044115538423065,5.32727944884522,0.8902538948244,1
"10211","PmetTSAr1.1-013390",21.3564024018532,11.6314226523768,11.7739207,14.2710380014218,13.836001291607,15.1531860266146,16.0715269772161,13.1342339585733,-0.0193775564799413,3.87898078097483,0.949967532667659,1
"10212","PmetTSAr1.1-013391",17.5347303931005,19.3956203819685,27.6616209216866,19.5928907626199,19.8801492242564,24.0302390347433,24.3901661036239,22.1923263437962,0.105199011034089,4.4525891936223,0.721443865487537,1
"10213","PmetTSAr1.1-013392",19.647890209705,19.3063767299042,16.0768395100401,17.58064792754,18.2052648573776,16.6232712381519,19.4660346308132,18.7106220832262,0.00775903572406602,4.19098144921029,0.979859465934005,1
"10214","PmetTSAr1.1-013393",28.5950987949024,32.4251935833523,44.7787265176705,34.6052813874922,29.4197080095223,33.0203755206826,40.9226756016989,33.5432483640287,-0.0358482305645532,5.11791091005472,0.906024855369312,1
"10215","PmetTSAr1.1-013394",23.7393273014284,19.0683936577328,63.0306678437749,35.3995877697605,37.2843824279094,32.596312478893,20.8070746914936,23.2113617371338,-0.310100650387973,4.99717795097103,0.420746518354134,1
"10216","PmetTSAr1.1-013395",16.5905526027028,16.8075544721046,28.7964566518071,28.6479835204794,22.4288863042892,28.4687655388077,29.4190663311752,19.6447378604523,0.138258426983971,4.57988555539365,0.664959954973147,1
"10217","PmetTSAr1.1-013397",9.75650383410978,12.553607057041,9.22054030722888,11.0938124723483,11.3600852710036,9.75344996116053,11.0007192477685,11.4924547137516,0.0311030210085645,3.43879053019617,0.913664895038143,1
"10218","PmetTSAr1.1-013398",10.9254858603165,10.2332721033699,5.0594759634538,5.18946836415338,7.93749547781665,4.66469345968547,6.03468027306158,5.94437312780256,-0.354306525699763,2.8183266332833,0.305939740471549,1
"10219","PmetTSAr1.1-013399",23.2897188298104,29.182674225017,25.297379817269,28.4096916057988,27.3443078157812,31.267581614619,37.2138616838798,30.5710618001275,0.251271378639347,4.8649800691315,0.386473579323241,1
"10220","PmetTSAr1.1-013400",13.3533716070535,15.9151179514619,17.0698207738955,15.9126045247764,18.3144964465219,17.160417757752,15.7991282148904,14.2098824293185,0.0725192639611177,4.00255539571233,0.799846344295904,1
"10221","PmetTSAr1.1-013401",70.813334279829,76.3628182829957,85.9638065566262,47.9761054890098,71.9107961866417,55.7501545606045,66.5910205131587,64.6521343995288,-0.118582988792985,6.07803495967688,0.757186834633413,1
"10222","PmetTSAr1.1-013402",10.9254858603165,13.9517576060479,7.09272331325299,7.96954070209269,8.92057978011504,7.35042605768619,7.29190532994942,8.03905699188537,-0.339611076547489,3.17026618431471,0.277445741097579,1
"10223","PmetTSAr1.1-013403",20.5920680001027,19.0386457737114,17.3535297064256,15.9920351630033,17.3678226739383,17.5844807995416,18.6069308419399,17.8614259221115,-0.0305437506671702,4.17869450858502,0.914402193189546,1
"10224","PmetTSAr1.1-013404",44.6910820788254,37.3038465628658,21.420024406024,40.3772410986423,44.784951549149,40.9644898368742,29.859095101086,41.440772662395,0.126587486416796,5.23528693986559,0.698867480900674,1
"10225","PmetTSAr1.1-013405",7.46350062885817,7.88318926567739,4.82305185301203,7.09580368159747,8.84775872068553,6.04996606286479,5.19653023513636,6.99171505984396,-0.0142194322030519,2.77712185467318,0.973759713044555,1
"10226","PmetTSAr1.1-013406",30.6183369171832,31.8897316709666,28.7964566518071,28.0919690528915,33.6069189267191,35.7626498575886,40.6712305903213,31.5334841160574,0.245958594567399,5.03064363914991,0.394790658976814,1
"10227","PmetTSAr1.1-013407",10.1611514585659,10.0845326832628,7.84928046666664,8.81680084317895,9.46673772583637,9.24457431101302,10.8959504930279,9.34115777226117,0.077523030949223,3.25498305851099,0.787943362342499,1
"10228","PmetTSAr1.1-013408",22.3005801922509,19.21713307784,23.9734047987951,21.2344572859745,23.8488969631647,22.8428625177325,17.1401682755708,19.3616724734141,-0.0600253849859511,4.41252293019753,0.835438907839415,1
"10229","PmetTSAr1.1-013409",2.29300320525161,1.75512515726402,2.45881074859437,3.4684712025719,2.11181072345581,3.64694215939046,2.61921886851631,1.9531511705637,0.0484106573169522,1.38061084145795,0.881397317119172,1
"10230","PmetTSAr1.1-013410",7.91310910047614,10.2630199873913,10.2135215710843,9.34633843135787,8.44724289382322,8.5095317052444,8.13005536787463,6.73695621150957,-0.246393947840227,3.13000735334139,0.391591208446158,1
"10231","PmetTSAr1.1-013411",25.0431918691205,20.6747793948897,113.105294435341,46.1227239303836,32.8058872729945,44.1025563461172,18.94219085711,19.4748986282293,-0.829216416630532,5.32437007935157,0.0888986001557184,1
"10232","PmetTSAr1.1-013412",7.41853978169638,3.3317630103995,8.32212868755017,2.78007233793931,5.49798998692805,4.15581780953796,2.36777385713875,2.74573425427071,-0.561966591728838,2.205249102708,0.158037460919625,1
"10233","PmetTSAr1.1-013413",62.225812471926,58.4843399861198,50.5474748124496,57.9049352673645,58.5481317813265,62.761330184859,46.3077895953684,54.2636346952262,-0.0467359250162784,5.81865927944844,0.887446951708347,1
"10234","PmetTSAr1.1-013414",13.5781758428625,23.4710804929036,3.02622861365461,13.2384397044729,15.0011382424792,19.9592338335633,14.2275968937806,20.4373209441593,0.383054685549605,3.94889423323917,0.385622515783832,1
"10235","PmetTSAr1.1-013415",13.1735282184063,12.4643634049767,13.8071680497991,8.04897134031952,14.1636960590398,11.2235351726978,13.2218168482703,12.5114901070892,0.107904084436712,3.6303937615025,0.722438518347841,1
"10236","PmetTSAr1.1-013416",24.2338966202082,26.2673815909175,22.1765815594377,23.4055613975081,24.6135180871746,25.6416785935438,24.5368423602608,26.5232267654809,0.0762532694955788,4.62866042651904,0.785465888303025,1
"10237","PmetTSAr1.1-013417",12.6339980524647,11.7206663044411,14.6110100253011,8.73737020495211,12.343169573302,10.7712012614555,11.7760080328493,12.6530228006083,-0.00287337803172138,3.58033841243604,0.991909368670867,1
"10238","PmetTSAr1.1-013418",15.6463748123051,18.5924275133901,15.3675671787148,16.5745265100001,14.6370329453316,18.0650855802364,18.0202258153922,16.4460989869204,0.0212187352325548,4.0646776735062,0.942079151846125,1
"10239","PmetTSAr1.1-013419",13.1285673712445,9.9952890311985,22.6494297803212,7.59886439036744,16.9308963173612,11.4214312588662,8.33959287735594,8.91655969170384,-0.225396565446216,3.63383243968447,0.547529086149365,1
"10240","PmetTSAr1.1-013420",29.5392765853001,28.0522546322029,58.1603311686745,32.8578073465017,43.146477711985,33.7554181264512,31.8706551921065,30.2879964130892,-0.0953965396727704,5.17032443271434,0.774266119981106,1
"10241","PmetTSAr1.1-013421",29.9888850569181,27.3383054156887,32.6265272409637,32.0899778436423,34.5535926993028,35.0558781212726,40.7969530960101,34.2792183703281,0.245775864774946,5.06203063755065,0.395034166360169,1
"10242","PmetTSAr1.1-013422",15.7812573537905,13.3567999256194,17.3062448843373,15.3830669365975,19.3704018082498,16.6232712381519,15.1705156864465,16.0215009063631,0.120065225849757,4.01661507693059,0.675084446011683,1
"10243","PmetTSAr1.1-013423",9.98130806991876,11.1257086240126,6.24159651566263,8.44612453145371,9.57596931498064,8.70742779141287,11.7341005309531,10.1903539333758,0.166799595822318,3.25819985848909,0.582070323970884,1
"10244","PmetTSAr1.1-013424",8.04799164196152,7.82369349763454,3.73550094497991,5.34832964060705,6.5903058783707,6.24786214903326,8.1719628697709,6.99171505984396,0.165736627545543,2.74118611746399,0.606073856875175,1
"10245","PmetTSAr1.1-013425",4.31624132753244,5.0571402836421,4.72848220883532,5.13651460533548,4.95183204120672,5.14529824038033,5.09176148039571,6.05759928261785,0.141216948465815,2.35766890042498,0.608801238232893,1
"10246","PmetTSAr1.1-013426",8.63248265506487,10.5307509435841,5.72146347269074,7.54591063154955,9.3575061366921,8.99013648593927,11.5036092705236,10.7564847074523,0.322950961649453,3.20153781790164,0.286500980086551,1
"10247","PmetTSAr1.1-013427",6.47436199129866,6.93125697699181,4.96490631927709,4.84526893183708,6.5903058783707,6.36094562684382,8.15100911882277,6.96340852114014,0.274472779310767,2.69516395002409,0.348254429795005,1
"10248","PmetTSAr1.1-013428",4.13639793888525,5.02739239962067,4.87033667510038,4.395161981885,5.09747416006574,5.73898649888576,5.74132775978776,5.37824235372613,0.252849306310317,2.35427502955456,0.360346845042177,1
"10249","PmetTSAr1.1-013429",20.6819896944263,19.0981415417543,19.9541949212851,19.4605063655752,21.7370862397089,24.1998642514592,20.5346759291679,20.012722863602,0.127130551377894,4.37653430489059,0.649080735265413,1
"10250","PmetTSAr1.1-013430",80.1202296423209,70.2347541745823,96.8393156369474,53.5097732854795,59.3127529053363,65.6449588690282,57.0989713336556,61.7082543743313,-0.302605338888398,6.08977967902157,0.428581418116623,1
"10251","PmetTSAr1.1-013431",8.3177567249323,8.95411309044865,8.7949769084337,10.9879049547125,10.9959799738561,9.52728300553941,10.916904243976,10.0771277785605,0.162412968461104,3.30555323655252,0.567723227508676,1
"10252","PmetTSAr1.1-013432",13.3084107598917,3.03428417018526,8.18027422128511,5.26889900238021,31.6043397924076,4.57988085132755,2.24205135144996,4.07614157335033,0.512316612760141,3.1810238582184,0.435258585802788,1
"10253","PmetTSAr1.1-013433",5.03561488212118,4.31344318310649,3.87735541124497,2.80654921734825,5.06106363035098,1.52662695044252,1.86488383438361,2.46266886723249,-0.560603361648619,1.7712487086508,0.128767755720572,1
"10254","PmetTSAr1.1-013434",22.6602669695453,27.4870448357959,20.9471761851405,18.6661999833068,18.897064921958,24.5391146848908,25.4588074019786,23.2396682758376,0.0379969443177773,4.51103854543169,0.897713784103017,1
"10255","PmetTSAr1.1-013435",16.0510224367613,18.5924275133901,10.6863697919678,12.0734570104793,13.690359172748,14.7856647237303,15.0238394298096,13.2757666520924,-0.0162695044066113,3.84158921760872,0.959113906090164,1
"10256","PmetTSAr1.1-013436",12.364232969494,12.137136680741,9.40967959558229,11.1997199899841,9.83084302298392,13.9940803790564,14.6257181617951,10.5583389365255,0.120075710038257,3.56459057433896,0.686633702742415,1
"10257","PmetTSAr1.1-013437",6.20459690832788,7.64520619350599,3.40450719036143,6.77808112869012,6.73594799722972,7.88757257728634,8.69580664347416,9.11470546263059,0.428605179453786,2.83427429802632,0.177551119505285,1
"10258","PmetTSAr1.1-013441",39.1159370307627,32.9011597276951,66.0568964574295,35.0289114580353,42.1269828799718,37.8546941970839,36.7319254120728,37.4495507051561,-0.166568134771225,5.35609571903793,0.609329380285557,1
"10259","PmetTSAr1.1-013442",43.9717085242367,52.326527993685,44.6368720514055,36.8822930166615,45.3675200245851,46.5055802495915,52.2586548646375,46.3094973194523,0.0990769100504517,5.52655213077101,0.746735354548806,1
"10260","PmetTSAr1.1-013444",41.3639793888525,44.473086612029,56.7417865060239,43.5015128688979,40.6341511616669,36.2149837688308,43.185680704097,45.9415123163026,-0.164680957090756,5.46155225070775,0.589316786972554,1
"10261","PmetTSAr1.1-013446",18.5688298778218,17.1347811963403,20.4270431421686,21.3668416830193,16.9308963173612,20.5246512226161,16.8049082604007,19.3050593960064,-0.075108483827543,4.24362802719011,0.791213284621976,1
"10262","PmetTSAr1.1-013447",14.4324319389366,16.3910840958047,11.4902117674698,15.8861276453675,13.6539486430332,20.2984842669949,18.460254585303,18.569089389707,0.285680290656403,4.01950151163889,0.333501690966068,1
"10263","PmetTSAr1.1-013448",17.220004462968,18.3246965571972,21.5618788722891,22.1081943064697,16.7488436687874,20.0157755724686,15.9038969696311,19.0786070863758,-0.143089792303083,4.24264629771634,0.616119326859044,1
"10264","PmetTSAr1.1-013449",14.9719621048781,16.6290671679761,12.0103448104417,13.4237778603355,12.343169573302,16.6515421076045,15.7153132110979,16.9556166835892,0.112533692108902,3.89757475244745,0.699366732569916,1
"10265","PmetTSAr1.1-013450",19.423085973896,13.0593210854052,23.4059869337349,30.6337494761503,21.1545177642728,17.9520021024259,13.4104006068035,16.8423905287739,-0.319869717302614,4.28848899439998,0.327940381092311,1
"10266","PmetTSAr1.1-013451",8.67744350222667,10.5010030595627,11.5374965895582,6.16911290228437,10.3041799092757,9.83826256951844,11.2521642591461,10.2752735494873,0.178232177042486,3.30442617015961,0.559804866748373,1
"10267","PmetTSAr1.1-013453",23.7842881485902,15.4391518071191,27.4251968112449,33.8639287640417,21.5914441208499,17.4996681911837,12.2788980556045,19.2201397798949,-0.51060925721839,4.42229952473805,0.118938233687113,1
"10268","PmetTSAr1.1-013454",8.3627175720941,10.9769692039055,11.7266358779116,7.04284992277958,9.72161143383966,8.39644822743384,10.434967972169,10.0488212398567,0.0201144149856341,3.27026502758178,0.951750863301836,1
"10269","PmetTSAr1.1-013456",21.6711283319858,21.5672159155325,18.0628020377509,17.4482635304953,20.82682299684,23.4930925151432,21.3099647142487,17.7198932285924,0.0820425294043534,4.34514304302722,0.774998199083505,1
"10270","PmetTSAr1.1-013457",21.401363249015,19.8715865263113,15.5567064670682,15.9390814041854,20.8632335265548,24.6521981627014,21.2680572123525,17.8897324608153,0.218715004621954,4.30332055675908,0.451444077911303,1
"10271","PmetTSAr1.1-013458",4.00151539739986,2.43932648975678,2.36424110441766,2.30348850857828,3.64105297147553,3.08152477033767,3.62499891402658,2.91557348649364,0.263111548503645,1.63541359652394,0.371637323720049,1
"10272","PmetTSAr1.1-013459",14.8370795633928,12.9105816652981,12.0576296325301,18.4014311892173,11.760601097866,12.0716612562769,14.2066431428325,14.8326262808026,-0.139254356474236,3.80212177414157,0.636917132183832,1
"10273","PmetTSAr1.1-013460",10.1161906114042,6.663526020799,12.719617141767,7.83715630504796,9.64879037441015,8.82051126922343,7.71098034891202,8.40704199503505,-0.107586063586945,3.17657486822752,0.724726163751199,1
"10274","PmetTSAr1.1-013461",7.46350062885817,7.97243291774166,6.90358402489957,8.81680084317895,7.90108494810189,8.90532387758135,8.40245413020033,9.05809238522295,0.135653254829139,3.04331170492916,0.631936738755259,1
"10275","PmetTSAr1.1-013462",19.7827727511903,14.873942010712,19.2922074120481,39.0004433693772,26.8345603997746,29.9105798808923,19.6755721402945,20.2391751732325,0.0551455238551755,4.57093341760359,0.872515102695622,1
"10276","PmetTSAr1.1-013463",4.22631963320885,4.22419953104222,3.40450719036143,8.23430949618214,4.18721091719686,7.35042605768619,5.57369775220271,5.46316196983759,0.162705907843248,2.43464609205014,0.628589363582259,1
"10277","PmetTSAr1.1-013464",2.11315981660442,2.02285611345684,2.55338039277107,2.27701162916934,2.54873708003287,2.60091998964281,2.76589512515323,2.03807078667516,0.155583826751296,1.27934085451336,0.572848613848649,1
"10278","PmetTSAr1.1-013465",34.8446565503921,30.4320853539169,67.2863018317267,34.0227900404954,43.6926356577063,32.9638337817773,29.0418988141089,33.0054241286561,-0.26384740849797,5.25579985294265,0.44043036508506,1
"10279","PmetTSAr1.1-013466",10.7006816245075,11.363691696184,11.7266358779116,12.6029945986582,10.9959799738561,13.8809969012458,15.6314982073054,13.3606862682038,0.215873931948657,3.65538489129594,0.451465430425175,1
"10280","PmetTSAr1.1-013467",6.92397046291662,9.0136088584915,8.36941350963852,10.6172286429873,6.9180006458035,9.13149083320246,9.6177716851919,9.36946431096499,0.00357089036869933,3.13960620624782,0.992687256101557,1
"10281","PmetTSAr1.1-013468",2.65268998254598,3.80772915474228,3.87735541124497,3.62733247902557,3.64105297147553,4.80604780694866,3.79262892161162,4.3025938829809,0.241905867846891,1.95570690083523,0.381228269190203,1
"10282","PmetTSAr1.1-013469",35.968677729437,43.8186331635577,38.9626934008031,44.8253568393452,38.7408036164996,46.618663727402,52.5729611288594,46.5359496290829,0.173311455802869,5.4453831981887,0.567113931117378,1
"10283","PmetTSAr1.1-013470",22.0308151092802,15.0524293148406,27.6143360995983,17.9513242392653,20.681180877981,14.6443103764671,14.4999956561063,15.9648878289554,-0.32835042863666,4.21745010014773,0.286592259012913,1
"10284","PmetTSAr1.1-013471",15.3766097293343,17.8487304128545,10.4026608594377,10.5377980047604,15.0375487721939,9.52728300553941,13.1170480935297,12.6530228006083,-0.106542529703981,3.71401348670982,0.735492150428227,1
"10285","PmetTSAr1.1-013472",32.4167708036551,28.4984728925243,59.295166898795,30.2630731644251,42.9280145336965,32.2287911760087,26.5064949493851,28.0234733167835,-0.214099918705268,5.13204598099954,0.527197202937872,1
"10286","PmetTSAr1.1-013473",54.8522335373914,53.3974518184563,49.790917659036,55.5749698793772,63.973300708825,56.3155719496573,51.7767185928305,61.4818020647008,0.128528948665192,5.80625736359222,0.691530980043532,1
"10287","PmetTSAr1.1-013474",26.481938978298,38.9399801840441,5.48503936224898,10.246552331262,17.4770542630825,15.74687428512,81.4262761844351,61.3119628324778,1.11631567883975,5.01035020553491,0.0565732503927747,1
"10288","PmetTSAr1.1-013475",7.1487746987256,7.34772735329175,6.80901438072287,7.67829502859428,7.60980071038385,7.26561344932828,6.01372652211345,7.89752429836626,-0.0119128042979156,2.86440868039045,0.973319708454988,1
"10289","PmetTSAr1.1-013476",4.58600641050321,5.681845848092,12.8141867859437,8.07544821972847,5.89850581379035,7.54832214385467,4.98699272565506,7.9541373757739,-0.238099615703334,2.85728825233616,0.503085789818149,1
"10290","PmetTSAr1.1-013477",16.8603176856736,14.6954547065835,26.4795003694778,21.7375179947445,19.0791175705318,21.8251112174375,17.1401682755708,17.6066670737771,-0.0760475568716264,4.28428775439704,0.802080663434859,1
"10291","PmetTSAr1.1-013478",29.9888850569181,28.82569961676,25.2500949951806,17.6865554451758,27.2350762266369,23.8323429485748,27.6589512515323,24.9946736754746,0.0282758406067865,4.68608168449381,0.926277861239923,1
"10292","PmetTSAr1.1-013479",20.6370288472645,22.1026778279181,15.6985609333333,19.2486913303036,21.0452861751285,21.8816529563427,26.5274487003332,25.1362063689937,0.283762813212276,4.43315604021698,0.323016478235966,1
"10293","PmetTSAr1.1-013481",22.2106584979273,22.4001566681323,25.5810887497991,20.7313965772046,24.4678759683155,21.0900686116688,22.0642997483814,22.9282963500956,-0.00565203008189341,4.50733831704662,0.984772239148582,1
"10294","PmetTSAr1.1-013482",14.6572361747456,15.1714208509263,15.8404153995983,21.6845642359266,15.6565277773448,19.3938164445105,25.0397323830159,19.8994967087867,0.247783511346274,4.20858674419647,0.409450782233398,1
"10295","PmetTSAr1.1-013564",13.4882541485389,12.2561282168267,20.1906190317268,14.668191192556,15.7293488367743,17.1886886272046,14.1018743880918,16.2762597546975,0.0637158369632905,3.95837743391484,0.832403923676823,1
"10296","PmetTSAr1.1-013565",14.117706008804,22.4001566681323,35.3690469220882,16.4686189923643,15.5472961882005,19.9592338335633,26.7160324588664,28.0517798554873,0.0323492126763176,4.48470025882424,0.928772701221675,1
"10297","PmetTSAr1.1-013566",7.86814825331434,10.1440284513056,15.79313057751,9.55815346662943,8.48365342353798,10.2905964807607,12.0064992932788,11.5207612524554,-0.0333250415478282,3.42862548101511,0.914955373405269,1
"10298","PmetTSAr1.1-013567",5.66506674238632,5.62235008004915,10.970078724498,4.95117644947286,6.26261111093791,6.04996606286479,5.97181902021719,5.09517696668791,-0.214094688643677,2.67212051974124,0.506749062767568,1
"10299","PmetTSAr1.1-013568",28.9997464193586,27.427549067753,49.2707846160641,49.5911951329555,39.43260368108,44.4700776490015,37.9472429670643,42.3748884396211,0.0806815435498879,5.32197655768635,0.804180170379384,1
"10300","PmetTSAr1.1-013569",32.9113401224348,28.3794813564386,28.6073173634537,27.2447089118052,30.8761291981125,27.6771811941338,29.3142975764346,32.3543737384682,0.0376352670597525,4.89387015696851,0.896165861436493,1
"10301","PmetTSAr1.1-013570",2.3379640524134,3.00453628616383,3.30993754618473,1.64156652335464,2.25745284231483,2.54437825073753,1.78106883059109,1.98145770926752,-0.260040071619377,1.26935742791292,0.377316318949232,1
"10302","PmetTSAr1.1-013571",2.92245506551675,2.70705744594959,2.78980450321284,2.09167347330672,2.91284237718042,3.30769172595879,2.99638638558266,2.97218656390128,0.220989164134002,1.53534122644062,0.409431174897713,1
"10303","PmetTSAr1.1-013572",14.0727451616422,13.4162956936623,13.1451805405622,14.4298992778755,14.3093381778988,19.0545660110788,14.1856893918844,13.5588320391306,0.150011428325459,3.86642338699806,0.600539845771872,1
"10304","PmetTSAr1.1-013573",19.1083600437634,18.8899063536043,17.0225359518072,17.1834947364058,17.6591069116563,18.2064399274996,17.6221045473778,17.4368278415542,-0.0257845218794697,4.16608369476946,0.927752056592806,1
"10305","PmetTSAr1.1-013574",13.0836065240827,10.2630199873913,14.5164403811244,14.3504686396486,14.3093381778988,12.8632456009508,12.4884355650858,13.4739124230191,0.0254424112903021,3.7254935431312,0.932189224598243,1
"10306","PmetTSAr1.1-013575",7.77822655899075,6.03882045634909,16.7861118413654,10.5907517635783,10.8867483847118,9.97961691678164,3.87644392540414,8.23720276281212,-0.320926271473175,3.21990461891753,0.412092404817428,1
"10307","PmetTSAr1.1-013576",22.2106584979273,25.0179704620177,17.8736627493975,30.3160269232429,22.8658126608663,30.7021642255662,34.8251340757929,30.486142184016,0.316466731970484,4.74741063588297,0.298754051052722,1
"10308","PmetTSAr1.1-013577",28.3702945590934,20.764023046954,24.3989681975903,22.1876249446966,26.8345603997746,23.2103838206168,27.784673757221,23.2113617371338,0.0787191079236194,4.62378787810889,0.785467140232903,1
"10309","PmetTSAr1.1-013578",26.8865866027541,18.7114190494758,54.5666846899596,29.5481974203835,44.63930943029,34.4904607322198,25.374992398186,26.9478248460383,0.0196725746991809,5.03096180029297,0.958045819377875,1
"10310","PmetTSAr1.1-013579",5.44026250657734,6.36604718058476,7.14000813534134,6.11615914346648,7.60980071038385,7.66140562166522,7.08236782046811,5.68961427946816,0.161998909292105,2.74422496975783,0.57898142742816,1
"10311","PmetTSAr1.1-013580",8.45263926641769,8.65663425023441,6.52530544819275,8.55203204908949,7.75544282924287,9.61209561389733,9.68063293803629,8.35042891762741,0.136505717565623,3.08999617152328,0.636677316787661,1
"10312","PmetTSAr1.1-013581",19.2432425852488,17.5215036886188,17.8263779273092,16.4950958717732,20.0622018728302,21.4293190451005,21.6871322313151,17.4368278415542,0.182013300541461,4.24984993475713,0.517498315304319,1
"10313","PmetTSAr1.1-013582",8.85728689087386,8.44839906208444,5.29590007389556,8.89623148140579,8.41083236410847,7.97238518564425,7.83670285460081,8.23720276281212,0.0406733127692546,3.01068007872252,0.891209621848815,1
"10314","PmetTSAr1.1-013583",21.7610500263094,18.5924275133901,17.8263779273092,17.5541710481311,18.2780859168071,23.0973003428062,21.8128547370039,16.3894859095128,0.0720834335103702,4.2836328781728,0.804472339908765,1
"10315","PmetTSAr1.1-013584",37.6771899215852,34.7455285370233,41.6579282598392,25.0471279208627,40.0515826862308,34.1229394293355,33.5260015170088,35.1567210701466,0.0386606819865135,5.14173691110127,0.900123484943062,1
"10316","PmetTSAr1.1-013585",15.3316488821725,16.3613362117833,22.0347270931726,21.6580873565177,17.8411595602301,17.471397321731,21.3937797180412,19.4465920895255,0.0148515578183093,4.24834672969077,0.961220648816801,1
"10317","PmetTSAr1.1-013586",22.7501886638689,24.898978925932,36.3620281859436,18.4014311892173,25.596602389473,20.5529220920687,25.5845299076673,21.3714367213854,-0.136421275106432,4.61431086371721,0.657511393191085,1
"10318","PmetTSAr1.1-013587",8.45263926641769,8.62688636621299,7.94385011084334,8.97566211963263,9.83084302298392,7.60486388275995,8.75866789631855,8.46365507244269,0.0263460563323389,3.11172244596845,0.927648133169248,1
"10319","PmetTSAr1.1-013588",21.3114415546914,18.7411669334972,28.0871843204818,20.519581541933,25.7058339786172,25.5285951157332,24.2015823450907,22.7867636565765,0.1485623141222,4.54960908357135,0.607329430648983,1
"10320","PmetTSAr1.1-013589",7.50846147601997,5.74134161613485,7.75471082248993,5.74548283174124,6.37184270008217,5.08875650147506,4.90317772186254,5.68961427946816,-0.276586186170098,2.62111415489459,0.339300594360464,1
"10321","PmetTSAr1.1-013590",26.03233050668,20.4665442067398,30.120431670281,22.3729631005592,27.9268762912173,27.5923685857759,25.7940674171486,24.6266886723249,0.0986346953591717,4.68223796028695,0.734600343306813,1
"10322","PmetTSAr1.1-013591",6.96893131007841,6.03882045634909,8.41669833172688,4.81879205242814,7.35492700238057,5.17356910983297,5.61560525409897,5.46316196983759,-0.149972681632142,2.65140951214571,0.619927211727654,1
"10323","PmetTSAr1.1-013592",8.27279587777051,8.98386097447008,8.700407264257,11.5174425428914,9.06622189897406,13.4852047289089,10.7283204854428,9.68083623670703,0.195794911192936,3.33946142319866,0.506868186650994,1
"10324","PmetTSAr1.1-013593",12.9487239825973,17.045537544276,7.04543849116463,15.9655582835943,13.1442012270267,17.2735012355626,21.0166122009749,20.5788536376784,0.44032616274572,3.97307610789933,0.188008123485526,1
"10325","PmetTSAr1.1-013594",1.75347303931005,2.85579686605671,2.08053217188754,2.88597985557509,1.82052648573776,2.68573259800072,2.87066387989388,2.63250809945542,0.0566388098326441,1.33258463233809,0.841905376348075,1
"10326","PmetTSAr1.1-013595",11.2851726376109,13.4757914617051,13.8071680497991,15.6743126100959,13.0713801675971,18.4043360136681,15.1705156864465,12.9643947263503,0.135554990179258,3.83773698395799,0.643551507365528,1
"10327","PmetTSAr1.1-013596",15.0169229520399,17.9379740649187,8.65312244216864,17.9778011186742,12.5616327515906,20.0157755724686,22.5671897711366,20.1825620958249,0.337061187429198,4.082343732874,0.306482381060468,1
"10328","PmetTSAr1.1-013597",251.016409704308,149.959083351999,131.830083982329,183.670112459857,149.974971895077,144.153163339007,125.156754413183,157.271129038433,-0.313452067840348,7.33703616381768,0.457077988488291,1
"10329","PmetTSAr1.1-013598",18.4339473363365,18.9494021216472,18.2519413261043,22.1876249446966,18.2052648573776,23.7475303402169,20.9537509481305,19.5881247830446,0.0837692722636143,4.32948920092607,0.768441750465786,1
"10330","PmetTSAr1.1-013599",15.3316488821725,16.3315883277618,28.3236084309236,17.3953097716774,15.0375487721939,35.7909207270412,20.2832309177903,16.4177924482166,0.17885988468309,4.36979383215351,0.612307140608306,1
"10331","PmetTSAr1.1-013600",31.2028279302866,36.8576283025445,72.960480482329,48.3997355595529,43.4741724794178,60.3865771508373,43.9819232401259,32.9488110512485,-0.0669907826581411,5.53397675548652,0.85181582788401,1
"10332","PmetTSAr1.1-013601",6.60924453278405,8.62688636621299,16.4551180867469,10.1141679342173,10.4862325578495,13.5982882067195,9.97398545131012,7.86921775966244,0.00553476204694679,3.39556208656418,0.990929683703313,1
"10333","PmetTSAr1.1-013602",9.12705197384463,10.1440284513056,9.74067335020077,11.9675494928435,10.122127260702,10.7994721309082,11.2731180100942,10.1903539333758,0.0476040525602255,3.39038475523665,0.867765891667366,1
"10334","PmetTSAr1.1-013603",9.21697366816823,11.4529353482483,15.5094216449799,8.52555516968055,10.0128956715577,11.67586908394,14.0390131352474,11.0112435557866,0.0668355164965311,3.52239468750821,0.833573887340584,1
"10335","PmetTSAr1.1-013604",10.8355641659929,11.6611705363982,12.4831930313253,14.6946680719649,13.1077906973119,11.9303069090137,13.8294756257661,12.8228620328312,0.0565966368670165,3.67074739700319,0.843414944081739,1
"10336","PmetTSAr1.1-013605",9.39681705681541,11.1257086240126,14.2800162706827,8.76384708436106,10.3405904389905,10.262325611308,14.1018743880918,10.954630478379,0.0701315991865203,3.48724706736268,0.820995622383017,1
"10337","PmetTSAr1.1-013606",33.765596218509,30.8188078461954,33.6667933269075,39.0004433693772,38.1218246113488,50.8027524063926,42.6618369303937,39.1479430273854,0.314858811904037,5.26921350173025,0.292371848198383,1
"10338","PmetTSAr1.1-013607",20.5021463057791,19.3063767299042,14.9420037799196,20.0694745919809,19.042707040817,23.35173816788,25.0606861339641,20.4656274828631,0.232618249027726,4.35124374529546,0.420124513891499,1
"10339","PmetTSAr1.1-013608",3.86663285591448,4.67041779136358,3.87735541124497,3.8126706348882,4.36926356577063,4.26890128734852,2.89161763084201,3.45339772186625,-0.120513878172179,1.98552662285061,0.678413586610768,1
"10340","PmetTSAr1.1-013609",28.1904511704462,28.0820025162243,21.2308851176706,25.6031423884506,27.672002583214,29.4017042307448,33.1278802489943,29.6369460229013,0.216850267623911,4.80398492694626,0.450948681788121,1
"10341","PmetTSAr1.1-013610",35.8787560351134,28.40922924046,34.3760656582328,27.3241395500321,34.5900032290175,23.7475303402169,24.1596748431945,27.938553700672,-0.189952529182196,4.88780032826866,0.522297574771285,1
"10342","PmetTSAr1.1-013611",4.36120217469423,3.4507545464852,4.68119738674697,4.65993077597446,6.62671640808546,4.35371389570644,4.23265769152236,4.3025938829809,0.184037213705702,2.21474761959834,0.53185056596216,1
"10343","PmetTSAr1.1-013612",3.10229845416394,2.97478840214241,1.89139288353413,2.48882666444091,2.80361078803616,3.13806650924295,4.33742644626301,3.2552519509395,0.373570823496523,1.61762815509913,0.192178159440284,1
"10344","PmetTSAr1.1-013614",3.46198523145831,3.62924185061374,6.76172955863451,4.20982382602238,5.60722157607231,5.45627780435937,4.02312018204106,3.93460887983122,0.0769449889010876,2.22983421547573,0.818557783260107,1
"10345","PmetTSAr1.1-013615",3.14725930132574,2.88554475007814,1.74953841726907,2.62121106148563,2.4395054908886,2.79881607581128,4.35838019721114,2.88726694778981,0.265315832961961,1.55149538114815,0.377287136901996,1
"10346","PmetTSAr1.1-013617",2.24804235808981,2.43932648975678,2.03324734979919,1.29736709103834,2.36668443145909,2.2333986867585,2.22109760050183,1.92484463185988,0.132072310775799,1.10775883549191,0.646576085675215,1
"10347","PmetTSAr1.1-013618",48.4677932404163,38.9102323000227,69.2249795373491,51.6828686062622,52.2491101406738,56.4569262969205,46.8735408709679,45.6301403905606,-0.0496008583440889,5.6792708948157,0.880640445570221,1
"10348","PmetTSAr1.1-013619",16.6355134498646,16.1531010236333,17.542668994779,15.2506825395528,18.897064921958,13.4569338594563,12.1322217989676,12.5681031844968,-0.201619980090103,3.94335073500454,0.491659419673865,1
"10349","PmetTSAr1.1-013620",45.4104556334142,48.0725805786213,34.2342111919677,38.5503364194251,37.9033614330602,44.0177437377592,49.9956497622394,46.8756280935288,0.104819007602466,5.43290382803045,0.732144228985688,1
"10350","PmetTSAr1.1-013621",10.4309165415367,12.6428507091052,24.635392308032,10.3524598488978,11.3236747412889,13.4286629900036,14.8771631731727,13.3606862682038,-0.129267591224516,3.80062218071623,0.700510651164847,1
"10351","PmetTSAr1.1-013622",15.0169229520399,19.0683936577328,12.0103448104417,26.5033562883547,14.6370329453316,24.1998642514592,28.7275925498869,24.7965279045478,0.346114242633771,4.37143150421953,0.302926567142019,1
"10352","PmetTSAr1.1-013623",7.50846147601997,6.99075274503466,8.65312244216864,7.06932680218853,8.37442183439371,6.95463388534924,6.74710780529802,7.35970006299365,-0.0374542618733047,2.9096262143185,0.898029346323944,1
"10353","PmetTSAr1.1-013624",17.0851219214826,19.4253682659899,12.4831930313253,26.0797262178116,15.9842225447776,22.2774451286797,28.0780262704949,26.2118548397389,0.300903030185847,4.39430188986218,0.351149938842207,1
"10354","PmetTSAr1.1-013625",7.46350062885817,7.64520619350599,9.31510995140559,6.88398864632591,8.44724289382322,6.84155040753869,6.91473781288307,7.61445891132804,-0.069532381945745,2.94433112544952,0.810393096976377,1
"10355","PmetTSAr1.1-013626",105.478147441574,106.021458652355,76.4122724947788,61.53226774639,98.490482878413,75.454950569094,97.2254043993255,90.8073761618601,0.0508868347774532,6.4755358299069,0.898651626406321,1
"10356","PmetTSAr1.1-013627",42.1283137906031,38.1962830835085,46.9538283337348,38.1531832282909,42.855193474267,42.4911167873167,46.5173271048497,42.1201295912867,0.0730744707502514,5.40895234929888,0.806701585875459,1
"10357","PmetTSAr1.1-013628",8.58752180790308,9.48957500283429,10.4499456815261,7.91658694327479,11.906243216725,8.31163561907593,9.3453729228662,9.82236893022614,0.112054084188316,3.25360379737454,0.701833329222124,1
"10358","PmetTSAr1.1-013629",68.2056051444449,67.6764361487398,82.6065841883531,58.0373196644092,76.7533966387041,47.6364150276971,43.835246983489,59.4720378167294,-0.280354010207799,5.97907808748756,0.441973467839872,1
"10359","PmetTSAr1.1-013632",45.9949466465175,21.745703219661,83.8832743847386,35.0024345786263,62.189184752802,27.5923685857759,16.9515845170376,21.1732909504586,-0.545071821381297,5.29820605404637,0.237286245593998,1
"10360","PmetTSAr1.1-013633",33.9904004543179,28.2902377043743,29.316589694779,28.7803679175241,29.8202238363846,25.8961164186175,26.4436336965407,31.1371925742039,-0.087339312649397,4.87122091651013,0.760691826719129,1
"10361","PmetTSAr1.1-013634",32.0121231791989,40.962836297501,53.7628427144576,39.6358884751919,39.9423510970865,37.769881588726,42.2008544095348,51.7443527505861,0.0453043997698494,5.40308218964263,0.885891054221111,1
"10362","PmetTSAr1.1-013635",4.54104556334142,4.9381487475564,5.0594759634538,5.95729786701281,5.24311627892476,4.41025563461172,5.17557648418823,5.01025735057644,-0.0494690173288504,2.35187333199304,0.8692858052232,1
"10363","PmetTSAr1.1-013636",1.93331642795724,2.3500828376925,2.17510181606425,2.43587290562301,1.78411595602301,2.96844129252712,2.59826511756818,2.26452309630574,0.112034010809217,1.25131218532994,0.684257986091042,1
"10364","PmetTSAr1.1-013637",4.18135878604705,5.11663605168494,4.77576703092368,5.29537588178916,5.5344005166428,5.14529824038033,5.19653023513636,4.35920696038854,0.0598948380910363,2.32605910514283,0.83406587592358,1
"10365","PmetTSAr1.1-013638",2.24804235808981,2.20134341758538,2.45881074859437,2.14462723212461,1.85693701545252,2.28994042566378,2.32586635524249,2.26452309630574,-0.042662365299123,1.19203439785648,0.871097328560747,1
"10366","PmetTSAr1.1-013639",5.53018420090094,4.64066990734216,5.48503936224898,5.74548283174124,5.82568475436084,4.52333911242227,5.2174839860845,4.84041811835351,-0.0688948534409181,2.40196605079315,0.805866354222075,1
"10367","PmetTSAr1.1-013641",4.99065403495938,4.87865297951355,5.10676078554215,5.374806520016,5.49798998692805,4.86258954585394,4.69364021238123,4.81211157964969,-0.0364654783925593,2.34693442999109,0.899856827768156,1
"10368","PmetTSAr1.1-013642",2.47284659389879,2.52857014182105,1.65496877309236,2.93893361439298,2.36668443145909,2.60091998964281,2.11632884576118,2.23621655760192,-0.0556257246438166,1.28059226281265,0.871754106713801,1
"10369","PmetTSAr1.1-013643",10.8355641659929,8.86486943838438,14.327301092771,12.8942402721566,13.836001291607,12.3543699508033,11.2731180100942,11.5490677911593,0.063165662969356,3.59099049718028,0.832820898716864,1
"10370","PmetTSAr1.1-013644",4.99065403495938,5.8008373841777,4.3502036321285,7.01637304337064,4.69695833320343,5.90861171560159,6.41184779012793,7.303086985586,0.13118323467563,2.55577264561174,0.662551419117261,1
"10371","PmetTSAr1.1-013645",10.1611514585659,11.3339438121626,11.4429269453815,15.5684050924601,10.8867483847118,11.6475982144874,15.6734057092016,15.2572243613599,0.139736704296548,3.67984655978391,0.642101811513935,1
"10372","PmetTSAr1.1-013646",19.198281738087,6.90150909297039,26.0539369706826,56.7399525733709,27.6355920534993,23.7475303402169,6.9356915638312,10.5866454752293,-0.661292015312337,4.47783320323632,0.212785491519215,1
"10373","PmetTSAr1.1-013647",28.9547855721968,35.1917467973447,37.4968639160641,40.3242873398245,36.301298125611,38.4201115861367,35.7470991175106,38.2421337888631,0.0666509599570333,5.18582113936005,0.821400148999262,1
"10374","PmetTSAr1.1-013650",8.99216943235925,9.8762974951128,10.9227939024096,7.59886439036744,9.39391666640686,6.64365432137021,7.81574910365268,8.80333353688855,-0.194611715369432,3.13930304102866,0.506786885225215,1
"10375","PmetTSAr1.1-013652",2.87749421835496,2.55831802584247,3.92464023333332,3.78619375547925,3.71387403090504,2.94017042307448,2.43063510998314,2.29282963500956,-0.212711952247409,1.64206424308754,0.468754888854355,1
"10376","PmetTSAr1.1-013653",17.8944171703949,9.16234827859862,17.7318082831325,17.7659860834026,14.2365171184693,12.4957242980665,7.31285908089755,11.5490677911593,-0.456638706433786,3.76204762939392,0.17020550346293,1
"10377","PmetTSAr1.1-013654",3.50694607862011,2.85579686605671,3.97192505542167,3.70676311725241,4.62413727377392,3.56212955103254,2.9544788836864,3.05710618001275,0.013672851950914,1.84256949338643,0.962647803314026,1
"10378","PmetTSAr1.1-013655",16.4107092140556,10.0547847992413,19.2449225899598,20.3607202654793,15.6565277773448,13.004599948214,7.27095157900128,12.9927012650542,-0.434363455609061,3.85049696269508,0.198694472644936,1
"10379","PmetTSAr1.1-013656",12.0045461921996,12.0478930286768,13.6653135835341,13.211962825064,11.760601097866,17.2735012355626,19.8851096497758,15.8233551354363,0.347274494990906,3.86075674733542,0.238403125067641,1
"10380","PmetTSAr1.1-013657",6.69916622710764,7.37747523731318,4.72848220883532,5.71900595233229,7.53697965095434,5.484548673812,5.97181902021719,5.74622735687581,0.00951767447026053,2.63685252084426,0.974743324899157,1
"10381","PmetTSAr1.1-013658",16.77039599135,15.9151179514619,18.8666440132529,15.5419282130512,18.6421912139547,19.3372747056052,20.8280284424417,17.6915866898886,0.190119153036198,4.17083575071738,0.501451832701653,1
"10382","PmetTSAr1.1-013660",32.2369274150079,33.7341004802949,38.016996959036,27.1917551529873,32.1140872084141,31.6351029175033,30.8439213956481,31.9863887353185,-0.051109408337593,5.0124588505002,0.859194071487919,1
"10383","PmetTSAr1.1-013661",24.2338966202082,22.727383392368,24.5408226638553,23.9880527445049,27.3443078157812,21.8533820868901,20.7023059367529,22.6452309630574,-0.0455104328973667,4.55842739170963,0.872996690443139,1
"10384","PmetTSAr1.1-013662",7.46350062885817,8.59713848219156,7.42371706787146,8.57850892849844,6.5903058783707,7.66140562166522,6.36994028823167,6.79356928891721,-0.22748158017924,2.90612654172265,0.423250967332947,1
"10385","PmetTSAr1.1-013663",30.3935326813742,16.0936052555904,23.1695628232931,39.2387352840577,37.4664350764832,28.9493703195025,8.19291662071903,24.2020905917676,-0.141172700889609,4.70140128989583,0.736250007595212,1
"10386","PmetTSAr1.1-013664",17.7145737817477,12.9998253173623,11.4902117674698,25.1795123179075,15.474475128771,22.4753412148482,28.1827950252355,27.62718177493,0.47581219339343,4.33763797376182,0.158781445141907,1
"10387","PmetTSAr1.1-013666",11.1053292489637,5.89008103624197,7.42371706787146,3.86562439370609,7.68262176981336,3.84483824555893,7.92051785839333,0.934115777226117,-0.470005853877137,2.61553240901817,0.346812680391278,1
"10388","PmetTSAr1.1-013667",3.5519069257819,4.37293895114934,2.1278169939759,3.30960992611823,3.20412661489846,3.3925043343167,4.29551894436675,2.91557348649364,0.0435752971272459,1.79269857264699,0.881378627285689,1
"10389","PmetTSAr1.1-013668",24.9982310219587,27.219313879603,23.8788351546184,23.8556683474602,30.6576660198239,27.0552220661757,29.2723900745383,26.9195183073345,0.188305635365537,4.74392859592925,0.504033797208016,1
"10390","PmetTSAr1.1-013669",10.6557207773457,11.4826832322697,10.308091215261,12.0734570104793,9.90366408241343,10.8560138698135,13.640891867233,11.7189070233822,0.0509934358696937,3.51047265617058,0.860589291630659,1
"10391","PmetTSAr1.1-013670",3.68678946726729,2.4690743737782,6.14702687148592,6.53978921400961,6.69953746751497,6.13477867122271,1.17341005309531,1.83992501574841,-0.253690042884204,2.13282199587738,0.607148438998914,1
"10392","PmetTSAr1.1-013671",8.27279587777051,7.61545830948457,13.0978957184738,17.1834947364058,18.751422803099,13.9658095096038,5.38511399366954,6.76526275021339,-0.0437978321867224,3.5154521119497,0.919596039070067,1
"10393","PmetTSAr1.1-013672",10.2960340000513,11.8396578405268,12.0576296325301,11.5968731811183,10.9595694441413,11.9303069090137,13.8713831276624,11.0112435557866,0.0615997331307884,3.55577620386389,0.830457209233316,1
"10394","PmetTSAr1.1-013673",4.04647624456166,3.06403205420668,6.28888133775098,7.30761871686904,8.26519024524945,6.95463388534924,1.25722505688783,2.09468386408281,-0.161156203383912,2.31053004206338,0.750093671495956,1
"10395","PmetTSAr1.1-013674",54.5824684544206,66.3080334837543,34.2814960140561,52.2388830738501,55.1255419881395,40.1446346227477,56.2608212957304,58.9908266587645,0.0211606838680188,5.7089610550292,0.950680286945888,1
"10396","PmetTSAr1.1-013675",14.9719621048781,13.5650351137694,14.5637252032128,11.226196869393,14.7462645344759,12.6653495147824,13.6199381162848,12.9643947263503,-0.00788320501033569,3.76531535615201,0.978696320153986,1
"10397","PmetTSAr1.1-013676",11.7347811092288,12.8213380132338,18.2519413261043,18.58676934508,16.8216647282169,21.3445064367426,22.4205135144996,18.5124763122994,0.365667099039655,4.13997190252642,0.226521968731912,1
"10398","PmetTSAr1.1-013677",14.6572361747456,13.5650351137694,16.1241243321285,14.641714313147,18.8242438625285,15.2662695044252,12.9284643349965,12.5681031844968,0.0141078102881727,3.89522143503019,0.962836449136837,1
"10399","PmetTSAr1.1-013678",1.43874710917748,1.57663785313548,1.56039912891566,1.98576595567094,1.52924224801972,1.18737651701085,1.48771631731727,1.3021007803758,-0.263782896393357,0.650959398543538,0.349109176007175,1
"10400","PmetTSAr1.1-013679",2.60772913538418,1.96336034541399,10.4499456815261,2.48882666444091,3.60464244176077,2.57264912019017,1.92774508722801,2.06637732537899,-0.778186250258725,1.8030108271365,0.0924377664052115,1
"10401","PmetTSAr1.1-013680",4.09143709172346,4.10520799495653,2.45881074859437,2.80654921734825,2.69437919889189,2.99671216197976,2.99638638558266,3.08541271871657,-0.193023361666783,1.68491695827963,0.49620002728711,1
"10402","PmetTSAr1.1-013681",3.32710268997292,2.64756167790674,11.4902117674698,2.30348850857828,4.4784951549149,2.34648216456905,1.96965258912427,2.20791001889809,-0.841800478948143,1.95337658982964,0.0718851275975573,1
"10403","PmetTSAr1.1-013682",4.13639793888525,4.64066990734216,2.69523485903613,2.78007233793931,3.31335820404273,2.82708694526392,3.35260015170088,3.39678464445861,-0.146004976346399,1.78813686102637,0.617060494045889,1
"10404","PmetTSAr1.1-013683",3.73175031442909,2.76655321399244,15.6512761112449,2.70064169971247,5.93491634350511,2.65746172854809,2.49349636282753,3.31186502834714,-0.784473798889106,2.3015024521202,0.125303180618589,1
"10405","PmetTSAr1.1-013684",4.54104556334142,5.0571402836421,2.64795003694778,3.07131801143771,2.98566343660993,2.68573259800072,2.84971012894575,2.97218656390128,-0.416672739028277,1.76981244594786,0.152711471664307,1
"10406","PmetTSAr1.1-013685",3.41702438429651,2.3500828376925,16.2659787983935,3.04484113202877,5.97132687321986,2.57264912019017,1.94869883817614,3.56662387668154,-0.832714404024638,2.29688468954542,0.123682431022837,1
"10407","PmetTSAr1.1-013686",5.03561488212118,5.02739239962067,2.74251968112449,2.80654921734825,3.64105297147553,2.82708694526392,2.97543263463453,2.85896040908599,-0.345419861289764,1.82609319349148,0.252861908687724,1
"10408","PmetTSAr1.1-013688",4.27128048037064,3.92672069082798,1.79682323935742,2.46234978503196,3.67746350119028,2.8836286841692,3.33164640075275,3.08541271871657,0.0567539358957926,1.69664237673532,0.860714137953592,1
"10409","PmetTSAr1.1-013690",3.32710268997292,5.29512335581349,2.60066521485943,2.99188737321088,3.49541085261651,2.77054520635864,3.33164640075275,3.14202579612421,-0.164621278580539,1.77957443535336,0.585854999749387,1
"10410","PmetTSAr1.1-013691",22.3005801922509,16.1531010236333,13.6653135835341,12.708902116294,14.6734434750464,10.3471382196659,10.3511529683765,13.1342339585733,-0.418343506628407,3.82960404741499,0.17660537849534,1
"10411","PmetTSAr1.1-013692",40.9143709172346,40.5166180371796,41.7524979040159,33.3608680552717,41.0346669885292,35.3668576852516,44.317183255296,45.4886076970415,0.0867158770674669,5.33645289717306,0.773256756601755,1
"10412","PmetTSAr1.1-013693",9.17201282100643,6.33629929656333,5.76874829477909,8.60498580790738,7.64621124009861,7.03944649370716,6.8728303109868,7.24647390817836,-0.0540359828788938,2.88691702297299,0.859648948297647,1
"10413","PmetTSAr1.1-013694",9.486738751139,8.86486943838438,11.8684903441767,9.69053786367416,9.6852009041249,12.0999321257296,9.51300293045125,10.473419320414,0.0669132412001905,3.36035862651697,0.819824184364346,1
"10414","PmetTSAr1.1-013695",11.2402117904491,13.0295732013838,21.1836002955822,15.0653443836902,14.9283171830497,11.8737651701085,15.568636954461,13.021007803758,-0.126764988101031,3.86255989333146,0.679056994038175,1
"10415","PmetTSAr1.1-013696",22.3905018865745,23.3223410727965,17.9682323935742,18.7985843803515,21.4093914722761,16.0578538490991,16.1972494829049,18.5124763122994,-0.193181043785273,4.27724445648078,0.503190895117345,1
"10416","PmetTSAr1.1-013697",7.1487746987256,6.27680352852048,19.9069100991967,13.4767316191534,11.6877800384364,8.84878213867607,6.9356915638312,8.2088962241083,-0.391387281945432,3.37284492281503,0.300328400740996,1
"10417","PmetTSAr1.1-013698",48.5577149347399,54.8848460195275,36.9294460510039,37.6765993989299,43.9475093657096,46.4773093801388,54.4587987141912,48.6872465705734,0.120617964834871,5.5397085942736,0.702560650078373,1
"10418","PmetTSAr1.1-013699",26.1222522010036,28.8554475007814,24.8245315963854,21.7110411153356,25.3417286814697,21.8816529563427,26.2969574399038,26.042015607516,-0.0278425817744802,4.65508088806482,0.922916539178049,1
"10419","PmetTSAr1.1-013701",4.49608471617962,5.89008103624197,3.54636165662649,4.89822269065497,5.8620952840756,4.72123519859075,7.1452290733125,6.0009862052102,0.329952628692097,2.43039884332097,0.262924105476388,1
"10420","PmetTSAr1.1-013703",16.4107092140556,18.7114190494758,13.8071680497991,14.8535293484186,17.0037173767907,12.4391825591612,17.182075777467,17.1254559158121,-0.00119225636191388,4.00041326701956,0.999179090817253,1
"10421","PmetTSAr1.1-013704",7.50846147601997,8.83512155436296,10.4026608594377,10.0612141753994,9.53955878526588,9.49901213608677,10.7702279873391,10.3318866268949,0.125038375542019,3.27542996283582,0.664698563051381,1
"10422","PmetTSAr1.1-013705",19.5130076682196,18.3246965571972,21.4673092281124,37.3853537254315,21.0816967048433,50.77448153694,32.6040364752911,31.9580821966147,0.495938063209995,4.86856239848229,0.161020793650394,1
"10423","PmetTSAr1.1-013706",37.1826206028055,27.427549067753,26.6686396578312,67.8072881663102,54.4701524532739,41.9822411371692,19.0260058609025,23.2679748145415,-0.198374417164619,5.22073104303798,0.628871175388836,1
"10424","PmetTSAr1.1-013707",2.06819896944263,1.54688996911405,1.79682323935742,3.28313304670928,1.92975807488203,3.16633737869559,1.69725382679857,2.09468386408281,0.0206734448777197,1.17842773660003,0.94667078322691,1
"10425","PmetTSAr1.1-013708",13.5332149957007,10.5010030595627,16.2186939763052,22.0552405476519,13.5811275836037,14.5312268986566,13.3684931049073,10.7564847074523,-0.254965926750332,3.84592159809513,0.417993648396413,1
"10426","PmetTSAr1.1-013709",34.9345782447157,25.7319196785318,34.6597745907629,27.8007233793931,30.7304870792534,26.6877007632914,17.2030295284151,21.6545021084236,-0.354980078634747,4.78002612367802,0.247102374228665,1
"10427","PmetTSAr1.1-013710",7.50846147601997,4.8191572114707,12.3886233871485,8.07544821972847,7.17287435380679,8.08546866345481,3.35260015170088,4.16106118946179,-0.525649074057751,2.80518023547058,0.158237922051395,1
"10428","PmetTSAr1.1-013711",29.1795898080058,27.4870448357959,31.2552674004015,27.3241395500321,31.7863924409814,37.4589020247469,37.1719541819835,32.1279214288376,0.266065747772748,4.99040448699932,0.352345409044332,1
"10429","PmetTSAr1.1-013712",14.1626668559658,14.4872195184335,15.79313057751,12.3382258045687,17.5862858522268,16.6232712381519,15.9458044715273,13.7852843487612,0.171814752186755,3.9213081060854,0.545858155718343,1
"10430","PmetTSAr1.1-013714",34.9795390918775,34.3885539287663,20.2379038538152,21.6316104771087,31.6771608518371,24.6521981627014,25.7102524133561,28.1650060103026,-0.0137176431594717,4.79389845646088,0.966089240935368,1
"10431","PmetTSAr1.1-013715",18.2990647948511,21.953938407811,18.3465109702811,21.472749200655,17.4770542630825,27.5075559774179,28.0361187685986,26.7779856138153,0.317597236826889,4.49534889781782,0.282041416540001,1
"10432","PmetTSAr1.1-013716",12.4541546638176,9.9952890311985,20.0960493875501,7.99601758150163,14.6006224156169,9.97961691678164,8.52817663588911,8.80333353688855,-0.268547340776287,3.53607187011785,0.436602362534362,1
"10433","PmetTSAr1.1-013717",8.94720858519745,7.19898793318463,8.51126797590358,9.90235289894573,8.04672706696092,10.658117783645,11.3359792629386,8.97317276911148,0.175915635674624,3.21142773717508,0.549882793946059,1
"10434","PmetTSAr1.1-013718",12.4541546638176,10.9769692039055,19.9541949212851,8.8432777225879,15.4380645990562,10.1775130029501,9.3453729228662,7.89752429836626,-0.284136839276203,3.57663371322615,0.405769316510162,1
"10435","PmetTSAr1.1-013719",7.01389215724021,8.18066810589163,7.51828671204816,7.94306382268374,9.39391666640686,7.54832214385467,8.98915915674799,7.75599160484715,0.134673799955759,3.01913483699822,0.635576433772289,1
"10436","PmetTSAr1.1-013720",3.23718099564933,3.24251935833523,1.74953841726907,1.50918212630991,2.58514760974762,2.06377347004266,1.21531755499157,2.17960348019427,-0.282448746577721,1.18667147576884,0.404462905786376,1
"10437","PmetTSAr1.1-013721",52.6491520264634,53.6056870066062,44.6368720514055,42.9454984013101,51.2296153086607,49.1913128475922,51.7348110909342,54.0654889242995,0.0893705587976143,5.64585919107906,0.775335847707349,1
"10438","PmetTSAr1.1-013722",22.1207368036037,23.2330974207322,22.1292967373493,21.0755960095209,21.0452861751285,22.0230073036059,20.2203696649459,22.7584571178727,-0.0415311531278355,4.4519552364259,0.882117721463963,1
"10439","PmetTSAr1.1-013723",17.8494563232331,15.2309166189691,20.616182430522,12.232318286933,16.2755067824956,15.831686893478,11.88077678759,13.7003647326497,-0.191606279603294,3.95448658692991,0.523223178376522,1
"10440","PmetTSAr1.1-013724",1.84339473363365,1.75512515726402,3.02622861365461,1.64156652335464,2.0389896640263,1.61143955880043,1.42485506447287,1.61347270611784,-0.296796396154075,0.940816788520048,0.29939092632309,1
"10441","PmetTSAr1.1-013725",12.7688805939501,9.96554114717707,19.1976377678714,10.4583673665336,15.0011382424792,13.004599948214,13.1799093463741,12.5964097232007,0.0400210796103161,3.73604185630757,0.902375910685258,1
"10442","PmetTSAr1.1-013726",2.69765082970777,1.75512515726402,3.68821612289155,2.03871971448883,2.94925290689518,3.02498303143239,2.34682010619062,2.43436232852867,0.0925465046772975,1.41686894569633,0.774107820898793,1
"10443","PmetTSAr1.1-013727",12.5440763581411,15.5581433432048,14.6110100253011,11.9940263722524,14.5642118859021,15.9164995018359,17.1401682755708,15.5685962871019,0.208392398923726,3.88768877127073,0.463958313650264,1
"10444","PmetTSAr1.1-013728",27.6509210045047,31.5327570627095,37.4022942718874,25.7884805443132,33.3156346890011,28.9776411889552,32.4573602186541,30.5144487227198,0.0340707112220945,4.95483703755896,0.908495794836825,1
"10445","PmetTSAr1.1-013729",41.2290968473671,39.2672069082798,32.8629513514055,39.1328277664219,37.1387403090504,37.374089416389,37.3814916914648,37.8458422470096,-0.0264100448856204,5.24189147096741,0.929051947817099,1
"10446","PmetTSAr1.1-013731",16.0060615895995,15.082177198862,12.8614716080321,11.6763038193451,13.7995907618922,11.1104516948872,9.05202040959238,14.5495608937644,-0.197956716779423,3.708456134973,0.510103806065129,1
"10447","PmetTSAr1.1-013732",10.0262689170806,8.2699117579559,8.03841975502005,9.55815346662943,9.86725355269868,7.26561344932828,7.33381283184568,9.14301200133441,-0.0961674566958976,3.12868041247565,0.744432576679945,1
"10448","PmetTSAr1.1-013733",4.09143709172346,3.51025031452804,3.97192505542167,3.04484113202877,3.53182138233126,3.33596259541143,2.64017261946444,3.17033233482803,-0.203220413562446,1.79332921600212,0.44852253165867,1
"10449","PmetTSAr1.1-013734",14.567314480422,17.8487304128545,10.4026608594377,15.9390814041854,16.2755067824956,15.0966442877093,18.6907458457324,19.1069136250797,0.233982894394883,4.0054502595181,0.431960622617183,1
"10450","PmetTSAr1.1-013735",23.5145230656194,24.7204916218034,28.2763236088352,22.3994399799681,26.8345603997746,19.4503581834158,17.3497057850521,21.7960348019427,-0.211687364886368,4.52961738343748,0.468198808740526,1
"10451","PmetTSAr1.1-013736",5.26041911793016,5.86033315222055,4.82305185301203,5.08356084651759,4.4784951549149,6.10650780177007,5.82514276358028,5.29332273761466,0.0461832148182696,2.43459078268462,0.877930992956456,1
"10452","PmetTSAr1.1-013737",18.0742605590421,19.6336034541399,18.1573716819276,16.6539571482269,16.3119173122104,13.2873086427404,14.5419031580026,15.5119832096943,-0.281935548833894,4.05126946058838,0.317864303429793,1
"10453","PmetTSAr1.1-013739",17.8494563232331,19.2468809618614,17.0698207738955,15.144775021917,16.2026857230661,14.3050599430354,13.9342443805068,14.9741589743217,-0.222387998269462,4.01330460617326,0.431171261932141,1
"10454","PmetTSAr1.1-013740",1.52866880350107,1.96336034541399,1.5131143068273,1.82690467921726,1.31077906973119,1.75279390606363,1.48771631731727,1.58516616741402,-0.163014314034576,0.752558274799152,0.556235064709283,1
"10455","PmetTSAr1.1-013741",33.0462226639202,35.6082171736446,31.2079825783131,27.0593707559426,31.5315187329781,26.0091998964281,29.3352513273827,35.1567210701466,-0.0566309833155136,4.96249265776542,0.846419289284529,1
"10456","PmetTSAr1.1-013744",2.24804235808981,2.82604898203529,2.64795003694778,1.72099716158148,2.40309496117385,1.55489781989516,1.92774508722801,1.86823155445223,-0.283748421003943,1.14063361623041,0.313328659228638,1
"10457","PmetTSAr1.1-013746",17.4897695459387,13.8327660699622,20.0014797433734,11.9940263722524,19.5160439271088,11.2518060421504,10.4140142212209,11.8604397169013,-0.255274955660458,3.86712538718735,0.427014732150276,1
"10458","PmetTSAr1.1-013747",1.88835558079544,1.4873942010712,2.26967146024096,1.50918212630991,1.78411595602301,1.49835608098988,1.2362713059397,1.27379424167198,-0.29726735341207,0.739624863535715,0.290441824807602,1
"10459","PmetTSAr1.1-013748",2.3379640524134,2.3500828376925,2.88437414738955,1.95928907626199,2.80361078803616,1.78106477551627,1.40390131352474,1.89653809315605,-0.278442086867766,1.1558580169961,0.344055002821235,1
"10460","PmetTSAr1.1-013749",13.1735282184063,9.72755807500568,15.0838582461847,8.60498580790738,13.5083065241742,8.45298996633912,7.52239659037885,8.29381584021976,-0.301787620365787,3.40490433437086,0.349676041553391,1
"10461","PmetTSAr1.1-013750",1.48370795633928,1.54688996911405,2.08053217188754,1.24441333222045,1.49283171830497,2.00723173113738,1.06864129835466,1.35871385778344,-0.0931885713916564,0.66917200462063,0.75706912207271,1
"10462","PmetTSAr1.1-013751",2.24804235808981,2.26083918562823,3.16808307991967,1.53565900571886,2.65796866917713,2.00723173113738,1.59248507205792,1.64177924482166,-0.216993749215859,1.13008922679018,0.466066500325846,1
"10463","PmetTSAr1.1-013752",34.4849697730977,35.280990449409,43.7857452538151,40.9332555662302,30.7304870792534,61.5739536678482,50.2261410226688,38.3270534049746,0.227687772086457,5.39179126828107,0.483330348173688,1
"10464","PmetTSAr1.1-013753",7.05885300440201,6.24705564449906,10.5445153257028,8.41964765204476,6.69953746751497,13.6831008150774,10.3092454664802,9.17131854003824,0.307308053768284,3.18293848787413,0.34205991049924,1
"10465","PmetTSAr1.1-013754",7.01389215724021,7.2882315852489,5.39046971807227,6.24854354051121,6.73594799722972,5.23011084873825,4.65173271048497,5.6046946633567,-0.226580117988865,2.60373431702886,0.438577611616729,1
"10466","PmetTSAr1.1-013755",24.0990140787228,21.3589807273825,41.4215041493974,19.6987982802557,26.179170864909,27.0552220661757,29.859095101086,25.3626586786243,0.0266080658237926,4.75133550772145,0.936280351693022,1
"10467","PmetTSAr1.1-013756",22.9749928996779,19.4848640340328,23.5478413999999,19.8311826773004,24.103770671168,24.1150516431012,19.5079421327095,21.9375674954618,0.0632273929241955,4.45915526927919,0.824710631940678,1
"10468","PmetTSAr1.1-013757",24.0990140787228,27.3978011837316,23.83155033253,21.499226080064,27.2350762266369,26.094012504786,26.9465237192958,27.4856490814109,0.154315664342214,4.68013138370559,0.583989516104748,1
"10469","PmetTSAr1.1-013759",32.7314967337877,39.0292238361084,32.2482486642569,24.9412204032269,33.4248662781453,27.3379307607021,27.6799050024804,28.5329910134523,-0.140685410639402,4.94477655345602,0.63479757883559,1
"10470","PmetTSAr1.1-013760",4.45112386901783,4.31344318310649,4.30291881004014,4.42163886129395,4.40567409548539,4.57988085132755,4.31647269531488,3.59493041538536,-0.0499148573716817,2.12400082725491,0.857553287924481,1
"10471","PmetTSAr1.1-013761",3.19222014848753,3.83747703876371,1.89139288353413,3.33608680552717,2.33027390174434,3.44904607322198,4.4631489519518,3.87799580242358,0.201312597167578,1.75270150360317,0.519021446244536,1
"10472","PmetTSAr1.1-013762",5.39530165941555,6.84201332492754,7.9911349329317,13.1060553074282,7.02723223494777,8.33990648852856,10.0787542060508,8.09567006929301,0.00679941848734474,3.07563746367866,0.984500303916208,1
"10473","PmetTSAr1.1-013763",2.87749421835496,3.74823338669944,2.69523485903613,3.83914751429714,2.94925290689518,3.56212955103254,4.16979643867797,3.28355848964332,0.0811476020495614,1.79069952291801,0.767605649947122,1
"10474","PmetTSAr1.1-013764",5.79994928387171,6.15781199243479,7.51828671204816,11.1467662311662,7.17287435380679,9.35765778882358,10.6235517307022,7.92583083707008,0.194571190759753,3.05029532954002,0.540238552868184,1
"10475","PmetTSAr1.1-013765",24.8183876333115,25.2262056501676,34.4233504803212,21.6051335976998,29.9658659552436,28.7797451027867,22.6300510239809,26.2684679171466,0.0216589227846925,4.74253934831717,0.943613786275627,1
"10476","PmetTSAr1.1-013767",2.78757252403137,4.1944516470208,4.4447732763052,2.78007233793931,3.45900032290175,3.36423346486407,3.03829388747892,3.17033233482803,-0.123394205271905,1.7918186689509,0.672203941255683,1
"10477","PmetTSAr1.1-013768",7.1937355458874,9.9952890311985,7.94385011084334,7.12228056100642,7.79185335895763,8.11373953290745,7.29190532994942,7.44461967910511,-0.0751276365443737,2.98617377237143,0.79813817113662,1
"10478","PmetTSAr1.1-013769",29.3594331966529,33.0498991478022,25.5810887497991,45.4872788245689,29.0556027123747,41.9256993982639,46.3077895953684,40.1103653433154,0.237340660218402,5.18717706114063,0.456870777486297,1
"10479","PmetTSAr1.1-013770",2.11315981660442,2.32033495367108,2.60066521485943,1.87985843803515,1.7112948965935,2.0920443394953,2.13728259670931,1.89653809315605,-0.173937831501568,1.1060695065901,0.497190604033757,1
"10480","PmetTSAr1.1-013771",5.79994928387171,6.63377813677757,4.3502036321285,6.11615914346648,5.82568475436084,7.7179473605705,8.1091016169265,6.36897120835989,0.289445618576121,2.68605201682547,0.325766510387466,1
"10481","PmetTSAr1.1-013772",2.87749421835496,1.99310822943541,3.21536790200802,1.64156652335464,2.22104231260007,1.47008521153724,2.11632884576118,1.92484463185988,-0.314137725816287,1.15824047602946,0.276634136567967,1
"10482","PmetTSAr1.1-013773",6.15963606116608,6.75276967286327,4.20834916586344,5.93082098760386,5.68004263550182,6.78500866863341,7.98337911123772,8.57688122725798,0.331019415661049,2.71806735827678,0.27200629400056,1
"10483","PmetTSAr1.1-013774",1.57362965066287,2.14184764954254,2.2223866381526,1.64156652335464,1.89334754516727,1.3004599948214,1.69725382679857,1.78331193834077,-0.183461109672984,0.879660323655782,0.503807584977617,1
"10484","PmetTSAr1.1-013775",6.15963606116608,6.84201332492754,4.25563398795179,6.83103488750802,6.51748481894119,7.03944649370716,7.33381283184568,9.02978584651913,0.309508116822561,2.76993695476511,0.298786020090895,1
"10485","PmetTSAr1.1-013776",1.97827727511903,2.3500828376925,3.21536790200802,1.42975148808307,2.29386337202958,1.49835608098988,1.92774508722801,2.09468386408281,-0.188975133284649,1.10493396910165,0.528093587615076,1
"10486","PmetTSAr1.1-013777",6.47436199129866,6.30655141254191,5.39046971807227,7.30761871686904,6.69953746751497,6.86982127699133,7.8995641074452,6.82187582762103,0.14966935843672,2.76295916611798,0.595747492177538,1
"10487","PmetTSAr1.1-013778",34.6648131617449,36.2924185061374,18.7720743690762,35.8232178403037,24.8319812654631,50.9723776231085,46.4335121010572,41.1860138140606,0.38001105940381,5.17778716776018,0.267207000837929,1
"10488","PmetTSAr1.1-013780",33.1361443582438,33.9125877844235,32.2482486642569,27.6418621029394,32.9879399215683,28.7232033638814,33.8193540302826,37.8458422470096,0.0715814094288605,5.02682221751365,0.805975516260352,1
"10489","PmetTSAr1.1-013781",28.1005294761226,26.9515829234102,20.3797583200802,23.8291914680512,25.0504444437516,23.4648216456905,25.7312061643043,27.5988752362262,0.0369287839318637,4.65541907314843,0.898168829974282,1
"10490","PmetTSAr1.1-013782",8.18287418344691,8.06167656980593,14.3745859148594,11.6763038193451,11.2144431521446,12.1564738646349,12.677019323619,13.4456058843153,0.227932003105787,3.52810680904895,0.456639955091167,1
"10491","PmetTSAr1.1-013783",25.4478394935767,29.8371276734884,27.0469182345381,20.4401509037062,23.7760759037352,22.3622577370376,33.3793252603719,29.212347942344,0.0819541295015635,4.72799029690468,0.784845858100436,1
"10492","PmetTSAr1.1-013784",27.4710776158575,19.1873851938185,33.4776540385541,34.6317582669011,34.371540050729,40.2577181005582,33.7774465283864,35.0718014540351,0.322290536308125,5.0154403081823,0.293249392764299,1
"10493","PmetTSAr1.1-013785",24.1439749258846,20.2880569026112,20.474327964257,21.2609341653835,24.5042864980303,20.2984842669949,18.0202258153922,20.1825620958249,-0.0542545232264997,4.40628169024913,0.849916956773629,1
"10494","PmetTSAr1.1-013786",17.5347303931005,17.045537544276,21.1363154734939,16.2303270776838,17.3314121442235,18.6870447081945,21.4356872199375,17.3519082254427,0.0574045882224741,4.20202493043387,0.843551681551821,1
"10495","PmetTSAr1.1-013787",17.2649653101297,19.00889788969,13.8544528718875,19.063353174441,15.3652435396267,18.3477942747628,20.0946471592572,18.257717463965,0.0582070793970808,4.14767372263568,0.84139361951583,1
"10496","PmetTSAr1.1-013789",20.0974986813229,22.3109130160681,17.8263779273092,18.1366623951279,20.5719492888367,18.0368147107838,20.5975371820123,19.2484463185988,0.00129654413254623,4.29759548709086,0.997779436363015,1
"10497","PmetTSAr1.1-013790",20.7719113887499,22.6083918562823,18.4883654365461,16.4421421129553,21.9191388882827,22.2209033897744,23.3634323071655,21.0317582569395,0.17723060047235,4.3867514373441,0.530262377981388,1
"10498","PmetTSAr1.1-013791",13.1735282184063,14.6954547065835,13.1451805405622,20.2283358684346,16.4939699607841,17.2452303661099,16.7210932566081,16.7008578352548,0.131459952970071,4.01062835541482,0.651716794627864,1
"10499","PmetTSAr1.1-013792",11.9595853450378,8.3889032940416,5.10676078554215,8.41964765204476,8.3016007749642,8.87705300812871,9.53395668139938,9.62422315929938,0.101327489876573,3.14412668912548,0.750473907069254,1
"10500","PmetTSAr1.1-013793",13.3084107598917,15.3201602710334,13.9490225160642,21.1020728889298,18.3509069762367,19.5634416612263,17.0773070227264,18.7106220832262,0.209144988364639,4.1077523266587,0.476431652689411,1
"10501","PmetTSAr1.1-013794",8.63248265506487,7.22873581720606,4.25563398795179,7.17523431982431,7.75544282924287,8.00065605509689,8.90534415295546,7.64276545003186,0.242076789087048,2.91011150041643,0.429460982190249,1
"10502","PmetTSAr1.1-013795",2.78757252403137,2.37983072171393,3.59364647871485,2.72711857912142,3.0948950257542,2.60091998964281,2.87066387989388,2.32113617371338,-0.0712407628646199,1.51275625925078,0.793819604405665,1
"10503","PmetTSAr1.1-013796",4.94569318779758,4.31344318310649,10.7336546140562,5.00413020829076,6.15337952179364,6.53057084355966,5.6994202578915,4.72719196353823,-0.108198089366729,2.60025156046786,0.748559526588472,1
"10504","PmetTSAr1.1-013797",2.96741591267855,2.37983072171393,4.4447732763052,3.04484113202877,2.73078972860665,2.14858607840058,2.4725426118794,2.15129694149045,-0.426311586783381,1.50768074574988,0.128445920971884,1
"10505","PmetTSAr1.1-013798",4.99065403495938,4.52167837125646,10.4499456815261,5.11003772592654,5.38875839778378,6.38921649629646,5.53179025030645,4.78380504094587,-0.177153082243355,2.57211565890779,0.592207808041542,1
"10506","PmetTSAr1.1-013799",10.6557207773457,8.65663425023441,8.700407264257,11.729257578163,10.1585377904167,8.76396953031815,8.48626913399285,10.162047394672,-0.0824520571858808,3.28168991447212,0.77922119716302,1
"10507","PmetTSAr1.1-013800",2.87749421835496,2.32033495367108,2.41152592650602,3.30960992611823,2.47591602060336,2.28994042566378,2.09537509481305,2.77404079297453,-0.186760330355247,1.39484895448498,0.487284889075894,1
"10508","PmetTSAr1.1-013801",19.198281738087,17.8487304128545,24.7299619522087,20.2018589890256,17.5134647927973,24.3412185987224,26.171234934215,22.5886178856497,0.145630896886024,4.43547281903989,0.620709517763987,1
"10509","PmetTSAr1.1-013802",77.6473830484221,74.8159283138816,75.9867090959837,69.7665772425722,77.0446808764221,86.6219440028865,94.564278028913,78.267579516067,0.174324865042861,6.31112583787742,0.642013899080045,1
"10510","PmetTSAr1.1-013803",17.9393780175567,15.6473869952691,25.9120825044176,19.8311826773004,18.9334754516727,21.1466103505741,21.9595309936408,17.153762454516,-0.0013768378243902,4.31282917198454,0.996257523061934,1
"10511","PmetTSAr1.1-013804",5.71002758954812,5.77108950015627,30.0731468481927,8.52555516968055,5.38875839778378,8.67915692196024,5.17557648418823,4.67057888613058,-1.06360397323991,3.21388396035289,0.027282896784566,1
"10512","PmetTSAr1.1-013805",7.91310910047614,10.7092382477127,7.18729295742969,5.71900595233229,8.55647448296749,6.13477867122271,9.91112419846573,7.04832813725161,0.005892947689355,2.99285150409417,0.989415365545908,1
"10513","PmetTSAr1.1-013806",19.6029293625432,18.8601584695829,23.1222780012047,24.0939602621407,21.5914441208499,23.9171555569328,22.9862647900992,23.4095075080606,0.101201997848138,4.47645898873616,0.720239570000783,1
"10514","PmetTSAr1.1-013807",9.75650383410978,11.1257086240126,6.24159651566263,5.95729786701281,8.3016007749642,7.32215518823355,9.21965041717742,7.72768506614333,-0.0222993692987252,3.0477069058184,0.946138308519365,1
"10515","PmetTSAr1.1-013808",21.1315981660442,20.5855357428255,23.2168476453814,25.2589429561343,21.2637493534171,27.0552220661757,24.3692123526758,23.664266356395,0.0953213284007541,4.54734633287933,0.736678447114894,1
"10516","PmetTSAr1.1-013809",57.1901975898048,65.4155969631116,47.9468095975902,58.3815190967255,65.0656166002677,76.3878892610311,93.7051742400396,78.3808056708823,0.453647965015639,6.08493305105464,0.227249934931195,1
"10517","PmetTSAr1.1-013810",12.9936848297591,9.96554114717707,12.4359082092369,13.3443472221087,9.83084302298392,12.8632456009508,10.7283204854428,11.6056808685669,-0.113555814295342,3.55835288577081,0.693000104361656,1
"10518","PmetTSAr1.1-013811",19.423085973896,19.6038555701185,8.65312244216864,28.806844796933,21.7006757099941,26.0374707658807,12.8236955802559,16.0215009063631,-0.0002726104567616,4.26318607923596,0.999523081632944,1
"10519","PmetTSAr1.1-013812",2.427885746737,2.37983072171393,5.62689382851404,4.26277758484027,4.11438985776735,5.31492345709617,4.92413147281067,3.96291541853504,0.321721985156052,2.06693994763796,0.33052853566852,1
"10520","PmetTSAr1.1-013813",9.21697366816823,10.2630199873913,6.80901438072287,7.17523431982431,9.28468507726259,5.96515345450687,6.16040277875037,8.26550930151594,-0.175641929787566,2.99102828912734,0.570827569331693,1
"10521","PmetTSAr1.1-013814",20.2773420699701,18.1759571370901,9.88252781646583,28.9127523145688,23.5576127254467,24.1150516431012,13.6618456181811,15.9931943676593,-0.00060512507538078,4.27712451861705,1,1
"10522","PmetTSAr1.1-013815",2.83253337119316,2.67730956192817,4.58662774257026,4.07743942897765,3.422589793187,4.04273433172741,4.35838019721114,4.92533773446498,0.244377866596879,1.97439984274302,0.409702413243397,1
"10523","PmetTSAr1.1-013816",8.22783503060871,8.09142445382735,7.09272331325299,6.24854354051121,8.92057978011504,5.25838171819089,5.6994202578915,7.98244391447772,-0.0916093719474327,2.85721011032003,0.768398895189069,1
"10524","PmetTSAr1.1-013817",17.4448086987769,17.253772732426,19.81234045502,24.8882666444091,18.2416753870924,29.6561420558185,22.9443572882029,21.428049798793,0.21643328366535,4.42803300595258,0.47113619312293,1
"10525","PmetTSAr1.1-013818",2.60772913538418,4.01596434289225,1.74953841726907,2.91245673498404,2.54873708003287,4.49506824296963,8.54913038683724,5.06687042798409,0.868916170853929,2.02786427751657,0.019188902345542,1
"10526","PmetTSAr1.1-013819",9.03713027952104,8.80537367034153,9.12597066305217,12.8412865133387,8.55647448296749,14.8987482015409,10.6864129835466,11.1810827880096,0.186064302071979,3.42084339402398,0.543315916749154,1
"10527","PmetTSAr1.1-013820",2.11315981660442,4.31344318310649,1.89139288353413,2.67416482030353,3.0948950257542,4.35371389570644,7.58525784322324,4.81211157964969,0.846400413049005,1.9773534303764,0.0153074687773556,1
"10528","PmetTSAr1.1-013821",17.5796912402623,24.898978925932,13.381604651004,8.2078326167732,12.5616327515906,21.627215131269,6.76806155624615,6.05759928261785,-0.446987125566388,3.80103777759687,0.300462630422361,1
"10529","PmetTSAr1.1-013822",23.0649145940015,26.654104083196,22.223866381526,19.539937003802,22.0647810071417,24.680469032154,23.3843860581136,20.012722863602,-0.0211745071361314,4.5087202354601,0.941547412266401,1
"10530","PmetTSAr1.1-013823",3.5519069257819,2.88554475007814,3.83007058915661,2.56825730266774,3.16771608518371,3.30769172595879,3.33164640075275,2.40605578982485,-0.0621139672611376,1.67231027404878,0.819305032307455,1
"10531","PmetTSAr1.1-013825",1.97827727511903,1.75512515726402,1.79682323935742,3.73323999666136,2.91284237718042,3.30769172595879,2.2001438495537,2.57589502204778,0.230274553239087,1.37883286580699,0.440894923789075,1
"10532","PmetTSAr1.1-013827",2.11315981660442,1.96336034541399,1.84410806144578,3.60085559961663,2.73078972860665,2.71400346745336,2.43063510998314,2.20791001889809,0.0671900539040567,1.33214989084433,0.807288405124603,1
"10533","PmetTSAr1.1-013829",1.97827727511903,1.4873942010712,1.70225359518072,3.91857815252398,2.62155813946238,2.85535781471656,2.05346759291679,2.83065387038217,0.173007256354244,1.32153436205977,0.577591328279962,1
"10534","PmetTSAr1.1-013833",2.3379640524134,1.69562938922117,2.36424110441766,2.78007233793931,2.51232655031811,2.34648216456905,2.40968135903501,2.26452309630574,0.0539767186539883,1.26328040854574,0.852337177974345,1
"10535","PmetTSAr1.1-013835",1.97827727511903,1.75512515726402,1.93867770562248,3.04484113202877,2.00257913431154,2.26166955621114,2.26300510239809,2.12299040278663,-0.0194066452993765,1.1613662599621,0.969224799669619,1
"10536","PmetTSAr1.1-013837",2.24804235808981,1.42789843302836,1.74953841726907,2.56825730266774,1.85693701545252,2.51610738128489,1.78106883059109,2.29282963500956,0.0757906804757987,1.08270139062121,0.811562548253663,1
"10537","PmetTSAr1.1-013839",2.3379640524134,1.84436880932829,2.31695628232931,3.01836425261982,1.85693701545252,2.51610738128489,1.73916132869483,2.20791001889809,-0.198256635908625,1.195565228089,0.485470196466218,1
"10538","PmetTSAr1.1-013841",1.88835558079544,1.45764631704978,1.84410806144578,3.01836425261982,2.14822125317056,1.97896086168474,2.03251384196866,1.92484463185988,-0.0332977949645786,1.0711278724185,0.936603035114313,1
"10539","PmetTSAr1.1-013843",1.93331642795724,2.23109130160681,2.1278169939759,2.62121106148563,2.25745284231483,2.20512781730586,1.94869883817614,2.40605578982485,-0.0268436357258291,1.18866645982875,0.952080120479145,1
"10540","PmetTSAr1.1-013847",1.97827727511903,1.30890689694266,1.70225359518072,2.91245673498404,1.7112948965935,2.28994042566378,1.9906063400724,1.83992501574841,-0.019098442254988,1.02294335982471,0.968200964881257,1
"10541","PmetTSAr1.1-013849",2.427885746737,1.87411669334972,1.93867770562248,2.75359545853036,2.18463178288532,2.43129477292697,2.13728259670931,2.46266886723249,0.0300013243691575,1.22615537652797,0.908279598453943,1
"10542","PmetTSAr1.1-013851",1.57362965066287,1.96336034541399,2.17510181606425,2.72711857912142,2.58514760974762,2.20512781730586,2.26300510239809,1.9531511705637,0.0809823522300628,1.16693228128555,0.757022548541012,1
"10543","PmetTSAr1.1-013853",1.97827727511903,1.57663785313548,1.93867770562248,2.56825730266774,2.25745284231483,2.0920443394953,1.73916132869483,2.63250809945542,0.104120472440374,1.11117333684933,0.703777358760875,1
"10544","PmetTSAr1.1-013855",1.70851219214826,1.93361246139257,2.17510181606425,2.80654921734825,2.25745284231483,2.00723173113738,2.36777385713875,2.17960348019427,0.0224616854410205,1.16648646739867,0.937351705023643,1
"10545","PmetTSAr1.1-013856",32.8214184281112,18.1462092530687,34.1869263698794,13.6355928956071,26.6160972214861,16.5667294992466,16.0086657243717,20.9185321021242,-0.301325685448934,4.48567098452901,0.391483450335145,1
"10546","PmetTSAr1.1-013857",22.4354627337363,16.272092559719,24.3043985534136,23.0348850857828,25.0504444437516,23.6061759929537,19.0888671137469,21.0317582569395,0.0451997383363321,4.453551691889,0.87815580380542,1
"10547","PmetTSAr1.1-013858",2.29300320525161,3.95646857484941,2.60066521485943,2.32996538798723,1.74770542630825,2.60091998964281,2.66112637041257,2.74573425427071,-0.19626823211084,1.42312969735008,0.502467003237834,1
"10548","PmetTSAr1.1-013859",20.6370288472645,22.9058706964966,21.5618788722891,16.8392953040895,22.465296834004,17.5279390606363,23.4682010619062,19.7296574765637,0.0222113712011835,4.37172031205384,0.940616185849441,1
"10549","PmetTSAr1.1-013860",2.47284659389879,2.40957860573535,3.68821612289155,2.32996538798723,2.4395054908886,4.15581780953796,3.89739767635227,3.28355848964332,0.350203926843138,1.65475518674538,0.239896486987198,1
"10550","PmetTSAr1.1-013861",23.5594839127812,23.6793156810536,35.3690469220882,23.8821452268691,27.8904657615025,28.7232033638814,29.1047600669533,25.3343521399204,0.0612839395792851,4.76825227574797,0.836712881205907,1
"10551","PmetTSAr1.1-013862",9.486738751139,9.54907077087713,11.0646483686747,10.4054136077157,9.64879037441015,11.4779729977715,12.4465280631895,11.0678566331943,0.141283024259738,3.42056841131761,0.621059116361271,1
"10552","PmetTSAr1.1-013863",4.40616302185603,3.80772915474228,4.01920987751002,3.04484113202877,4.26003197662637,3.87310911501157,3.85549017445601,3.22694541223568,-0.00183517180799502,1.95192860397788,1,1
"10553","PmetTSAr1.1-013864",5.39530165941555,5.53310642798488,10.8282242582329,8.39317077263582,5.5344005166428,8.08546866345481,9.40823417571059,8.23720276281212,0.0554761579223959,2.95229860404449,0.87306539246871,1
"10554","PmetTSAr1.1-013866",3.32710268997292,2.40957860573535,4.25563398795179,4.28925446424922,4.1508003874821,2.43129477292697,2.70303387230883,2.32113617371338,-0.302625144200887,1.71799023228762,0.324292304105383,1
"10555","PmetTSAr1.1-013868",14.8370795633928,12.6725985931267,27.1887727008031,25.0471279208627,21.3365704128466,24.9066359877751,16.4486944942824,15.087385129137,-0.0360676636271272,4.30365939091716,0.915676271417942,1
"10556","PmetTSAr1.1-013869",26.706743214107,28.3497334724172,29.0328807622489,28.5155991234346,28.7643184746567,23.6909886013117,26.4645874474888,26.6081463815924,-0.0938069877331817,4.7722339792129,0.738961072734828,1
"10557","PmetTSAr1.1-013870",40.4647624456166,41.4090545578223,34.7070594128513,31.4280558584187,38.8136246759291,32.1439785676508,41.0693518583358,37.5061637825638,0.014922905323931,5.2193202371644,0.960970343986405,1
"10558","PmetTSAr1.1-013871",2.29300320525161,2.55831802584247,2.83708932530119,2.62121106148563,1.89334754516727,2.48783651183225,3.14306264221958,3.19863887353185,0.0636059712767982,1.42982107589216,0.834819647497667,1
"10559","PmetTSAr1.1-013872",4.09143709172346,4.70016567538501,8.51126797590358,3.7597168760703,4.69695833320343,4.57988085132755,15.0447931807577,4.6988854248344,0.468523543891152,2.66257705111549,0.276096163262674,1
"10560","PmetTSAr1.1-013873",10.5208382358603,6.663526020799,32.2482486642569,23.0613619651918,14.4185697670431,9.55555387499205,6.8728303109868,6.82187582762103,-0.944819483098457,3.78766782816509,0.0335368818282107,1
"10561","PmetTSAr1.1-013874",1.48370795633928,1.99310822943541,5.95788758313251,3.7597168760703,2.58514760974762,1.9506899922321,4.02312018204106,1.50024655130255,-0.383575713388964,1.56681003709261,0.350463134383443,1
"10562","PmetTSAr1.1-013875",16.9052785328354,13.3865478096408,10.0716671048192,14.0856998455592,13.690359172748,12.382640820256,13.7037531200773,13.7286712713535,-0.0255396421090933,3.76089460720622,0.933114885491516,1
"10563","PmetTSAr1.1-013876",6.65420537994584,6.99075274503466,6.24159651566263,6.03672850523964,6.77235852694448,5.73898649888576,5.86705026547654,6.0009862052102,-0.0894814549329702,2.66613590659638,0.752350083326354,1
"10564","PmetTSAr1.1-013877",34.7097740089067,32.127714743138,45.0624354502006,33.6521137287701,34.9905190558798,35.1972324685358,27.3236912363622,27.9102471619682,-0.214543905042614,5.08429530431491,0.471799064012098,1
"10565","PmetTSAr1.1-013878",10.5657990830221,10.4712551755413,24.6826771301204,8.34021701381793,14.6370329453316,10.0644295251396,11.5874242743162,10.3035800881911,-0.212254775765548,3.65841005557584,0.556571624810239,1
"10566","PmetTSAr1.1-013880",17.9393780175567,17.6999909927473,19.3867770562248,16.4686189923643,18.0232122088039,14.9835608098988,14.5838106598988,19.3899790121179,-0.0940456288380686,4.11824985064295,0.743212828350206,1
"10567","PmetTSAr1.1-013881",19.8277335983521,16.0043616035262,17.1643904180722,12.1528876487061,16.7488436687874,15.2662695044252,16.9725382679857,17.9180389995191,0.0397694709310584,4.04999636654451,0.895745037930494,1
"10568","PmetTSAr1.1-013882",7.95806994763793,6.96100486101324,8.74769208634535,5.63957531410546,8.77493766125602,6.72846692972813,7.69002659796389,7.52953929521658,0.0706846885653752,2.9183810436535,0.817030484436335,1
"10569","PmetTSAr1.1-013883",21.7160891791476,29.6586403693598,26.1957914369477,25.2854198355432,26.0699392757648,28.8928285805973,31.7449326864177,29.3538806358631,0.174127318380704,4.77774458973585,0.542353889985737,1
"10570","PmetTSAr1.1-013885",1.43874710917748,3.3317630103995,2.08053217188754,2.40939602621407,2.0389896640263,2.94017042307448,3.47832265738966,2.97218656390128,0.296023972117833,1.41132890803498,0.333996058966454,1
"10571","PmetTSAr1.1-013886",24.9083093276351,25.1369619981034,19.7650556329317,17.5012172893132,22.319654715145,20.0157755724686,20.3460921706347,19.050300547672,-0.095191709891943,4.40524235098683,0.741752080030238,1
"10572","PmetTSAr1.1-013887",5.79994928387171,4.0754601109351,16.2659787983935,18.2425699127637,15.9478120150628,9.41419952772885,1.15245630214718,3.62323695408918,-0.560424252063227,3.22662629411038,0.362945755454677,1
"10573","PmetTSAr1.1-013888",6.47436199129866,5.86033315222055,5.01219114136544,8.23430949618214,6.80876905665924,8.73569866086551,9.78540169277695,8.57688122725798,0.404699218324068,2.90841618314138,0.177288354717327,1
"10574","PmetTSAr1.1-013889",9.44177790397721,10.2332721033699,13.5707439393574,13.7415004132429,14.4185697670431,15.2945403738778,15.7781744639423,16.191340138586,0.392368991561764,3.77090590364063,0.177431073206428,1
"10575","PmetTSAr1.1-013890",5.88987097819531,4.99764451559925,6.09974204939757,8.52555516968055,5.68004263550182,8.99013648593927,9.74349419088068,9.14301200133441,0.395110458853878,2.89829723984599,0.208979537460328,1
"10576","PmetTSAr1.1-013891",11.0603684018019,11.363691696184,15.1784278903614,15.2771594189617,16.7852541985022,17.1886886272046,18.5231158381474,20.5222405602707,0.465498841626497,3.98229916989851,0.109203100760609,1
"10577","PmetTSAr1.1-013892",5.39530165941555,7.05024851307751,3.68821612289155,8.31374013440898,3.8231056200493,9.32938691937094,11.4617017686274,7.67107198873568,0.399085596392213,2.842427950226,0.281259369976963,1
"10578","PmetTSAr1.1-013893",54.0429382884791,57.5026598134128,54.1884061132528,37.9943219518372,54.6886156315624,46.1097880772545,58.5447801490766,49.6779754252071,0.0372371211735853,5.69078898168773,0.909553859562835,1
"10579","PmetTSAr1.1-013894",20.9067939302352,18.6519232814329,17.7790931052208,25.391327353179,18.3873175059514,24.9066359877751,22.7138660277735,22.6452309630574,0.0994161814103903,4.42555504807751,0.732721121874507,1
"10580","PmetTSAr1.1-013895",19.3781251267342,18.2057050211115,15.4621368228915,25.391327353179,17.0401279065055,25.783032940807,23.3424785562174,22.2206328825,0.171643349047274,4.38699035871443,0.565895015773478,1
"10581","PmetTSAr1.1-013896",10.8805250131547,10.4415072915199,18.6302199028112,15.9920351630033,11.1780326224299,18.3195234053102,18.4183470834067,13.1059274198695,0.126701800933364,3.87630405755807,0.696597740573837,1
"10582","PmetTSAr1.1-013897",38.8461719477919,42.6287178027007,40.0502443088352,40.1124723045529,47.3700991588966,46.4207676412336,55.7998387748715,47.8097438707549,0.288372619973036,5.49012784796286,0.335778644461478,1
"10583","PmetTSAr1.1-013898",6.69916622710764,5.83058526819912,15.5567064670682,16.2832808365017,8.99340083954455,12.9763290787614,7.04046031857185,6.62373005669428,-0.316782831448686,3.33022381532567,0.414252450470394,1
"10584","PmetTSAr1.1-013899",3.10229845416394,1.87411669334972,2.36424110441766,2.72711857912142,3.8231056200493,2.40302390347433,2.17919009860557,2.46266886723249,0.105891958377089,1.41874565216855,0.713861261318523,1
"10585","PmetTSAr1.1-013900",15.4215705764961,15.290412387012,20.4270431421686,16.7069109070448,17.404233203653,16.5667294992466,17.664012049274,18.2011043865574,0.0423449768115446,4.11021040992409,0.884533136807307,1
"10586","PmetTSAr1.1-013901",23.0199537468397,21.5077201474896,16.8806814855421,23.6173764327797,23.7396653740204,26.1222833742386,30.2362626181523,26.0137090688122,0.319307667841044,4.5826291643503,0.265856874514146,1
"10587","PmetTSAr1.1-013902",3.77671116159088,3.53999819854947,3.78278576706826,5.58662155528756,3.53182138233126,4.21235954844324,3.35260015170088,4.9536442731688,-0.0607942262944246,2.05530253979068,0.846734792924698,1
"10588","PmetTSAr1.1-013903",33.765596218509,34.5967891169162,36.2674585417669,36.7234317402078,38.5587509679258,39.098612453,45.5115470593394,40.4500438077612,0.211109780429332,5.25500249023234,0.471467594878134,1
"10589","PmetTSAr1.1-013905",35.6989126464662,35.4297298695161,33.5722236827308,37.2000155695688,39.0684983839324,41.3885528786638,44.6105357685698,41.0727876592453,0.227480917647606,5.26944160028363,0.435811682314333,1
"10590","PmetTSAr1.1-013907",4.04647624456166,3.27226724235665,3.78278576706826,6.9369424051438,4.00515826862308,6.13477867122271,5.44797524651393,5.3499358150223,0.211397936870369,2.30529323013435,0.504784174557859,1
"10591","PmetTSAr1.1-013908",4.31624132753244,2.52857014182105,2.36424110441766,4.55402325833868,3.34976873375749,3.87310911501157,3.68786016687097,3.42509118316243,0.0563673410437369,1.83883607481175,0.860423693981803,1
"10592","PmetTSAr1.1-013910",3.73175031442909,3.30201512637807,4.25563398795179,7.14875744041537,4.33285303605588,5.85206997669631,5.28034523892889,4.9536442731688,0.143248964429194,2.30053446159901,0.653160831648411,1
"10593","PmetTSAr1.1-013911",5.35034081225375,2.40957860573535,4.30291881004014,3.94505503193292,3.78669509033455,3.56212955103254,2.91257138179014,3.39678464445861,-0.224358829406617,1.91065007295784,0.452767515434915,1
"10594","PmetTSAr1.1-013913",4.13639793888525,2.91529263409956,4.20834916586344,6.53978921400961,3.60464244176077,5.25838171819089,5.2174839860845,4.13275465075797,0.0323698532690465,2.19184087000595,0.922822002350063,1
"10595","PmetTSAr1.1-013914",3.82167200875268,2.61781379388532,3.35722236827308,3.99800879075082,3.49541085261651,3.36423346486407,3.56213766118219,2.77404079297453,-0.0628352564595644,1.77993445098484,0.821788216817815,1
"10596","PmetTSAr1.1-013916",3.41702438429651,3.27226724235665,4.16106434377508,7.12228056100642,3.422589793187,5.88034084614895,4.86127021996628,4.01952849594268,0.0134808164341681,2.19824862099864,0.969343001670457,1
"10597","PmetTSAr1.1-013917",5.03561488212118,2.49882225779962,3.16808307991967,4.1039163083866,3.27694767432797,2.91189955362184,2.80780262704949,3.22694541223568,-0.27484841959696,1.77990010795242,0.345967873485976,1
"10598","PmetTSAr1.1-013918",17.5347303931005,18.8304105855615,21.3254547618473,19.1163069332589,15.2196014207677,27.3944724996074,28.3923325347168,21.7677282632389,0.273357951091429,4.41047222031959,0.369524844889069,1
"10599","PmetTSAr1.1-013919",27.1563516857249,14.3979758663693,59.5788758313251,17.3953097716774,26.9437919889189,20.8921725255004,13.494215610596,14.3797216615414,-0.645917711814046,4.60349284887787,0.128180550246026,1
"10600","PmetTSAr1.1-013920",14.6572361747456,8.71613001827726,34.2342111919677,10.2200754518531,13.4354854647447,12.693620384235,7.77384160175642,7.41631314040129,-0.713539275907761,3.77345456575227,0.0889230238744233,1
"10601","PmetTSAr1.1-013922",3.23718099564933,3.12352782224953,3.78278576706826,3.25665616730033,3.8231056200493,3.87310911501157,3.52023015928592,3.08541271871657,0.0957459484329071,1.8168007701307,0.722613259807511,1
"10602","PmetTSAr1.1-013924",5.26041911793016,4.43243471919219,7.56557153413652,4.44811574070289,5.64363210578707,5.96515345450687,6.01372652211345,6.17082543743313,0.138272020884596,2.52226952707655,0.646689687733087,1
"10603","PmetTSAr1.1-013925",36.0585994237606,27.3978011837316,42.2726309469878,33.202006778818,32.587424094706,37.7133398498207,29.544788836864,32.4392933545797,-0.0702438497114481,5.08566724359787,0.813682465917727,1
"10604","PmetTSAr1.1-013926",8.72240434938847,8.35915541002017,10.308091215261,9.87587601953678,6.80876905665924,12.6370786453297,9.59681793424377,10.6998716300446,0.0940662054585138,3.27648682379547,0.760137481299672,1
"10605","PmetTSAr1.1-013927",11.5998985677434,10.4712551755413,14.4218707369477,10.2200754518531,13.6539486430332,9.52728300553941,11.0007192477685,12.4265704909777,-0.0022543856461775,3.55101174586723,0.995011614650617,1
"10606","PmetTSAr1.1-013928",12.0944678865232,10.7092382477127,14.1381618044176,15.9390814041854,16.0570436042071,17.3300429744678,16.5115557471268,13.1342339585733,0.253091020894245,3.86336244785193,0.385579361697947,1
"10607","PmetTSAr1.1-013929",16.6804742970264,17.0752854282974,21.6091636943774,24.0145296239138,21.9555494179974,16.142666457457,12.5722505688783,17.3802147641465,-0.223460489314935,4.20833208210385,0.464633320950003,1
"10608","PmetTSAr1.1-013930",11.3750943319344,9.07310462653435,11.0173635465863,10.9614280753036,9.79443249326917,10.3471382196659,9.78540169277695,9.00147930781531,-0.123364588826164,3.35443832685389,0.66172658781322,1
"10609","PmetTSAr1.1-013931",15.0618837992017,13.2378083895337,14.8001493136546,11.3850581458467,14.8190855939054,12.1847447340875,15.4848219506684,13.7003647326497,0.0457639853503411,3.79629804367064,0.876973604353577,1
"10610","PmetTSAr1.1-013932",5.26041911793016,6.45529083264903,5.8633179389558,4.58050013774762,4.04156879833783,6.19132041012799,7.48048908848259,6.31235813095224,0.120303804242565,2.54577040730578,0.697507358015867,1
"10611","PmetTSAr1.1-013933",37.5872682272616,43.6698937434506,19.5286315224899,31.1632870643292,34.4079505804437,37.2044641996732,42.4732531718605,37.1664853181179,0.196581448196454,5.14850629817172,0.544221433398573,1
"10612","PmetTSAr1.1-013936",5.71002758954812,5.59260219602773,8.7949769084337,6.53978921400961,7.2456954132363,6.55884171301229,16.4696482452306,6.19913197613696,0.457091475880319,2.9928277215596,0.209979934341025,1
"10613","PmetTSAr1.1-013937",3.19222014848753,3.83747703876371,3.26265272409637,2.46234978503196,3.45900032290175,3.25114998705351,3.75072141971536,3.14202579612421,0.0957625400358114,1.74700635156727,0.735569835982406,1
"10614","PmetTSAr1.1-013938",2.15812066376622,2.17159553356396,2.50609557068272,2.32996538798723,3.34976873375749,2.742274336906,6.11849527685411,2.15129694149045,0.653920803718239,1.59181204148448,0.048611638973576,1
"10615","PmetTSAr1.1-013939",2.87749421835496,4.40268683517077,4.06649469959838,2.27701162916934,3.31335820404273,2.45956564237961,2.91257138179014,3.17033233482803,-0.199073635977708,1.69667056584034,0.495502579205544,1
"10616","PmetTSAr1.1-013940",1.97827727511903,2.40957860573535,3.16808307991967,2.80654921734825,3.422589793187,2.68573259800072,9.38728042476247,2.32113617371338,0.786323958183837,1.8490190862543,0.0532973674292925,1
"10617","PmetTSAr1.1-013941",5.39530165941555,5.14638393570637,6.38345098192769,5.58662155528756,5.75286369493133,6.50229997410702,15.3171919430834,4.67057888613058,0.521948186228839,2.79063892664036,0.160871545710231,1
"10618","PmetTSAr1.1-013942",2.96741591267855,3.15327570627095,4.58662774257026,2.32996538798723,3.53182138233126,3.3925043343167,3.41546140454527,2.94388002519746,0.0360660699699446,1.74241380440158,0.921787911415617,1
"10619","PmetTSAr1.1-013943",3.28214184281112,3.12352782224953,3.40450719036143,2.78007233793931,3.71387403090504,2.54437825073753,3.05924763842705,2.83065387038217,-0.0503894257400933,1.65517116897404,0.866498978885216,1
"10620","PmetTSAr1.1-013944",10.0712297642424,10.0845326832628,7.47100188995981,8.28726325500003,10.2313588498462,8.17028127181273,9.59681793424377,9.34115777226117,0.0554407621708482,3.20459326921183,0.849586733661779,1
"10621","PmetTSAr1.1-013945",9.30689536249182,10.5604988276056,5.57960900642568,4.89822269065497,7.02723223494777,5.39973606545409,6.01372652211345,6.08590582132167,-0.307715319098905,2.78994757151456,0.344723283575672,1
"10622","PmetTSAr1.1-013946",10.3859556943749,10.2035242193485,9.40967959558229,8.04897134031952,8.73852713154126,8.73569866086551,9.47109542855499,9.39777084966881,-0.0649424087489951,3.22628473090321,0.819705755036436,1
"10623","PmetTSAr1.1-013947",8.3177567249323,8.29965964197732,6.95086884698793,6.48683545519172,6.95441117551826,7.66140562166522,6.43280154107606,5.94437312780256,-0.154869241881713,2.84589706984379,0.592395364296405,1
"10624","PmetTSAr1.1-013948",13.8479409258332,11.0959607399912,21.420024406024,13.5826391367892,16.2390962527809,13.3438503816457,9.53395668139938,11.4075350976402,-0.246184655439703,3.79260119823989,0.44111450538274,1
"10625","PmetTSAr1.1-013949",4.00151539739986,4.64066990734216,5.1540456076305,5.98377474642175,4.58772674405916,6.19132041012799,5.30129898987702,5.43485543113377,0.119488433581384,2.38623942886063,0.679166106069441,1
"10626","PmetTSAr1.1-013951",4.09143709172346,3.59949396659232,3.21536790200802,3.91857815252398,4.29644250634112,3.16633737869559,3.33164640075275,3.22694541223568,-0.0848569032516043,1.87393230513813,0.766835939421912,1
"10627","PmetTSAr1.1-013952",21.9858542621184,22.3109130160681,24.1152592650601,36.16741727262,21.7734967694237,27.6771811941338,26.7369862098145,28.108392932895,-0.00447225816730637,4.71021742867864,0.989923281272368,1
"10628","PmetTSAr1.1-013953",57.6398060614228,22.4894003201966,29.6002986273091,96.7729942396969,119.06243216725,70.8467988483138,15.5895907054091,23.0415225049109,0.145807524454613,5.76651897145615,0.801187564549065,1
"10629","PmetTSAr1.1-013954",8.3177567249323,7.49646677339887,6.95086884698793,9.1345233960863,8.11954812639043,5.79552823779104,7.08236782046811,8.54857468855416,-0.112338774868759,2.95267980962472,0.705556528613635,1
"10630","PmetTSAr1.1-013955",4.04647624456166,3.09377993822811,4.63391256465862,7.09580368159747,4.76977939263294,8.59434431360232,8.77962164726668,6.87848890502868,0.619779845475556,2.59976323787391,0.0662882423551242,1
"10631","PmetTSAr1.1-013958",12.4991155109794,12.3156239848696,9.78795817228912,10.2200754518531,11.6877800384364,8.76396953031815,10.9378579949241,14.124962813207,0.021828307966677,3.50506090163255,0.943437424500068,1
"10632","PmetTSAr1.1-013959",45.5003773277378,47.4776228981929,36.3620281859436,33.6785906081791,45.0034147274375,33.9815850820723,35.9566366269919,41.6106118946179,-0.0585300328303347,5.32210905368053,0.848785012454839,1
"10633","PmetTSAr1.1-013960",15.3316488821725,15.8258742993976,12.8141867859437,12.9736709103834,15.328833009912,12.7501621231403,13.494215610596,15.9082747515478,0.0130983311505389,3.84440886390439,0.96504414452919,1
"10634","PmetTSAr1.1-013961",1.88835558079544,2.14184764954254,1.98596252771084,1.93281219685304,1.82052648573776,1.63971042825307,1.61343882300605,2.06637732537899,-0.159372796939829,0.960448289555873,0.552122031502961,1
"10635","PmetTSAr1.1-013962",17.2649653101297,12.7023464771481,13.6653135835341,13.3178703426997,14.7462645344759,10.7429303920029,12.0064992932788,13.6720581939459,-0.154160423867031,3.76239103736255,0.596665402161695,1
"10636","PmetTSAr1.1-013963",3.19222014848753,2.14184764954254,2.03324734979919,2.43587290562301,2.18463178288532,1.9506899922321,2.11632884576118,2.17960348019427,-0.214154867689413,1.22463172170505,0.433793947115955,1
"10637","PmetTSAr1.1-013964",17.220004462968,18.7411669334972,17.6372386389558,24.8617897650001,17.1857700253645,23.4365507762379,33.0859727470981,27.0044379234459,0.360016068080464,4.48996600528844,0.245218114126871,1
"10638","PmetTSAr1.1-013965",8.99216943235925,8.59713848219156,8.46398315381523,14.3504686396486,10.8503378549971,10.8560138698135,11.3569330138867,10.4451127817102,0.104468894961555,3.40012592174651,0.727449700959735,1
"10639","PmetTSAr1.1-013967",5.30537996509196,4.90840086353498,4.16106434377508,4.87174581124603,5.38875839778378,4.86258954585394,5.67846650694337,5.54808158594906,0.157653999344806,2.36587522532529,0.565442891961181,1
"10640","PmetTSAr1.1-013968",4.99065403495938,5.89008103624197,4.30291881004014,5.18946836415338,6.15337952179364,6.21959127958062,5.80418901263215,6.17082543743313,0.253723644067614,2.4998428298261,0.359669388972443,1
"10641","PmetTSAr1.1-013969",4.13639793888525,4.40268683517077,4.30291881004014,4.1039163083866,4.04156879833783,5.14529824038033,4.54696395574432,4.3025938829809,0.0909620707345631,2.14922745417926,0.748199517315562,1
"10642","PmetTSAr1.1-013970",6.87900961575482,6.96100486101324,5.29590007389556,7.12228056100642,6.44466375951168,7.83103083838106,7.50144283943072,7.92583083707008,0.176415372054511,2.82006298209831,0.538614445767412,1
"10643","PmetTSAr1.1-013971",3.68678946726729,4.0754601109351,3.73550094497991,3.44199432316295,3.96874773890832,4.12754694008532,4.42124145005554,4.13275465075797,0.15747214854928,2.00448301329417,0.558411179641757,1
"10644","PmetTSAr1.1-013972",11.2851726376109,11.1257086240126,9.64610370602406,12.4706102016135,7.31851647266581,10.8560138698135,8.73771414537042,14.124962813207,-0.118157873310519,3.42749073090625,0.702958185058876,1
"10645","PmetTSAr1.1-013973",9.80146468127158,10.2332721033699,8.36941350963852,9.55815346662943,6.08055846236413,9.13149083320246,9.05202040959238,11.6906004846784,-0.0778257204769187,3.21784685367836,0.799126844434741,1
"10646","PmetTSAr1.1-013974",3.10229845416394,3.27226724235665,4.11377952168673,4.15687006720449,3.85951614976406,3.76002563720101,4.21170394057423,3.36847810575478,0.0536295802841501,1.92359401860993,0.845899813866205,1
"10647","PmetTSAr1.1-013975",6.65420537994584,6.36604718058476,6.19431169357427,8.76384708436106,6.51748481894119,6.95463388534924,6.78901530719428,6.68034313410192,-0.0565871873742008,2.79270912265273,0.851731610662447,1
"10648","PmetTSAr1.1-013976",3.01237675984035,3.48050243050662,4.20834916586344,4.44811574070289,3.38617926347224,3.56212955103254,4.33742644626301,3.02879964130892,-0.0811563835264921,1.90564848541466,0.778406103581485,1
"10649","PmetTSAr1.1-013977",5.75498843670992,5.86033315222055,6.38345098192769,8.15487885795531,6.26261111093791,6.75673779918077,6.26517153349102,6.73695621150957,-0.00943614694257934,2.71938560653604,0.985290169863763,1
"10650","PmetTSAr1.1-013978",9.71154298694798,7.19898793318463,32.7210968851404,14.4563761572844,11.3600852710036,11.5627856061294,11.9226842894863,7.84091122095862,-0.584291436749176,3.74291666569453,0.1599474487622,1
"10651","PmetTSAr1.1-013979",7.91310910047614,6.84201332492754,6.80901438072287,4.89822269065497,6.77235852694448,4.63642259023283,5.02890022755132,5.77453389557963,-0.251506747967964,2.61749948139221,0.400702748113203,1
"10652","PmetTSAr1.1-013980",9.84642552843337,7.10974428112036,29.9312923819276,15.0388675042812,11.3964958007184,11.7606816922979,11.3569330138867,7.92583083707008,-0.543302484611586,3.71034058859661,0.174628149349337,1
"10653","PmetTSAr1.1-013981",10.5657990830221,7.2882315852489,7.09272331325299,6.5927429728275,7.17287435380679,4.52333911242227,5.17557648418823,5.3499358150223,-0.504918512414667,2.75915510011901,0.098959930839221,1
"10654","PmetTSAr1.1-013982",7.37357893453458,8.65663425023441,9.36239477349394,4.60697701715657,7.2456954132363,4.72123519859075,7.77384160175642,6.19913197613696,-0.206717971491338,2.8169941906264,0.518890528773734,1
"10655","PmetTSAr1.1-013983",5.66506674238632,3.30201512637807,6.80901438072287,2.72711857912142,5.20670574921,2.71400346745336,1.57153132110979,2.29282963500956,-0.651156082005879,1.93381966995833,0.0989775948644757,1
"10656","PmetTSAr1.1-013984",8.3177567249323,9.90604537913423,10.5918001477911,5.0306070876997,8.08313759667567,5.11702737092769,6.47470904297233,5.51977504724523,-0.424482787119526,2.89332065275514,0.190469771881208,1
"10657","PmetTSAr1.1-013985",5.79994928387171,4.25394741506365,8.7949769084337,4.50106949952079,6.9180006458035,4.15581780953796,2.30491260429436,2.51928194464013,-0.555793660139182,2.30604706347976,0.147248476570878,1
"10658","PmetTSAr1.1-013986",6.47436199129866,6.24705564449906,4.91762149718874,4.87174581124603,5.97132687321986,4.9756730236645,3.62499891402658,4.89703119576116,-0.212262067233514,2.40683692399482,0.471794495777959,1
"10659","PmetTSAr1.1-013987",8.22783503060871,8.03192868578451,9.55153406184735,9.24043091372208,10.3041799092757,9.27284518046566,9.38728042476247,8.23720276281212,0.0856768176108581,3.18472542517749,0.764344394678882,1
"10660","PmetTSAr1.1-013988",4.13639793888525,3.06403205420668,8.51126797590358,3.65380935843452,4.29644250634112,2.8836286841692,2.66112637041257,2.74573425427071,-0.617248829562172,2.01221255048691,0.0784492315598606,1
"10661","PmetTSAr1.1-013989",6.02475351968069,6.12806410841336,5.39046971807227,4.52754637892973,5.78927422464609,4.86258954585394,3.77167517066349,5.18009658279937,-0.172549345781101,2.39637313425594,0.554496995435081,1
"10662","PmetTSAr1.1-013990",6.87900961575482,8.80537367034153,10.2608063931727,9.71701474308311,8.3016007749642,8.42471909688648,9.11488166243677,8.37873545633123,-0.0597247038314407,3.13712373578297,0.838661520637117,1
"10663","PmetTSAr1.1-013991",2.96741591267855,3.12352782224953,7.56557153413652,3.30960992611823,4.66054780348867,2.94017042307448,1.88583758533175,2.77404079297453,-0.468006897491365,1.8856056628754,0.2085462963863,1
"10664","PmetTSAr1.1-013992",8.99216943235925,9.7573059590271,8.74769208634535,6.9369424051438,7.75544282924287,10.969097347624,11.8179155347456,9.08639892392677,0.204809641870193,3.22082139262097,0.494937895880625,1
"10665","PmetTSAr1.1-013993",6.56428368562225,7.64520619350599,8.03841975502005,5.11003772592654,6.95441117551826,5.03221476256978,6.30707903538728,7.07663467595543,-0.107252017569238,2.73281920905681,0.720863923797146,1
"10666","PmetTSAr1.1-013994",22.6602669695453,19.8120907582685,49.7436328369476,21.7904717535624,23.3391495471581,20.8639016560477,17.2868445322077,24.1454775143599,-0.411897406375808,4.64380753422347,0.23379931585712,1
"10667","PmetTSAr1.1-013995",6.33947944981327,7.16924004916321,4.30291881004014,6.61921985223645,4.00515826862308,9.18803257210774,4.92413147281067,6.48219736317517,0.00794415171442248,2.63127748283374,0.98197160612415,1
"10668","PmetTSAr1.1-013996",1.70851219214826,1.33865478096408,3.92464023333332,1.42975148808307,1.45642118859021,1.04602216974765,0.942918792665873,1.47194001259873,-0.75867833284166,0.769159089754357,0.0319173220121586,1
"10669","PmetTSAr1.1-013997",12.364232969494,14.8144462426692,15.3675671787148,13.2384397044729,13.4718959944594,12.3260990813507,15.4848219506684,12.6530228006083,-0.0481517820451711,3.7841582097622,0.866800456198615,1
"10670","PmetTSAr1.1-013998",8.85728689087386,6.69327390482042,6.19431169357427,3.8126706348882,8.44724289382322,4.07100520118004,6.99855281667559,8.03905699188537,0.111100072762791,2.7429605643989,0.750762263151773,1
"10671","PmetTSAr1.1-013999",5.53018420090094,5.26537547179207,5.72146347269074,4.79231517301919,5.20670574921,5.11702737092769,5.44797524651393,5.26501619891084,-0.0161214327174821,2.42029807083796,0.949152573619754,1
"10672","PmetTSAr1.1-014000",4.67592810482681,4.90840086353498,2.97894379156625,3.91857815252398,4.58772674405916,4.89086041530658,5.34320649177328,4.27428734427708,0.210553998806964,2.17441760207905,0.465031638724427,1
"10673","PmetTSAr1.1-014001",6.02475351968069,4.84890509549213,6.61987509236945,3.73323999666136,5.93491634350511,4.66469345968547,4.6726864614331,5.49146850854141,-0.0274130725759895,2.40645474221222,0.923497633334371,1
"10674","PmetTSAr1.1-014002",4.49608471617962,5.02739239962067,3.30993754618473,3.65380935843452,5.13388468978049,5.34319432654881,5.38511399366954,4.44412657650001,0.29883746409005,2.22197674592173,0.294070925024371,1
"10675","PmetTSAr1.1-014003",8.3177567249323,8.68638213425584,9.59881888393571,8.89623148140579,9.6852009041249,8.84878213867607,9.36632667381433,9.22793161744588,0.0648064164574397,3.19216789637219,0.819542268903382,1
"10676","PmetTSAr1.1-014004",6.29451860265147,8.71613001827726,4.39748845421685,6.96341928455275,6.15337952179364,8.6508860525076,8.21387037166716,8.54857468855416,0.256386861563648,2.87062995303146,0.406930343657087,1
"10677","PmetTSAr1.1-014005",2.20308151092802,2.91529263409956,1.5131143068273,2.03871971448883,2.0389896640263,2.17685694785322,2.55635761567192,2.68912117686306,0.119168414560148,1.22292052507387,0.676375911833036,1
"10678","PmetTSAr1.1-014006",7.1038138515638,7.49646677339887,4.68119738674697,7.14875744041537,5.64363210578707,8.48126083579176,8.52817663588911,7.10494121465925,0.170084867824183,2.82642167789513,0.574646243328798,1
"10679","PmetTSAr1.1-014007",5.62010589522453,5.14638393570637,4.72848220883532,5.00413020829076,6.33543217036742,4.57988085132755,3.81358267255975,4.18936772816561,-0.119543075694386,2.31719366694683,0.692173954010554,1
"10680","PmetTSAr1.1-014008",18.7936341136308,16.2125967916761,20.474327964257,23.1407926034186,17.5862858522268,20.2702133975423,22.6300510239809,20.3524013280478,0.0404404187092687,4.32168488861682,0.889791523573063,1
"10681","PmetTSAr1.1-014009",63.3498336509709,20.1393174825041,12.9087564301204,15.3830669365975,20.389896640263,13.6831008150774,5.51083649935832,13.5588320391306,-1.07290541071934,4.3678170342322,0.0291825412873706,1
"10682","PmetTSAr1.1-014010",12.364232969494,14.0410012581122,12.3413385650602,12.9736709103834,13.0349696378824,18.7718573165524,18.8793296042656,16.1064205224746,0.369099667452306,3.89563926261749,0.200504675493717,1
"10683","PmetTSAr1.1-014012",29.8540025154327,33.4961174081235,35.747325498795,21.022642250703,30.8761291981125,20.609463830974,26.1083736813706,27.2308902330765,-0.196127865335525,4.81618540185153,0.521690789926236,1
"10684","PmetTSAr1.1-014013",9.08209112668284,8.47814694610587,12.0103448104417,7.62534126977639,10.8139273252823,7.91584344673898,8.57008413778538,8.54857468855416,-0.0517080823764985,3.19923294712843,0.8626293247453,1
"10685","PmetTSAr1.1-014014",8.58752180790308,7.97243291774166,12.6250474975903,9.00213899904157,9.57596931498064,7.77448909947578,10.0368467041545,9.17131854003824,-0.0607531743125468,3.23270424456321,0.837597948198611,1
"10686","PmetTSAr1.1-014015",5.71002758954812,5.08688816766352,7.04543849116463,5.24242212297127,6.33543217036742,4.52333911242227,5.67846650694337,6.17082543743313,-0.0213287239098769,2.53128719241914,0.94441090409,1
"10687","PmetTSAr1.1-014016",4.85577149347399,5.20587970374922,4.3502036321285,6.46035857578278,6.9180006458035,6.70019606027549,4.69364021238123,4.9536442731688,0.150385466861725,2.48062360575848,0.607196082641273,1
"10688","PmetTSAr1.1-014017",4.90073234063579,6.5445344847133,7.61285635622487,6.67217361105434,6.95441117551826,6.58711258246493,5.88800401642467,7.33139352428982,0.0554291050807109,2.72742853287629,0.851882510711908,1
"10689","PmetTSAr1.1-014018",14.8370795633928,22.0134341758538,13.0033260742971,23.1407926034186,15.9478120150628,25.6699494629964,32.2897302110691,19.9278032474905,0.361407650948413,4.38761293580972,0.272255366788967,1
"10690","PmetTSAr1.1-014019",8.00303079479973,9.04335674251293,10.4972305036144,10.5642748841694,8.48365342353798,14.2202473346775,18.3554858305623,9.48269046578027,0.408600308075795,3.47948995949824,0.207933553730699,1
"10691","PmetTSAr1.1-014020",3.91159370307627,3.89697280680656,3.45179201244979,3.04484113202877,3.75028456061979,2.57264912019017,2.99638638558266,3.19863887353185,-0.193555222797339,1.76960360930543,0.473977231647761,1
"10692","PmetTSAr1.1-014022",2.74261167686957,3.3317630103995,2.97894379156625,2.25053474976039,3.422589793187,2.96844129252712,3.26878514790836,2.94388002519746,0.158403481635211,1.60885064021101,0.560972180391953,1
"10693","PmetTSAr1.1-014024",4.31624132753244,5.41411489189919,2.78980450321284,3.44199432316295,4.11438985776735,4.21235954844324,4.44219520100367,3.62323695408918,0.0351564205285705,2.03899083670843,0.90746011776853,1
"10694","PmetTSAr1.1-014025",7.28365724021099,6.00907257232767,8.84226173052206,7.12228056100642,7.75544282924287,8.99013648593927,8.88439040200733,6.73695621150957,0.148445910086986,2.95677478908976,0.618131038636307,1
"10695","PmetTSAr1.1-014026",5.12553657644477,5.94957680428482,4.53934292048191,3.83914751429714,4.8061899223477,4.72123519859075,5.36416024272141,5.2084031215032,0.0482987093434667,2.32381046338173,0.875986231956074,1
"10696","PmetTSAr1.1-014027",4.58600641050321,4.31344318310649,5.39046971807227,5.6660521935144,5.78927422464609,6.55884171301229,6.11849527685411,4.92533773446498,0.22911162549578,2.45493855546636,0.421232873372765,1
"10697","PmetTSAr1.1-014028",7.1487746987256,6.33629929656333,7.04543849116463,5.18946836415338,6.15337952179364,5.71071562943312,6.89378406193494,7.81260468225479,0.0502949106699256,2.72148063753759,0.870065251571024,1
"10698","PmetTSAr1.1-014031",8.04799164196152,11.2447001600983,8.74769208634535,8.15487885795531,8.44724289382322,9.21630344156038,10.7702279873391,10.3318866268949,0.0988520879679174,3.23817165742438,0.736043030448275,1
"10699","PmetTSAr1.1-014032",5.9797926725189,7.2882315852489,5.10676078554215,3.99800879075082,6.73594799722972,6.4174873657491,6.60043154866111,6.68034313410192,0.240783441130993,2.62392243164258,0.418844378464765,1
"10700","PmetTSAr1.1-014033",5.53018420090094,6.48503871667045,4.3502036321285,6.6456967316454,5.78927422464609,7.26561344932828,8.19291662071903,7.21816736947454,0.304363694377298,2.70178488977386,0.302955688133728,1
"10701","PmetTSAr1.1-014034",10.6107599301839,10.3225157554342,8.46398315381523,12.4970870810224,15.328833009912,15.1531860266146,9.82730919467321,16.2196466772898,0.429737246697899,3.62863271321034,0.154134190146364,1
"10702","PmetTSAr1.1-014035",4.7208889519886,6.33629929656333,4.87033667510038,5.93082098760386,5.89850581379035,7.43523866604411,8.77962164726668,7.84091122095862,0.452726214681474,2.7112677411118,0.121855577527165,1
"10703","PmetTSAr1.1-014038",8.40767841925589,8.03192868578451,8.13298939919676,8.97566211963263,8.59288501268224,10.8560138698135,11.0635805006129,10.1337408559682,0.277253160615516,3.22359732431899,0.329823384170964,1
"10704","PmetTSAr1.1-014040",9.71154298694798,9.19209616262005,7.3764322457831,8.60498580790738,9.17545348811833,10.8842847392661,10.434967972169,10.1903539333758,0.221764729273388,3.24971110069766,0.436003970548631,1
"10705","PmetTSAr1.1-014041",28.010607781799,28.4984728925243,23.3587021116465,24.6764516091375,26.6525077512009,26.9986803272704,25.3540386472379,26.1835483010351,0.00869073649860143,4.7157997918461,0.97637263158062,1
"10706","PmetTSAr1.1-014042",1.88835558079544,3.09377993822811,1.84410806144578,1.19145957340256,2.58514760974762,1.41354347263196,2.17919009860557,1.81161847704459,-0.00960461523396377,1.04372730323051,1,1
"10707","PmetTSAr1.1-014043",6.02475351968069,5.94957680428482,9.78795817228912,8.02249446091058,7.68262176981336,5.484548673812,4.42124145005554,5.91606658909874,-0.343079869061767,2.747001480426,0.274960615664173,1
"10708","PmetTSAr1.1-014044",2.78757252403137,3.12352782224953,3.59364647871485,3.04484113202877,2.91284237718042,2.2333986867585,1.7182075777467,2.43436232852867,-0.43925036763363,1.4773639293658,0.108874968639186,1
"10709","PmetTSAr1.1-014045",3.64182862010549,1.87411669334972,10.2608063931727,3.65380935843452,4.51490568462965,3.10979563979031,3.18497014411584,3.93460887983122,-0.392046268286063,2.10798266722934,0.351744985866704,1
"10710","PmetTSAr1.1-014046",5.03561488212118,6.03882045634909,7.23457777951804,6.98989616396169,6.22620058122315,6.72846692972813,6.9356915638312,7.81260468225479,0.130759313115647,2.74191081700483,0.652005186826486,1
"10711","PmetTSAr1.1-014047",19.6928510568667,12.5238591730195,10.6863697919678,14.2180842426039,13.6175381133185,13.9658095096038,16.050573226268,12.1435051039395,-0.0335586845968671,3.82509878329652,0.913125345034031,1
"10712","PmetTSAr1.1-014048",5.9797926725189,6.78251755688469,3.35722236827308,6.83103488750802,6.77235852694448,5.31492345709617,7.83670285460081,8.18058968540448,0.28808782868435,2.69001372639313,0.363173411809521,1
"10713","PmetTSAr1.1-014049",4.27128048037064,4.22419953104222,5.76874829477909,4.42163886129395,3.96874773890832,5.11702737092769,5.53179025030645,5.18009658279937,0.0886088213346176,2.28464252079078,0.768877322498151,1
"10714","PmetTSAr1.1-014051",4.40616302185603,4.67041779136358,6.47802062610439,4.89822269065497,4.29644250634112,5.88034084614895,5.07080772944758,5.54808158594906,0.0274466210796882,2.38306931195663,0.938043035466439,1
"10715","PmetTSAr1.1-014054",9.44177790397721,10.0250369152199,9.12597066305217,10.6701824018052,9.10263242868882,10.1775130029501,11.4407480176793,11.7755201007898,0.113896776011298,3.36260586309124,0.689684287670017,1
"10716","PmetTSAr1.1-014056",9.93634722275697,12.4941112889981,3.26265272409637,5.77195971115018,9.83084302298392,5.56936128216992,7.56430409227511,8.63349430466562,0.00362446236806247,2.99041091886295,0.992781522230734,1
"10717","PmetTSAr1.1-014058",9.5766604454626,11.7504141884625,3.59364647871485,6.11615914346648,8.73852713154126,5.34319432654881,8.77962164726668,8.94486623040766,0.0334621236876139,2.98579366977908,0.928424205611096,1
"10718","PmetTSAr1.1-014059",6.02475351968069,7.79394561361311,3.83007058915661,4.44811574070289,4.04156879833783,3.02498303143239,3.47832265738966,5.49146850854141,-0.465244055247238,2.2707724408839,0.152961676435986,1
"10719","PmetTSAr1.1-014061",5.12553657644477,2.70705744594959,6.66715991445781,13.7415004132429,3.60464244176077,3.05325390088503,1.42485506447287,9.73744931411467,-0.666536743833008,2.54069097694931,0.208795283931807,1
"10720","PmetTSAr1.1-014063",2.51780744106059,1.75512515726402,5.67417865060239,3.62733247902557,1.89334754516727,1.5831686893478,1.25722505688783,3.08541271871657,-0.791809478065417,1.44280153312663,0.0350105652960089,1
"10721","PmetTSAr1.1-014064",4.67592810482681,2.11209976552111,2.2223866381526,5.374806520016,3.38617926347224,4.46679737351699,0.963872543614003,4.44412657650001,-0.122753556586125,1.81340947138691,0.788118043311695,1
"10722","PmetTSAr1.1-014065",11.465016026258,5.83058526819912,6.71444473654616,16.7333877864537,9.43032719612162,11.0821808254346,2.53540386472379,10.4451127817102,-0.28520071009622,3.2232596660744,0.522477391487173,1
"10723","PmetTSAr1.1-014068",1.84339473363365,1.39815054900693,3.26265272409637,2.56825730266774,3.0948950257542,2.8836286841692,1.00578004551026,1.86823155445223,-0.0396231611309475,1.19667528891471,0.920610638692264,1
"10724","PmetTSAr1.1-014069",3.5519069257819,4.96789663157782,3.49907683453814,2.85950297616615,2.36668443145909,3.44904607322198,6.47470904297233,3.76476964760829,0.115517782582488,1.9771289504799,0.743794700625117,1
"10725","PmetTSAr1.1-014077",4.40616302185603,5.38436700787776,1.98596252771084,4.7393614142013,4.55131621434441,5.03221476256978,6.34898653728354,5.06687042798409,0.340912089644112,2.25199804724393,0.295359746115886,1
"10726","PmetTSAr1.1-014087",4.7208889519886,5.08688816766352,15.5094216449799,5.53366779646967,6.44466375951168,4.29717215680116,4.29551894436675,2.54758848334395,-0.808700452820518,2.60660136170004,0.0524643551099627,1
"10727","PmetTSAr1.1-014088",36.5531687425403,33.9720835524663,41.6106434377508,34.7641426639458,31.8592135004109,32.3136037843666,36.8366941668134,36.2606760795956,-0.0973668853635059,5.15300492853524,0.738530928147773,1
"10728","PmetTSAr1.1-014089",4.04647624456166,5.44386277592061,6.5725902702811,5.45423715824283,4.55131621434441,4.41025563461172,5.46892899746206,4.04783503464651,-0.217963804969762,2.33905068070597,0.453856955261458,1
"10729","PmetTSAr1.1-014090",15.6463748123051,14.7549504746264,27.6616209216866,17.4482635304953,14.8919066533349,19.1111077499841,16.8887232641932,18.0029586156306,-0.1308378115679,4.17839394055057,0.671731991419113,1
"10730","PmetTSAr1.1-014091",177.73022883058,152.666140797948,185.309217764256,118.484035355032,163.70174159754,161.709373269096,156.629288337276,176.179896892586,0.0537307851002388,7.33635275804289,0.895919500597379,1
"10731","PmetTSAr1.1-014092",1.48370795633928,1.7253772732426,2.83708932530119,1.29736709103834,2.25745284231483,1.86587738387419,3.75072141971536,1.75500539963695,0.411129306788361,1.12823503356378,0.228701768965779,1
"10732","PmetTSAr1.1-014093",2.96741591267855,2.76655321399244,2.97894379156625,2.72711857912142,3.60464244176077,3.61867128993782,9.53395668139938,2.66081463815924,0.769216695583059,1.97653529039966,0.0399710646458381,1
"10733","PmetTSAr1.1-014094",148.19095224528,84.9004609971444,181.76285610763,101.644740050943,152.45088791568,100.389857426322,68.7492568608162,89.7600342298187,-0.328355895090364,6.85826952125734,0.456541545215725,1
"10734","PmetTSAr1.1-014095",34.5299306202595,42.8964487588935,32.390103130522,32.222362240687,37.1751508387651,30.3911846615871,36.0614053817326,35.5530126120001,-0.0295596083081628,5.138109149469,0.921403352890183,1
"10735","PmetTSAr1.1-014097",15.9611007424377,15.4391518071191,17.3062448843373,15.8596507659585,18.0960332682334,15.435894721141,15.4010069468759,15.9648878289554,0.00734325982917056,4.02167584868885,0.981194972744689,1
"10736","PmetTSAr1.1-014099",16.6355134498646,15.3796560390763,15.5567064670682,16.2568039570927,17.1857700253645,16.6232712381519,15.1495619354984,15.7384355193249,0.0192404280739123,4.01134165982398,0.94669143748096,1
"10737","PmetTSAr1.1-014100",34.8446565503921,30.3130938178312,37.2604398056223,19.7782289184825,30.1115080741026,22.9842168649957,21.7290397332113,24.768221365844,-0.294540481824513,4.79557939932278,0.342485637084075,1
"10738","PmetTSAr1.1-014101",5.35034081225375,6.06856834037052,4.01920987751002,4.58050013774762,5.78927422464609,4.21235954844324,5.07080772944758,4.86872465705734,-0.00857212735976898,2.3383066573433,0.987205215567789,1
"10739","PmetTSAr1.1-014102",97.1603907166416,43.3426670192149,74.0953162124495,92.324878498994,109.595694441413,96.4319357029523,22.9024497863066,28.8443629391943,-0.251932676973971,6.14229463186253,0.627420452324129,1
"10740","PmetTSAr1.1-014103",10.2061123057277,10.2035242193485,11.7266358779116,6.88398864632591,11.6513695087217,8.42471909688648,7.92051785839333,8.03905699188537,-0.114055841461521,3.23793534670942,0.710274884412575,1
"10741","PmetTSAr1.1-014104",12.7688805939501,11.9586493766125,12.2467689208835,11.0938124723483,13.5811275836037,11.7889525617505,14.2066431428325,15.0024655130255,0.183942196451799,3.68854965969216,0.516208851784146,1
"10742","PmetTSAr1.1-014105",9.35185620965362,9.34083558272717,10.0243822827309,5.95729786701281,10.3041799092757,5.42800693490673,6.97759906572746,7.72768506614333,-0.187495557362653,3.03398430119235,0.556457172262146,1
"10743","PmetTSAr1.1-014106",9.44177790397721,9.69781019098426,12.1049144546184,6.06320538464859,11.0688010332856,8.14201040236009,8.57008413778538,8.6051877659618,-0.0342484869857993,3.21176152768952,0.912398119069575,1
"10744","PmetTSAr1.1-014107",12.6339980524647,11.363691696184,14.3745859148594,12.3117489251598,13.1806117567414,10.9125556087187,13.2427705992185,12.2001181813472,-0.032151996702492,3.65378493875592,0.91044968785354,1
"10745","PmetTSAr1.1-014108",9.12705197384463,10.2630199873913,11.111933190763,6.32797417873805,10.3405904389905,5.88034084614895,7.1452290733125,6.96340852114014,-0.279842327545995,3.0782935968518,0.376139135301041,1
"10746","PmetTSAr1.1-014109",11.914624497876,13.0890689694266,13.6180287614457,10.8025667988499,12.5252222218758,11.7041399533926,14.5628569089507,14.1532693519109,0.100299383414103,3.684631783907,0.72775312239116,1
"10747","PmetTSAr1.1-014110",9.5316995983008,9.19209616262005,11.6320662337349,6.38092793755594,10.8503378549971,7.46350953549675,9.01011290769612,8.03905699188537,-0.0529795062403183,3.18047462308118,0.862470835935813,1
"10748","PmetTSAr1.1-014111",10.2061123057277,9.93579326315565,10.8282242582329,5.79843659055913,10.1949483201315,6.95463388534924,7.24999782805315,7.16155429206689,-0.219141910391181,3.10298932078399,0.484688685239117,1
"10749","PmetTSAr1.1-014112",9.39681705681541,9.28133981468432,13.1924653626506,5.74548283174124,11.2872642115741,8.87705300812871,8.21387037166716,8.91655969170384,-0.0101253070559786,3.23500236932099,0.974751162919504,1
"10750","PmetTSAr1.1-014113",14.1626668559658,12.1073887967196,13.7598832277108,13.1060553074282,13.4718959944594,12.4957242980665,14.772394418432,14.3797216615414,0.0537156794385065,3.76480138788042,0.851775653608279,1
"10751","PmetTSAr1.1-014114",8.3627175720941,9.7573059590271,9.45696441767065,6.75160424928118,9.6852009041249,6.67192519082285,6.74710780529802,7.07663467595543,-0.186384092133236,3.02121074787852,0.533932465445009,1
"10752","PmetTSAr1.1-014115",5.71002758954812,4.90840086353498,4.82305185301203,5.00413020829076,6.04414793264938,5.06048563202242,4.54696395574432,5.09517696668791,0.0197447553788278,2.38069960425207,0.948538485029121,1
"10753","PmetTSAr1.1-014117",2.20308151092802,2.32033495367108,2.31695628232931,2.1975809909425,4.18721091719686,2.94017042307448,1.76011507964296,2.40605578982485,0.310555724912336,1.37826050537023,0.288283996445427,1
"10754","PmetTSAr1.1-014118",5.35034081225375,4.8191572114707,5.34318489598392,5.93082098760386,5.82568475436084,5.03221476256978,4.86127021996628,4.78380504094587,-0.0665198156951013,2.40684201505512,0.817701278683685,1
"10755","PmetTSAr1.1-014120",2.47284659389879,2.32033495367108,2.36424110441766,1.53565900571886,3.96874773890832,5.03221476256978,2.28395885334622,2.20791001889809,0.636508259241866,1.5027651051076,0.0516443954852222,1
"10756","PmetTSAr1.1-014121",5.62010589522453,5.14638393570637,5.53232418433733,5.74548283174124,5.27952680863951,5.73898649888576,4.79840896712189,4.84041811835351,-0.0941759387373812,2.43223729846163,0.735648160013404,1
"10757","PmetTSAr1.1-014123",2.47284659389879,2.20134341758538,1.93867770562248,2.1975809909425,3.75028456061979,2.65746172854809,2.28395885334622,1.81161847704459,0.244766714509096,1.30695943276815,0.393369149110305,1
"10758","PmetTSAr1.1-014124",4.90073234063579,5.53310642798488,5.24861525180721,4.95117644947286,6.55389534865595,5.484548673812,4.81936271807002,4.61396580872294,0.0548155491386866,2.41227502378963,0.845764073401071,1
"10759","PmetTSAr1.1-014126",2.87749421835496,3.00453628616383,1.79682323935742,2.25053474976039,4.69695833320343,4.94740215421186,2.36777385713875,1.92484463185988,0.480957650700217,1.60680018032583,0.159634685834202,1
"10760","PmetTSAr1.1-014127",18.8835558079544,17.5809994566616,27.0469182345381,12.3117489251598,18.6786017436695,16.142666457457,15.3590994449797,13.1059274198695,-0.2593874641638,4.12410452995723,0.413917716584622,1
"10761","PmetTSAr1.1-014128",7.77822655899075,6.03882045634909,8.65312244216864,4.97765332888181,6.33543217036742,5.7672573683384,5.84609651452841,4.81211157964969,-0.26585434026208,2.66147933962632,0.370957156891487,1
"10762","PmetTSAr1.1-014129",25.4928003407385,21.745703219661,32.2955334863453,30.8190876320129,29.6745817175255,33.5292511708301,27.2817837344659,27.0327444621497,0.0908856520577819,4.835138269924,0.758111720442368,1
"10763","PmetTSAr1.1-014130",19.6029293625432,19.7525949902256,13.0978957184738,22.2670555829234,17.5134647927973,24.4825729459855,24.0549060884538,22.3621655760192,0.242012254898169,4.35489935075863,0.42009280749998,1
"10764","PmetTSAr1.1-014131",9.35185620965362,12.7618422451909,7.56557153413652,10.9349511958946,8.3016007749642,13.9375386401511,13.7037531200773,11.9170527943089,0.235651040193284,3.47658755800939,0.446817567432185,1
"10765","PmetTSAr1.1-014132",24.0990140787228,19.4551161500114,29.5530138052208,27.6683389823484,29.0191921826599,31.5220194396927,22.315744759759,23.8057990499141,0.0819390398174438,4.69979700866964,0.783869182596487,1
"10766","PmetTSAr1.1-014133",20.5471071529409,19.3063767299042,14.4218707369477,21.2874110447924,18.8606543922432,25.3589698990174,22.8814960353585,22.7867636565765,0.249930900476776,4.37501040294903,0.389938298803544,1
"10767","PmetTSAr1.1-014134",10.6557207773457,11.6611705363982,6.43073580401604,10.6966592812141,8.81134819097078,13.9658095096038,13.808521874818,12.1435051039395,0.303891152410564,3.47167260461965,0.330095491593599,1
"10768","PmetTSAr1.1-014136",14.9270012577163,15.1416729669049,20.2851886759035,16.097942680639,17.5134647927973,18.3195234053102,21.4566409708856,17.9180389995191,0.179585741767528,4.15139108100031,0.53492074447027,1
"10769","PmetTSAr1.1-014139",15.0169229520399,15.3201602710334,23.4532717558232,16.2568039570927,17.5862858522268,18.3195234053102,21.7499934841595,17.6915866898886,0.106578083267825,4.18863164577397,0.722001964281569,1
"10770","PmetTSAr1.1-014142",5.35034081225375,5.50335854396346,5.01219114136544,3.62733247902557,4.55131621434441,4.21235954844324,4.69364021238123,3.84968926371975,-0.168470370111492,2.21946641327974,0.554608592157214,1
"10771","PmetTSAr1.1-014143",2.20308151092802,2.02285611345684,1.98596252771084,2.38291914680512,1.82052648573776,2.65746172854809,2.91257138179014,2.51928194464013,0.20953012282078,1.25126614529445,0.443462683657851,1
"10772","PmetTSAr1.1-014144",4.99065403495938,4.72991355940643,5.43775454016062,6.14263602287543,5.8620952840756,4.94740215421186,4.1907501896261,5.26501619891084,-0.0752784582067178,2.39374028686229,0.795178661055381,1
"10773","PmetTSAr1.1-014146",2.3829248995752,2.08235188149969,1.74953841726907,2.11815035271566,1.42001065887546,2.8836286841692,2.84971012894575,2.23621655760192,0.179945674815668,1.19096482090197,0.552806477108831,1
"10774","PmetTSAr1.1-014147",5.26041911793016,4.78940932744928,5.01219114136544,4.63345389656552,4.44208462520014,5.54109041271728,5.17557648418823,4.38751349909237,-0.00819104958971204,2.3121349182262,0.979635673843949,1
"10775","PmetTSAr1.1-014149",5.12553657644477,5.56285431200631,5.57960900642568,5.82491346996808,5.35234786806902,4.72123519859075,5.17557648418823,5.3499358150223,-0.102210243133831,2.43231154209568,0.710948603391514,1
"10776","PmetTSAr1.1-014150",1.48370795633928,1.93361246139257,2.08053217188754,2.17110411153356,1.7112948965935,3.08152477033767,3.37355390264901,2.74573425427071,0.510802541155431,1.26010645199193,0.077135636914854,1
"10777","PmetTSAr1.1-014151",1.57362965066287,2.49882225779962,2.17510181606425,2.46234978503196,2.36668443145909,1.97896086168474,2.57731136662005,2.20791001889809,0.0588394324555866,1.19934630720492,0.832992751531128,1
"10778","PmetTSAr1.1-014152",2.427885746737,2.14184764954254,1.65496877309236,1.87985843803515,2.33027390174434,2.06377347004266,2.34682010619062,1.83992501574841,0.0827261363390904,1.10285908731172,0.769470484789285,1
"10779","PmetTSAr1.1-014153",5.26041911793016,5.8008373841777,4.82305185301203,5.93082098760386,4.58772674405916,4.63642259023283,4.92413147281067,5.63300120206052,-0.143111000986391,2.39575456821554,0.614572302585612,1
"10780","PmetTSAr1.1-014156",25.3579177992531,25.1667098821248,15.6039912891566,19.2486913303036,25.742244508332,11.4214312588662,22.1062072502777,17.946345538223,-0.145469305598979,4.34936667368551,0.659329006606056,1
"10781","PmetTSAr1.1-014158",11.7797419563906,11.4231874642269,10.4972305036144,9.74349162249205,7.93749547781665,6.02169519341215,12.0903142970713,13.0493143424618,-0.150373919818155,3.37564712930883,0.637932825226324,1
"10782","PmetTSAr1.1-014160",16.0060615895995,17.4025121525331,17.7790931052208,15.2771594189617,13.9452328807513,14.3898725513934,17.9364108115997,14.6910935872835,-0.123754208913579,3.99903590478561,0.662015190828662,1
"10783","PmetTSAr1.1-014161",7.23869639304919,7.64520619350599,5.76874829477909,6.06320538464859,6.69953746751497,6.47402910465438,4.96603897470693,7.10494121465925,-0.083689533230039,2.71248202244794,0.779985333919343,1
"10784","PmetTSAr1.1-014162",24.5486225503407,27.1300702275388,35.3690469220882,21.8434255123803,34.3351295210142,35.0841489907252,29.544788836864,21.0883713343472,0.141226680192036,4.84176162431788,0.649885625012514,1
"10785","PmetTSAr1.1-014163",24.1439749258846,27.5465406038387,34.2342111919677,20.6519659389777,37.4300245467684,35.1689615990832,28.7695000517832,20.7203863311975,0.196345917260001,4.8400010395519,0.534465940301638,1
"10786","PmetTSAr1.1-014164",17.5796912402623,8.32940752599875,3.78278576706826,19.8576595567094,3.24053714461322,21.8533820868901,7.37572033374194,6.45389082447135,-0.348439272692878,3.47606215220797,0.519523770885957,1
"10787","PmetTSAr1.1-014165",15.1068446463635,8.35915541002017,4.01920987751002,19.7782289184825,3.71387403090504,22.0795490425112,7.71098034891202,6.2557450535446,-0.249960209450767,3.45270538098654,0.632619152384781,1
"10788","PmetTSAr1.1-014166",10.7006816245075,8.50789483012729,4.3502036321285,13.7150235338339,4.11438985776735,16.8777090632256,8.63294539062977,6.22743851484078,-0.057002432559006,3.20368628392504,0.898244774279022,1
"10789","PmetTSAr1.1-014167",10.5208382358603,8.59713848219156,4.68119738674697,13.688546654425,5.24311627892476,15.9164995018359,9.65967918708816,6.99171505984396,0.0111927762770915,3.24561714607458,0.978681900486087,1
"10790","PmetTSAr1.1-014168",12.3192721223322,6.51478660069188,3.21536790200802,17.2099716158148,2.80361078803616,18.6022320998366,5.34320649177328,4.72719196353823,-0.31951703872693,3.15583571684641,0.561091539461493,1
"10791","PmetTSAr1.1-014169",8.49760011357949,6.72302178884185,3.92464023333332,12.3911795633866,3.8231056200493,11.9020360395611,6.57947779771298,4.89703119576116,-0.214837095223569,2.89009165785098,0.602945392952758,1
"10792","PmetTSAr1.1-014170",14.792118716231,14.2492364462621,14.8474341357429,12.3911795633866,12.1247063950135,13.8527260317932,15.254330690239,13.0776208811656,-0.0500646494836029,3.79536274484466,0.859329634711183,1
"10793","PmetTSAr1.1-014171",21.626167484824,20.1393174825041,24.0206896208834,27.4300470676679,24.3586443791713,27.7054520635864,24.5577961112089,25.6174175269587,0.133064501878739,4.61446667241258,0.640055802365848,1
"10794","PmetTSAr1.1-014172",2.87749421835496,2.97478840214241,6.09974204939757,4.47459262011184,4.07797932805259,4.77777693749603,2.59826511756818,2.85896040908599,-0.198557895119211,1.96197128589834,0.554555485533733,1
"10795","PmetTSAr1.1-014173",22.4804235808981,19.782342874247,47.3793917325299,33.0960992611823,25.8514760974762,31.3523942229769,20.555629680116,21.9375674954618,-0.299570515545846,4.79991138771499,0.377229882569178,1
"10796","PmetTSAr1.1-014174",29.0896681136822,31.2055303384739,27.2833423449798,20.4136740242972,26.6889182809156,33.1900007373984,34.0288915397639,32.0146952740224,0.222177716641995,4.87298310586679,0.453583310304288,1
"10797","PmetTSAr1.1-014175",16.0060615895995,17.9379740649187,17.7790931052208,18.9044918979873,15.9114014853481,15.5207073294989,12.4465280631895,15.5119832096943,-0.250906969162683,4.02777088899688,0.378241096080705,1
"10798","PmetTSAr1.1-014176",14.342510244613,16.2125967916761,9.12597066305217,15.2506825395528,11.9790642761545,12.9480582093088,12.0064992932788,15.1723047452484,-0.0778193576829654,3.74905161275479,0.800624054942011,1
"10799","PmetTSAr1.1-014177",7.64334401750536,6.78251755688469,8.84226173052206,6.0102516258307,8.11954812639043,6.16304954067535,5.4270214955658,6.22743851484078,-0.173996812094412,2.79786596095544,0.558139809826731,1
"10800","PmetTSAr1.1-014178",5.79994928387171,5.62235008004915,5.53232418433733,7.20171119923326,5.09747416006574,8.93359474703399,8.92629790390359,7.303086985586,0.325201464560374,2.78093709859767,0.28729012006648,1
"10801","PmetTSAr1.1-014179",4.40616302185603,4.8191572114707,3.73550094497991,6.24854354051121,4.00515826862308,8.25509388017065,10.0368467041545,6.48219736317517,0.581707480350076,2.60342213295232,0.0833187331444956,1
"10802","PmetTSAr1.1-014181",42.2631963320885,38.5235098077442,32.4373879526103,26.397448770719,33.169992570142,30.2781011837766,32.6459439771873,32.7506652803217,-0.115557121398185,5.07105904572,0.698586571321597,1
"10803","PmetTSAr1.1-014182",20.6370288472645,21.6564595675967,15.5094216449799,14.165130483786,20.0986124025449,16.1143955880043,23.3005710543211,20.4090144054555,0.151592449707264,4.25172253736571,0.611725587178761,1
"10804","PmetTSAr1.1-014183",6.11467521400429,11.8099099565054,22.4130056698794,13.0795784280192,9.13904295840357,15.9164995018359,16.6791857547119,12.4265704909777,0.0215527875259388,3.75591020953555,0.957560740996769,1
"10805","PmetTSAr1.1-014184",3.23718099564933,5.59260219602773,13.0506108963855,5.82491346996808,5.49798998692805,8.73569866086551,8.61199163968164,6.87848890502868,0.105420264155527,2.85548185406534,0.791688664412666,1
"10806","PmetTSAr1.1-014185",21.7610500263094,22.9058706964966,25.2028101730923,18.5338155862621,22.5017073637188,20.2419425280897,21.4985484727819,19.1352201637835,-0.0839387279855296,4.42828361033171,0.767378711813332,1
"10807","PmetTSAr1.1-014186",2.47284659389879,2.17159553356396,3.07351343574296,2.40939602621407,4.1508003874821,3.59040042048518,1.9906063400724,2.26452309630574,0.241635690357977,1.4964184799435,0.429941745227486,1
"10808","PmetTSAr1.1-014187",4.18135878604705,3.39125877844235,2.69523485903613,4.87174581124603,2.87643184746567,4.66469345968547,3.56213766118219,2.91557348649364,-0.113834468131245,1.89151000045256,0.711297518188117,1
"10809","PmetTSAr1.1-014189",5.9797926725189,8.09142445382735,5.91060276104415,6.61921985223645,5.71645316521658,8.31163561907593,9.76444794182881,8.35042891762741,0.272789830770637,2.89023461237445,0.365905987822604,1
"10810","PmetTSAr1.1-014190",7.95806994763793,8.98386097447008,5.10676078554215,4.92469957006392,8.22877971553469,5.65417389052784,8.1091016169265,6.87848890502868,0.097565084394419,2.81623670513903,0.762869364326384,1
"10811","PmetTSAr1.1-014191",16.77039599135,21.953938407811,35.0380531674697,28.7274141587062,23.4847916660171,22.8994042566378,24.9559173792234,24.0605578982485,-0.103196199471721,4.63204819802945,0.739826678528454,1
"10812","PmetTSAr1.1-014192",7.95806994763793,7.34772735329175,6.66715991445781,6.96341928455275,7.64621124009861,7.54832214385467,6.97759906572746,9.00147930781531,0.107181937240752,2.92133215710933,0.708464388525745,1
"10813","PmetTSAr1.1-014193",11.914624497876,13.118816853448,8.93683137469876,12.2852720457509,10.559053617279,11.7324108228453,12.6560655726708,17.0688428384045,0.168372884691535,3.62663069985022,0.575519033638605,1
"10814","PmetTSAr1.1-014195",8.99216943235925,10.173776335327,5.95788758313251,5.42776027883389,8.99340083954455,5.71071562943312,8.73771414537042,7.81260468225479,0.0325493191743469,2.96112912478868,0.922582735351915,1
"10815","PmetTSAr1.1-014196",4.22631963320885,3.83747703876371,2.08053217188754,5.0306070876997,3.05848449603944,5.484548673812,6.41184779012793,4.41582003779619,0.349394219774858,2.13550967858333,0.299864834045305,1
"10816","PmetTSAr1.1-014197",5.44026250657734,4.75966144342786,1.79682323935742,5.74548283174124,5.78927422464609,9.89480430842372,6.3908940391798,6.11421236002549,0.662753404535543,2.53999493846213,0.0676076832024217,1
"10817","PmetTSAr1.1-014199",3.32710268997292,1.93361246139257,5.95788758313251,4.68640765538341,4.69695833320343,3.13806650924295,5.00794647660319,5.63300120206052,0.220622326219723,2.12340974098169,0.535608498824736,1
"10818","PmetTSAr1.1-014201",2.78757252403137,4.43243471919219,1.5131143068273,3.36256368493612,5.60722157607231,4.46679737351699,5.55274400125458,0.99072885463376,0.451123335694674,1.87268758881084,0.306191840126764,1
"10819","PmetTSAr1.1-014202",3.01237675984035,3.27226724235665,1.60768395100401,2.72711857912142,5.09747416006574,4.72123519859075,4.63077895953684,1.27379424167198,0.560183459956961,1.74936032213721,0.144584017983792,1
"10820","PmetTSAr1.1-014203",41.8135878604705,8.09142445382735,5.24861525180721,3.09779489084666,15.8749909556333,2.28994042566378,1.84393008343548,5.97267966650638,-1.16527256475957,3.39836824697434,0.108862993057409,1
"10821","PmetTSAr1.1-014206",12.0944678865232,11.363691696184,13.0978957184738,10.4054136077157,11.1416220927151,16.7080838465098,18.4393008343548,5.01025735057644,0.129041984570005,3.62608685402549,0.729078095542721,1
"10822","PmetTSAr1.1-014208",3.64182862010549,4.28369529908507,2.17510181606425,2.5417804232588,3.13130555546895,4.07100520118004,7.10332157141624,3.651543492793,0.508402367034562,1.96350160943606,0.134045173029243,1
"10823","PmetTSAr1.1-014209",4.22631963320885,6.60403025275615,8.74769208634535,11.7822113369809,4.76977939263294,14.418143420846,10.0158929532064,7.89752429836626,0.241537523048718,3.10961692527706,0.534341397514721,1
"10824","PmetTSAr1.1-014210",5.88987097819531,7.31797946927033,5.01219114136544,8.28726325500003,3.8231056200493,8.14201040236009,9.76444794182881,7.86921775966244,0.158520784530764,2.82536286820818,0.642255443188142,1
"10825","PmetTSAr1.1-014213",2.3829248995752,3.77798127072086,46.6701194012046,6.32797417873805,4.55131621434441,5.7672573683384,6.78901530719428,4.52904619261147,-1.44835848749474,3.33805005391201,0.0319827410545412,1
"10826","PmetTSAr1.1-014215",2.47284659389879,2.05260399747826,38.9154085787147,5.18946836415338,3.93233720919357,5.03221476256978,5.38511399366954,3.19863887353185,-1.46728768619171,3.05016480624921,0.0343527782413086,1
"10827","PmetTSAr1.1-014217",3.86663285591448,2.67730956192817,4.49205809839356,3.1242717702556,4.18721091719686,2.45956564237961,1.86488383438361,3.36847810575478,-0.25387432889897,1.72384313772623,0.427689151337851,1
"10828","PmetTSAr1.1-014223",2.06819896944263,2.11209976552111,2.31695628232931,2.64768794089458,1.85693701545252,1.80933564496891,1.40390131352474,1.61347270611784,-0.462785462229425,1.02562313777317,0.0834281189239699,1
"10829","PmetTSAr1.1-014224",1.70851219214826,2.14184764954254,2.03324734979919,1.64156652335464,1.56565277773448,1.80933564496891,1.96965258912427,1.47194001259873,-0.13506049440933,0.890504816955727,0.608815951355253,1
"10830","PmetTSAr1.1-014241",1.93331642795724,2.26083918562823,1.70225359518072,2.46234978503196,1.23795801030168,3.42077520376934,3.49927640833779,2.83065387038217,0.394477565023394,1.31800446946399,0.224959982019301,1
"10831","PmetTSAr1.1-014246",1.43874710917748,1.84436880932829,1.56039912891566,1.85338155862621,1.31077906973119,1.69625216715835,1.90679133627988,1.78331193834077,-0.00219074010710551,0.799652297385537,1,1
"10832","PmetTSAr1.1-014293",205.785797459541,170.693358514931,92.2526878943772,525.195379955849,319.283935068689,1605.47440534593,74.0715096016413,238.454282040994,1.17047185272271,8.65814489298976,0.120894180751721,1
"10833","PmetTSAr1.1-014294",190.99367874331,157.991012037783,92.4891120048189,476.001338014028,291.357058777472,1447.92084988637,77.6336472628235,222.432781134631,1.15229444488393,8.53014115441433,0.117364367853782,1
"10834","PmetTSAr1.1-014295",156.238943887242,134.579427312923,86.6257940658631,151.368319580943,160.934541339218,156.140011986926,131.526694701415,159.790410983074,0.202154422889429,7.15193909418847,0.625258012878507,1
"10835","PmetTSAr1.1-014296",60.2025743496451,62.1730776047764,388.20838934538,126.109376624809,104.097704454485,130.385249915572,99.8236695168937,109.008480548417,-0.52212617362384,7.07722686707275,0.349507674224202,1
"10836","PmetTSAr1.1-014297",59.1684748649238,24.2742733614821,32.3428183084336,100.691572392221,60.405068796779,55.6088002133413,15.0447931807577,28.2216190877103,-0.443210991021114,5.55545805642674,0.36534110107579,1
"10837","PmetTSAr1.1-014298",182.001509310951,77.1957590355955,72.4403474393572,384.841442209027,350.160064266801,168.805361501709,50.9385685549053,76.3427348842072,-0.148992792422186,7.41279242887739,0.816508963628467,1
"10838","PmetTSAr1.1-014299",30.2586501398889,34.864520073109,31.0661281120481,33.7844981258148,37.1023297793356,34.9993363823673,27.1979687306734,30.2313833356816,-0.00551599438233288,5.02232551584706,0.986554570157864,1
"10839","PmetTSAr1.1-014300",9.21697366816823,12.1668845647625,11.6320662337349,12.708902116294,13.1077906973119,11.7041399533926,8.73771414537042,9.19962507874206,-0.0994737351816773,3.47503345686741,0.741362309848206,1
"10840","PmetTSAr1.1-014301",34.6198523145831,31.8302359029238,34.6124897686746,36.3792323078915,40.6341511616669,35.7061081186833,30.2572163691004,30.4012225679045,-0.00495716972441654,5.10283275942751,0.987707447001075,1
"10841","PmetTSAr1.1-014302",8.49760011357949,9.54907077087713,10.9227939024096,10.4318904871246,10.7411062658528,10.7146595225503,7.4176278356382,8.03905699188537,-0.0955959368465839,3.26266076696814,0.748867569490166,1
"10842","PmetTSAr1.1-014303",12.9037631354355,14.5467152864764,8.700407264257,18.2160930333547,12.5616327515906,18.8283990554577,19.8222483969315,18.3143305413727,0.353222916609604,3.95993988535624,0.267155532749688,1
"10843","PmetTSAr1.1-014304",31.9671623320371,71.335425883375,11.6320662337349,4.60697701715657,24.7955707357483,4.38198476515908,54.7940587293613,54.5183935435606,0.212211235033793,5.01480279077727,0.761725286655452,1
"10844","PmetTSAr1.1-014305",14.2076277031276,5.8008373841777,21.7983029827308,75.1149068831792,43.1100671822702,49.7284593671924,6.51661654486859,7.16155429206689,-0.135239727384766,4.80720992660429,0.846317355544675,1
"10845","PmetTSAr1.1-014306",135.736797581463,21.2399891912968,28.7964566518071,29.7600124556551,62.043542633943,15.1531860266146,4.02312018204106,15.2572243613599,-1.159933876631,5.286094896827,0.0883238743427243,1
"10846","PmetTSAr1.1-014307",137.085622996317,20.4367963227184,28.512747719277,28.9921829527957,58.9850581379035,15.124915157162,3.7088139178191,14.2381889680223,-1.22420778338313,5.26310467630443,0.0749285144156638,1
"10847","PmetTSAr1.1-014308",3.14725930132574,4.10520799495653,1.74953841726907,5.18946836415338,2.84002131775091,4.49506824296963,4.10693518583358,4.72719196353823,0.179003799898125,1.95244092747423,0.589898085201354,1
"10848","PmetTSAr1.1-014309",58.5390230046587,42.8369529908507,320.070960716063,170.7758721877,165.012520667271,147.036792023176,49.3460834828473,39.0347168725702,-0.564588495467476,6.95557126462726,0.37295946537303,1
"10849","PmetTSAr1.1-014311",5.66506674238632,7.94268503372023,4.53934292048191,5.82491346996808,5.60722157607231,4.43852650406435,6.41184779012793,6.9067954437325,-0.0396405222562408,2.58095914324695,0.903591885825402,1
"10850","PmetTSAr1.1-014312",6.33947944981327,7.97243291774166,4.91762149718874,5.29537588178916,5.78927422464609,4.74950606804339,6.76806155624615,6.9067954437325,-0.0192436055162679,2.62217770091382,0.954963592883796,1
"10851","PmetTSAr1.1-014313",41.4089402360143,50.2441761121853,35.8891799650601,37.6501225195209,39.43260368108,41.3602820092112,45.8048995726133,44.3280396101848,0.049133517305063,5.39504806727235,0.87121749903674,1
"10852","PmetTSAr1.1-014314",26.706743214107,32.4846893513951,25.3919494614457,25.9738187001758,27.963286820932,30.0236633587028,35.8728216231994,31.6750168095765,0.18326609277741,4.88646678765029,0.525686769000408,1
"10853","PmetTSAr1.1-014315",19.6928510568667,20.198813250547,20.2851886759035,16.9716797011343,19.2247596893908,18.5456903609313,21.833808487952,20.2108686345287,0.0496588031786765,4.29879321790089,0.861636525554505,1
"10854","PmetTSAr1.1-014316",11.8247028035524,11.8396578405268,10.8282242582329,10.5113211253515,9.94007461212819,11.3366186505083,13.6199381162848,11.4075350976402,0.0422191067226119,3.5207108294728,0.885859579248334,1
"10855","PmetTSAr1.1-014317",9.62162129262439,12.1073887967196,7.3764322457831,9.74349162249205,8.22877971553469,8.5095317052444,11.6712392781087,11.5490677911593,0.0398806910977206,3.31020477702714,0.897088441130271,1
"10856","PmetTSAr1.1-014318",16.6355134498646,9.0136088584915,153.34467803253,66.4040135576361,77.0446808764221,56.654822383089,9.40823417571059,6.39727774706371,-0.71495705300657,5.62613006910053,0.358313105040003,1
"10857","PmetTSAr1.1-014319",17.3998478516151,14.873942010712,18.8666440132529,14.9329599866454,17.9868016790891,9.21630344156038,10.2254304626877,11.7755201007898,-0.42590747308461,3.85387518673309,0.171281878659833,1
"10858","PmetTSAr1.1-014320",9.66658213978619,9.43007923479144,8.13298939919676,9.61110722544733,10.559053617279,9.10321996374982,7.43858158658633,9.00147930781531,-0.0312840045398593,3.19815720652522,0.919009274600444,1
"10859","PmetTSAr1.1-014321",126.205097983162,148.888159527228,106.769128275502,126.665391092397,122.120916663289,114.72318823881,142.485506447287,140.004140429102,0.0303019388803902,7.00616545696993,0.939579282470027,1
"10860","PmetTSAr1.1-014322",9.75650383410978,2.32033495367108,7.23457777951804,7.2281880786422,6.48107428922644,4.3254430262538,1.11054880025092,3.19863887353185,-0.81423423969271,2.39052727620457,0.0879444279442458,1
"10861","PmetTSAr1.1-014323",77.8721872842311,79.1591193810095,56.221653463052,175.091603531359,78.3554599461533,151.616672874504,75.2658734056848,63.661405544895,-0.0743388328276367,6.56572409459447,0.874930856990834,1
"10862","PmetTSAr1.1-014324",28.8199030307114,28.6769601966528,27.2833423449798,42.9190215219011,26.8709709294894,32.0308950898402,11.4617017686274,34.0527660606975,-0.291337175497935,4.86166915381425,0.416685060325123,1
"10863","PmetTSAr1.1-014325",2.51780744106059,2.3500828376925,1.98596252771084,3.57437872020768,3.05848449603944,3.98619259282213,3.26878514790836,2.91557348649364,0.333132898604924,1.59777169408989,0.228935769383472,1
"10864","PmetTSAr1.1-014326",86.2349048563252,90.7310462653435,81.3298939919676,80.595620920831,92.0094085891866,57.3615941194049,76.4392834587801,83.0230780183091,-0.134051086726411,6.34028283604498,0.727043034256481,1
"10865","PmetTSAr1.1-014327",19.2432425852488,20.4070484386969,27.7561905658633,38.8151052135145,20.681180877981,32.9355629123247,24.9140098773272,29.8633983325319,0.028721207468839,4.7492324627602,0.930122668494866,1
"10866","PmetTSAr1.1-014329",15.6014139651433,16.1828489076547,18.1573716819276,19.539937003802,16.0570436042071,22.8994042566378,18.1878558229773,13.9551235809841,0.0331449580913507,4.14047713507636,0.912597819503506,1
"10867","PmetTSAr1.1-014330",16.7254351441882,18.4436880932829,19.4813467004015,17.4747404099042,20.2806650511187,19.0262951416262,15.4429144487722,15.5969028258058,-0.0364716717085005,4.15927963904825,0.900433530572435,1
"10868","PmetTSAr1.1-014331",11.1952509432873,16.5100756318904,10.4499456815261,17.6865554451758,10.8867483847118,21.1183394811215,19.5288958836576,12.8511685715351,0.204182605421992,3.91677291803613,0.535188305649485,1
"10869","PmetTSAr1.1-014332",12.139428733685,4.16470376299937,15.8404153995983,12.4176564427956,10.4862325578495,6.44575823520174,2.43063510998314,2.91557348649364,-1.00188369083095,3.06855235673911,0.0346101645746717,1
"10870","PmetTSAr1.1-014333",37.8120724630706,32.5739330034594,33.193945106024,46.2551083274283,40.8890248696702,45.1203076464122,35.1394403400149,36.6286610827453,0.0741047765770188,5.26735147997868,0.806663748162145,1
"10871","PmetTSAr1.1-014334",9.84642552843337,12.9998253173623,9.64610370602406,12.0999338898882,9.57596931498064,11.4779729977715,11.0216729987166,12.3982639522739,-0.00520134913045088,3.48536953817054,0.990061147761668,1
"10872","PmetTSAr1.1-014335",20.1874203756465,14.8441941266906,20.4270431421686,47.1817991067414,36.4833507741848,26.9986803272704,19.2774508722801,15.7667420580287,-0.0604700386884509,4.65595703610143,0.880025721321075,1
"10873","PmetTSAr1.1-014336",17.6246520874241,14.0112533740907,17.8263779273092,41.8334694661344,31.6407503221223,24.2564059903644,17.8106883059109,15.5969028258058,-0.0335271293638892,4.50086356996342,0.932438339235298,1
"10874","PmetTSAr1.1-014337",5.71002758954812,4.58117413929931,4.82305185301203,9.55815346662943,8.52006395325273,5.17356910983297,4.63077895953684,4.41582003779619,-0.1241688459868,2.58214316791013,0.72612428144709,1
"10875","PmetTSAr1.1-014338",4.45112386901783,4.34319106712792,4.96490631927709,4.71288453479235,4.62413727377392,3.73175476774837,5.34320649177328,4.18936772816561,-0.0442394085995308,2.20363535998578,0.877054148656887,1
"10876","PmetTSAr1.1-014340",5.21545827076836,7.73444984557027,4.68119738674697,5.82491346996808,4.87901098177721,5.59763215162256,4.21170394057423,6.31235813095224,-0.163859407366252,2.49078028126006,0.589926002915995,1
"10877","PmetTSAr1.1-014341",14.2076277031276,21.3292328433611,5.39046971807227,14.5358067955112,11.3236747412889,18.1498981885944,43.0390044474601,25.2777390625128,0.817304384112714,4.26643776138878,0.0627885525423112,1
"10878","PmetTSAr1.1-014342",11.9595853450378,14.1302449101764,9.504249239759,10.4318904871246,11.8698326870102,13.1459542954772,13.5989843653367,13.7286712713535,0.185029910273479,3.62788497952784,0.522301736148954,1
"10879","PmetTSAr1.1-014343",16.1409441310848,16.5100756318904,12.8614716080321,19.8311826773004,17.0765384362202,17.5562099300889,25.2492698924973,24.4285429013981,0.367009177682718,4.23104271189082,0.22126665586551,1
"10880","PmetTSAr1.1-014344",7.95806994763793,7.64520619350599,13.1451805405622,8.63146268731633,9.86725355269868,7.60486388275995,8.90534415295546,8.37873545633123,-0.103127706779827,3.18137732736214,0.733693593984514,1
"10881","PmetTSAr1.1-014345",11.6448594149052,10.3522636394556,4.3502036321285,12.5500408398403,9.28468507726259,15.74687428512,9.17774291528116,14.3231085841338,0.316913721934847,3.45939887480309,0.377932720951003,1
"10882","PmetTSAr1.1-014346",12.139428733685,15.5581433432048,12.719617141767,13.1590090662461,13.6175381133185,12.8915164704035,16.8468157622969,15.5685962871019,0.136991777740552,3.82058688309134,0.632860357095951,1
"10883","PmetTSAr1.1-014347",22.5253844280599,29.7776319054455,40.428522885542,78.2127017740259,25.9971182163353,22.3905286064902,33.8403077812308,45.0357030777804,-0.426122261425897,5.22287079648558,0.285947594392804,1
"10884","PmetTSAr1.1-014349",28.1454903232844,31.9194795549881,17.1643904180722,21.5521798388819,28.6550868855124,24.0867807736486,30.1524476143598,26.4666136880733,0.14635796193015,4.70507075814424,0.63149717031109,1
"10885","PmetTSAr1.1-014350",2.51780744106059,2.55831802584247,3.92464023333332,2.14462723212461,3.24053714461322,2.68573259800072,3.45736890644153,2.80234733167835,0.140295304160941,1.57262037125709,0.633009385711966,1
"10886","PmetTSAr1.1-014351",35.9237168822752,41.0520799495653,57.4037740152608,35.8496947197126,33.3884557484306,37.6850689803681,46.9783096257086,39.6574607240542,-0.109560357052482,5.35933683780194,0.726982034050502,1
"10887","PmetTSAr1.1-014353",7.32861808737279,7.19898793318463,7.09272331325299,7.09580368159747,6.69953746751497,9.83826256951844,8.88439040200733,5.3499358150223,0.100985282409709,2.90696723802352,0.743421426322534,1
"10888","PmetTSAr1.1-014354",7.91310910047614,8.21041598991305,7.80199564457828,8.94918524022368,7.5733901806691,9.61209561389733,8.06719411503024,8.71841392077709,0.0465891492723213,3.07375327009303,0.8719164438188,1
"10889","PmetTSAr1.1-014355",30.7981803058304,29.8073797894669,35.9364647871485,45.910908895112,43.0736566525555,35.9888168132097,45.9934833311465,43.1391649846243,0.239352845925065,5.28162119534675,0.435247410720315,1
"10890","PmetTSAr1.1-014356",51.839856777551,57.3539203933057,35.8418951429718,49.5911951329555,42.3454460582604,45.289932863128,53.3272961629921,52.5369358342931,-0.00852321759248878,5.60235397748451,0.979548526608199,1
"10891","PmetTSAr1.1-014357",8.45263926641769,5.86033315222055,13.0033260742971,14.7476218307828,10.8139273252823,12.0151195173717,10.0787542060508,10.7564847074523,0.0536356605303606,3.4299761586152,0.873613092732348,1
"10892","PmetTSAr1.1-014358",24.8633484804733,4.8191572114707,1.98596252771084,3.04484113202877,8.629295542397,2.31821129511641,1.80202258153922,5.94437312780256,-0.892796857912499,2.74442619781927,0.176333069338694,1
"10893","PmetTSAr1.1-014359",4.04647624456166,3.80772915474228,4.82305185301203,5.63957531410546,3.0948950257542,6.47402910465438,6.85187656003867,4.18936772816561,0.17278764387155,2.30323856647406,0.600060926965013,1
"10894","PmetTSAr1.1-014360",32.5516533451405,35.8759481298375,26.2903610811244,31.4280558584187,33.6433294564339,30.7021642255662,34.3431978039859,33.7130875962517,0.069491842982581,5.01716141386274,0.809843206806996,1
"10895","PmetTSAr1.1-014361",5.79994928387171,6.87176120894897,4.49205809839356,7.54591063154955,4.55131621434441,6.36094562684382,5.95086526926906,7.78429814355097,-0.00657280352337877,2.64115043494744,0.995169023222068,1
"10896","PmetTSAr1.1-014362",8.85728689087386,18.4734359773044,11.4429269453815,15.0123906248723,18.5329596248104,14.0506221179617,17.5382895435852,23.0981355823185,0.442612206251259,3.99528645187059,0.168938203433795,1
"10897","PmetTSAr1.1-014363",4.00151539739986,1.7253772732426,13.1451805405622,8.92270836081473,5.57081104635756,2.8836286841692,0.880057539821481,2.15129694149045,-1.27788291313467,2.30516000852775,0.022756287994483,1
"10898","PmetTSAr1.1-014365",9.21697366816823,14.0707491421336,4.11377952168673,9.10804651667735,7.64621124009861,13.5982882067195,12.2998518065526,13.7569778100574,0.371331049901549,3.39949613704028,0.310454059875864,1
"10899","PmetTSAr1.1-014366",7.1038138515638,6.51478660069188,6.05245722730921,5.11003772592654,7.9739060075314,3.64694215939046,4.1907501896261,5.26501619891084,-0.236008829278666,2.53211990512219,0.464776593812984,1
"10900","PmetTSAr1.1-014367",3.41702438429651,4.31344318310649,13.9017376939759,2.38291914680512,3.05848449603944,1.3004599948214,1.04768754740653,6.05759928261785,-1.0642377248987,2.1573728273891,0.0607578929789987,1
"10901","PmetTSAr1.1-014368",3.5519069257819,5.56285431200631,3.35722236827308,6.24854354051121,4.58772674405916,5.45627780435937,5.9089577673728,7.18986083077072,0.299124542185639,2.40784492596863,0.337006574985989,1
"10902","PmetTSAr1.1-014369",1.61859049782466,4.84890509549213,2.26967146024096,4.52754637892973,2.58514760974762,2.40302390347433,1.57153132110979,1.52855309000637,-0.731308142542892,1.45199021632255,0.0434978535029362,1
"10903","PmetTSAr1.1-014370",14.4773927860984,14.0410012581122,11.6793510558232,14.0062692073323,13.6539486430332,11.4779729977715,13.3894468558554,12.8794751102389,-0.0771727418041657,3.72926611989205,0.787875957177273,1
"10904","PmetTSAr1.1-014371",5.26041911793016,5.17613181972779,4.72848220883532,3.54790184079874,4.8061899223477,4.21235954844324,4.75650146522562,5.01025735057644,0.0084127265315342,2.24675544956346,0.993047914490748,1
"10905","PmetTSAr1.1-014372",4.45112386901783,4.01596434289225,3.68821612289155,2.78007233793931,4.29644250634112,3.19460824814823,2.72398762325697,3.59493041538536,-0.11328115664189,1.86682782222849,0.701255086666335,1
"10906","PmetTSAr1.1-014374",5.39530165941555,3.06403205420668,6.43073580401604,10.0876910548083,5.35234786806902,6.36094562684382,2.91257138179014,3.82138272501593,-0.440821052215952,2.45563392142749,0.243695725500906,1
"10907","PmetTSAr1.1-014375",7.01389215724021,3.24251935833523,16.9752511297188,7.62534126977639,6.88159011608875,5.14529824038033,2.59826511756818,4.24598080557326,-0.884449606837682,2.75439324610934,0.0453407848453495,1
"10908","PmetTSAr1.1-014377",11.8696636507142,11.3339438121626,11.3010724791164,14.0327460867413,11.6149589790069,13.5700173372668,12.1112680480194,15.5969028258058,0.123297224564423,3.67170840292925,0.668328228460275,1
"10909","PmetTSAr1.1-014378",9.26193451533002,8.03192868578451,12.4831930313253,14.6152374337381,9.32109560697735,13.8809969012458,17.6011507964296,15.9931943676593,0.356096303494261,3.66897603753892,0.272440969810765,1
"10910","PmetTSAr1.1-014379",4.8108106463122,13.9815054900693,332.696008213653,8.73737020495211,4.66054780348867,14.3898725513934,46.9154483728642,26.5232267654809,-1.96093986182798,5.82233123706768,0.0491387572581771,1
"10911","PmetTSAr1.1-014380",12.9487239825973,13.3567999256194,10.8282242582329,11.226196869393,12.1611169247283,12.4957242980665,15.1705156864465,13.9268170422803,0.152924928098555,3.68138034215043,0.592607732467626,1
"10912","PmetTSAr1.1-014382",3.37206353713472,3.15327570627095,5.81603311686745,5.13651460533548,3.64105297147553,4.38198476515908,2.11632884576118,2.83065387038217,-0.432527802238225,1.94810239779529,0.182631085113974,1
"10913","PmetTSAr1.1-014383",3.86663285591448,6.5445344847133,5.57960900642568,6.03672850523964,4.58772674405916,7.94411431619162,8.50722288494098,7.10494121465925,0.352538644199128,2.66549649433414,0.262391928594238,1
"10914","PmetTSAr1.1-014384",12.5440763581411,4.75966144342786,32.0591093759035,13.211962825064,19.0062965111023,7.49178040494939,7.56430409227511,15.4270635935828,-0.337643714939831,3.81185996701589,0.480453048927695,1
"10915","PmetTSAr1.1-014386",12.5890372053029,4.28369529908507,5.29590007389556,6.61921985223645,7.06364276466252,4.63642259023283,2.36777385713875,5.03856388928027,-0.592486362197531,2.59194754077847,0.137714098992487,1
"10916","PmetTSAr1.1-014388",4.00151539739986,8.80537367034153,13.0506108963855,7.2281880786422,6.80876905665924,8.90532387758135,8.08814786597837,7.81260468225479,-0.064062554062039,3.02626009418798,0.855963363761507,1
"10917","PmetTSAr1.1-014390",3.64182862010549,4.25394741506365,1.5131143068273,3.41551744375401,2.62155813946238,5.03221476256978,4.81936271807002,5.09517696668791,0.449411376106344,1.95393484907798,0.190529365667349,1
"10918","PmetTSAr1.1-014391",7.46350062885817,8.32940752599875,8.65312244216864,9.26690779313103,9.83084302298392,7.66140562166522,6.30707903538728,9.42607738837263,-0.0235660383566102,3.07501210719866,0.942969982935452,1
"10919","PmetTSAr1.1-014392",5.12553657644477,5.35461912385634,4.58662774257026,7.44000311391377,5.13388468978049,5.59763215162256,7.64811909606763,6.17082543743313,0.123302111762381,2.57349942472594,0.681871208753963,1
"10920","PmetTSAr1.1-014393",6.15963606116608,6.90150909297039,6.52530544819275,9.50519970781154,5.27952680863951,6.50229997410702,8.00433286218585,8.06736353058919,-0.0638001552065565,2.84522886521839,0.839743872403468,1
"10921","PmetTSAr1.1-014394",2.15812066376622,1.45764631704978,1.98596252771084,1.53565900571886,1.60206330744923,1.61143955880043,1.40390131352474,1.50024655130255,-0.208849256326358,0.774698713983847,0.432805067534263,1
"10922","PmetTSAr1.1-014395",2.87749421835496,1.78487304128545,5.72146347269074,3.49494808198085,4.11438985776735,2.51610738128489,1.80202258153922,2.00976424797134,-0.410289077099005,1.62480171017625,0.266638309172144,1
"10923","PmetTSAr1.1-014396",2.74261167686957,2.76655321399244,3.73550094497991,4.97765332888181,3.16771608518371,5.00394389311714,3.9183514273004,4.07614157335033,0.181622624672755,1.95097287418458,0.545112100659017,1
"10924","PmetTSAr1.1-014398",2.3829248995752,3.86722492278513,1.79682323935742,4.60697701715657,2.69437919889189,4.72123519859075,5.36416024272141,2.91557348649364,0.302423928222812,1.85711550150778,0.383320513915377,1
"10925","PmetTSAr1.1-014399",3.95655455023807,5.26537547179207,2.1278169939759,5.71900595233229,3.67746350119028,5.96515345450687,6.55852404676485,4.64227234742676,0.282570808726762,2.2678568069096,0.408851751325553,1
"10926","PmetTSAr1.1-014401",4.04647624456166,3.48050243050662,3.21536790200802,2.78007233793931,2.94925290689518,2.742274336906,2.36777385713875,3.22694541223568,-0.259149230619086,1.65815626919056,0.338934420265621,1
"10927","PmetTSAr1.1-014405",5.35034081225375,6.00907257232767,7.23457777951804,8.81680084317895,5.06106363035098,7.26561344932828,7.96242536028959,8.66180084336944,0.078656235156946,2.8304986178355,0.800629176955105,1
"10928","PmetTSAr1.1-014406",14.342510244613,15.855622183419,14.9420037799196,15.4360206954154,14.8919066533349,18.3195234053102,23.1329410467361,18.7672351606338,0.310706377654541,4.09001133374419,0.283643747336468,1
"10929","PmetTSAr1.1-014408",8.67744350222667,9.90604537913423,11.2537876570281,6.98989616396169,8.33801130467896,7.60486388275995,9.01011290769612,7.41631314040129,-0.183926523004897,3.12198047464138,0.531416113882648,1
"10930","PmetTSAr1.1-014410",3.86663285591448,3.59949396659232,27.4251968112449,3.73323999666136,5.27952680863951,5.17356910983297,9.32441917191807,6.68034313410192,-0.541541550041527,3.0299277846323,0.335155981994236,1
"10931","PmetTSAr1.1-014411",3.64182862010549,2.4690743737782,4.68119738674697,13.7944541720608,5.93491634350511,5.65417389052784,3.47832265738966,2.85896040908599,-0.461370664413847,2.42819573036549,0.320810056657003,1
"10932","PmetTSAr1.1-014412",4.7658497991504,5.681845848092,5.81603311686745,7.44000311391377,4.29644250634112,7.49178040494939,8.52817663588911,6.53881044058282,0.180142517852772,2.67609353808147,0.56578079523547,1
"10933","PmetTSAr1.1-014416",1.93331642795724,2.02285611345684,2.41152592650602,1.48270524690096,1.67488436687874,1.13083477810557,1.78106883059109,2.15129694149045,-0.207805531417513,0.910268675494808,0.463928092248233,1
"10934","PmetTSAr1.1-014417",5.71002758954812,8.41865117806302,6.71444473654616,4.15687006720449,2.94925290689518,1.4418143420846,4.04407393298919,5.88776005039492,-0.800834018734767,2.31292157225686,0.0382911770209211,1
"10935","PmetTSAr1.1-014418",3.73175031442909,4.99764451559925,4.77576703092368,3.38904056434506,5.02465310063623,4.41025563461172,3.56213766118219,18.5973959284109,0.902767408582522,2.61579021303372,0.0495562410987236,1
"10936","PmetTSAr1.1-014419",8.63248265506487,8.09142445382735,6.28888133775098,6.61921985223645,10.5954641469938,4.52333911242227,3.26878514790836,14.3231085841338,0.140721085047572,2.97252012371181,0.733340130107735,1
"10937","PmetTSAr1.1-014421",4.00151539739986,4.0754601109351,7.47100188995981,2.51530354384985,3.53182138233126,4.09927607063268,4.37933394815927,5.57638812465288,-0.0293513417501904,2.17275223852219,0.927859410747353,1
"10938","PmetTSAr1.1-014423",4.94569318779758,8.59713848219156,7.9911349329317,5.11003772592654,8.15595865610518,7.52005127440203,5.88800401642467,28.7028302456752,0.915339293785191,3.27548618783706,0.0455467448642662,1
"10939","PmetTSAr1.1-014425",3.32710268997292,4.9381487475564,7.75471082248993,1.45622836749202,2.62155813946238,1.3004599948214,5.07080772944758,15.6252093645096,0.497449798147278,2.41221271575224,0.413403232064063,1
"10940","PmetTSAr1.1-014426",3.19222014848753,3.53999819854947,2.17510181606425,3.1772255290735,2.84002131775091,5.28665258764353,4.31647269531488,3.19863887353185,0.369454735114025,1.82248285310873,0.216170814272986,1
"10941","PmetTSAr1.1-014428",4.18135878604705,4.10520799495653,6.80901438072287,6.32797417873805,4.33285303605588,5.45627780435937,6.6632928015055,6.14251889872931,0.0796279936233721,2.47683514254414,0.806655600943618,1
"10942","PmetTSAr1.1-014429",3.91159370307627,4.0754601109351,4.53934292048191,7.06932680218853,3.67746350119028,4.49506824296963,5.92991151832093,5.83114697298727,0.0228290745201244,2.32508154870599,0.946731330729527,1
"10943","PmetTSAr1.1-014430",2.51780744106059,1.75512515726402,3.40450719036143,4.13039318779555,2.33027390174434,4.80604780694866,3.72976766876723,2.85896040908599,0.219023169840441,1.70436970576063,0.519246155605356,1
"10944","PmetTSAr1.1-014435",1.88835558079544,2.52857014182105,2.55338039277107,3.73323999666136,2.40309496117385,2.99671216197976,3.60404516307845,2.85896040908599,0.142170744070309,1.53186833679308,0.622291130358773,1
"10945","PmetTSAr1.1-014438",3.73175031442909,5.47361065994203,4.20834916586344,7.33409559627799,3.85951614976406,8.33990648852856,7.64811909606763,4.92533773446498,0.252642981002404,2.52754359955223,0.460048993555464,1
"10946","PmetTSAr1.1-014441",2.83253337119316,3.30201512637807,1.84410806144578,3.78619375547925,2.36668443145909,2.91189955362184,2.07442134386492,4.6988854248344,0.0245009273586695,1.60636844384554,0.93422358427747,1
"10947","PmetTSAr1.1-014447",1.88835558079544,2.14184764954254,2.2223866381526,4.1039163083866,2.25745284231483,2.79881607581128,3.31069264980462,3.02879964130892,0.12878245190619,1.48078313059216,0.666364273813276,1
"10948","PmetTSAr1.1-014452",2.29300320525161,1.13041959281412,3.59364647871485,3.41551744375401,2.73078972860665,1.55489781989516,0.81719628697709,2.6042015607516,-0.442244975726437,1.21147530943478,0.275797688956989,1
"10949","PmetTSAr1.1-014459",2.56276828822238,2.55831802584247,1.65496877309236,2.59473418207669,3.02207396632469,3.27942085650615,4.86127021996628,3.31186502834714,0.624159361526733,1.61110837439515,0.0294787469600548,1
"10950","PmetTSAr1.1-014462",1.70851219214826,0.922184404664147,4.30291881004014,2.46234978503196,2.54873708003287,1.80933564496891,0.83815003792522,1.35871385778344,-0.519644945295656,1.02524536271045,0.218310374320388,1
"10951","PmetTSAr1.1-014465",2.78757252403137,3.62924185061374,3.59364647871485,2.32996538798723,2.80361078803616,4.21235954844324,2.22109760050183,2.54758848334395,-0.0654765265151938,1.61975762644802,0.826958414794159,1
"10952","PmetTSAr1.1-014466",2.87749421835496,2.70705744594959,2.9316589694779,3.01836425261982,2.14822125317056,5.25838171819089,2.93352513273827,2.37774925112102,0.143300784822159,1.63045088683629,0.654985139690214,1
"10953","PmetTSAr1.1-014469",1.48370795633928,1.30890689694266,4.72848220883532,3.38904056434506,1.7112948965935,2.12031520894794,1.78106883059109,1.10395500944905,-0.693294395639685,1.17206854747742,0.0699609106214279,1
"10954","PmetTSAr1.1-014471",1.52866880350107,1.45764631704978,5.0594759634538,3.36256368493612,1.82052648573776,1.9506899922321,1.34104006068035,1.64177924482166,-0.752702295330819,1.21242941535173,0.0429587502544535,1
"10955","PmetTSAr1.1-014480",1.57362965066287,0.862688636621299,10.308091215261,3.49494808198085,1.60206330744923,3.70348389829574,1.27817880783596,1.3021007803758,-1.03609303190738,1.60694248741203,0.0730037843008037,1
"10956","PmetTSAr1.1-014481",2.15812066376622,1.10067170879269,2.36424110441766,2.5417804232588,1.45642118859021,1.32873086427404,2.15823634765744,1.50024655130255,-0.327139960145305,0.914002799542178,0.27461441774652,1
"10957","PmetTSAr1.1-014487",3.46198523145831,3.27226724235665,2.55338039277107,4.7393614142013,3.34976873375749,2.17685694785322,3.08020138937518,3.651543492793,-0.202764743183443,1.7441570623064,0.505197215298099,1
"10958","PmetTSAr1.1-014496",2.24804235808981,3.62924185061374,1.5131143068273,1.64156652335464,1.60206330744923,0.989480430842372,3.12210889127144,3.28355848964332,-0.00502001117909003,1.21610925203907,1,1
"10959","PmetTSAr1.1-014504",2.06819896944263,2.40957860573535,1.56039912891566,1.48270524690096,2.98566343660993,2.79881607581128,2.40968135903501,4.04783503464651,0.697960504803267,1.34336430222177,0.0149790391296846,1
"10960","PmetTSAr1.1-014507",1.70851219214826,0.951932288685571,2.97894379156625,1.37679772926518,1.27436854001643,1.13083477810557,0.880057539821481,1.21718116426433,-0.621424442152073,0.567971677668955,0.0646407684828275,1
"10961","PmetTSAr1.1-014646",3645.74021380857,747.385838154259,940.778820269876,3276.40791933941,2256.32411589367,1.01775130029501,2.72398762325697,696.793756733275,-1.54200378859143,10.4977840333665,0.222032925133868,1
"10962","PmetTSAr1.1-014647",251.690822411735,88.4702070797153,168.381251456626,307.820200008404,306.467428609095,239.256368177686,15.421960697824,48.262648490016,-0.421872830961959,7.4779004254317,0.546275170292057,1
"10963","PmetTSAr1.1-014648",505.944413111693,333.59277141625,864.366547775097,398.212266310545,692.746738352934,455.528519490375,347.036023202937,302.738431437373,-0.22539396424928,8.92944412325089,0.64310073798819,1
"10964","PmetTSAr1.1-014649",182.001509310951,56.1640050324487,650.119018892769,178.877797286838,549.871819752234,123.374074291317,13.9342443805068,53.0747600696657,-0.527700143922301,7.8198073093562,0.530981559342514,1
"10965","PmetTSAr1.1-014650",185.283651153762,54.6766108313775,644.63397953052,179.83096494556,542.043555863562,119.727132131927,13.158955595426,54.2353281565224,-0.545772642666998,7.8087277216134,0.517698322186948,1
"10966","PmetTSAr1.1-014651",4.27128048037064,3.77798127072086,8.84226173052206,4.52754637892973,6.48107428922644,3.33596259541143,3.56213766118219,2.51928194464013,-0.429118640334864,2.23525366546012,0.246324888136959,1
"10967","PmetTSAr1.1-014652",83.5372540266174,54.7956023674632,108.991514913654,75.220814400815,98.1627881109802,79.4128722924635,38.8692080087821,45.3470750035224,-0.301108143666434,6.19154775061678,0.486961345852678,1
"10968","PmetTSAr1.1-014653",33.9904004543179,25.3749450702748,30.2150013144577,33.5726830905433,35.6094980610307,28.0729733664707,28.6018700441981,25.3060456012166,-0.0668213900556036,4.91413127025093,0.821473024313762,1
"10969","PmetTSAr1.1-014654",49.1871667950051,37.7500648231872,63.1725223100399,44.8518337187542,57.9291527761756,45.7422667743702,31.8287476902102,31.7316298869841,-0.221328388496717,5.50218328847451,0.512359657129563,1
"10970","PmetTSAr1.1-014656",64.8335416073102,43.699641627472,97.454018324096,62.8296348374284,87.4216818451274,63.9487067018699,28.8742688065238,41.2143203527644,-0.279642298312376,5.93847868608306,0.508089835813252,1
"10971","PmetTSAr1.1-014657",25.0881527162823,19.9310822943541,48.6087971068271,32.8313304670928,39.6874773890832,35.338586815799,20.1365546611534,17.3236016867389,-0.168898142821328,4.90289433013523,0.649931055028421,1
"10972","PmetTSAr1.1-014659",49.861579502432,35.7867044777732,37.5914335602408,31.0309026672845,45.5495726731588,38.3070281083261,33.1069264980462,38.7799580242358,0.0139329267297196,5.27823441669413,0.965052491753214,1
"10973","PmetTSAr1.1-014661",58.3142187688497,55.0930812076774,77.6889626911644,58.1961809408629,72.602596251222,57.5877610750261,51.064291060594,50.4705585089141,-0.105396738711235,5.91124536592143,0.762478816082814,1
"10974","PmetTSAr1.1-014662",4.99065403495938,3.59949396659232,7.9911349329317,11.5174425428914,4.8061899223477,5.25838171819089,2.43063510998314,3.19863887353185,-0.844207571638267,2.46690503301173,0.0295486105349,1
"10975","PmetTSAr1.1-014663",10.4758773886985,15.855622183419,10.7809394361445,11.0938124723483,12.8893275190234,12.0151195173717,12.3836668103451,9.70914277541085,-0.0380477077933003,3.58066934094462,0.901609883041,1
"10976","PmetTSAr1.1-014664",17.3099261572915,20.2880569026112,14.1381618044176,15.2242056601438,16.3483278419251,17.4996681911837,17.3077982831558,13.6437516552421,-0.0476990768962928,4.04727719197288,0.871637127240422,1
"10977","PmetTSAr1.1-014667",16.0060615895995,17.7892346448116,14.3745859148594,27.5359545853036,14.8919066533349,23.2103838206168,34.4270128077784,27.938553700672,0.40758234653867,4.46598724538993,0.229578669469009,1
"10978","PmetTSAr1.1-014669",36.3733253538931,23.4115847248608,6.66715991445781,19.6987982802557,38.7772141462144,6.24786214903326,5.78323526168402,26.5798398428886,-0.155621126456298,4.35697133941708,0.784805969924793,1
"10979","PmetTSAr1.1-014670",41.7236661661469,32.3062020472666,28.7491718297188,30.766133873195,32.733066213565,28.3274111915445,25.1235473868085,30.967353341981,-0.189016754971136,4.97237320320855,0.521909890525547,1
"10980","PmetTSAr1.1-014673",46.6243985067827,34.9835116091947,1.84410806144578,36.8028623784347,17.3314121442235,4.49506824296963,1.36199381162848,82.5135603216403,-0.186293186219687,4.82318410287726,0.834085628642732,1
"10981","PmetTSAr1.1-014674",10.6107599301839,15.0226814308192,10.5918001477911,10.8290436782588,12.2703485138725,12.3260990813507,12.6979730745671,10.4168062430064,0.0189649948816394,3.57412293895359,0.949249402948622,1
"10982","PmetTSAr1.1-014675",42.3081571792503,41.5577939779295,32.8629513514055,30.3954575614698,38.0125930222045,32.596312478893,33.6517240226976,34.930268760516,-0.0799696703115181,5.16382366256758,0.788761634020139,1
"10983","PmetTSAr1.1-014676",86.9542784109139,97.9597820825496,31.58626115502,71.1168980924284,93.3565981886325,71.0446949344823,65.2918879543746,53.3578254567039,-0.0233626447876384,6.15781003735031,0.957557016529649,1
"10984","PmetTSAr1.1-014677",70.4086866553729,82.8478569996661,77.4998234028109,66.430490437045,83.4165235765043,65.2491666966913,64.6423216749826,76.4559610390225,-0.0365545177440273,6.19825211704764,0.922550737402478,1
"10985","PmetTSAr1.1-014678",10.7456424716693,6.57428236873473,7.84928046666664,6.06320538464859,8.3016007749642,3.73175476774837,3.10115514032331,5.46316196983759,-0.602260459409104,2.70514739702345,0.0914676649887558,1
"10986","PmetTSAr1.1-014679",11.7797419563906,11.2149522760769,14.9420037799196,13.9003616896965,11.9426537464397,11.9020360395611,9.57586418329564,10.7847912461561,-0.229999768941736,3.59237270957715,0.423880392808668,1
"10987","PmetTSAr1.1-014680",10.0712297642424,11.8991536085696,7.66014117831322,12.1793645281151,10.0493062012725,12.4109116897086,10.602597979754,10.954630478379,0.0719816870910676,3.43243414846888,0.80624314473399,1
"10988","PmetTSAr1.1-014682",5.44026250657734,5.71159373211343,10.2135215710843,5.93082098760386,7.68262176981336,6.44575823520174,6.85187656003867,6.2557450535446,-0.000280365130612559,2.78065460836272,1,1
"10989","PmetTSAr1.1-014685",6.92397046291662,6.663526020799,8.88954655261041,6.22206666110226,8.3016007749642,5.31492345709617,5.6994202578915,5.94437312780256,-0.183807061254713,2.76506119987919,0.540853102383661,1
"10990","PmetTSAr1.1-014686",3.19222014848753,4.04571222691368,2.55338039277107,4.18334694661344,3.34976873375749,4.55160998187491,4.4631489519518,4.16106118946179,0.235415185983988,1.95737663832479,0.401620361119562,1
"10991","PmetTSAr1.1-014688",4.36120217469423,4.84890509549213,6.05245722730921,4.65993077597446,4.4784951549149,6.02169519341215,6.9356915638312,6.0009862052102,0.238608448154127,2.45554806710335,0.416214207251091,1
"10992","PmetTSAr1.1-014689",9.75650383410978,6.90150909297039,7.56557153413652,6.06320538464859,8.59288501268224,6.70019606027549,6.80996905814241,6.76526275021339,-0.0674746208026772,2.89699491364973,0.821126554113184,1
"10993","PmetTSAr1.1-014690",12.0045461921996,13.6840266498551,10.1189519269076,9.02861587845052,10.4498220281348,8.99013648593927,8.06719411503024,11.1810827880096,-0.213521469991599,3.39204706748579,0.472586468629883,1
"10994","PmetTSAr1.1-014691",10.6107599301839,18.4436880932829,5.0594759634538,6.32797417873805,3.93233720919357,5.51281954326464,6.99855281667559,34.4773641412549,0.331747146482626,3.52268076278273,0.570212025723962,1
"10995","PmetTSAr1.1-014692",11.2851726376109,13.3865478096408,6.5725902702811,7.54591063154955,12.197527454443,8.25509388017065,9.80635544372507,9.00147930781531,0.0157337105007149,3.2954668370294,0.961854216856859,1
"10996","PmetTSAr1.1-014693",4.99065403495938,5.0571402836421,4.91762149718874,4.58050013774762,5.17029521949525,3.25114998705351,2.84971012894575,4.50073965390765,-0.313797680516985,2.15985551396422,0.288195247422608,1
"10997","PmetTSAr1.1-014696",17.0851219214826,10.590246711627,10.1189519269076,10.6966592812141,10.559053617279,5.42800693490673,8.61199163968164,7.07663467595543,-0.613910437810079,3.33201541439665,0.0579598663928556,1
"10998","PmetTSAr1.1-014702",6.33947944981327,4.13495587897795,16.2659787983935,8.89623148140579,10.267769379561,7.57659301330731,9.28251167002181,11.1244697106019,0.104812187965247,3.2155237511805,0.788830114607693,1
"10999","PmetTSAr1.1-014705",4.00151539739986,3.65898973463516,1.89139288353413,2.85950297616615,2.91284237718042,3.47731694267462,5.82514276358028,1.58516616741402,0.156167957320449,1.74282927216936,0.684480013866561,1
"11000","PmetTSAr1.1-014707",2.78757252403137,3.62924185061374,1.60768395100401,1.98576595567094,2.40309496117385,1.07429303920029,1.36199381162848,1.38702039648726,-0.700563447033199,1.05995672636804,0.0354277282176587,1
"11001","PmetTSAr1.1-014709",1.57362965066287,1.99310822943541,3.02622861365461,3.41551744375401,2.40309496117385,2.91189955362184,3.77167517066349,2.83065387038217,0.251259506437713,1.49071163436105,0.406807705334136,1
"11002","PmetTSAr1.1-014722",13.9828234673186,6.51478660069188,3.21536790200802,2.17110411153356,18.4601385653809,3.87310911501157,3.4364151554934,1.98145770926752,0.099663319945487,2.75305231705173,0.876707490953215,1
"11003","PmetTSAr1.1-014726",1.57362965066287,1.39815054900693,4.06649469959838,4.36868510247606,2.33027390174434,5.03221476256978,2.76589512515323,1.89653809315605,0.0760017514294273,1.58166990246378,0.861977058205026,1
"11004","PmetTSAr1.1-014814",2.11315981660442,3.71848550267801,1.56039912891566,1.82690467921726,1.63847383716399,1.72452303661099,5.99277277116532,3.31186502834714,0.459548758170877,1.49377719821694,0.26650920888057,1
"11005","PmetTSAr1.1-014815",5.48522335373914,5.62235008004915,4.3502036321285,5.00413020829076,5.20670574921,6.36094562684382,7.45953533753446,4.58565927001912,0.207475884072456,2.47944486578885,0.485322930507342,1
"11006","PmetTSAr1.1-014838",86.4597090921341,89.3328957163366,95.6571950847386,120.072648119569,82.2149760959174,82.5509388017065,89.0115340276584,78.0411272064365,-0.238747592658307,6.49952386701055,0.535364434699258,1
"11007","PmetTSAr1.1-014839",18627.8185092981,1989.27075239665,740.574883547788,1702.01323904526,5127.7313102587,885.754610820639,44.1076457458147,1838.90598035507,-1.54608798275639,11.9179421106965,0.126488239351102,1
"11008","PmetTSAr1.1-014840",5.9348318253571,6.39579506460618,4.77576703092368,6.38092793755594,4.95183204120672,7.40696779659147,7.4176278356382,5.32162927631848,0.0952915078287609,2.61853336510162,0.749503235109886,1
"11009","PmetTSAr1.1-014841",155.339726944006,128.005144944188,3052.18798098111,480.978991342909,400.115311035446,422.508143969693,45.5115470593394,179.576681537045,-1.86500342052396,9.24799090206979,0.0324589543948691,1
"11010","PmetTSAr1.1-014842",858.032807235719,887.171145170931,475.21246198795,771.006728388502,817.379981566541,784.092564268948,1101.68536359986,817.917435846928,0.235177410090333,9.66911942229053,0.598882961631814,1
"11011","PmetTSAr1.1-014844",14642.3091734879,13265.6524089778,18177.893294714,16759.0174057216,15301.9984495122,11248.0460165132,7076.2702789422,8399.11616419798,-0.580533130065561,13.6782518633476,0.205651385156772,1
"11012","PmetTSAr1.1-014845",3229.26788654885,1728.08433068855,16.4078332646586,837.940279534317,1471.64079001098,2326.46638899659,900.194094482635,5979.61476848882,0.877596841536046,11.0093173776342,0.322145552007944,1
"11013","PmetTSAr1.1-014846",1633.83222501251,463.769511894002,2708.52189404296,3496.48374098656,5936.15430151541,7990.11102079106,28.0780262704949,2311.93654863464,0.970245326514637,11.5845721226622,0.287422984256039,1
"11014","PmetTSAr1.1-014849",19045.1900535011,2906.66574773335,10733.9383229887,11546.487679603,17187.5177307908,26.7725133716493,15.8200819658385,5336.32036990577,-0.97092189349682,13.0275364963794,0.417678883215901,1
"11015","PmetTSAr1.1-014850",1826.57937679513,686.670406866532,1369.74672625542,5910.8044667707,6022.30161482052,11185.0867902422,144.14085277219,1198.69699449074,0.92149046210293,11.7907855351068,0.294594275962677,1
"11016","PmetTSAr1.1-014851",4022.82683895456,1721.51004831981,3181.03912117188,10720.1177963704,8822.9995604795,15579.2280292659,412.034558644038,3114.17216203965,0.507533399602839,12.5378996013857,0.512698669926683,1
"11017","PmetTSAr1.1-014853",88.3031038257678,22.519148204218,329.149646557027,196.273107058515,202.442545214039,80.1761857676848,0.775288785080829,8.57688122725798,-1.12380802027783,6.8585967929552,0.262766292648417,1
"11018","PmetTSAr1.1-014854",149.764581895943,227.779547952044,219.212435201606,192.195667629538,189.771680873304,143.22022464707,146.948655399239,161.885094847156,-0.297797298510405,7.48305155537619,0.472354903247686,1
"11019","PmetTSAr1.1-014855",154.080823223476,196.306286657378,218.692302158634,195.558231314474,174.87977421997,155.122260686631,149.986949286718,191.890025873207,-0.18659173914607,7.48883138987198,0.649408009775485,1
"11020","PmetTSAr1.1-014856",100.667336795262,129.879261637538,142.752877884738,117.875067128627,112.435715759164,97.5062287421526,87.7543089707705,119.680045639758,-0.234915903881542,6.82814716369934,0.554505482814556,1
"11021","PmetTSAr1.1-014860",192.702190935459,274.156499141444,269.05063768273,252.960105873068,243.404391143139,178.389186246153,190.448642367558,205.76022983808,-0.273708445470687,7.81965215974399,0.513317052405209,1
"11022","PmetTSAr1.1-014861",293.414488577882,396.836772845797,402.86668419277,371.867771298644,337.088684099204,276.941437158054,278.97824012341,334.894659404915,-0.254704873198608,8.39519005789327,0.547230379136729,1
"11023","PmetTSAr1.1-014862",160.105576743156,198.894352567242,222.711512036144,196.246630179106,173.022837204517,154.35894721141,147.577267927683,198.768514778236,-0.207539815927636,7.50397639354778,0.613677578561843,1
"11024","PmetTSAr1.1-014863",94.3728181926103,125.565818454431,140.152212669879,117.53086769631,111.780326224299,97.8454791755843,85.8684713854388,117.273989849933,-0.210575232866352,6.79903840540291,0.597052434729413,1
"11025","PmetTSAr1.1-014864",6102.04121595182,5012.0127435816,2258.9378056269,6187.88500978531,3660.71465752149,2672.6714563136,3026.95790821598,3589.89185149608,-0.594995180413463,11.9886667959735,0.208999109858575,1
"11026","PmetTSAr1.1-014865",10.2061123057277,4.78940932744928,7.70742600040158,32.5930385524123,16.8580752579317,27.4792851079653,4.23265769152236,8.32212237892358,0.0391205433926677,3.81697493080746,0.945070550382194,1
"11027","PmetTSAr1.1-014866",3313.52451413006,755.507010492108,888.954655261041,2365.92099022458,2788.24554449653,0.989480430842372,2.64017261946444,463.264812426746,-1.16989842411564,10.3689551850427,0.357385955633144,1
"11028","PmetTSAr1.1-014867",111.008331642475,94.4197838840001,185.734781163052,158.146400709633,128.165064595939,115.712668669652,101.122802075678,110.197355173978,-0.271107757804973,6.97289246659186,0.514449127418305,1
"11029","PmetTSAr1.1-014868",109.839349616268,78.2071870923239,179.351330181124,129.313079033291,126.235306521057,107.712012614555,95.04621430072,89.2788230718537,-0.247901732652321,6.83824072401722,0.555661956220089,1
"11030","PmetTSAr1.1-014869",5107.68712012154,7072.61892186162,1165.09801625702,3144.42067548581,3944.93525247487,5869.6261866264,12041.1777510979,7020.07821162519,0.808284189070302,12.4693341270253,0.153764914859148,1
"11031","PmetTSAr1.1-014870",172.110122935356,47.6263623183,378.420431173091,428.71363138965,1386.47656100817,1726.7847061672,5.67846650694337,150.13788128507,1.67060969279091,9.06892020609325,0.0931866015034684,1
"11032","PmetTSAr1.1-014872",282.758767800536,53.7246785426919,1312.91037010522,882.103714388438,574.230464131405,255.116325940616,3.83453642350788,23.9190252047294,-1.56247036767887,8.72655085034201,0.129453730578006,1
"11033","PmetTSAr1.1-014873",4929.91193044379,4240.1443968777,1931.53769748714,4704.75613281381,3253.06236683509,2055.74454311811,2346.90392119441,2866.63148107473,-0.587051997099849,11.6843741238969,0.213149751725875,1
"11034","PmetTSAr1.1-014874",2320.02467439585,444.73086612029,4.82305185301203,9.21395403431314,452.837758062411,143.418120733239,15.3800531959278,735.828473605845,-1.0442020470505,9.01066650162674,0.390969181328231,1
"11035","PmetTSAr1.1-014877",654.719856370077,511.336378444259,287.491718297188,696.500789731728,471.006612390074,337.554181264512,364.888619010745,448.092507681498,-0.407028502063063,8.88114508801917,0.374428583193973,1
"11036","PmetTSAr1.1-014880",8.85728689087386,9.1326003945772,7.32914742369475,12.682425236885,8.44724289382322,13.2873086427404,14.290458146625,11.4075350976402,0.31847997125881,3.42664757171682,0.305844461344035,1
"11037","PmetTSAr1.1-014882",757.725157217752,708.178127014022,312.69452847028,953.432427516138,522.054175050161,371.988100257827,437.493366046017,475.493237146797,-0.596378620360036,9.1483400111408,0.205060070438901,1
"11038","PmetTSAr1.1-014883",1132.83350508862,1823.24781167308,270.043618946585,860.498580790739,908.879642739721,1209.96494170351,2708.29326379682,1744.16399531338,0.685261400930136,10.3797321380445,0.229112639193327,1
"11039","PmetTSAr1.1-014886",8.09295248912332,7.07999639709894,20.3797583200802,16.9716797011343,13.2170222864562,8.56607344414968,5.72037400883963,6.39727774706371,-0.632887332124864,3.43958608055001,0.111357748752632,1
"11040","PmetTSAr1.1-014887",1013.68726010986,385.026862889292,2762.99400908874,1811.09798221012,1497.74713981646,780.700059934632,125.785366941627,283.489985118774,-1.1520340396073,10.0802765117771,0.102418207956317,1
"11041","PmetTSAr1.1-014888",148.820404105546,149.066646831356,244.415245374698,130.213292933195,149.756508716788,109.549619128977,115.22467646377,127.549263399421,-0.421587628593473,7.19841603922803,0.317316293029571,1
"11042","PmetTSAr1.1-014889",5.9797926725189,8.77562578632011,6.99815366907628,9.50519970781154,7.64621124009861,9.24457431101302,8.73771414537042,8.37873545633123,0.118670447182119,3.04038471735683,0.686113356691415,1
"11043","PmetTSAr1.1-014890",10.3409948472131,11.4231874642269,8.18027422128511,7.91658694327479,9.17545348811833,7.15252997151772,8.71676039442229,10.0488212398567,-0.109863067817568,3.19842468018061,0.712338460115806,1
"11044","PmetTSAr1.1-014894",468.222262342946,501.787307673382,8.55855279799194,293.946315198116,359.226286165775,320.082783942781,160.84099227785,681.310080062285,0.25774430052632,8.4483861906572,0.733237296122057,1
"11045","PmetTSAr1.1-014895",196.164176166917,245.896009321092,4.72848220883532,139.956784555688,190.026554581308,172.848095833436,82.054888712879,313.74967499316,0.370672391940996,7.39445088192105,0.61116766719939,1
"11046","PmetTSAr1.1-014896",1189.03456404086,1401.66079932146,45.3461443827308,545.132470150785,929.014665671981,753.418670912835,1196.29154913067,1423.81889680223,0.435622001276624,9.86965424989364,0.525443246150343,1
"11047","PmetTSAr1.1-014898",206.595092708454,150.673032568513,6.99815366907628,342.82263458703,55.1255419881395,579.41146943184,40.1683405675662,236.2746785608,0.365467761969419,7.66062533095711,0.666982401376137,1
"11048","PmetTSAr1.1-014899",70.2738041138875,54.9145939035489,2.69523485903613,121.0522926577,17.5134647927973,182.601545794597,13.2846781011147,81.8058968540448,0.245767089612894,6.08952248231249,0.765095044895778,1
"11049","PmetTSAr1.1-014900",73.5559459566986,56.045013496363,1.98596252771084,118.192789681534,21.4458020019909,179.406937546448,13.6827993691292,80.9283941542263,0.242153325255777,6.09241672803104,0.769743200975261,1
"11050","PmetTSAr1.1-014901",64.4738548300158,50.6011507204424,2.36424110441766,108.793497491358,17.4406437333678,169.512133238025,13.5989843653367,74.9557144877199,0.284079789142362,5.97262393843513,0.724308121482424,1
"11051","PmetTSAr1.1-014904",347.862074490817,256.902726409018,127.243456239759,322.435437442142,220.647810071417,124.928972111213,151.20226684171,197.211655149526,-0.603549157457788,7.77223039344212,0.191461382987585,1
"11052","PmetTSAr1.1-014905",502.032819408617,450.263972548275,203.182880513654,507.058717560721,361.410917948661,191.704765758346,222.340251310613,285.301603595819,-0.648339890677308,8.41138658185789,0.166185621908581,1
"11053","PmetTSAr1.1-014906",27.0214691442395,27.7250279079673,23.5951262220883,29.7600124556551,29.2740658906632,27.8468064108496,28.5180550404056,27.1176640782612,0.0603306532776231,4.79032453671062,0.831352998191541,1
"11054","PmetTSAr1.1-014907",33.8105570656708,22.1324257119395,28.9383111180722,52.9537588178916,35.5730875313159,29.2038081445763,15.2333769392909,21.5412759536083,-0.441797889789973,4.90593722497152,0.221087715286423,1
"11055","PmetTSAr1.1-014908",147.471578690692,126.666490163224,368.065055135742,180.863563242509,220.283704774269,155.829032422947,123.249963076904,125.313046841819,-0.397864039144391,7.49992853402967,0.39802246293499,1
"11056","PmetTSAr1.1-014909",87.8534953541498,27.427549067753,231.601058588754,117.345529540448,210.270809102712,65.192624957786,7.92051785839333,26.2118548397389,-0.584522770311434,6.59622490619107,0.440029009313992,1
"11057","PmetTSAr1.1-014910",56.3809023408925,86.5365946183227,44.6368720514055,95.0519970781154,66.2671640808546,121.79090560197,89.4934702994654,76.9654787356912,0.326770966794016,6.31680415522785,0.435587572647796,1
"11058","PmetTSAr1.1-014911",224.084862254392,131.545143142737,402.015557395179,163.309392194378,318.774187652682,204.087406578602,142.841720213406,119.9914175655,-0.229121493822419,7.73721560124044,0.644253670901242,1
"11059","PmetTSAr1.1-014913",179.034093398273,288.019013095428,24.6826771301204,59.2552561172207,81.6324076204813,35.6778372492307,46.0353908330427,43.818521913516,-1.41136191476688,6.56718324422315,0.0211501614247804,1
"11060","PmetTSAr1.1-014914",73.3761025680514,70.5917287828394,25.7702280381525,77.5507797888022,57.0553000630215,32.99210465123,40.0007105599811,32.5242129706912,-0.605601905435034,5.68072072776439,0.123966518589947,1
"11061","PmetTSAr1.1-014915",88.3031038257678,6.78251755688469,2369.82071342409,563.34856318414,728.865983829971,177.032184512427,1.11054880025092,6.6520365953981,-1.72875764387648,8.94467490720967,0.200214745853537,1
"11062","PmetTSAr1.1-014917",1.57362965066287,1.93361246139257,2.31695628232931,3.36256368493612,2.22104231260007,1.97896086168474,1.29913255878409,1.72669886093312,-0.366099540072318,1.0788143006773,0.240535836530996,1
"11063","PmetTSAr1.1-014918",254.928003407385,310.091943039325,112.301452459839,204.083786484154,195.961470924813,198.320149210264,334.0027901132,246.833017497325,0.145751232105538,7.85883751709018,0.751485743494726,1
"11064","PmetTSAr1.1-014919",1082.11766949011,298.222537314777,722.086518111242,460.141687248069,576.050990617143,2355.38748844663,211.04617954957,556.846229381581,0.52968811242501,9.61248395658554,0.415261589911452,1
"11065","PmetTSAr1.1-014920",361.260406945033,322.169583952023,472.942790527709,309.249951496487,313.967997730335,309.990083548189,263.221019410415,310.551036119628,-0.291185598160226,8.37925107968149,0.493853049784017,1
"11066","PmetTSAr1.1-014921",30.1687284455653,48.9055213312212,14.4691555590361,16.4686189923643,23.5940232551614,16.3405625436255,32.268776460121,42.8560995975861,0.064447311969429,4.81778608959805,0.876954994719962,1
"11067","PmetTSAr1.1-014922",542.542542701395,906.477521900835,436.580762341765,395.882300922558,399.205047792577,448.658698213384,487.908090827219,1401.85302276807,0.26294434061629,9.29337337890474,0.616627737088343,1
"11068","PmetTSAr1.1-014924",66.182367022164,59.4957680428482,26.905063768273,60.6320538464859,42.7459618851227,25.9809290269754,30.508661380478,37.5344703212676,-0.641063158835603,5.45307838069843,0.0703663034482817,1
"11069","PmetTSAr1.1-014926",63.1250294151619,58.6925751742697,26.4795003694778,61.3734064699364,45.5495726731588,25.38724076847,30.5924763842705,37.5344703212676,-0.592963409295817,5.44794250848576,0.0975347967253759,1
"11070","PmetTSAr1.1-014927",12.7688805939501,7.82369349763454,7.89656528875499,12.6294714780671,9.43032719612162,12.0433903868243,9.49204917950312,10.0771277785605,-0.00306163619038689,3.36913895121794,0.995294417253712,1
"11071","PmetTSAr1.1-014928",17.6246520874241,20.1393174825041,4.06649469959838,9.45224594899365,11.1052115630004,11.0539099559819,18.5021620871992,19.3333659347102,0.225952538562998,3.80547473858509,0.59528891416838,1
"11072","PmetTSAr1.1-014929",1596.55968271538,1704.70249384771,1607.3056724273,1194.95452148454,1474.51722185844,1193.96362959331,1542.53132979758,1345.91930228932,-0.135349725554837,10.5093934126573,0.755770209118147,1
"11073","PmetTSAr1.1-014930",9.80146468127158,8.53764271414872,14.6582948473895,13.1325321868371,11.5785484492922,8.76396953031815,7.22904407710502,7.24647390817836,-0.406777706945728,3.34630636460346,0.195908585072846,1
"11074","PmetTSAr1.1-014933",44.4213169958547,5.17613181972779,1435.94547717911,147.635079584282,122.266558782148,46.9579141608337,4.06502768393732,4.18936772816561,-3.20197301484306,7.82215021341289,0.00964571693712312,1
"11075","PmetTSAr1.1-014934",43.252334969648,5.08688816766352,1427.62334849156,150.812305113355,124.524011624463,49.1347711086869,3.9183514273004,4.38751349909237,-3.16029314359588,7.82062505395448,0.010614899201529,1
"11076","PmetTSAr1.1-014937",8.27279587777051,7.02050062905609,7.80199564457828,7.83715630504796,6.1897900515084,7.66140562166522,6.8728303109868,6.53881044058282,-0.180798299902125,2.8744885416704,0.521293234009632,1
"11077","PmetTSAr1.1-014942",48.4677932404163,29.8073797894669,102.371639821285,69.5018084484827,104.352578162489,48.2018324167498,30.5715226333224,25.1362063689937,-0.264523457206944,5.8415436215402,0.586169735479304,1
"11078","PmetTSAr1.1-014943",101.341749502689,279.154143657044,98.6361388763049,125.712223433675,376.848982547717,166.826400640024,32.8764352376168,71.3607840723346,0.0990659532793088,7.29140624655391,0.874944709031967,1
"11079","PmetTSAr1.1-014944",58.9436706291149,69.1043345817682,71.5892206417668,129.418986550927,61.6430268070807,67.8218158168814,91.6726603980709,65.5013305606435,-0.199221601555505,6.26738949042778,0.627676079485118,1
"11080","PmetTSAr1.1-014946",985.272004703603,1194.34779557616,1383.2229005506,1369.67544870418,1098.03234460787,952.615217076131,1006.89059431051,1129.28936158897,-0.236469502463747,10.1547896784092,0.585109835487379,1
"11081","PmetTSAr1.1-014947",166.759782123102,54.6468629473561,38.2061362473894,285.923820737206,353.691885649133,317.990739603286,12.677019323619,58.1699370363536,0.444655086283987,7.33153909450781,0.573403840309278,1
"11082","PmetTSAr1.1-014948",11.5549377205816,13.7732703019194,12.1521992767068,13.211962825064,14.6006224156169,24.2281351209118,13.3684931049073,10.8414043235637,0.313617758306406,3.836169610189,0.32517961388927,1
"11083","PmetTSAr1.1-014949",11.7347811092288,13.7732703019194,10.0716671048192,12.3117489251598,15.2560119504825,24.7652816405119,14.290458146625,11.3226154815287,0.453498656810407,3.83380637312425,0.156004095798936,1
"11084","PmetTSAr1.1-014952",6.20459690832788,5.23562758777064,4.72848220883532,5.08356084651759,5.97132687321986,4.63642259023283,4.21170394057423,4.13275465075797,-0.167321396213469,2.34541532366362,0.563304972268138,1
"11085","PmetTSAr1.1-014953",6.51932283846045,5.59260219602773,9.78795817228912,8.4990782902716,9.21186401783308,7.12425910206508,5.80418901263215,4.81211157964969,-0.174492767249657,2.85254989654521,0.590696855744648,1
"11086","PmetTSAr1.1-014955",40.599644987102,44.1161120037719,45.8662774257026,63.014972993291,38.231056200493,62.4220797514274,53.9768624423842,51.9708050602167,0.093635316303771,5.64654791213865,0.777908793753584,1
"11087","PmetTSAr1.1-014956",14.0277843144804,6.663526020799,4.01920987751002,26.1591568560385,16.2755067824956,20.213671658637,3.66690641592284,15.6252093645096,0.130819533367104,3.74413149105125,0.805511508283141,1
"11088","PmetTSAr1.1-014959",140.547608227775,125.53607057041,179.918748046184,207.525780807317,136.503075900618,144.662038989155,148.017296697594,121.972875274768,-0.245791146396245,7.2350171206932,0.551210991217392,1
"11089","PmetTSAr1.1-014960",799.403862536737,1094.84112352449,1127.45929787469,1102.25896667382,918.018685698125,702.418022420274,765.210030874778,949.061629661735,-0.306476946755356,9.86479388310406,0.481411422720724,1
"11090","PmetTSAr1.1-014963",8.81232604371206,9.90604537913423,11.7739207,12.7883327545208,9.24827454754784,12.0151195173717,12.8027418293077,12.3699574135701,0.101642056570668,3.49581882571546,0.73090922280464,1
"11091","PmetTSAr1.1-014964",302.406658010241,101.023814136756,73.6697528136543,713.287131277,620.799531636577,605.335856719911,25.2283161415491,112.518491347691,0.196227260816665,8.31899039550157,0.808786220581977,1
"11092","PmetTSAr1.1-014965",838.78956465047,121.460610459475,3430.56112733212,1740.48414482646,2300.08957261081,1878.14694121663,6.11849527685411,101.931845872462,-0.516464100341389,10.3467628632648,0.62972380452521,1
"11093","PmetTSAr1.1-014966",21.6711283319858,24.3040212455035,26.1485066148593,39.2916890428756,26.7617393403451,21.7685694785322,20.1365546611534,17.8048128447039,-0.366853732011507,4.63211083452769,0.23763755655073,1
"11094","PmetTSAr1.1-014968",84.3015884283679,32.6036808874808,289.99781386787,125.553362157221,192.538881131626,77.6035366474946,7.52239659037885,34.449057602551,-0.77064761838604,6.72237969251297,0.303334922480628,1
"11095","PmetTSAr1.1-014969",26.7517040612688,39.772920936644,31.2079825783131,31.1368101849203,32.6966556838502,26.9138677189125,26.6112637041257,26.3816940719618,-0.195308479996057,4.91861714470558,0.507712834444379,1
"11096","PmetTSAr1.1-014970",287.164930822392,82.6098739274947,242.665706957429,1088.22622058708,438.419188295368,453.153766456354,12.2160368027601,106.347665910258,-0.75159352205642,8.40478017934095,0.367882540597309,1
"11097","PmetTSAr1.1-014971",17.5796912402623,24.3040212455035,28.6073173634537,25.0206510414538,22.9386337202958,19.0545660110788,17.4125670378964,21.3431301826816,-0.242778923980821,4.46533503291258,0.41046243377061,1
"11098","PmetTSAr1.1-014972",254.433434088605,306.670936376861,371.895125724898,332.046544667589,287.570363687137,253.052552470573,260.015095515351,310.692568813147,-0.186905629445616,8.21483265364542,0.657595779583367,1
"11099","PmetTSAr1.1-014974",159.071477258435,159.865128731133,73.1496197706824,81.4428810619173,124.633243213607,110.482557820914,179.762229384012,133.918234607781,0.212846773798526,6.99839632097683,0.629156480751477,1
"11100","PmetTSAr1.1-014975",542.67742524288,291.648254946042,586.379078717668,617.070151504891,583.91566503553,347.873048614725,58.3981038924397,289.575890940096,-0.67115117069074,8.69604148251186,0.245175103971762,1
"11101","PmetTSAr1.1-014976",19.8726944455139,16.8075544721046,5.76874829477909,22.2405787035145,20.0257913431154,19.7330668779422,8.36054662830407,15.2572243613599,-0.0316856714109034,4.00652598863819,0.94122872772248,1
"11102","PmetTSAr1.1-014978",64.0242463583978,76.0653394427814,27.8034753879517,55.0189554117894,69.5441117551826,63.0440388793854,93.2651454701289,68.3319844310256,0.400028435577325,6.01593143776517,0.317011396635136,1
"11103","PmetTSAr1.1-014979",357.034087311824,484.682274361063,517.579662579114,507.455870751855,404.812269368649,324.379956099582,371.991940582161,453.187684648186,-0.264208164135747,8.74045635871785,0.539449964709969,1
"11104","PmetTSAr1.1-014980",199.041670385272,255.117853367733,290.092383512047,273.744456209091,221.776536492574,178.530540593417,195.414681342265,241.851066685453,-0.281460668630208,7.85801017934757,0.502154566551793,1
"11105","PmetTSAr1.1-014981",195.175037529357,252.916509950148,281.250121781525,267.681250824442,212.601083004456,175.562099300889,190.804856133676,233.132652764676,-0.295983136736036,7.82144972641881,0.479122322710901,1
"11106","PmetTSAr1.1-014982",28.1454903232844,21.0912497711897,42.9819032783131,33.4138218140896,28.1089289397911,28.2425985831866,12.8656030821521,23.7208794338026,-0.435019447931241,4.77447577466591,0.204146668488145,1
"11107","PmetTSAr1.1-014983",623.202302509657,96.6211273015855,9.97709746064253,60.4202388112143,104.388988692203,13.2590377732878,1.9906063400724,68.9547282825097,-2.06699660050302,6.93498532814063,0.0427242195313457,1
"11108","PmetTSAr1.1-014984",209.607469468294,176.821422623345,1818.24326376345,279.992999749602,277.739520664153,350.417426865463,29.8171875991897,207.232169850679,-1.5219178481693,8.70991217089547,0.0494720035788958,1
"11109","PmetTSAr1.1-014985",172.604692254136,196.187295121292,159.917268302811,200.774176558036,166.942278742153,210.448352205446,209.118434462342,183.681129649099,0.0783170661113772,7.55094727402796,0.848254122822672,1
"11110","PmetTSAr1.1-014986",302.136892927271,32.9606554957379,4148.29744181123,1013.21722122154,596.950634673413,424.967709612072,0.963872543614003,88.7409988364811,-2.30587183830432,9.69004406647014,0.0548784820745171,1
"11111","PmetTSAr1.1-014987",9.93634722275697,11.8099099565054,14.0435921602409,71.83177383647,7.60980071038385,16.2274790658149,5.40606774461767,19.9278032474905,-1.13095714331147,4.29847727047284,0.0508906966847784,1
"11112","PmetTSAr1.1-014989",6.20459690832788,9.72755807500568,5.72146347269074,9.45224594899365,8.70211660182651,8.28336474962329,9.8901704475176,9.34115777226117,0.21546475485852,3.08524613598197,0.47646930356608,1
"11113","PmetTSAr1.1-014990",12.4991155109794,16.6588150519975,15.9822698658634,18.6661999833068,12.4159906327315,19.1676494888894,16.3648794904899,8.03905699188537,-0.188841917162375,3.91064979625183,0.564631838780308,1
"11114","PmetTSAr1.1-014991",2.29300320525161,2.64756167790674,3.40450719036143,2.1975809909425,2.51232655031811,1.97896086168474,2.26300510239809,2.29282963500956,-0.215029201006691,1.32426693857428,0.426106973610724,1
"11115","PmetTSAr1.1-014992",1.52866880350107,1.87411669334972,2.45881074859437,1.37679772926518,1.52924224801972,1.38527260317932,1.13150255119905,1.81161847704459,-0.299430881592711,0.757110747080632,0.301545291203141,1
"11116","PmetTSAr1.1-014995",19.1083600437634,9.51932288685571,29.1747352285139,39.4240734399203,32.1504977381289,15.2662695044252,3.31069264980462,11.0961631718981,-0.654434221926803,4.31666800638375,0.220314128698555,1
"11117","PmetTSAr1.1-014996",1.57362965066287,1.87411669334972,1.56039912891566,3.65380935843452,1.56565277773448,2.37475303402169,3.16401639316771,1.98145770926752,0.059831471708278,1.19784632803253,0.86516427132774,1
"11118","PmetTSAr1.1-014998",112.761804681785,130.890689694266,164.314756757027,166.460140844042,132.752791339998,111.387225643398,113.129301368957,109.065093625825,-0.300798179498603,7.0240695603883,0.455467966678523,1
"11119","PmetTSAr1.1-015000",65.8676410920315,50.4226634163138,77.0269751819274,44.3487730099842,89.569903098298,41.9822411371692,23.9710910846613,48.2909550287198,-0.221818659391112,5.78732025584388,0.589612031182175,1
"11120","PmetTSAr1.1-015001",36.5082078953785,37.0063677226516,46.5282649349396,42.9454984013101,40.3792774536636,39.098612453,38.533947993612,40.8180288109109,-0.037244943870153,5.33225093545445,0.900625608313975,1
"11121","PmetTSAr1.1-015002",489.398821356152,144.098750199778,1137.48368015743,893.912402604828,775.762746102576,438.170205646455,30.341031372893,86.7029280498059,-1.0016107278945,8.96438299519015,0.202971023541894,1
"11122","PmetTSAr1.1-015003",32.5516533451405,29.8073797894669,19.3394922341365,54.4629409442015,33.6069189267191,39.2116959308106,22.8395885334622,27.5988752362262,-0.144803435880984,5.0221310390683,0.682912057747662,1
"11123","PmetTSAr1.1-015004",109.659506227621,87.3695353709226,39.0099782228914,63.7828024961504,120.045516469548,107.287949572766,39.9378493071367,204.231676748074,0.65305330491903,6.59214361558475,0.197115795093361,1
"11124","PmetTSAr1.1-015006",391.159370307627,398.324167046869,506.987862431323,334.906047643755,400.697879510882,405.432538820299,481.684826795624,416.304264717106,0.0629638331169011,8.70389207020412,0.883038225365811,1
"11125","PmetTSAr1.1-015007",61.5064389173372,52.3562758777064,430.150026537749,121.846599039969,112.144431521446,131.261646868604,17.8316420568591,59.1606658909874,-1.05531217370613,6.94606457999201,0.121501797090234,1
"11126","PmetTSAr1.1-015008",390.709761836009,403.946517126918,234.438147914055,348.488686780545,307.559744500538,331.051881290405,406.251323382354,341.150404458459,0.00879324807445075,8.43261021209709,0.98379929483319,1
"11127","PmetTSAr1.1-015009",477.214431775305,300.542872268448,18.5356502586345,870.877517519045,715.466908894941,723.338465815227,237.992703268866,467.539099771023,0.363086012770855,8.89636704279968,0.617598207956911,1
"11128","PmetTSAr1.1-015011",8.3177567249323,3.56974608257089,145.022549344979,27.0328938765337,28.6550868855124,28.5818490166182,0.963872543614003,4.47243311520383,-1.55323788081081,4.946249169519,0.0981280414375674,1
"11129","PmetTSAr1.1-015012",3.91159370307627,2.23109130160681,91.165136986345,20.9432116124761,17.6226963819416,24.2846768598171,1.13150255119905,2.80234733167835,-1.36690238731137,4.35904320377147,0.139666452064606,1
"11130","PmetTSAr1.1-015013",10.8805250131547,5.44386277592061,270.847460922087,46.2021545686104,44.9670041977228,50.0959806700767,1.57153132110979,8.01075045318155,-1.67155538629827,5.7748511012613,0.0889962374524066,1
"11131","PmetTSAr1.1-015016",179.933310341509,165.725461883354,111.875889061044,140.433368385049,149.792919246503,144.153163339007,184.979713370096,169.046649139223,0.115867323559535,7.28362365776348,0.778922721422331,1
"11132","PmetTSAr1.1-015017",85.9651397733544,49.6789663157782,31.6335459771083,43.9251429394411,47.9526676343327,41.5581780953796,38.0729654727531,42.4031949783249,-0.313132213880496,5.57597792437067,0.381478529898861,1
"11133","PmetTSAr1.1-015018",84.9310402886331,48.1618242306856,30.2622861365461,44.8783105981631,49.2634467040639,41.0775733146848,37.4443529443092,41.6389184333217,-0.297534288034587,5.56257015861246,0.409215224663618,1
"11134","PmetTSAr1.1-015019",6.65420537994584,6.09831622439194,3.49907683453814,11.4909656634825,6.48107428922644,6.16304954067535,5.51083649935832,5.15179004409555,-0.25700008030418,2.68925384836479,0.470841400583023,1
"11135","PmetTSAr1.1-015020",16.995200227159,15.5878912272262,21.1363154734939,16.6804340276359,20.0986124025449,17.8954603635206,14.6466719127432,12.1435051039395,-0.119834396803048,4.08344666254834,0.690003773113526,1
"11136","PmetTSAr1.1-015021",44.5561995373401,17.7594867607902,46.2445560024095,55.4425854823325,45.1490568462965,29.9105798808923,2.38872760808688,14.3797216615414,-0.837247111291314,5.00084983461168,0.154428140271699,1
"11137","PmetTSAr1.1-015022",31.9222014848753,13.7137745338765,35.4163317441766,43.4220822306711,36.2648875958962,23.2669255595221,1.82297633248735,11.4924547137516,-0.773621366230209,4.62682181278514,0.189126959365613,1
"11138","PmetTSAr1.1-015023",35.2043433276864,14.8144462426692,38.8681237566264,47.5259985390577,40.1972248050898,27.1683055439863,2.13728259670931,12.1151985652357,-0.741649252630128,4.77058516353753,0.207725301261099,1
"11139","PmetTSAr1.1-015024",12.8588022882737,13.7137745338765,5.53232418433733,13.1060553074282,13.3990749350299,8.14201040236009,13.1170480935297,10.643258552637,0.000685235147701701,3.50865722614157,0.998046778963736,1
"11140","PmetTSAr1.1-015025",385.089655940785,242.772481498842,16.4078332646586,613.945879734635,604.123509027219,565.70009774731,201.679852875756,337.357328272147,0.441597385426344,8.53510399379344,0.532172321358244,1
"11141","PmetTSAr1.1-015027",329.65293139029,285.787921793821,567.134156127709,346.317582669011,369.821750312769,389.657393665726,254.525212766941,279.045858542274,-0.241688745208404,8.46267578749029,0.588218963150267,1
"11142","PmetTSAr1.1-015028",125.081076804117,138.089677627451,132.539356313654,190.395239829729,125.543506456476,141.07163856867,192.020173688668,121.236905268468,-0.0154450123598993,7.18800678559758,0.970567688518728,1
"11143","PmetTSAr1.1-015029",3.77671116159088,3.03428417018526,3.21536790200802,4.02448567015976,3.64105297147553,4.09927607063268,2.82875637799762,2.85896040908599,-0.0693442126317789,1.80517967598734,0.816414017248462,1
"11144","PmetTSAr1.1-015030",1.84339473363365,1.75512515726402,4.30291881004014,4.42163886129395,2.80361078803616,3.27942085650615,2.34682010619062,1.9531511705637,-0.24915595443848,1.5344312277351,0.482604958892533,1
"11145","PmetTSAr1.1-015031",73.0613766379189,67.8846713368898,47.7103854871484,75.2737681596329,76.4621124009861,74.1827614437253,68.0996905814241,67.6243209634301,0.117529784066915,6.10543629944173,0.755714532972109,1
"11146","PmetTSAr1.1-015032",13.7130583843478,10.7984818997769,8.84226173052206,17.5012172893132,15.1467803613382,16.9625216715835,8.57008413778538,9.2562381561497,-0.0287645062823787,3.66234165824212,0.937303798292215,1
"11147","PmetTSAr1.1-015034",640.557189514111,636.991440550754,602.12492447309,505.152382243277,589.668528730462,570.393062076448,614.510654055823,609.609617525505,-0.00038224958735843,9.21961842099606,0.999309425489277,1
"11148","PmetTSAr1.1-015035",14.0277843144804,9.93579326315565,80.9516154152607,19.9370901949362,19.0791175705318,16.5667294992466,9.38728042476247,9.19962507874206,-1.20240567727309,4.485739803965,0.0253537773014686,1
"11149","PmetTSAr1.1-015036",23.0199537468397,22.6976355083466,9.83524299437747,17.8454167216295,15.2560119504825,18.0650855802364,45.5534545612357,21.2865171052739,0.448776576218984,4.44454481812109,0.250627471253752,1
"11150","PmetTSAr1.1-015037",251.735783258897,258.955330406497,236.944243484738,306.814078590864,245.370559747736,248.331317271983,318.30843065305,230.27369235559,-0.0167483989875935,8.03429049593533,0.968123305110376,1
"11151","PmetTSAr1.1-015038",1.52866880350107,1.75512515726402,2.03324734979919,3.41551744375401,2.07540019374105,2.8836286841692,1.17341005309531,1.38702039648726,-0.233028357669654,1.06664368106755,0.529103514746732,1
"11152","PmetTSAr1.1-015039",13.1285673712445,7.19898793318463,9.69338852811241,40.9067786868213,23.4483811363024,26.3484503298597,6.43280154107606,13.7569778100574,-0.0211866553488396,4.14433866765832,0.969638372351423,1
"11153","PmetTSAr1.1-015040",16.2758266725702,15.9151179514619,21.6091636943774,18.3220005509905,17.9503911493743,18.2347107969523,16.0924807281642,15.3138374387675,-0.0933193901458535,4.1310923441134,0.745819240454589,1
"11154","PmetTSAr1.1-015041",100.442532559453,92.1291968143504,31.728115621285,37.8884144342014,69.7989854631859,62.8461427932169,94.1032955080541,76.5691871938377,0.210286220792165,6.14473899919074,0.642144360638533,1
"11155","PmetTSAr1.1-015042",82.4132328475725,90.1955843529579,69.5559732919676,70.852129298339,76.7898071684189,133.184065991383,108.875689926486,89.6468080750034,0.384099735686736,6.49598410785915,0.33339681298072,1
"11156","PmetTSAr1.1-015043",203.897441878746,213.084093245461,257.891419669879,247.452914956007,226.145800058345,212.144604372605,241.408164673412,203.524013280478,-0.0624927648775466,7.81861149308286,0.879678983553939,1
"11157","PmetTSAr1.1-015044",3.23718099564933,3.74823338669944,3.68821612289155,5.40128339942494,4.1508003874821,4.52333911242227,2.99638638558266,3.99122195723886,-0.0462269803781292,2.01111711431472,0.889105416953226,1
"11158","PmetTSAr1.1-015045",278.442526473004,167.212856084425,408.351723555019,324.580064674267,231.716611104703,292.235977531931,241.827239692374,246.974550190844,-0.2187314888452,8.09788107896047,0.62147479386259,1
"11159","PmetTSAr1.1-015046",14.3874710917748,15.5283954591834,15.1784278903614,23.8291914680512,15.4380645990562,13.4286629900036,22.0642997483814,13.2757666520924,-0.102807360063659,4.06262155982448,0.746205438939431,1
"11160","PmetTSAr1.1-015047",33.3609485940528,17.2240248484046,15.5567064670682,74.9030918479077,35.3546243530274,36.7804011578836,4.79840896712189,27.0044379234459,-0.441313082274802,4.93958236603053,0.425956603872688,1
"11161","PmetTSAr1.1-015048",18.7936341136308,22.2216693640038,23.1222780012047,21.3668416830193,20.4627176996925,19.3655455750579,19.7384333931389,18.8521547767453,-0.124941768261356,4.36110446988966,0.655901653047532,1
"11162","PmetTSAr1.1-015049",13.1735282184063,11.9586493766125,9.83524299437747,9.1345233960863,11.5785484492922,10.3188673502133,9.38728042476247,9.70914277541085,-0.105461133394698,3.41875950649127,0.718176021390607,1
"11163","PmetTSAr1.1-015050",24.7284659389879,23.5900720289893,64.3073580401604,32.5136079141854,53.8147629184083,39.494404625337,13.976151882403,19.4465920895255,-0.195753394048343,5.08855887556101,0.658831978669929,1
"11164","PmetTSAr1.1-015051",9.12705197384463,10.7389861317341,8.88954655261041,9.1345233960863,9.50314825555113,8.67915692196024,12.7189268255152,11.6056808685669,0.166083543388833,3.33860761541464,0.56892598565086,1
"11165","PmetTSAr1.1-015052",87.808534506988,87.3100396028797,44.5423024072287,71.9641582335147,74.532354326104,62.6199758375958,70.4674644385629,87.7219634431435,0.0181349040774004,6.19840404068267,0.963690395331099,1
"11166","PmetTSAr1.1-015053",22.1656976507655,21.2697370753182,22.8385690686746,20.3871971448883,24.7227496763188,22.2774451286797,20.6813521858048,25.2777390625128,0.101250441784241,4.49265191727021,0.718427379170374,1
"11167","PmetTSAr1.1-015054",467.772653871328,516.274527191815,10.1662367489959,281.131505564187,385.769562327832,329.779692165036,158.137958405541,748.962707564419,0.347433170313969,8.50111282752335,0.643960739780719,1
"11168","PmetTSAr1.1-015055",33.765596218509,36.6493931143945,31.2552674004015,40.4566717368692,27.8540552317878,29.1189955362184,32.6040364752911,22.6169244243536,-0.341357219929999,4.99332072828719,0.244135644022994,1
"11169","PmetTSAr1.1-015056",36.193481965246,41.3793066738009,27.2833423449798,23.0348850857828,34.2623084615847,27.5075559774179,37.1719541819835,36.1757564634842,0.079405658577556,5.04170707057976,0.800113918121393,1
"11170","PmetTSAr1.1-015058",62.7203817907057,65.8915631074544,81.4244636361443,68.9987477397128,80.6857338478977,53.1775054404143,72.9609608013904,62.3593047645192,-0.051838908674601,6.0998394691905,0.891072871136063,1
"11171","PmetTSAr1.1-015059",2.83253337119316,2.82604898203529,2.50609557068272,4.34220822306711,2.33027390174434,3.22287911760087,3.7088139178191,2.46266886723249,-0.0961836630211151,1.63120612953279,0.746003127513615,1
"11172","PmetTSAr1.1-015060",224.444549031687,231.765764410915,92.7255361152607,120.390370672477,174.843363690255,171.151843666278,249.098191271375,200.410294023058,0.249161318464094,7.51705654615004,0.58266940363021,1
"11173","PmetTSAr1.1-015061",23.5594839127812,28.1414982842672,9.07868584096382,22.478870618195,14.4913908264726,16.9059799326782,43.2066344550451,20.4656274828631,0.191345269659567,4.48352270903287,0.639812595094419,1
"11174","PmetTSAr1.1-015063",65.0583458431191,93.3191121752074,34.4706353024095,55.4955392411504,53.1593733835427,57.3333232499523,129.619903365135,77.5033029710639,0.354895506592561,6.14615255866159,0.42704660130595,1
"11175","PmetTSAr1.1-015064",13.6231366900243,15.4391518071191,2.03324734979919,6.85751176691696,13.2170222864562,6.55884171301229,32.3525914639135,15.1439982065446,0.825348756516831,3.72653570457539,0.12034548161891,1
"11176","PmetTSAr1.1-015065",21.176559013206,21.2697370753182,20.6634672526104,30.1571656467893,23.4483811363024,25.2741572906594,24.1177673412982,21.4846628762007,0.0154689497240409,4.55549192518442,0.957576189166428,1
"11177","PmetTSAr1.1-015066",4.58600641050321,5.08688816766352,3.59364647871485,7.25466495805115,5.31593733835427,5.39973606545409,5.11271523134384,6.51050390187899,0.115697691056941,2.4401031319092,0.703375886280406,1
"11178","PmetTSAr1.1-015067",11.1502900961255,14.2492364462621,13.7125984056224,9.61110722544733,10.8139273252823,16.9625216715835,17.1401682755708,13.6154451165382,0.266033913543784,3.75202071222678,0.383305209064183,1
"11179","PmetTSAr1.1-015068",64.0242463583978,69.1935782338325,67.9482893409636,67.1453661810865,62.2620058122315,63.1005806182907,75.307780907581,64.5106017060097,-0.0168868761335263,6.06068629755433,0.963556115025499,1
"11180","PmetTSAr1.1-015069",378.075763783544,443.749185947583,89.557453035341,181.790254021822,195.051207681944,97.9585626533948,99.8446232678418,113.62244635714,-1.11002070739274,7.64391711007019,0.0351051567953849,1
"11181","PmetTSAr1.1-015070",77.4675396597749,52.534763181835,84.734401182329,115.836347414138,77.2631440547107,61.7153080151114,48.4450721920777,52.706775066516,-0.46132240667303,6.1577158810133,0.254846308291168,1
"11182","PmetTSAr1.1-015071",6.69916622710764,2.97478840214241,5.91060276104415,8.02249446091058,5.78927422464609,3.84483824555893,2.38872760808688,4.10444811205415,-0.553610037433068,2.32679359822167,0.126737665094076,1
"11183","PmetTSAr1.1-015075",71.712551223065,69.7885359142609,282.952375376706,87.6119939642017,104.498220281348,77.3490988224209,38.1777342274938,53.2729058405925,-0.905799844454352,6.61762679160541,0.0860698869873068,1
"11184","PmetTSAr1.1-015076",70.2288432667257,77.1957590355955,39.0099782228914,51.788776123898,36.5197613038995,29.854038141987,86.4761301629346,75.4369256456849,-0.0613156555986768,5.86748331122841,0.88423331304081,1
"11185","PmetTSAr1.1-015077",21.7160891791476,21.6564595675967,26.1957914369477,15.1182981425081,22.9386337202958,20.6377347004266,21.1842422085599,19.8994967087867,0.000543129416586575,4.40762956980462,1,1
"11186","PmetTSAr1.1-015078",47.8383413801512,51.2556041689137,54.0938364690761,45.3284175481152,64.8107428922644,41.9822411371692,34.3851053058822,45.7433665453759,-0.0871077373065686,5.5919877023429,0.791147430947797,1
"11187","PmetTSAr1.1-015079",48.5577149347399,53.4569475864991,53.8574123586343,44.45468052762,69.8353959929006,40.6535102728952,34.1127065435565,44.4978788424077,-0.0835388195081453,5.60680470167029,0.805008694088746,1
"11188","PmetTSAr1.1-015080",169.907041424428,207.997205077797,181.006298954216,164.024267938419,154.125772282559,148.337252017998,179.762229384012,155.969028258058,-0.179855846352133,7.41110524238242,0.657719057881299,1
"11189","PmetTSAr1.1-015082",44.0616302185603,13.2080605055123,65.6313330586343,88.1150546729716,40.5977406319521,20.6377347004266,2.80780262704949,13.1342339585733,-1.45174400747006,5.17247984931931,0.0193697289415757,1
"11190","PmetTSAr1.1-015083",27.5160384630193,9.45982711881286,36.3620281859436,59.3346867554475,25.1596760328959,13.9940803790564,1.65534632490231,7.16155429206689,-1.46878366864129,4.49979385141354,0.0176978943768089,1
"11191","PmetTSAr1.1-015084",8.3627175720941,7.91293714969881,7.14000813534134,13.1060553074282,8.08313759667567,8.42471909688648,11.8179155347456,7.33139352428982,-0.035891592479775,3.18461564434849,0.914100590796474,1
"11192","PmetTSAr1.1-015085",69.6893131007841,59.2577849706768,118.779473085943,73.8704935509588,86.2565448942552,77.2360153446103,55.1502724954795,69.4359394404747,-0.158698510842705,6.25284921404635,0.693641062702891,1
"11193","PmetTSAr1.1-015087",433.107840709583,190.832675997436,456.345817974697,571.87411835382,477.342044560442,318.640969600696,22.7767272806179,155.063219019535,-0.76266251568097,8.35882461149392,0.251239651198523,1
"11194","PmetTSAr1.1-015088",2.427885746737,2.32033495367108,2.88437414738955,2.99188737321088,3.34976873375749,2.65746172854809,3.03829388747892,1.47194001259873,-0.0166197156704247,1.43473331108374,0.964671362919963,1
"11195","PmetTSAr1.1-015089",69.059861240519,82.8478569996661,91.1178521642567,65.5567534165498,67.104606264294,56.3155719496573,93.0137004587513,64.7087474769364,-0.134179333584455,6.20507802379208,0.728633280960796,1
"11196","PmetTSAr1.1-015090",136.860818760508,171.28831619536,127.054316951405,148.535293484186,132.170222864562,113.450999113441,120.861235468817,121.661503349026,-0.258076643328942,7.06658998037114,0.518184107281508,1
"11197","PmetTSAr1.1-015091",76.2086359392446,96.8888582577783,92.7255361152607,137.944541720608,85.0185868839536,124.36355472216,149.379290509222,112.178812883245,0.22195128793288,6.77362696654837,0.591644113248125,1
"11198","PmetTSAr1.1-015092",3.46198523145831,2.4690743737782,5.43775454016062,2.14462723212461,5.24311627892476,2.40302390347433,1.69725382679857,1.47194001259873,-0.321330381617419,1.62291292307761,0.432357455292323,1
"11199","PmetTSAr1.1-015093",31.0229845416394,35.3702341014733,42.9819032783131,53.7745420795689,36.155656006752,34.1794811682408,52.7196373854963,31.4768710386497,-0.0783175043045623,5.31386637675716,0.810566037385823,1
"11200","PmetTSAr1.1-015094",104.758773886985,109.918431459162,104.357602348996,101.327017498036,98.0899670515507,118.511484745464,105.942164793748,79.230001831997,-0.0652328260453501,6.68409172913262,0.86752840687523,1
"11201","PmetTSAr1.1-015095",92.889110236271,41.6470376299937,75.4192912309234,245.467149000337,140.216949931523,127.869142534287,24.9140098773272,46.1396580872294,-0.425555784959717,6.63491224808832,0.480931927947459,1
"11202","PmetTSAr1.1-015096",5.66506674238632,8.1509202218702,5.62689382851404,7.46647999332272,6.22620058122315,7.63313475221258,6.74710780529802,7.47292621780893,0.0580938767932531,2.795155804609,0.841474365441425,1
"11203","PmetTSAr1.1-015097",71.1280602099616,81.5389501027234,67.4754411200801,54.3570334265657,71.3282277112056,60.6410149759111,71.5989669897619,65.0201194026785,-0.0313686334169921,6.08631886687627,0.933382338731853,1
"11204","PmetTSAr1.1-015098",209.202821843838,216.594343559989,284.418204861445,203.395387619522,193.813249671642,176.042704081584,147.975389195698,188.210175841711,-0.371811623018435,7.66183953442042,0.37028997996737,1
"11205","PmetTSAr1.1-015099",195.579685153814,233.372150148072,89.5101682132527,131.722475059505,159.87863597749,156.479262420358,256.725356616495,198.598675546013,0.247140950888234,7.47415041720498,0.584793508079974,1
"11206","PmetTSAr1.1-015100",78.0520306728782,23.2330974207322,70.548954555823,232.493478089953,109.632104971128,112.829039985483,6.30707903538728,29.2406544810478,-0.648304226430712,6.37246827483166,0.377035148836882,1
"11207","PmetTSAr1.1-015102",67.1715056597236,86.6853340384298,88.6590414156623,69.1840858955754,80.2488074913206,89.8165522510347,74.1134171035376,61.3968824485893,-0.0286253419574918,6.2708895085793,0.940592147444304,1
"11208","PmetTSAr1.1-015103",10.4309165415367,11.155456508034,33.2885147502007,16.2303270776838,12.9257380487381,10.1209712640448,9.32441917191807,9.93559508504142,-0.748117103575275,3.82959450069548,0.046484239720337,1
"11209","PmetTSAr1.1-015104",58.4491013103351,68.182150177104,64.0236491076303,87.6119939642017,66.0851114322808,57.1071562943312,88.948672774814,55.9903335561594,-0.0536023180876304,6.09523360578877,0.889853740105947,1
"11210","PmetTSAr1.1-015105",1.61859049782466,1.69562938922117,2.45881074859437,2.09167347330672,1.85693701545252,1.41354347263196,1.2362713059397,1.18887462556051,-0.47235217710644,0.806141952496131,0.0997331093296132,1
"11211","PmetTSAr1.1-015106",41.7686270133087,60.3882045634909,45.2988595606424,57.666643352684,46.9695833320343,68.6134001615553,64.4956454183457,63.5764859287836,0.248122899367446,5.81167823975835,0.462492518758873,1
"11212","PmetTSAr1.1-015107",32.7764575809494,30.8485557302168,38.2534210694778,64.7624470342814,32.6602451541355,43.4523263487064,57.643768858307,37.2514049342294,0.0371556225041153,5.40183467574351,0.915128167261354,1
"11213","PmetTSAr1.1-015110",90.236420253725,94.4792796520429,134.66717330763,66.7482129899524,82.579081393065,47.8343111138655,59.8229589569126,76.3144283455033,-0.534583111354042,6.35104645212418,0.191898120202672,1
"11214","PmetTSAr1.1-015111",49.9515011967556,38.1665351994871,213.821965483533,162.276793897429,90.006829454875,91.5410752876457,28.7066387989388,45.9132057775988,-0.857758525412177,6.49328872244859,0.131945216418058,1
"11215","PmetTSAr1.1-015112",23.2897188298104,25.464188722339,28.7964566518071,20.2018589890256,24.3586443791713,19.1676494888894,19.6755721402945,20.2957882506402,-0.227186386595226,4.50529822080343,0.429465660681534,1
"11216","PmetTSAr1.1-015113",2.87749421835496,2.3500828376925,2.55338039277107,2.64768794089458,2.91284237718042,4.80604780694866,3.66690641592284,2.63250809945542,0.430589487871838,1.64262820590264,0.131542392038624,1
"11217","PmetTSAr1.1-015114",202.50365561673,236.406434318257,152.777260167469,170.219857720113,179.176216726311,166.03481629535,228.165394074193,186.172105055035,-0.00447559039427178,7.57173054749138,0.991537830289702,1
"11218","PmetTSAr1.1-015115",99.2285896860843,100.904822600671,116.698940914056,156.796079859777,93.138135010344,104.800113060934,109.923377473893,118.179799088456,-0.152804388280496,6.81407867560325,0.702962990848604,1
"11219","PmetTSAr1.1-015116",66.0025236335169,65.445344847133,75.3720064088351,94.5754132487544,64.3009954762578,65.7015006079335,67.8482455700466,74.4178902523473,-0.146697864313271,6.1653242354854,0.697260052941585,1
"11220","PmetTSAr1.1-015117",61.8661256946316,63.5712281537833,77.3106841144575,88.2209621906074,56.836836884733,61.0933488871533,65.6900092223891,69.2094871308441,-0.202710392126546,6.08824279342156,0.588591816794,1
"11221","PmetTSAr1.1-015118",35.8787560351134,28.7364559646957,33.8559326152609,23.6438533121886,31.5679292626928,21.7685694785322,25.8359749190449,25.6457240656625,-0.219868254148451,4.82877564237975,0.461597230615645,1
"11222","PmetTSAr1.1-015119",22.0308151092802,22.935618580518,22.7439994244979,18.6397231038978,26.5432761620566,33.2748133457563,47.2507083880343,27.7687144684491,0.643738936996745,4.7928990988725,0.0361062302702489,1
"11223","PmetTSAr1.1-015121",117.797419563906,133.002789459787,124.264512448192,131.801905697732,118.843968988961,132.901357296857,132.972503516836,117.557055236972,-0.0131415242933532,6.97963842916694,0.973456471410272,1
"11224","PmetTSAr1.1-015122",247.959072097306,306.730432144904,95.4680557963852,167.889892332125,183.618301351511,184.948027959166,314.704385489972,239.926222053593,0.174436624450997,7.76638273888031,0.711787066880081,1
"11225","PmetTSAr1.1-015123",62.450616707735,63.3927408496547,75.5611456971885,71.6729125600163,78.5739231244419,62.7330593154064,49.8070660037062,53.4710516115192,-0.159121475241775,6.01711584976466,0.659300622968903,1
"11226","PmetTSAr1.1-015124",2.3379640524134,2.20134341758538,2.69523485903613,2.56825730266774,3.20412661489846,1.61143955880043,1.55057757016166,4.04783503464651,0.0815256763753993,1.36981027813501,0.802308509368809,1
"11227","PmetTSAr1.1-015126",253.848943075501,263.328269357646,254.723336589959,266.039684301087,265.105066853133,220.258343905512,208.13360816778,235.227336628758,-0.160423102226368,7.94187912662546,0.697828294294904,1
"11228","PmetTSAr1.1-015127",43.5221000526187,35.9056960138589,64.2600732180721,49.7235795300002,51.6665416652377,41.5016363564744,31.8706551921065,31.278725267723,-0.307220034511746,5.45175814065552,0.352863450667908,1
"11229","PmetTSAr1.1-015130",158.352103703846,193.301750371214,297.657955046184,123.382258045687,181.54290115777,147.884918106756,227.725365304282,146.797709718019,-0.134319985971441,7.52852804452558,0.762413971770822,1
"11230","PmetTSAr1.1-015133",174.807773765064,203.921744966862,141.618042154618,158.675938297812,148.955477063064,117.635087792432,139.929148831615,136.239370781494,-0.323181089210269,7.25533504687666,0.427847486747605,1
"11231","PmetTSAr1.1-015136",167.524116524853,70.8297118550108,436.060629298794,342.425481395896,300.022764849583,238.832305135896,28.6856850479907,66.520365953981,-0.681435755500997,7.68929887380971,0.314124829975569,1
"11232","PmetTSAr1.1-015137",2.96741591267855,3.2127714743138,3.59364647871485,3.4684712025719,3.31335820404273,3.13806650924295,3.26878514790836,3.0004931026051,-0.0585581677716668,1.72520777905191,0.825903234234,1
"11233","PmetTSAr1.1-015138",27.9206860874755,30.9377993822811,25.1082405289156,15.8861276453675,31.385876614119,25.38724076847,26.6950787079183,22.8150701952803,0.0903025142901608,4.69071114199367,0.771669006554651,1
"11234","PmetTSAr1.1-015139",73.1962591794043,66.21878983169,87.5714905076302,70.32259171016,63.5727848819627,63.157122357196,69.0216556231419,69.2944067469556,-0.165572441799653,6.1365087155956,0.655760504042482,1
"11235","PmetTSAr1.1-015140",39.3857021137335,42.9856924109578,58.3494704570279,36.6969548607989,43.4013514199883,36.667317680073,39.0368380163671,45.0640096164842,-0.111644541962134,5.41797414696079,0.718765156954768,1
"11236","PmetTSAr1.1-015141",135.91664097011,130.295732013838,237.700800638152,124.203041307365,151.249340435093,94.4812457107202,112.542596342409,154.94999286472,-0.291375522012325,7.15700088984284,0.499822805974853,1
"11237","PmetTSAr1.1-015142",91.8999715987115,63.9579506460618,136.274857258634,531.232108461089,570.188895333068,426.833586995947,56.2189137938341,132.955812291851,0.526626586585722,7.97305181994575,0.464150775790031,1
"11238","PmetTSAr1.1-015143",40.4198015984548,48.608042491007,75.6557153413652,46.2815852068373,71.4738698300646,38.476653325042,45.4067783045988,35.6945453055192,-0.143050919273039,5.65259313323716,0.691164124708097,1
"11239","PmetTSAr1.1-015144",55.2119203146858,42.6882135707436,39.9083898425701,39.2387352840577,46.1321411485949,30.1932885754187,27.7427662553248,35.1567210701466,-0.346927348559996,5.30690839105246,0.272063379770025,1
"11240","PmetTSAr1.1-015145",48.7375583233871,37.5715775190586,33.2885147502007,31.0309026672845,36.7746350119028,22.2209033897744,21.8966697407964,28.3065387038217,-0.46427351560876,5.02361769777858,0.141446633222723,1
"11241","PmetTSAr1.1-015146",14.4773927860984,14.6954547065835,17.400814528514,22.2670555829234,15.9114014853481,14.7856647237303,11.1264417534573,13.3606862682038,-0.320536057916286,3.95996291845988,0.284626086507857,1
"11242","PmetTSAr1.1-015147",2.51780744106059,3.68873761865659,3.02622861365461,8.47260141086266,2.69437919889189,4.24063041789588,4.63077895953684,3.42509118316243,-0.246097095830421,2.0576773709674,0.520564209795218,1
"11243","PmetTSAr1.1-015148",68.3404876859303,81.5686979867449,29.8367227377509,55.8926924322846,66.0487009025661,82.2965009766327,107.429881111065,80.9283941542263,0.514750111150035,6.1622607947393,0.220805515490179,1
"11244","PmetTSAr1.1-015149",46.3096725766501,30.4915811219597,78.0199564457828,69.3429471720291,40.2700458645193,50.7179397980347,9.86921669656947,43.5354565264778,-0.634712213000081,5.5271839289499,0.161751747347345,1
"11245","PmetTSAr1.1-015150",27.3361950743721,28.1414982842672,21.1836002955822,60.1289931377159,33.8617926347224,43.3675137403485,18.7326533476287,28.4763779360446,-0.137756207758204,5.03219030010297,0.719219077998783,1
"11246","PmetTSAr1.1-015151",47.2988112142096,28.9446911528456,44.1167390084336,57.9578890261824,51.7029521949525,69.0657340727976,20.555629680116,40.1386718820192,0.0249182639545621,5.49280533287692,0.94875506013656,1
"11247","PmetTSAr1.1-015152",10.4758773886985,9.57881865489856,6.14702687148592,14.3769455190576,9.32109560697735,6.78500866863341,3.10115514032331,3.19863887353185,-0.861997643221377,2.98712657048486,0.0312284360775345,1
"11248","PmetTSAr1.1-015153",63.6195987339417,17.1942769643831,57.3092043710841,202.654034996071,95.9781563280949,97.1669783087209,2.7449413742051,23.8907186660255,-0.632978757783456,6.13197276006555,0.424478796144054,1
"11249","PmetTSAr1.1-015154",55.3018420090094,59.9122384191481,55.8433748863452,39.4240734399203,61.2061004505036,46.7600180746652,57.1199250846038,48.2909550287198,0.0198434018483123,5.72903128813896,0.952467117488507,1
"11250","PmetTSAr1.1-015158",225.52360936357,182.324781167308,254.345058013252,348.674024936407,243.295159553995,310.301063112168,185.755002155177,192.597689340803,-0.117306278232655,7.92429668188785,0.789603341798698,1
"11251","PmetTSAr1.1-015159",6.02475351968069,5.83058526819912,8.65312244216864,6.19558978169332,4.95183204120672,5.08875650147506,2.4725426118794,2.80234733167835,-0.803942088306622,2.40545666064289,0.0144039512223522,1
"11252","PmetTSAr1.1-015161",86.6845133279431,88.7974338039509,97.1230245694776,76.3593202153997,80.8677864964715,68.8395671171765,97.4768494107031,73.823452939567,-0.120349852831399,6.38897569242602,0.75377575196013,1
"11253","PmetTSAr1.1-015162",46.2647117294883,47.8345975064499,25.1555253510039,42.971975280719,24.5042864980303,25.7547620713543,88.0476614840444,55.565735475602,0.257267277674535,5.47866966801263,0.541069718598037,1
"11254","PmetTSAr1.1-015163",41.04925345872,41.4982982098866,40.3339532413653,35.66435656385,36.8110455416176,35.734378988136,47.3135696408787,43.1108584459205,0.0400308020599926,5.33099034266696,0.894659728006906,1
"11255","PmetTSAr1.1-015164",88.8426339917093,208.621910642247,2.69523485903613,11.3321043870288,38.6679825570701,26.2070959825965,76.9002659796389,242.502117075641,0.302882164689804,6.44376028860955,0.735916355664867,1
"11256","PmetTSAr1.1-015165",11.1053292489637,9.63831442294141,149.32546815502,34.4199432316295,18.6057806842399,22.8145916482798,8.04624036408211,12.8794751102389,-1.71329753804868,5.06023310278632,0.0106688446565227,1
"11257","PmetTSAr1.1-015169",83.4473323322938,94.4792796520429,93.2929539803209,73.3144790833709,93.1745455400587,74.3241157909885,86.8532976800009,64.5955213221212,-0.111301625924633,6.37492256713161,0.77245709280628,1
"11258","PmetTSAr1.1-015171",1.79843388647185,2.32033495367108,2.88437414738955,1.93281219685304,1.96616860459678,2.37475303402169,2.59826511756818,2.37774925112102,0.0707494432932754,1.22858397626729,0.821919899398331,1
"11259","PmetTSAr1.1-015172",24.0990140787228,25.1369619981034,40.7595166401605,43.8986660600321,35.0997506450241,30.9848729200926,13.7037531200773,22.3055524986115,-0.392022276841903,4.88518344853108,0.274241207087157,1
"11260","PmetTSAr1.1-015173",139.333665354406,132.378083895337,159.586274548192,112.129584296885,161.735572992943,113.875062155231,100.934218317145,107.140248993965,-0.168021727310924,7.00496395359256,0.680665824778052,1
"11261","PmetTSAr1.1-015174",82.6380370833815,80.6167656980593,87.6660601518069,68.7869327044412,79.4113653078812,73.8717818797462,76.7326359720539,67.2280294215766,-0.105023102727483,6.27008615253359,0.779136420672602,1
"11262","PmetTSAr1.1-015175",6.06971436684249,6.99075274503466,10.0243822827309,8.73737020495211,6.84517958637399,9.07494909429718,12.1531755499157,8.46365507244269,0.201438694954855,3.1063838096968,0.52295285266982,1
"11263","PmetTSAr1.1-015176",22.2556193450891,12.6131028250838,2.1278169939759,2.72711857912142,35.5366770016011,5.73898649888576,15.6314982073054,33.9678464445861,1.19399579523492,4.0343558507011,0.0644472676022488,1
"11264","PmetTSAr1.1-015178",2.29300320525161,2.29058706964966,1.89139288353413,1.40327460867413,1.56565277773448,1.38527260317932,1.25722505688783,1.92484463185988,-0.358438269817761,0.852720418237043,0.211012564167564,1
"11265","PmetTSAr1.1-015179",39.0709761836009,33.9720835524663,55.7488052421685,57.4548283174124,39.43260368108,63.2136640961013,53.2644349101477,47.3002261740861,0.12591362247035,5.60723735199825,0.709145517992968,1
"11266","PmetTSAr1.1-015180",24.3238183145318,30.9972951503239,24.7772467742971,28.4096916057988,27.7812341723583,30.0519342281555,29.6076500897084,27.7970210071529,0.0863253093230371,4.80910225043872,0.762118563698772,1
"11267","PmetTSAr1.1-015181",4.85577149347399,3.89697280680656,2.55338039277107,2.40939602621407,3.78669509033455,1.49835608098988,3.08020138937518,3.76476964760829,-0.176304586417049,1.71641931906645,0.610089872585511,1
"11268","PmetTSAr1.1-015182",935.365464354009,1050.99274247691,164.314756757027,301.677563985528,424.073439587755,128.321476445529,134.795479849324,202.221912500102,-1.46327879933737,8.70655096776495,0.0178385107076133,1
"11269","PmetTSAr1.1-015183",34.7097740089067,34.507545464852,85.2072494032125,47.1553222273325,39.7967089782275,39.8336550587686,35.0765790871705,36.7135806988568,-0.412373176535574,5.4650972278977,0.243039132533255,1
"11270","PmetTSAr1.1-015184",48.9623625591961,64.9098829347474,40.428522885542,49.2734725800481,48.9721624663458,48.9368750225185,43.7933394815928,44.6677180746307,-0.127739263976372,5.60899216679506,0.689902949487838,1
"11271","PmetTSAr1.1-015185",26.1222522010036,21.8646947557467,21.9401574489959,24.3322521768212,18.0960332682334,22.2774451286797,19.8012946459833,18.3426370800765,-0.263337968276069,4.43668442950296,0.349535220729247,1
"11272","PmetTSAr1.1-015186",114.245512638124,90.136088584915,147.103081516867,118.192789681534,139.379507748083,115.599585191842,79.3518548405702,84.0421134116467,-0.166893865824033,6.79516944106436,0.686395402440831,1
"11273","PmetTSAr1.1-015187",22.1656976507655,22.2514172480252,16.2659787983935,41.3833625161823,21.8463178288532,24.0302390347433,21.4985484727819,24.5700755949172,-0.152072420896146,4.60413926813035,0.645923421268384,1
"11274","PmetTSAr1.1-015188",13.2184890655681,9.66806230696283,20.5688976084337,23.6173764327797,17.0765384362202,15.435894721141,5.86705026547654,9.11470546263059,-0.499468303711275,3.84518980730353,0.200673396014628,1
"11275","PmetTSAr1.1-015189",33.6307136770236,29.6288924853384,21.0890306514055,22.5847781358308,28.8371395340862,28.6101198860709,36.1871278874214,33.1469568221752,0.245945488633681,4.87182280320888,0.414893655126124,1
"11276","PmetTSAr1.1-015191",59.2583965592474,55.3905600478917,52.2970132297187,76.1739820595371,69.6169328146121,66.8888771249443,52.1119786080006,55.9337204787517,0.00816884245177773,5.9312510505606,0.981381513466148,1
"11277","PmetTSAr1.1-015193",2.74261167686957,2.29058706964966,2.9316589694779,3.25665616730033,3.16771608518371,2.37475303402169,1.73916132869483,1.72669886093312,-0.326894775788265,1.36925307346903,0.269049993030036,1
"11278","PmetTSAr1.1-015194",58.4041404631733,59.5255159268696,63.7399401751002,90.7097888550483,64.0097112385398,71.8362792791562,90.6249728506644,67.2846424989842,0.108925150687154,6.14641112704454,0.777683296255613,1
"11279","PmetTSAr1.1-015195",7.82318740615254,8.71613001827726,5.48503936224898,9.45224594899365,6.80876905665924,8.3681773579812,8.75866789631855,8.91655969170384,0.0594412595338084,3.01972567231342,0.843492019558331,1
"11280","PmetTSAr1.1-015197",36.5981295897021,38.0475436634014,56.7417865060239,21.1815035271566,39.0320878542177,29.4017042307448,29.544788836864,27.938553700672,-0.276399725637682,5.12340135223949,0.416670276454945,1
"11281","PmetTSAr1.1-015198",27.4710776158575,27.1300702275388,21.6564485164658,45.2754637892973,21.3001598831318,28.9776411889552,27.0512924740365,30.004931026051,-0.179968082814795,4.84183235883436,0.573589496160894,1
"11282","PmetTSAr1.1-015199",4.22631963320885,3.56974608257089,6.09974204939757,6.14263602287543,3.13130555546895,6.53057084355966,4.63077895953684,3.62323695408918,-0.158814634067943,2.26472681950147,0.624487762987915,1
"11283","PmetTSAr1.1-015200",67.7110358256651,69.0150909297039,84.9235404706824,76.2534126977639,74.4231227369598,62.5917049681432,65.4176104600634,67.3412555763919,-0.143092010539658,6.15010217460302,0.700214121431011,1
"11284","PmetTSAr1.1-015201",197.513001581771,267.79045196086,146.015530608835,128.545249530432,166.796636623294,85.6041927025915,112.374966334824,133.012425369258,-0.571786031158096,7.27389708036036,0.196436809964216,1
"11285","PmetTSAr1.1-015202",142.1661987256,100.042133964049,104.121178238554,158.172877589042,142.001065887546,151.164338963262,105.145922257719,115.688823682519,0.0268337339550308,6.99292967822014,0.947978895254308,1
"11286","PmetTSAr1.1-015203",74.9497322187143,69.163830349811,29.7894379156625,44.5605880452558,56.7640158253035,46.5903928579494,77.4450635042903,74.2480510201244,0.223377208882873,5.88890498607847,0.567864950556197,1
"11287","PmetTSAr1.1-015204",35.743873493628,22.4894003201966,3.35722236827308,3.68028623784347,53.1229628538279,9.44247039718149,22.965311039151,57.7170324170925,1.13402343106808,4.70740610928395,0.0868702817123529,1
"11288","PmetTSAr1.1-015205",23.9191706900756,30.4023374698954,13.7125984056224,26.9269863588979,29.1284237718042,32.2287911760087,47.1249858823455,26.1552417623313,0.502913047319905,4.84684055208812,0.133032201705861,1
"11289","PmetTSAr1.1-015206",46.8941635897535,6.81226544090612,88.9427503481924,51.1533310180833,86.2565448942552,33.0203755206826,2.53540386472379,3.79307618631211,-0.62584794071323,5.32011105587753,0.444960926613775,1
"11290","PmetTSAr1.1-015207",17.4897695459387,20.5260399747826,14.8947189578313,15.0918212630991,17.2221805550792,12.0151195173717,13.976151882403,15.2572243613599,-0.218702835950721,3.98804557351526,0.457127095177209,1
"11291","PmetTSAr1.1-015208",4.00151539739986,3.71848550267801,7.70742600040158,6.77808112869012,4.1508003874821,5.484548673812,5.07080772944758,3.82138272501593,-0.258660923906045,2.36452725365458,0.420248881452904,1
"11292","PmetTSAr1.1-015209",11.5998985677434,13.4162956936623,12.719617141767,11.226196869393,12.8529169893086,11.7606816922979,16.1762957319567,12.4548770296816,0.12165352169657,3.68259256964165,0.673562601821726,1
"11293","PmetTSAr1.1-015210",3.5519069257819,5.0571402836421,3.6409313008032,3.38904056434506,3.53182138233126,3.90137998446421,4.02312018204106,6.17082543743313,0.171122362065221,2.07861525381057,0.571929654946248,1
"11294","PmetTSAr1.1-015211",5.39530165941555,4.99764451559925,3.30993754618473,4.02448567015976,4.22362144691161,2.99671216197976,2.30491260429436,4.16106118946179,-0.378797834927481,1.99340636160101,0.219842435339819,1
"11295","PmetTSAr1.1-015212",46.4445551181355,33.8530920163806,52.0605891192769,45.0371718746168,48.353183461195,42.1235954844324,25.2702236434454,25.560804449551,-0.328298015592797,5.31787146278745,0.327232346537736,1
"11296","PmetTSAr1.1-015213",42.5329614150592,32.6334287715022,51.7295953646584,45.2754637892973,52.2491101406738,41.1906567924953,24.2853973488833,27.5988752362262,-0.244846963334694,5.31242397027921,0.471387799921479,1
"11297","PmetTSAr1.1-015214",7.28365724021099,15.2309166189691,13.8544528718875,12.8942402721566,7.20928488352154,9.61209561389733,13.2427705992185,9.11470546263059,-0.329815271172484,3.47522864495605,0.314049983156829,1
"11298","PmetTSAr1.1-015215",2.78757252403137,3.89697280680656,3.21536790200802,3.83914751429714,2.73078972860665,4.43852650406435,4.9450852237588,3.45339772186625,0.17968540212914,1.90076388165574,0.53828586389024,1
"11299","PmetTSAr1.1-015216",2.20308151092802,2.08235188149969,384.047325001605,33.3608680552717,6.55389534865595,37.6002563720101,16.9725382679857,6.48219736317517,-2.64041501638145,5.9342453353654,0.018573962083219,1
"11300","PmetTSAr1.1-015217",1.79843388647185,1.45764631704978,258.931685755822,25.3383735943611,5.31593733835427,25.5285951157332,13.012279338789,5.2084031215032,-2.55021348481115,5.39444699806242,0.0180493956511187,1
"11301","PmetTSAr1.1-015218",13.6231366900243,13.1783126214909,6.85629920281122,7.2281880786422,11.2872642115741,6.72846692972813,7.08236782046811,10.162047394672,-0.214782767238085,3.25911509744043,0.530045556454319,1
"11302","PmetTSAr1.1-015219",13.9378626201568,11.8694057245482,6.71444473654616,8.26078637559109,11.4329063304332,6.10650780177007,7.54335034132698,10.4168062430064,-0.201294794691872,3.26173417963422,0.552063049260602,1
"11303","PmetTSAr1.1-015220",18.0742605590421,19.7228471062042,6.14702687148592,11.7822113369809,20.3170755808334,15.4924364600463,20.8280284424417,19.4182855508217,0.447605886557818,4.04813329520591,0.209665455601077,1
"11304","PmetTSAr1.1-015221",19.3781251267342,20.5557878588041,6.14702687148592,10.8555205576678,18.7878333328137,16.5950003686992,20.4508609253754,19.1352201637835,0.396212242447199,4.04940575062894,0.276630226184329,1
"11305","PmetTSAr1.1-015222",4.31624132753244,2.17159553356396,4.3502036321285,3.86562439370609,4.55131621434441,3.44904607322198,1.59248507205792,1.50024655130255,-0.40996653443504,1.70941229142935,0.279132877493035,1
"11306","PmetTSAr1.1-015223",14.1626668559658,3.89697280680656,81.5663181024093,22.2405787035145,70.3815539386219,27.5358268468706,1.96965258912427,2.68912117686306,-0.248617550154857,4.81117166042571,0.777905419321256,1
"11307","PmetTSAr1.1-015224",8.67744350222667,6.99075274503466,10.4026608594377,10.9879049547125,8.01031653724616,9.32938691937094,1.90679133627988,7.07663467595543,-0.495585014255197,2.99513143610556,0.221269089248611,1
"11308","PmetTSAr1.1-015225",27.1113908385631,33.9423356684449,21.420024406024,21.8699023917892,24.3586443791713,18.3477942747628,19.9898784045165,26.0703221462198,-0.233823985933694,4.59683386852608,0.438191911930072,1
"11309","PmetTSAr1.1-015226",29.4493548909765,26.3566252429817,19.9069100991967,23.1143157240097,26.7253288106304,20.3267551364476,16.0296194753198,20.4939340215669,-0.242632001473754,4.51450102385271,0.419783684835048,1
"11310","PmetTSAr1.1-015229",3.41702438429651,3.98621645887083,1.56039912891566,3.41551744375401,2.87643184746567,3.33596259541143,4.16979643867797,3.28355848964332,0.136804224922185,1.73419570988619,0.659183388066267,1
"11311","PmetTSAr1.1-015230",310.094962874909,280.254815365836,82.7011538325298,231.937463622365,214.967767435915,157.807993284632,83.6683275358851,499.412262351527,0.0788443562050464,7.86213556517545,0.889696316583831,1
"11312","PmetTSAr1.1-015231",33.765596218509,34.9835116091947,15.3202823566264,28.356737846981,24.1401812008827,24.7370107710593,29.2095288216939,27.62718177493,-0.0892375834991679,4.77261943210655,0.782534090588132,1
"11313","PmetTSAr1.1-015232",6.47436199129866,5.83058526819912,10.6863697919678,8.41964765204476,8.11954812639043,6.81327953808605,6.11849527685411,6.39727774706371,-0.194037901655016,2.88978879873187,0.528235491551402,1
"11314","PmetTSAr1.1-015235",24.9083093276351,14.9929335467977,100.480246937751,40.9862093250481,51.4116679572344,83.370794015833,0.81719628697709,20.5505470989746,-0.215915089170469,5.40004997665149,0.784091527083665,1
"11315","PmetTSAr1.1-015236",65.5529151618989,67.0219827002685,61.5175535369476,68.866363342668,49.3726782932081,59.1143880254686,53.7254174310066,48.7721661866848,-0.317704095373141,5.89002605296834,0.341717672512974,1
"11316","PmetTSAr1.1-015237",4.8108106463122,4.72991355940643,6.52530544819275,5.0306070876997,5.82568475436084,4.74950606804339,5.02890022755132,4.52904619261147,-0.0659428170279419,2.3814651451345,0.81863673935289,1
"11317","PmetTSAr1.1-015238",6.11467521400429,7.49646677339887,5.10676078554215,5.48071403765178,5.27952680863951,8.02892692454953,9.01011290769612,6.93510198243632,0.274286281324278,2.75520518880172,0.366916326013384,1
"11318","PmetTSAr1.1-015239",85.7403355375454,120.687165474918,35.1326228116465,68.6015945485786,54.1060471561263,97.1104365698157,115.245630214718,97.3744931411467,0.230185320960881,6.39789638567231,0.612474738011343,1
"11319","PmetTSAr1.1-015240",26.3920172839744,32.8119160756308,19.008498479518,24.9676972826359,24.8683917951778,20.7508181782372,35.5375616080293,30.3446094904969,0.111660815565489,4.74976124981988,0.721053880329849,1
"11320","PmetTSAr1.1-015241",13.3983324542153,19.1873851938185,9.92981263855418,11.6763038193451,11.760601097866,9.3011160499183,16.4277407433343,13.0776208811656,-0.100226663204182,3.71827513067512,0.75673777965422,1
"11321","PmetTSAr1.1-015243",20.2323812228083,11.2447001600983,816.703447110037,63.6239412196968,83.5257551656486,30.6173516172083,3.37355390264901,25.6174175269587,-2.67136007500079,7.04271670776394,0.0125222442176296,1
"11322","PmetTSAr1.1-015244",34.5299306202595,32.3062020472666,26.243076259036,24.914743523818,32.0412661489846,21.2031520894794,30.0057713577229,28.2216190877103,-0.0819535480841328,4.84508857524136,0.783652213647582,1
"11323","PmetTSAr1.1-015245",2.60772913538418,3.2127714743138,1.56039912891566,2.43587290562301,2.25745284231483,1.78106477551627,3.7088139178191,2.85896040908599,0.109463685620176,1.39132785557826,0.738589692783294,1
"11324","PmetTSAr1.1-015248",23.0199537468397,38.9102323000227,15.8404153995983,10.749613040032,21.2273388237023,16.849438193773,61.6668890403481,38.7233449468281,0.645629820056987,4.83054285474069,0.151615060425866,1
"11325","PmetTSAr1.1-015249",11.4200551790962,11.8099099565054,10.6863697919678,13.3443472221087,14.4913908264726,16.0295829796464,8.63294539062977,10.4451127817102,0.0675858356124107,3.60508405892983,0.824888811619114,1
"11326","PmetTSAr1.1-015250",52.0197001661982,54.855098135506,45.8189926036143,22.3994399799681,48.3167729314802,41.8974285288113,52.8034523892889,46.7907084774173,0.116842084410366,5.51321686592094,0.735128100672644,1
"11327","PmetTSAr1.1-015251",43.5670608997805,24.4527606656106,64.6856366168672,115.889301172956,73.9133753209532,47.4667898109812,9.53395668139938,26.5232267654809,-0.659521815456165,5.66694556990247,0.227181772704045,1
"11328","PmetTSAr1.1-015252",9.03713027952104,10.6199945956484,11.915775166265,26.4239256501279,8.59288501268224,16.7363547159624,7.85765660554894,13.7003647326497,-0.308747956344332,3.72027174197365,0.428715294892053,1
"11329","PmetTSAr1.1-015253",54.492546760097,74.5184494736674,33.4303692164657,53.9069264766136,55.05272092871,46.5903928579494,53.3272961629921,51.5745135183632,-0.0673007621317649,5.72596560584219,0.845911093799253,1
"11330","PmetTSAr1.1-015254",20.5471071529409,18.4139402092615,24.0679744429718,31.6133940142813,21.6642651802794,28.3556820609971,34.0707990416602,22.3338590373153,0.169310696958941,4.65549633929914,0.586433734245998,1
"11331","PmetTSAr1.1-015255",34.6198523145831,42.6584656867222,13.9490225160642,26.1062030972206,18.5693701545252,24.0019681652907,46.5801883576941,35.7794649216306,0.0905386028135272,4.92397775183378,0.816178752591124,1
"11332","PmetTSAr1.1-015256",26.1672130481654,20.2583090185898,51.2094623216866,53.721588320751,33.5705083970044,27.5923685857759,9.01011290769612,33.8829268284746,-0.541088945096035,4.99894089989967,0.20813123242678,1
"11333","PmetTSAr1.1-015257",6.33947944981327,5.08688816766352,4.68119738674697,6.77808112869012,8.99340083954455,3.56212955103254,3.41546140454527,5.54808158594906,-0.094694929699735,2.48695988016678,0.793713924436943,1
"11334","PmetTSAr1.1-015260",111.997470280034,145.348161328678,86.7676485321282,63.5445105814699,88.7324609148586,73.3346353601461,104.34967972169,75.9747498810575,-0.251664809244916,6.55175784993589,0.545253708039443,1
"11335","PmetTSAr1.1-015262",48.8274800177107,163.732353653918,3.87735541124497,11.4644887840735,7.90108494810189,11.364889519961,30.508661380478,200.636746332688,0.135779910885815,5.90374218290107,0.886036162242826,1
"11336","PmetTSAr1.1-015263",12.4091938166558,11.0662128559698,10.970078724498,14.641714313147,9.32109560697735,12.3260990813507,11.4197942667311,6.93510198243632,-0.29528707377702,3.48516745806764,0.330598595931616,1
"11337","PmetTSAr1.1-015264",56.0212155635981,38.3152746195942,201.244202808031,72.4672189422847,173.059247734232,80.1761857676848,8.96820540579986,12.0585854878281,-0.424389297593586,6.3275807301381,0.571171722871255,1
"11338","PmetTSAr1.1-015265",1.84339473363365,1.78487304128545,1.56039912891566,2.80654921734825,2.18463178288532,1.24391825591612,0.963872543614003,1.9531511705637,-0.359150301668763,0.889141034309948,0.27943894568242,1
"11339","PmetTSAr1.1-015267",2.29300320525161,1.7253772732426,1.65496877309236,2.51530354384985,1.92975807488203,1.21564738646349,1.06864129835466,1.92484463185988,-0.43214182924227,0.885534669688773,0.159255851804705,1
"11340","PmetTSAr1.1-015268",140.187921450481,167.510334924639,81.660887746586,65.5567534165498,119.06243216725,81.4483748930535,94.3337867684835,89.4769688427805,-0.243320850474795,6.71371788483563,0.575545390596786,1
"11341","PmetTSAr1.1-015269",3.23718099564933,2.67730956192817,4.06649469959838,3.1772255290735,3.64105297147553,2.14858607840058,1.08959504930279,1.61347270611784,-0.641203433983788,1.46010967026414,0.0612571323008058,1
"11342","PmetTSAr1.1-015270",35.3392258691718,34.299310276702,35.9364647871485,33.4138218140896,39.0684983839324,33.6423346486406,30.7810601428037,37.4212441664523,0.0197307588684898,5.13120880149334,0.946584882240308,1
"11343","PmetTSAr1.1-015271",16.8603176856736,19.5146119180542,17.5899538168674,16.5745265100001,19.8073281648269,14.0788929874143,18.8793296042656,15.7950485967325,-0.0413091340750906,4.1250263312893,0.887761379508227,1
"11344","PmetTSAr1.1-015272",15.6463748123051,17.6999909927473,13.5707439393574,13.6091160161981,16.967306847076,13.8527260317932,14.3952269013657,15.2855309000637,-0.00131605367309175,3.92499206062259,0.999239715158123,1
"11345","PmetTSAr1.1-015273",19.5130076682196,26.5351125471103,9.17325548514053,9.79644538130995,12.9985591081676,15.4924364600463,33.0440652452018,20.0693359410096,0.328136293348961,4.20187171534672,0.414810629396315,1
"11346","PmetTSAr1.1-015274",44.1065910657221,46.6744300296144,87.2877815751001,72.5201727011026,52.8680891458247,46.9013724219284,48.5288871958702,47.7814373320511,-0.353810375458965,5.80448066039358,0.315435527050008,1
"11347","PmetTSAr1.1-015276",45.680220716385,46.8231694497215,36.6457371184738,48.1084898860545,41.4351828153915,47.4667898109812,83.2073450150262,50.6120912024332,0.329492294300115,5.64589187996071,0.334538649644128,1
"11348","PmetTSAr1.1-015277",43.8817868299131,42.8072051068293,33.8086477931726,44.9842181157989,40.3792774536636,41.5581780953796,67.4082168001358,46.6491757838982,0.244208654539231,5.50000629321115,0.446554203878789,1
"11349","PmetTSAr1.1-015278",36.7779729783493,37.5418296350372,35.1326228116465,28.4096916057988,28.8735500638009,27.0552220661757,30.6762913880631,33.0054241286561,-0.204533028614808,5.01085537755465,0.47924257957369,1
"11350","PmetTSAr1.1-015279",20.8168722359117,25.672423910489,4.58662774257026,18.3749543098084,9.94007461212819,9.04667822484454,1.96965258912427,15.5402897483981,-0.929718376233836,3.7336708870958,0.0802841680713373,1
"11351","PmetTSAr1.1-015281",32.6865358866259,60.2394651433838,27.1887727008031,30.8720413908308,25.9607076866205,29.147266405671,26.4226799455926,68.5301302019524,-0.00926105349608806,5.23643062951341,0.982310002489072,1
"11352","PmetTSAr1.1-015282",70.4086866553729,50.8093859085924,156.701900400803,80.7280053178757,135.956917954896,84.5864414022965,43.185680704097,51.602820057067,-0.185694275563993,6.39726842770973,0.702406391356248,1
"11353","PmetTSAr1.1-015283",93.0239927777564,97.8705384304853,86.0583762008029,99.658974095272,93.9391666640686,92.4740139795828,91.840290405656,85.3159076533187,-0.0509036334770092,6.53270754350709,0.893770336854463,1
"11354","PmetTSAr1.1-015284",2.15812066376622,2.82604898203529,3.68821612289155,2.14462723212461,3.60464244176077,1.92241912277947,2.09537509481305,1.44363347389491,-0.25752312946704,1.34293807706973,0.433364330780022,1
"11355","PmetTSAr1.1-015285",9.39681705681541,6.84201332492754,23.5951262220883,22.3200093417413,18.0960332682334,10.3471382196659,7.22904407710502,7.02002159854779,-0.543029336251932,3.71738889700223,0.209691900857067,1
"11356","PmetTSAr1.1-015286",43.3422566639716,43.3426670192149,43.5493211433733,44.6664955628916,47.9526676343327,40.1729054922003,41.425565624454,42.8277930588823,-0.0210984589514374,5.44195668192239,0.943940302560459,1
"11357","PmetTSAr1.1-015288",25.4928003407385,31.6814964828167,25.6756583939758,39.6623653546008,24.0673601414532,20.9487142644056,26.5484024512813,25.0229802141784,-0.343727450418226,4.77885180640579,0.247135860715716,1
"11358","PmetTSAr1.1-015289",16.6804742970264,20.1393174825041,8.93683137469876,13.8209310514697,11.2144431521446,14.3898725513934,13.5989843653367,20.2674817119363,-0.00341447502545965,3.90189278740891,0.994596346029639,1
"11359","PmetTSAr1.1-015290",57.1002758954812,70.3239978266466,63.9763642855419,71.7258663188342,60.5871214453528,73.5890731852198,82.683501241323,73.99329217179,0.144498762570714,6.11509904376409,0.698669584122502,1
"11360","PmetTSAr1.1-015291",47.6135371443422,56.3127444525558,51.6350257204817,58.1697040614539,49.1178045852049,63.8073523546067,71.2217994726956,68.6999694341753,0.242438542874491,5.86767904529458,0.474327717266704,1
"11361","PmetTSAr1.1-015292",34.7547348560685,40.1298955449011,28.2290387867469,26.1856337354474,25.1232655031811,28.5535781471656,39.5397280391223,30.8824337258695,-0.058808233440822,4.98819205327719,0.847678057087212,1
"11362","PmetTSAr1.1-015294",7.68830486466715,10.0547847992413,5.01219114136544,7.28114183746009,7.02723223494777,9.1597617026551,12.7608343274115,8.91655969170384,0.33321803855798,3.09785467175625,0.301248929605725,1
"11363","PmetTSAr1.1-015297",64.6986590658248,67.2897136564613,65.9623268132528,59.9966087406712,72.9667015483696,60.7823693231743,73.4009895713012,54.8297654693027,0.0224078303437913,6.02351827226045,0.950164215132969,1
"11364","PmetTSAr1.1-015298",140.862334157908,129.968505289602,71.1163724208833,118.272220319761,116.586516146646,98.5805217813529,101.919044611707,105.017258591179,-0.124811946709929,6.78597704741078,0.759908778901076,1
"11365","PmetTSAr1.1-015299",5.53018420090094,6.09831622439194,4.63391256465862,6.40740481696488,3.67746350119028,4.52333911242227,8.21387037166716,6.11421236002549,-0.0074846966267446,2.51604415312974,0.97971160833919,1
"11366","PmetTSAr1.1-015301",25.6276828822238,29.6883882533812,36.8348764068272,48.8763193889139,35.6823191204602,31.578561178598,27.9942112667024,28.3631517812294,-0.1908084673624,5.05062567939972,0.54389212271146,1
"11367","PmetTSAr1.1-015302",17.6696129345859,9.31108769870574,17.9209475714859,14.2445611220128,17.0037173767907,12.4109116897086,6.30707903538728,10.2752735494873,-0.363147779935042,3.72111637819629,0.304213889483032,1
"11368","PmetTSAr1.1-015304",50.8057572928297,22.9951143485608,147.386790449397,37.7295531577478,97.8715038732622,39.3813211475264,5.92991151832093,19.050300547672,-0.674477056732766,5.71868594423785,0.313432268759995,1
"11369","PmetTSAr1.1-015305",82.0085852231163,94.8065063762786,33.6195085048192,56.7664294527798,63.2086795848152,67.7935449474288,98.5245369581096,71.4740102271498,0.171782448530949,6.15169955733032,0.685908514207845,1
"11370","PmetTSAr1.1-015306",14.792118716231,14.100497026155,26.1485066148593,24.7294053679554,21.4093914722761,15.0401025488041,8.54913038683724,16.9556166835892,-0.365728969408023,4.15113782875815,0.299634006244492,1
"11371","PmetTSAr1.1-015307",15.7812573537905,13.5055393457265,26.5267851915662,26.6357406853995,22.756581071722,16.4253751519834,8.90534415295546,17.6066670737771,-0.328794591835727,4.21489543738023,0.356279722610331,1
"11372","PmetTSAr1.1-015308",13.3533716070535,18.0569656010044,12.7669019638554,14.9329599866454,14.7826750641906,11.0256390865293,13.8294756257661,14.7194001259873,-0.122254417152551,3.83255061016241,0.678486141923328,1
"11373","PmetTSAr1.1-015310",53.9080557469937,57.6216513494985,61.8958321136544,46.413969603882,57.6014580087428,47.2406228553601,53.7254174310066,49.1967642672421,-0.0813802233433698,5.74168437925482,0.800466583022205,1
"11374","PmetTSAr1.1-015312",5.75498843670992,2.73680532997102,4.82305185301203,10.5642748841694,12.1247063950135,3.95792172336949,2.59826511756818,1.81161847704459,-0.226079344049404,2.485308576934,0.670251097776401,1
"11375","PmetTSAr1.1-015313",19.6928510568667,17.8784782968759,22.7912842465863,30.9514720290576,18.3509069762367,22.1926325203218,25.3121311453416,21.5412759536083,-0.0633726712743004,4.48573994210355,0.834553874279308,1
"11376","PmetTSAr1.1-015316",26.4369781311362,26.6838519672174,28.5600325413654,22.8495469299202,28.3638026477944,29.6844129252712,33.0021577433055,25.8438698365892,0.161839540568285,4.79392031997727,0.572692814975717,1
"11377","PmetTSAr1.1-015317",10.0262689170806,11.3339438121626,9.55153406184735,13.1060553074282,10.0128956715577,9.75344996116053,11.1054880025092,9.34115777226117,-0.131803298206537,3.40511585327536,0.648157238294072,1
"11378","PmetTSAr1.1-015318",22.2106584979273,25.3154493022319,16.4551180867469,20.3342433860704,23.6304337848762,28.1577859748286,39.7702192995517,28.9575890940096,0.515274570157222,4.68243666294816,0.0908553790951666,1
"11379","PmetTSAr1.1-015319",8.76736519655026,6.39579506460618,12.6723323196787,24.3057752974122,11.2144431521446,8.76396953031815,5.97181902021719,6.87848890502868,-0.67021136868665,3.41701007527977,0.0933241446472969,1
"11380","PmetTSAr1.1-015320",42.353118026412,42.0337601222722,47.4266765546183,75.723875109585,47.9890781640474,51.1420028398243,40.629323088425,37.5910833986752,-0.227215684459088,5.59020332635958,0.498561798337173,1
"11381","PmetTSAr1.1-015321",152.147506795518,163.405126929683,127.007032129317,145.861128663882,118.916790048391,123.487157769128,141.354003896088,147.250614337281,-0.148115225485384,7.12919393498557,0.711478401441448,1
"11382","PmetTSAr1.1-015322",120.540031240776,131.931865635016,178.689342671887,132.834503994681,135.774865306322,116.87177431721,140.159640092045,129.84209303443,-0.109792551316893,7.08627718937459,0.785479667201034,1
"11383","PmetTSAr1.1-015323",48.5577149347399,64.0471942981261,5.53232418433733,17.2364484952237,24.8319812654631,14.0788929874143,29.1885750707458,58.1416304976498,-0.100934281551992,5.03427174126424,0.860396269005581,1
"11384","PmetTSAr1.1-015324",90.461224489534,81.2712191465306,91.4961307409635,125.950515348355,75.2605649203991,109.973682170766,108.980458681227,87.3539784399938,-0.0284966323504578,6.59111015059596,0.943196124087202,1
"11385","PmetTSAr1.1-015325",37.0027772141583,40.1596434289225,76.837835893574,66.0862910047287,50.6834573629393,54.3366110879725,48.6336559506109,41.8087576655447,-0.171114606785628,5.70048241271405,0.626905827728951,1
"11386","PmetTSAr1.1-015326",6.15963606116608,4.99764451559925,8.84226173052206,6.56626609341856,5.97132687321986,6.50229997410702,4.21170394057423,4.81211157964969,-0.304214683027341,2.59919641847104,0.321805600148392,1
"11387","PmetTSAr1.1-015327",26.257134742489,10.590246711627,8.60583762008029,48.5321199565977,30.2935607226764,45.3747454714859,6.55852404676485,14.124962813207,0.0348356915042204,4.57643775519204,0.950393214513301,1
"11388","PmetTSAr1.1-015328",80.4799164196153,23.6198199130107,79.911349329317,291.060335342541,120.628084944984,127.105829059066,3.60404516307845,32.3260671997644,-0.744118374054912,6.56840194185795,0.353199970781303,1
"11389","PmetTSAr1.1-015329",12.364232969494,13.8922618380051,11.7266358779116,16.2038501982748,13.1077906973119,15.8882286323832,15.4848219506684,14.3231085841338,0.116875446298754,3.82695569567055,0.684083289341158,1
"11390","PmetTSAr1.1-015330",4.7208889519886,4.78940932744928,5.43775454016062,5.21594524356232,4.8061899223477,4.86258954585394,5.00794647660319,4.78380504094587,-0.0505635128669698,2.32594209148898,0.85745218976872,1
"11391","PmetTSAr1.1-015331",27.6059601573429,43.7591373955148,33.5722236827308,32.5665616730033,26.8709709294894,31.8047281342191,39.5397280391223,45.3470750035224,0.0621374639451869,5.13754046054849,0.844305364226255,1
"11392","PmetTSAr1.1-015332",132.454655738652,197.317714714106,103.506475551405,73.3409559627799,105.408483524217,95.5272678804679,116.188549007384,109.631224399902,-0.247489376847517,6.86706018276416,0.565077655491191,1
"11393","PmetTSAr1.1-015333",27.3811559215339,15.2011687349477,31.5389763329316,26.8210788412621,40.1608142753751,19.0828368805315,15.7153132110979,12.3416508748663,-0.209922283226332,4.55927762195915,0.585947041007912,1
"11394","PmetTSAr1.1-015334",17.8044954760713,17.6107473406831,18.204656504016,18.7191537421247,14.2729276481841,14.5594977681092,15.254330690239,13.1908470359809,-0.336613528406235,4.02329576845649,0.228404953313748,1
"11395","PmetTSAr1.1-015336",63.8893638169124,33.2283864519307,1.56039912891566,20.4401509037062,67.3594799722973,65.7297714773861,16.5744169999712,230.047240045959,1.67239348524788,5.96406683688122,0.0340128481726599,1
"11396","PmetTSAr1.1-015337",5.71002758954812,5.71159373211343,3.40450719036143,4.60697701715657,6.51748481894119,5.65417389052784,3.58309141213032,17.0122297609969,0.75155891401249,2.72091040465538,0.0756808837950939,1
"11397","PmetTSAr1.1-015338",14.4773927860984,13.2378083895337,18.0155172156626,12.9207171515656,13.0713801675971,13.089412556572,14.8143019203283,13.8702039648726,-0.0951317834872728,3.83231608216052,0.739630064042163,1
"11398","PmetTSAr1.1-015339",16.5006309083792,15.5581433432048,23.5005565779116,13.5296853779713,21.0816967048433,16.7363547159624,13.158955595426,13.7003647326497,-0.0946657410480346,4.0679620812134,0.761954528449764,1
"11399","PmetTSAr1.1-015340",5.9348318253571,8.35915541002017,6.05245722730921,6.6456967316454,8.629295542397,6.07823693231743,7.31285908089755,5.77453389557963,0.0390308519205018,2.78908413074119,0.896600810463505,1
"11400","PmetTSAr1.1-015341",25.5827220350621,10.6497424796698,28.4181780751003,31.2162408231471,27.7812341723583,27.1965764134389,1.84393008343548,14.4646412776529,-0.42792306540414,4.38810018219176,0.444986033713276,1
"11401","PmetTSAr1.1-015342",55.7964113277891,86.8935692265798,53.1954248493974,68.1514875986265,51.7393627246672,65.8711258246493,73.0028683032867,56.0186400948632,-0.0985044690346042,5.99778673874327,0.786707394936328,1
"11402","PmetTSAr1.1-015343",82.5481153890579,84.7517215770373,69.9815366907628,92.801462328355,63.827658589966,66.6909810387759,83.9407262982108,80.1358110705193,-0.164108791273586,6.28815833313389,0.665599827993365,1
"11403","PmetTSAr1.1-015344",123.732251389263,123.602458109017,101.94607642249,79.11291567393,117.059853032938,89.9861774677506,90.6668803525607,109.857676709532,-0.0718791141492039,6.70807708457764,0.857111024398959,1
"11404","PmetTSAr1.1-015345",81.6938592929837,93.3191121752074,105.776147011646,101.432925015671,86.8755238994061,78.282037514358,82.7463624941674,71.7570756141881,-0.257885872059322,6.45605139474314,0.499851336272776,1
"11405","PmetTSAr1.1-015346",105.523108288736,115.749016727361,89.6520226795177,79.6689301415179,100.201777775007,69.5180679840398,96.7853756294148,91.5716527068632,-0.125392332237878,6.54909934313027,0.749881497983387,1
"11406","PmetTSAr1.1-015347",52.7840345679488,63.2142535455262,27.3779119891565,40.1389491839618,42.0177512908276,38.7310911501157,65.3966567091153,45.9415123163026,0.065799414032722,5.5551963493161,0.853321169344662,1
"11407","PmetTSAr1.1-015349",7.23869639304919,5.86033315222055,18.5356502586345,18.560292465671,11.5785484492922,12.4957242980665,9.45014167760686,6.85018236632486,-0.314317923406776,3.50811432621333,0.429270125574614,1
"11408","PmetTSAr1.1-015351",75.7140666204648,93.2001206391217,62.0376865799194,116.180546846454,71.5102803597794,57.7008445528366,90.4782965940275,77.7297552806944,-0.223137364640513,6.33337928602791,0.576922225160046,1
"11409","PmetTSAr1.1-015353",6.69916622710764,7.67495407752742,12.9560412522088,12.682425236885,9.17545348811833,9.27284518046566,7.45953533753446,6.31235813095224,-0.31337501739597,3.1837297935093,0.334468828665632,1
"11410","PmetTSAr1.1-015354",5.62010589522453,5.8008373841777,4.53934292048191,7.89011006386585,5.17029521949525,4.91913128475922,7.33381283184568,5.57638812465288,-0.0545051120805401,2.56682474197838,0.866477131124035,1
"11411","PmetTSAr1.1-015355",85.1108836772803,91.4152475978363,76.5541269610439,87.3737020495211,91.9729980594718,89.1097805147188,92.1965041717742,90.2412453877836,0.0945158421975067,6.46042968208062,0.803082637548048,1
"11412","PmetTSAr1.1-015356",9.62162129262439,9.9952890311985,5.62689382851404,7.83715630504796,7.42774806181008,7.15252997151772,7.96242536028959,8.03905699188537,-0.114455343481997,3.0038157704784,0.707272536588484,1
"11413","PmetTSAr1.1-015357",42.1732746377649,50.6011507204424,9.97709746064253,24.1204371415496,27.8904657615025,39.7771133198634,53.8511399366954,33.0620372060638,0.284827238155751,5.13981704209963,0.506008207762067,1
"11414","PmetTSAr1.1-015358",8.81232604371206,10.590246711627,5.95788758313251,7.51943375214061,6.40825322979693,6.07823693231743,7.85765660554894,5.74622735687581,-0.334174958623475,2.89410884959411,0.273012163193106,1
"11415","PmetTSAr1.1-015360",9.93634722275697,9.72755807500568,22.223866381526,11.4909656634825,9.57596931498064,8.31163561907593,5.99277277116532,8.80333353688855,-0.706748748967933,3.43298084294973,0.0390255937657921,1
"11416","PmetTSAr1.1-015362",30.2136892927271,31.6220007147738,42.2253461248994,39.0269202487861,39.723887918798,35.9040042048518,18.1669020720291,32.6657456642103,-0.178731340445843,5.0767289055016,0.584721835828015,1
"11417","PmetTSAr1.1-015363",16.8153568385118,27.219313879603,11.4902117674698,12.4706102016135,13.5811275836037,14.3333308124881,19.0679133627988,14.1532693519109,-0.153768523354069,4.01865396272743,0.647510638128242,1
"11418","PmetTSAr1.1-015364",7.37357893453458,9.1326003945772,8.88954655261041,12.205841407524,9.6852009041249,7.74621823002314,7.8995641074452,7.86921775966244,-0.182813852189977,3.15594142930269,0.541236030963857,1
"11419","PmetTSAr1.1-015365",51.2104049172859,25.4344408383176,54.4248302236946,73.288002203962,81.8508707987698,21.6554860007216,6.36994028823167,70.8795729143696,-0.177377160835841,5.59059063101721,0.757967443748003,1
"11420","PmetTSAr1.1-015368",3.10229845416394,3.36151089442092,4.25563398795179,3.57437872020768,4.00515826862308,3.76002563720101,4.35838019721114,2.71742771556688,0.0568323074937698,1.88880358070908,0.856052422099775,1
"11421","PmetTSAr1.1-015369",9.35185620965362,12.0478930286768,14.8474341357429,12.6294714780671,10.8139273252823,10.6863886530976,11.7969617837975,12.0302789491242,-0.108425536069452,3.56513874510183,0.710091681624836,1
"11422","PmetTSAr1.1-015370",5.17049742360657,7.13949216514178,8.22755904337346,7.09580368159747,7.02723223494777,6.30440388793854,7.58525784322324,7.04832813725161,0.0172190727009522,2.80991266935009,0.959206732861421,1
"11423","PmetTSAr1.1-015371",6.42940114413686,7.5262146574203,7.89656528875499,9.37281531076681,6.88159011608875,5.85206997669631,7.54335034132698,6.79356928891721,-0.207210833077365,2.87768999894706,0.477975929636376,1
"11424","PmetTSAr1.1-015372",2.06819896944263,3.56974608257089,2.03324734979919,2.85950297616615,1.85693701545252,2.77054520635864,2.70303387230883,2.06637732537899,-0.171353009026751,1.35580040273829,0.574443904416282,1
"11425","PmetTSAr1.1-015373",13.4882541485389,14.4574716344121,8.0857045771084,13.3178703426997,13.4718959944594,12.8349747314982,15.568636954461,12.1435051039395,0.129129972578804,3.69923432783855,0.669402993500218,1
"11426","PmetTSAr1.1-015374",22.8401103581925,23.0248622325823,30.8769888236947,19.9635670743451,23.2299179580139,24.6239272932487,28.266610029028,27.4290360040032,0.0997349501722031,4.64913882108399,0.734893952957143,1
"11427","PmetTSAr1.1-015375",76.2086359392446,87.0720565307083,51.540456076305,51.0474235004475,59.6768582024839,56.0045923856783,66.4024367546256,63.5198728513759,-0.11437607382925,5.99990518864402,0.753920820846342,1
"11428","PmetTSAr1.1-015377",6.20459690832788,3.86722492278513,19.7177708108433,8.52555516968055,10.7775167955676,7.32215518823355,3.20592389506397,5.46316196983759,-0.516927874278876,3.03044374510015,0.268323823933739,1
"11429","PmetTSAr1.1-015378",8.67744350222667,9.93579326315565,6.85629920281122,8.60498580790738,8.41083236410847,9.07494909429718,12.8027418293077,11.0112435557866,0.277121114998055,3.2467034878812,0.351994514652753,1
"11430","PmetTSAr1.1-015379",2.83253337119316,2.73680532997102,2.88437414738955,4.44811574070289,2.29386337202958,3.08152477033767,2.84971012894575,2.71742771556688,-0.241949164831133,1.60658135730213,0.391423482259344,1
"11431","PmetTSAr1.1-015380",97.3851949524506,43.7591373955148,101.756937134136,111.149939758754,118.843968988961,66.4365432137021,3.81358267255975,32.1562279675415,-0.67846318692782,6.16895021906547,0.309347559858107,1
"11432","PmetTSAr1.1-015382",5.9348318253571,4.87865297951355,12.8141867859437,12.5765177192493,12.6708643407348,9.951346047329,4.14884268772984,5.68961427946816,-0.159440300133771,3.11021791591827,0.704033105450994,1
"11433","PmetTSAr1.1-015383",7.1937355458874,5.41411489189919,5.81603311686745,7.65181814918534,5.68004263550182,6.16304954067535,5.40606774461767,7.44461967910511,-0.079330566939012,2.67971610602981,0.794312713397736,1
"11434","PmetTSAr1.1-015384",7.1937355458874,4.28369529908507,3.78278576706826,5.87786722878597,6.48107428922644,4.69296432913811,4.75650146522562,4.27428734427708,-0.0671116177044326,2.38572810958676,0.840616917395604,1
"11435","PmetTSAr1.1-015385",76.7481661051862,63.8687069939975,27.708905743775,40.2713335810066,57.5650474790281,53.1209637015091,65.983361735663,65.7560894089778,0.216838367517047,5.81872012084192,0.56756154726404,1
"11436","PmetTSAr1.1-015387",2.20308151092802,2.88554475007814,2.64795003694778,7.75772566682112,1.96616860459678,5.00394389311714,1.88583758533175,3.53831733797771,-0.330082330087509,1.83133290110907,0.445347350557388,1
"11437","PmetTSAr1.1-015388",33.765596218509,41.4982982098866,33.2885147502007,45.937385774521,36.5561718336143,34.1794811682408,40.3778780770475,38.6384253307166,-0.0453842323448856,5.25158423559137,0.880925524508819,1
"11438","PmetTSAr1.1-015389",78.321795755849,96.6211273015855,71.1636572429716,96.9583323955595,77.518017762714,112.829039985483,108.666152417005,103.17733357543,0.229312312968878,6.54268128692252,0.558841153247931,1
"11439","PmetTSAr1.1-015390",80.7946423497478,81.3604627985949,201.85890549518,65.2390308636425,113.09110529403,62.2524545347115,70.9284469594217,68.5584367406562,-0.447114674522616,6.53992852799161,0.33165244919704,1
"11440","PmetTSAr1.1-015391",114.38039517961,59.8229947670839,139.206516228112,108.369867420815,115.130094958056,86.819840089055,54.7731049784131,55.4808158594906,-0.434008426042923,6.52030445875258,0.322157775258044,1
"11441","PmetTSAr1.1-015392",22.3905018865745,26.9515829234102,9.88252781646583,12.9471940309745,17.9503911493743,17.2452303661099,11.9226842894863,12.1435051039395,-0.285458293453406,4.04336321285613,0.423083288116619,1
"11442","PmetTSAr1.1-015393",16.0510224367613,18.027217716983,11.5847814116465,27.350616429441,14.6370329453316,22.0230073036059,16.9725382679857,16.0215009063631,-0.0696244929205041,4.16223562659457,0.834633935346263,1
"11443","PmetTSAr1.1-015394",19.423085973896,24.2445254774606,16.3132636204819,23.7762377092333,21.3001598831318,19.0545660110788,22.1271610012258,20.4090144054555,-0.0161142835563596,4.38525486318275,0.958199283945953,1
"11444","PmetTSAr1.1-015395",47.5236154500186,46.644682145593,49.3180694381524,41.5687006720449,42.5274987068342,37.5154437636522,45.0505645384806,37.3363245503408,-0.187902509604123,5.44272466148957,0.528819988616779,1
"11445","PmetTSAr1.1-015396",16.8603176856736,24.9882225779962,29.0801655843372,36.8822930166615,23.958128552309,23.973697295838,29.2095288216939,22.1357132663886,-0.119490541815114,4.69781606961517,0.705800331631409,1
"11446","PmetTSAr1.1-015397",3.91159370307627,2.11209976552111,17.8736627493975,7.28114183746009,7.50056912123959,4.77777693749603,1.46676256636914,2.17960348019427,-0.969762069102306,2.56424385022796,0.0926384910131738,1
"11447","PmetTSAr1.1-015398",2.3379640524134,2.17159553356396,3.59364647871485,3.4684712025719,1.96616860459678,3.76002563720101,1.76011507964296,2.15129694149045,-0.263627634452907,1.4377465139739,0.405695818496857,1
"11448","PmetTSAr1.1-015399",8.09295248912332,8.83512155436296,2.64795003694778,10.7760899194409,10.2313588498462,8.70742779141287,3.10115514032331,7.35970006299365,-0.0512808089123621,2.9133926406187,0.912641044676495,1
"11449","PmetTSAr1.1-015400",44.4662778430165,51.2853520529351,39.62468091004,42.9454984013101,44.5300778411457,52.0749415317614,57.8533063677883,50.9234631281753,0.203798460060071,5.58586908751068,0.513384845459179,1
"11450","PmetTSAr1.1-015401",10.5657990830221,11.9289014925911,11.9630599883534,14.8005755896007,8.84775872068553,15.74687428512,9.57586418329564,14.124962813207,-0.0293276021126934,3.61575873192473,0.92770910510278,1
"11451","PmetTSAr1.1-015402",30.663297764345,31.2947739905382,30.782419179518,63.014972993291,23.0842758391548,36.045358552115,29.3981125802271,37.2514049342294,-0.308923138037404,5.13997326076015,0.368165753020443,1
"11452","PmetTSAr1.1-015403",22.1656976507655,10.7389861317341,100.527531759839,35.9556022373484,91.49966117318,38.1374028916103,5.4270214955658,6.53881044058282,-0.258544936808271,5.28165595485138,0.727672605791585,1
"11453","PmetTSAr1.1-015404",7.1937355458874,6.48503871667045,5.34318489598392,10.8555205576678,6.95441117551826,8.45298996633912,7.45953533753446,7.16155429206689,0.00388177331271889,2.91770586709564,0.989826829691083,1
"11454","PmetTSAr1.1-015405",14.4773927860984,17.1645290803617,23.3114172895581,25.1000816796806,18.4601385653809,14.9552899404461,10.4140142212209,12.1151985652357,-0.518438740649473,4.09207990925912,0.104802025597098,1
"11455","PmetTSAr1.1-015406",55.6165679391419,71.1569385792464,54.8503936224898,69.4753315690738,55.2711841069985,59.2274715032791,70.7608169518367,46.9322411709364,-0.11304039979133,5.91832440116078,0.745243953031399,1
"11456","PmetTSAr1.1-015407",36.7779729783493,39.2672069082798,56.2689382851404,47.5524754184667,39.0320878542177,27.818535541397,25.1235473868085,32.1562279675415,-0.535324950941054,5.24986013741856,0.0883394383240661,1
"11457","PmetTSAr1.1-015408",79.8055037121883,65.3858490790902,614.74997197068,127.274359318802,119.317305875253,102.821152199249,26.0455124285262,88.2314811398123,-1.39899841249091,7.25706587379118,0.0395587315552967,1
"11458","PmetTSAr1.1-015411",41.8585487076323,49.9169493879496,40.3339532413653,30.9249951496487,37.6848982547717,40.6252394034425,49.2622684790548,40.4500438077612,0.0437713961162027,5.37312682284845,0.888280668449998,1
"11459","PmetTSAr1.1-015412",52.4243477906544,43.7293895114934,40.7122318180721,43.7662816629874,39.6510668593685,42.9151798291063,41.3627043716096,42.3748884396211,-0.119111330180591,5.44050640291749,0.689633464273243,1
"11460","PmetTSAr1.1-015413",14.7021970219074,13.8922618380051,12.7669019638554,15.2771594189617,8.70211660182651,14.1354347263196,12.9494180859447,10.2752735494873,-0.297445633281946,3.68924630997911,0.313238141524776,1
"11461","PmetTSAr1.1-015414",16.3657483668938,16.0043616035262,16.2186939763052,15.621358851278,10.3041799092757,15.9447703712885,13.7875681238699,11.8604397169013,-0.306161045712481,3.86518808588928,0.287568915406866,1
"11462","PmetTSAr1.1-015415",17.7145737817477,8.47814694610587,7.42371706787146,35.7967409608947,20.9360545859843,26.715971632744,5.92991151832093,10.162047394672,-0.124663090147173,4.06272211816256,0.80921927951266,1
"11463","PmetTSAr1.1-015416",7.73326571182895,10.6794903636913,11.111933190763,9.98178353717257,8.52006395325273,9.13149083320246,11.88077678759,9.08639892392677,-0.0320697117482552,3.29720597541533,0.914671546149786,1
"11464","PmetTSAr1.1-015417",5.66506674238632,6.5445344847133,7.32914742369475,6.11615914346648,6.00773740293462,5.73898649888576,8.21387037166716,6.82187582762103,0.0643318122009514,2.72644964365521,0.832339928481707,1
"11465","PmetTSAr1.1-015418",3.91159370307627,6.4255429486276,6.14702687148592,5.29537588178916,5.64363210578707,5.25838171819089,6.09754152590598,5.66130774076434,0.0560861852867332,2.49037198496895,0.847270355552426,1
"11466","PmetTSAr1.1-015421",101.566553738498,33.2283864519307,507.697134762649,10.246552331262,593.746508058514,1.32873086427404,5.92991151832093,65.3031847897167,0.0296958571676695,7.36531407140826,0.980386811602115,1
"11467","PmetTSAr1.1-015423",52.7840345679488,34.0315793205092,237.937224748593,74.7971843302719,158.859141145477,91.5128044181931,38.21964172939,39.5442345692389,-0.284030953869079,6.5076533951103,0.641404733304117,1
"11468","PmetTSAr1.1-015424",3.95655455023807,5.71159373211343,8.55855279799194,8.02249446091058,4.07797932805259,5.39973606545409,1.76011507964296,5.54808158594906,-0.647753437371031,2.44170804133419,0.0882467173422009,1
"11469","PmetTSAr1.1-015426",28.8199030307114,15.1119250828834,33.8559326152609,48.2143974036903,81.4139444421928,19.7896086168474,10.6654592325984,16.4744055256242,0.0257520918699074,4.9927790919264,0.961338691634296,1
"11470","PmetTSAr1.1-015427",3.23718099564933,3.48050243050662,3.83007058915661,11.3585812664377,3.64105297147553,5.42800693490673,3.2268776460121,4.16106118946179,-0.41914355934029,2.28300166119275,0.303483908722692,1
"11471","PmetTSAr1.1-015428",35.1593824805246,54.1114010349704,28.2763236088352,34.4199432316295,40.2700458645193,31.889540742577,54.5426137179837,40.5632699625765,0.138094178525603,5.32099318749402,0.675729049409898,1
"11472","PmetTSAr1.1-015429",3.68678946726729,2.5880659098639,4.20834916586344,4.60697701715657,3.16771608518371,4.35371389570644,4.37933394815927,3.05710618001275,-0.00867108735872056,1.93306391813693,0.975014921660806,1
"11473","PmetTSAr1.1-015430",5.35034081225375,4.84890509549213,4.77576703092368,3.97153191134187,5.35234786806902,5.25838171819089,5.99277277116532,4.41582003779619,0.153179800329339,2.33837480246084,0.593793476319507,1
"11474","PmetTSAr1.1-015431",20.1424595284847,24.0660381733321,24.3516833755019,28.0390152940736,27.7812341723583,30.6456224866609,31.8916089430546,27.2308902330765,0.282760136034672,4.74612710991469,0.324587917881408,1
"11475","PmetTSAr1.1-015433",8.54256096074128,5.02739239962067,12.0576296325301,16.3891883541374,12.4524011624463,11.8454943006558,3.87644392540414,5.29332273761466,-0.330426068596666,3.2462819493838,0.444452164338548,1
"11476","PmetTSAr1.1-015434",41.1391751530435,36.054435433966,77.1688296481925,40.6684867721408,52.3583417298181,37.8829650665365,26.0245586775781,34.9585752992198,-0.366892063785886,5.43716646097015,0.302062262920406,1
"11477","PmetTSAr1.1-015436",7.37357893453458,11.0662128559698,6.95086884698793,11.1202893517572,7.39133753209532,8.17028127181273,11.1683492553536,9.70914277541085,-0.00481178616077176,3.20006369445666,0.993193225466901,1
"11478","PmetTSAr1.1-015438",25.0431918691205,18.1164613690473,30.8297040016063,82.6343406353198,59.8225003213429,78.5647462088843,34.196521547349,26.4100006106657,0.344694977627542,5.47650329225989,0.465003338234224,1
"11479","PmetTSAr1.1-015439",78.4566782973344,67.4384530765684,41.3269345052207,71.6729125600163,71.6195119489236,68.6699419004606,69.9855281667559,79.0318560610702,0.160083008607696,6.09995256750815,0.678612246812453,1
"11480","PmetTSAr1.1-015440",6.15963606116608,5.32487123983491,3.16808307991967,6.0102516258307,6.69953746751497,4.63642259023283,4.63077895953684,5.6046946633567,0.05649714518503,2.41746528333633,0.849309571731755,1
"11481","PmetTSAr1.1-015441",17.1750436158062,15.7663785313548,28.6546021855421,31.1897639437382,15.9114014853481,16.7928964548677,7.45953533753446,15.5402897483981,-0.737099162640563,4.21821369035593,0.0365738386421531,1
"11482","PmetTSAr1.1-015444",6.11467521400429,6.57428236873473,9.03140101887547,8.76384708436106,7.5733901806691,8.76396953031815,8.42340788114846,7.02002159854779,0.0603635995698525,2.97198307302614,0.841419889024187,1
"11483","PmetTSAr1.1-015446",40.5097232927784,57.4431640453699,31.3971218666665,38.3385213841535,41.2531301668177,31.3241233535242,62.1069178102588,41.9502903590638,0.0748741339110447,5.42995347900161,0.824619905859231,1
"11484","PmetTSAr1.1-015447",26.1222522010036,28.6769601966528,19.4813467004015,17.9513242392653,28.3638026477944,23.1538420817115,23.3215248052692,21.2582105665701,0.058930355757335,4.56081157278897,0.843943931627067,1
"11485","PmetTSAr1.1-015448",21.2664807075296,24.0362902893107,18.204656504016,18.0307548774921,22.5745284231483,26.800784241102,27.4075062401547,26.2967744558504,0.338232244481691,4.53259671454682,0.235652157239002,1
"11486","PmetTSAr1.1-015449",9.21697366816823,8.09142445382735,19.6704859887549,25.1000816796806,20.535538759122,17.4148555828257,5.51083649935832,6.39727774706371,-0.317898863400513,3.81209564352315,0.49621858679201,1
"11487","PmetTSAr1.1-015450",46.5344768124591,42.3312389624865,18.6775047248995,42.3630070543133,39.723887918798,33.5292511708301,38.2825029822344,42.6296472879555,0.0399030643219714,5.25079184721977,0.906416160288079,1
"11488","PmetTSAr1.1-015452",2.29300320525161,1.4873942010712,4.06649469959838,2.43587290562301,2.4395054908886,1.97896086168474,1.65534632490231,1.92484463185988,-0.354583638379657,1.22215958452517,0.264696908425871,1
"11489","PmetTSAr1.1-015453",2.24804235808981,1.63613362117833,3.26265272409637,2.11815035271566,2.51232655031811,1.80933564496891,1.7182075777467,1.78331193834077,-0.237371687222269,1.12869759615898,0.419051271945124,1
"11490","PmetTSAr1.1-015454",3.5519069257819,3.86722492278513,2.69523485903613,3.99800879075082,4.29644250634112,5.31492345709617,2.55635761567192,3.45339772186625,0.137561710824568,1.91840889666713,0.644439917557018,1
"11491","PmetTSAr1.1-015455",2.83253337119316,3.86722492278513,2.74251968112449,3.78619375547925,4.66054780348867,4.09927607063268,2.45158886093127,2.3494427124172,0.0230139524469791,1.77004568837127,0.928945130772988,1
"11492","PmetTSAr1.1-015456",1.84339473363365,2.43932648975678,3.07351343574296,2.25053474976039,2.98566343660993,2.34648216456905,2.11632884576118,1.92484463185988,-0.0385566831403289,1.2808697801433,0.902304256987795,1
"11493","PmetTSAr1.1-015458",2.20308151092802,1.4873942010712,1.79682323935742,1.50918212630991,1.49283171830497,1.69625216715835,2.13728259670931,1.38702039648726,-0.036852109519658,0.826262593239101,0.864769633832841,1
"11494","PmetTSAr1.1-015459",21.3114415546914,22.4596524361752,29.0801655843372,23.9615758650959,25.1960865626106,23.7758012096696,23.0491260429436,24.0605578982485,-0.0107333239279511,4.59519415921346,0.970617006168027,1
"11495","PmetTSAr1.1-015460",41.9484704019559,41.5577939779295,34.1869263698794,39.7417959928276,61.6430268070807,33.8402307348091,28.1199337723911,47.1870000192708,0.11684605948552,5.36057895258303,0.723912982434638,1
"11496","PmetTSAr1.1-015464",16.2308658254084,14.7549504746264,24.3516833755019,17.9248473598563,18.1324437979481,17.9802729718785,18.94219085711,15.8516616741402,-0.0460957250696045,4.17619944338824,0.876226636921928,1
"11497","PmetTSAr1.1-015465",15.4665314236579,16.1828489076547,20.0487645654618,12.9471940309745,18.0232122088039,9.83826256951844,9.80635544372507,11.747213562086,-0.38810985556552,3.83857221339431,0.219770672428526,1
"11498","PmetTSAr1.1-015466",18.5688298778218,15.7663785313548,310.377572187951,239.11269794219,138.869760332077,138.046655537237,13.3475393539591,22.8999898113918,-0.898655305951081,6.80944094753342,0.294414908297318,1
"11499","PmetTSAr1.1-015467",34.4849697730977,37.036115606673,32.2482486642569,27.0858476353516,35.6094980610307,33.7271472569986,33.0859727470981,34.5056706799587,0.0655230350958895,5.06752971455677,0.822248239324238,1
"11500","PmetTSAr1.1-015468",2.29300320525161,2.26083918562823,1.79682323935742,3.23017928789139,1.85693701545252,1.92241912277947,2.61921886851631,2.43436232852867,-0.123361348080716,1.24444503954457,0.681851600105117,1
"11501","PmetTSAr1.1-015469",18.52386903066,22.6678876243252,28.0398994983935,41.1185937220928,16.8580752579317,22.4470703453955,34.3222440530378,27.4856490814109,-0.126161266042588,4.72811979019508,0.712307316689141,1
"11502","PmetTSAr1.1-015471",28.4152554062552,5.89008103624197,150.980436928112,47.2612297449683,129.621485784529,48.7672498058026,0.942918792665873,3.36847810575478,-0.348069027862806,5.69832419045876,0.72666305210399,1
"11503","PmetTSAr1.1-015473",16.9052785328354,15.7366306473333,19.5286315224899,11.6498269399362,17.404233203653,11.5345147366768,12.7608343274115,14.0683497357994,-0.193827243003915,3.90689006726235,0.520764099682584,1
"11504","PmetTSAr1.1-015476",17.6246520874241,15.5283954591834,13.7598832277108,19.9900439537541,12.7800959298791,14.2485182041302,17.9154570606516,15.9082747515478,-0.136740967351433,4.00309591225798,0.641562126274568,1
"11505","PmetTSAr1.1-015477",4.00151539739986,3.39125877844235,7.2818626016064,3.1772255290735,3.38617926347224,2.96844129252712,3.47832265738966,4.13275465075797,-0.34494709775827,2.00903152216156,0.276889891206757,1
"11506","PmetTSAr1.1-015479",13.3983324542153,13.6542787658337,16.9752511297188,13.4502547397445,11.4693168601479,11.1952643032451,9.55491043234751,13.2191535746847,-0.33874689325788,3.69141294913182,0.239616131938092,1
"11507","PmetTSAr1.1-015480",64.4738548300158,55.8962740762559,64.4964973285138,46.3345389656551,68.1241010963071,47.8343111138655,46.5173271048497,51.7160462118823,-0.110179356033979,5.80030921534747,0.743061771331016,1
"11508","PmetTSAr1.1-015481",93.9232097209923,76.5115577031028,641.891459849395,86.1557655967096,103.44231491962,94.1137244078359,38.2405954803382,156.365319799911,-1.1959521187601,7.33398862989656,0.0759145861454404,1
"11509","PmetTSAr1.1-015482",14.9270012577163,17.818982528833,17.6372386389558,18.3484774303994,21.5186230614204,13.9375386401511,16.8049082604007,14.606173971172,-0.0407175400101581,4.08834237005245,0.892497128985748,1
"11510","PmetTSAr1.1-015483",14.1626668559658,21.180493423254,19.4813467004015,23.0613619651918,12.6344538110201,17.3300429744678,23.6986923223356,18.9087678541529,-0.101863139523092,4.23849303803902,0.743614711179978,1
"11511","PmetTSAr1.1-015484",16.1859049782466,17.6404952247045,24.2098289092369,11.5174425428914,20.4627176996925,13.9940803790564,16.532509498075,13.1625404972771,-0.115594107120038,4.06737656136848,0.71742490258722,1
"11512","PmetTSAr1.1-015485",5.21545827076836,3.4507545464852,1.93867770562248,22.0552405476519,7.31851647266581,12.8915164704035,1.94869883817614,3.62323695408918,-0.344689437339035,2.8840737790502,0.594403232399501,1
"11513","PmetTSAr1.1-015486",32.5516533451405,41.6172897459723,20.4270431421686,30.5013650791056,24.1401812008827,25.9526581575228,52.7615448873926,38.0722945566402,0.171888390128201,5.05861972112553,0.622342710493772,1
"11514","PmetTSAr1.1-015487",7.95806994763793,5.38436700787776,46.9538283337348,21.6845642359266,15.5108856584857,14.1637055957722,6.16040277875037,7.41631314040129,-0.92226687898802,3.97138401756463,0.0884096140941327,1
"11515","PmetTSAr1.1-015488",45.230612244767,47.7453538543857,38.1588514253011,39.7947497516455,43.6926356577063,40.7100520118004,46.3077895953684,46.7624019387135,0.0541590715995097,5.44669917586253,0.857176149568426,1
"11516","PmetTSAr1.1-015489",5.62010589522453,6.00907257232767,5.95788758313251,4.05096254956871,4.51490568462965,2.65746172854809,3.01734013653079,5.46316196983759,-0.46734837799045,2.23649957070964,0.142430192843507,1
"11517","PmetTSAr1.1-015490",23.1098754411633,26.1186421708104,23.8788351546184,28.7274141587062,24.7591602060336,21.627215131269,18.5440695890955,22.701844040465,-0.217663503521086,4.5694542852023,0.445079092732803,1
"11518","PmetTSAr1.1-015491",6.74412707426943,5.29512335581349,1.79682323935742,4.1039163083866,3.8231056200493,4.46679737351699,5.61560525409897,6.0009862052102,0.149979468412135,2.26256097975697,0.684261522633558,1
"11519","PmetTSAr1.1-015493",17.1750436158062,17.6404952247045,13.9017376939759,28.4361684852078,20.4263071699777,16.6515421076045,17.4544745397927,17.9746520769268,-0.0915378948069516,4.23069783297624,0.770591653220222,1
"11520","PmetTSAr1.1-015494",145.403379721249,165.725461883354,49.6963480148593,111.494139191071,150.375487721939,94.1985370161938,276.924772530493,167.150111046067,0.543955120916445,7.18189065590518,0.267401158278261,1
"11521","PmetTSAr1.1-015495",35.5640301049808,38.7019971118727,48.1359488859436,48.346781800735,38.2674667302078,48.4279993723709,46.9364021238123,39.7989934175733,0.0225596760795062,5.42915428777476,0.941948280270652,1
"11522","PmetTSAr1.1-015496",8.27279587777051,5.65209796407058,46.9538283337348,12.0999338898882,10.0857167309872,8.14201040236009,4.21170394057423,5.68961427946816,-1.3746498784551,3.66174354982522,0.0109568957280569,1
"11523","PmetTSAr1.1-015497",35.968677729437,57.8893823056913,20.4270431421686,25.9473418207669,28.0725184100763,39.2682376697159,42.0332244019498,37.5344703212676,0.0668176278935612,5.16844164214654,0.851821740911038,1
"11524","PmetTSAr1.1-015498",79.6256603235411,75.4703817623529,103.459190729317,75.3002450390419,91.9729980594718,78.8191840339581,65.8785929809223,76.4276545003186,-0.0925701879925213,6.33848869194919,0.809581524622325,1
"11525","PmetTSAr1.1-015499",13.8029800786714,20.7937709309754,6.85629920281122,15.3036362983707,11.4329063304332,9.58382474444469,18.7536070985768,16.8706970674777,-0.0040934096458055,3.83273707108617,0.994149371770517,1
"11526","PmetTSAr1.1-015500",16.4107092140556,27.5167927198173,8.32212868755017,17.5276941687221,14.6734434750464,13.6265590761721,22.8605422844104,21.0317582569395,0.0479771527826249,4.15545692595917,0.894901488066264,1
"11527","PmetTSAr1.1-015503",1.66355134498646,1.51714208509263,2.36424110441766,2.91245673498404,2.73078972860665,2.62919085909545,3.2268776460121,2.77404079297453,0.422034964342968,1.34810718686075,0.138253335920472,1
"11528","PmetTSAr1.1-015505",87.0891609523993,76.1248352108243,93.1038146919675,95.0519970781154,95.0314825555113,75.8790136108836,58.9009939151948,67.8790798117645,-0.239275602081516,6.34318394880807,0.535704885290543,1
"11529","PmetTSAr1.1-015508",70.813334279829,74.6671888937745,89.2264592807226,83.057970705863,81.1954812639043,72.1472588431352,69.7131294044302,81.7775903153409,-0.0599645277311785,6.28325723052551,0.873442986261287,1
"11530","PmetTSAr1.1-015512",7.77822655899075,9.37058346674859,10.7336546140562,11.9410726134346,10.7411062658528,8.84878213867607,9.01011290769612,9.02978584651913,-0.0835733001174411,3.2844102231325,0.779198704245903,1
"11531","PmetTSAr1.1-015513",3.37206353713472,2.3500828376925,1.84410806144578,2.40939602621407,2.54873708003287,1.49835608098988,1.38294756257661,1.64177924482166,-0.506206394651021,1.12640698294789,0.093844930639518,1
"11532","PmetTSAr1.1-015514",20.7269505415881,21.0020061191254,13.2397501847389,18.7985843803515,21.9191388882827,21.938194695248,16.9515845170376,19.4182855508217,0.119942806771854,4.27149573659615,0.683835444922704,1
"11533","PmetTSAr1.1-015515",29.1795898080058,10.8877255518412,111.592180128514,40.2978104604155,56.9460684738772,22.3622577370376,7.06141406951998,8.52026814985034,-1.01663789261532,5.16488314746799,0.119850487577013,1
"11534","PmetTSAr1.1-015516",27.4710776158575,17.7594867607902,58.6804642116464,39.0269202487861,36.6289928930438,36.0170876826623,20.3460921706347,18.0312651543344,-0.364370024881929,4.9905543473943,0.352363034387681,1
"11535","PmetTSAr1.1-015518",1.97827727511903,2.79630109801387,2.26967146024096,2.67416482030353,2.4395054908886,3.22287911760087,3.75072141971536,2.17960348019427,0.251851432391747,1.45110898808923,0.373402656504983,1
"11536","PmetTSAr1.1-015519",17.9393780175567,20.4367963227184,11.5374965895582,12.4706102016135,16.8580752579317,13.9940803790564,18.3135783286661,17.2386820706274,0.0898157103110269,4.01462015933886,0.770469978366949,1
"11537","PmetTSAr1.1-015520",10.7906033188311,8.59713848219156,7.84928046666664,14.0856998455592,12.197527454443,10.9408264781714,7.81574910365268,8.32212237892358,-0.0763587669161757,3.34152388549826,0.813960622020119,1
"11538","PmetTSAr1.1-015522",3.73175031442909,4.64066990734216,2.08053217188754,6.77808112869012,3.16771608518371,3.76002563720101,4.02312018204106,3.11371925742039,-0.30076652523518,1.99420522630335,0.385339661954888,1
"11539","PmetTSAr1.1-015524",15.0618837992017,21.4482243794468,6.99815366907628,13.9797923279234,8.77493766125602,12.2412864729928,25.7312061643043,19.2767528573026,0.199473110668702,3.95579827963126,0.614842379650781,1
"11540","PmetTSAr1.1-015525",3.95655455023807,4.8191572114707,3.87735541124497,6.11615914346648,4.66054780348867,5.71071562943312,7.54335034132698,4.92533773446498,0.280264833556095,2.39897120826482,0.353466302801069,1
"11541","PmetTSAr1.1-015526",6.51932283846045,8.35915541002017,6.52530544819275,13.7679772926518,7.60980071038385,10.0927003945922,9.70158668898442,9.39777084966881,0.0618418398427695,3.18101719774959,0.847102914305215,1
"11542","PmetTSAr1.1-015527",12.5440763581411,12.4643634049767,14.1381618044176,11.9940263722524,8.9569903098298,10.2057838724028,10.602597979754,14.7477066646911,-0.199094363425081,3.58679552864212,0.498672788702832,1
"11543","PmetTSAr1.1-015529",10.2960340000513,13.0295732013838,15.131143068273,11.5174425428914,10.5226430875643,11.7324108228453,11.7969617837975,15.2289178226561,-0.0193995131573132,3.64011987573697,0.948760236401945,1
"11544","PmetTSAr1.1-015530",16.545591755541,19.4253682659899,12.4831930313253,14.4298992778755,15.9842225447776,16.4253751519834,21.4985484727819,19.3899790121179,0.220886364525544,4.09516283622501,0.457244283334118,1
"11545","PmetTSAr1.1-015531",12.6339980524647,14.5467152864764,10.8755090803212,11.8881188546167,13.9452328807513,12.6088077758771,15.1914694373946,14.7760132033949,0.17793655207389,3.74133945071999,0.533413843809475,1
"11546","PmetTSAr1.1-015532",12.2743112751704,16.0341094875476,11.4902117674698,10.9879049547125,13.2170222864562,12.4391825591612,15.568636954461,14.0400431970956,0.121697732451326,3.73572253082838,0.677389092135555,1
"11547","PmetTSAr1.1-015533",7.73326571182895,11.0662128559698,7.9911349329317,8.12840197854636,10.6682852064233,8.67915692196024,8.52817663588911,8.35042891762741,0.050563349215847,3.16285144592393,0.862520375492112,1
"11548","PmetTSAr1.1-015534",24.7734267861497,32.4251935833523,20.9471761851405,29.0716135910225,23.0842758391548,21.4010481756479,29.3562050783308,25.9004829139969,-0.104765371735545,4.69693163118362,0.72474332499816,1
"11549","PmetTSAr1.1-015535",42.9825698866772,31.0567909183668,64.3546428622488,38.4973826606072,56.1814473498674,47.2406228553601,27.0303387230883,28.900976016602,-0.15050900558701,5.39497946849184,0.674504463001189,1
"11550","PmetTSAr1.1-015537",8.09295248912332,7.82369349763454,4.91762149718874,10.5113211253515,7.68262176981336,9.35765778882358,7.33381283184568,8.91655969170384,0.0831812865575675,3.02640561557798,0.788303113846687,1
"11551","PmetTSAr1.1-015538",24.1439749258846,10.8282297837984,10.6863697919678,8.76384708436106,9.32109560697735,12.6088077758771,24.6835186168977,12.3699574135701,0.119046959496738,3.83166621718306,0.766536602363216,1
"11552","PmetTSAr1.1-015539",66.4970929522966,50.0656888080568,50.9730382112448,65.7420915724124,57.2009421818805,62.0828293179957,49.450852237588,60.6042993648823,-0.0246527375990964,5.85518632972346,0.942117920314141,1
"11553","PmetTSAr1.1-015540",10.2960340000513,15.3499081550548,4.16106434377508,9.58463034603838,10.1585377904167,9.04667822484454,15.5267294525647,13.0776208811656,0.277516394448033,3.45621745009534,0.454145565668378,1
"11554","PmetTSAr1.1-015541",9.89138637559517,8.65663425023441,5.81603311686745,17.8983704804474,6.51748481894119,6.78500866863341,10.3092454664802,6.96340852114014,-0.468465108141122,3.19779211883019,0.193339614153445,1
"11555","PmetTSAr1.1-015542",18.2990647948511,4.55142625527789,2.97894379156625,2.62121106148563,12.8529169893086,4.91913128475922,2.26300510239809,4.61396580872294,-0.206766795685417,2.73776162280525,0.727455182725897,1
"11556","PmetTSAr1.1-015545",71.3079035986088,72.6145848962962,34.3287808361444,132.410873924138,62.6989321688086,104.715300452576,69.5454993968451,66.2373005669428,-0.0353907704278138,6.26315895062755,0.937864340851259,1
"11557","PmetTSAr1.1-015547",20.6370288472645,25.1667098821248,13.7598832277108,23.9086221062781,21.1181072345581,19.591712530679,24.8301948735346,27.3724229265956,0.153489620558161,4.46715500279153,0.615464275774572,1
"11558","PmetTSAr1.1-015548",4.27128048037064,3.71848550267801,3.45179201244979,3.4684712025719,3.45900032290175,3.22287911760087,3.60404516307845,4.10444811205415,-0.0489736635849615,1.89634275851769,0.858921376584154,1
"11559","PmetTSAr1.1-015549",36.3283645067313,35.6974608257089,43.2183273887549,38.3914751429714,26.9073814592041,29.7692255336291,33.232649003735,28.6745237069714,-0.37315386922687,5.09104806148267,0.197918849627004,1
"11560","PmetTSAr1.1-015550",9.93634722275697,7.22873581720606,11.1592180128514,12.6559483574761,9.46673772583637,5.54109041271728,5.80418901263215,4.04783503464651,-0.723204977871039,3.04967559703503,0.0314618909510161,1
"11561","PmetTSAr1.1-015551",5.9348318253571,6.45529083264903,7.09272331325299,23.2731770004634,6.11696899207889,13.0611416871193,5.4270214955658,8.83164007559238,-0.357574281045493,3.26273363170021,0.427025116447487,1
"11562","PmetTSAr1.1-015553",66.4521321051348,73.5665171849818,93.3875236244976,81.6282192177799,70.8913013546285,62.139371056901,69.4826381440007,94.2324673450225,-0.086256587405951,6.25799326573743,0.822374647612624,1
"11563","PmetTSAr1.1-015554",29.1795898080058,28.6472123126314,45.9608470698793,46.3345389656551,37.3207929576241,45.3464746020333,50.1632797698244,33.9112333671784,0.151646937989681,5.31010458369857,0.639460633415286,1
"11564","PmetTSAr1.1-015556",1.43874710917748,1.4873942010712,1.89139288353413,1.11202893517572,1.3836001291607,1.3004599948214,1.34104006068035,1.13226154815287,-0.184645668320668,0.527210363755198,0.491632634793276,1
"11565","PmetTSAr1.1-015557",198.99670953811,245.479538944792,28.0871843204818,93.3309999165339,179.066985137166,106.04403131685,376.999887058764,227.046746943354,0.651872715725262,7.5074971162822,0.272865597958373,1
"11566","PmetTSAr1.1-015558",41.4539010831761,40.9330884134796,38.2534210694778,33.0166686229554,43.8018672468506,35.9322750743044,41.257935616869,33.5432483640287,0.00833319764584614,5.26991255852829,0.978714736295093,1
"11567","PmetTSAr1.1-015559",90.1015377122396,93.2596164071645,74.6154492554214,68.3103488750802,76.2800597524123,94.650870927436,109.001412432175,97.4027996798505,0.209787110026698,6.45973652131104,0.589441952537194,1
"11568","PmetTSAr1.1-015560",6.42940114413686,5.50335854396346,2.03324734979919,11.1467662311662,4.07797932805259,3.76002563720101,2.87066387989388,6.53881044058282,-0.547363619515857,2.42325841220056,0.201498905029233,1
"11569","PmetTSAr1.1-015561",7.73326571182895,6.45529083264903,4.63391256465862,7.04284992277958,6.04414793264938,6.10650780177007,4.16979643867797,5.03856388928027,-0.279583192823592,2.57568448373562,0.356633966596733,1
"11570","PmetTSAr1.1-015563",56.9653933539958,50.4226634163138,70.3125304453813,59.8377474642175,65.757416664848,71.6101123235351,80.5043111427174,49.7345885026148,0.172143178592165,5.9819835588471,0.63061095920074,1
"11571","PmetTSAr1.1-015566",3.91159370307627,5.77108950015627,2.08053217188754,3.60085559961663,3.71387403090504,2.65746172854809,5.25939148798076,4.72719196353823,0.0864205483448836,2.01303810660675,0.806261054633912,1
"11572","PmetTSAr1.1-015567",4.00151539739986,4.25394741506365,2.83708932530119,3.36256368493612,3.02207396632469,3.27942085650615,4.42124145005554,4.9536442731688,0.117853119534089,1.93849923058225,0.689192047941319,1
"11573","PmetTSAr1.1-015569",5.53018420090094,6.84201332492754,3.02622861365461,7.20171119923326,6.33543217036742,5.93688258505423,7.54335034132698,6.02929274391403,0.188286692808951,2.61542380687967,0.556241258177233,1
"11574","PmetTSAr1.1-015571",34.1702438429651,37.0063677226516,40.286668419277,39.1328277664219,39.7602984485128,34.7166276878409,36.5852491554359,33.5715549027326,-0.058399535377471,5.20805285709162,0.841830984838895,1
"11575","PmetTSAr1.1-015573",10.4309165415367,4.31344318310649,5.8633179389558,8.76384708436106,8.11954812639043,7.15252997151772,5.51083649935832,5.01025735057644,-0.187945707550147,2.79705968870157,0.582656564393735,1
"11576","PmetTSAr1.1-015575",13.7580192315096,13.8625139539836,17.3062448843373,15.3830669365975,15.0011382424792,14.6725812459197,17.2449370303114,12.3982639522739,-0.0232325869600093,3.90827309294474,0.936131359251978,1
"11577","PmetTSAr1.1-015577",42.577922262221,49.173252287414,48.0886640638552,56.9517676086424,45.1854673760113,54.1669858712567,64.0346628974868,54.942991624118,0.149790748953913,5.6992862758073,0.642342543209183,1
"11578","PmetTSAr1.1-015579",53.0987604980813,58.8710624783983,82.6065841883531,67.7013806486744,60.2958372076347,58.1531784640788,54.1863999518655,54.773152391895,-0.205767694342024,5.9370531422445,0.553351336861011,1
"11579","PmetTSAr1.1-015581",16.0510224367613,7.13949216514178,42.1780613028111,46.5198771215178,28.8007290043714,31.267581614619,2.4725426118794,9.48269046578027,-0.636003440499606,4.52576643939574,0.315197589652499,1
"11580","PmetTSAr1.1-015582",43.1624132753244,37.2146029108015,48.5142274626504,33.6521137287701,41.1074880479587,36.045358552115,45.8887145764058,36.6569676214491,-0.0248911464672479,5.33405146666132,0.934708292262774,1
"11581","PmetTSAr1.1-015583",14.2076277031276,16.8967981241689,17.1643904180722,50.0942558417255,12.8529169893086,26.2919085909545,11.5036092705236,25.8155632978854,-0.36456149926561,4.45458132059477,0.398323857988864,1
"11582","PmetTSAr1.1-015584",13.5332149957007,12.7023464771481,9.07868584096382,13.3708241015176,12.2339379841578,7.97238518564425,12.7817880783596,13.1342339585733,-0.0789044022258953,3.57465594962296,0.798828476196928,1
"11583","PmetTSAr1.1-015586",22.9749928996779,19.1873851938185,37.9224273148593,54.5688484618373,33.2428136295716,40.512155925632,32.1849614563285,25.8438698365892,-0.0315006724341135,5.06047254999065,0.931394199970746,1
"11584","PmetTSAr1.1-015587",24.0990140787228,24.898978925932,34.4706353024095,18.6132462244889,22.465296834004,14.1919764652249,20.073693408309,19.9844163248981,-0.411322083162157,4.48537750520325,0.183545534313491,1
"11585","PmetTSAr1.1-015590",50.7158355985061,52.6240068338992,31.6808307991967,58.3550422173165,38.8864457353586,40.3425307089161,46.1401595877834,44.5544919198154,-0.186845578851468,5.50712073874572,0.560026181573007,1
"11586","PmetTSAr1.1-015591",82.5031545418961,67.5574446126541,60.6191419172688,84.5671528321729,72.4933646620777,79.6955809869899,65.8576392299742,74.4745033297549,-0.0134706223694683,6.20032599031268,0.971820359021811,1
"11587","PmetTSAr1.1-015592",39.2957804194099,37.2740986788444,29.0801655843372,38.0207988312462,60.8419951533561,26.9138677189125,18.9212371061618,37.8175357083058,0.00736542065320485,5.1729547657388,0.983608367759543,1
"11588","PmetTSAr1.1-015594",12.139428733685,7.79394561361311,11.5374965895582,39.1063508870129,12.343169573302,17.1321468882994,3.31069264980462,10.8130977848599,-0.696799496329043,3.84180306871243,0.17167581032946,1
"11589","PmetTSAr1.1-015596",115.054807887037,144.515220576078,106.627273809237,100.135557924633,119.280895345538,108.984201739924,120.48406795175,116.141728301781,-0.00449238818798078,6.86375866925623,0.991124415711212,1
"11590","PmetTSAr1.1-015597",13.4882541485389,16.3315883277618,19.7650556329317,28.9657060733867,15.4380645990562,34.009855951525,31.6611176826252,23.6076532789873,0.414318527535062,4.52257776643621,0.230416726317445,1
"11591","PmetTSAr1.1-015599",3.14725930132574,4.10520799495653,3.40450719036143,4.26277758484027,2.80361078803616,3.22287911760087,3.28973889885649,3.45339772186625,-0.228460327104566,1.8177128325525,0.402956808926403,1
"11592","PmetTSAr1.1-015600",12.7688805939501,13.9815054900693,18.9139288353413,140.036215193914,15.62011724763,107.853366961819,17.8945033097034,21.4846628762007,-0.18981245730284,5.4481344110943,0.796166707356964,1
"11593","PmetTSAr1.1-015602",7.86814825331434,5.20587970374922,13.7125984056224,8.4990782902716,12.7800959298791,5.6259030210752,3.10115514032331,3.82138272501593,-0.480028329130761,2.92895056076923,0.27136617360657,1
"11594","PmetTSAr1.1-015603",5.57514504806273,5.71159373211343,4.68119738674697,12.5235639604314,3.60464244176077,5.73898649888576,5.72037400883963,5.68961427946816,-0.459998152120878,2.63846291301374,0.198417134788049,1
"11595","PmetTSAr1.1-015604",37.0926989084819,10.7984818997769,11.6320662337349,8.57850892849844,42.4910881771194,11.0539099559819,12.2998518065526,10.8697108622675,0.172016334858012,4.18118896810528,0.739294675210236,1
"11596","PmetTSAr1.1-015606",1.84339473363365,2.02285611345684,2.03324734979919,1.98576595567094,1.67488436687874,1.61143955880043,1.38294756257661,1.27379424167198,-0.414042269247736,0.836324133660976,0.120838100483569,1
"11597","PmetTSAr1.1-015607",15.8711790481141,14.5764631704978,11.915775166265,16.5745265100001,26.2155813946238,11.4779729977715,7.64811909606763,14.4929478163567,0.0193986888392606,3.89739263792528,0.956413594114425,1
"11598","PmetTSAr1.1-015609",8.04799164196152,11.2149522760769,11.3956421232931,15.8861276453675,11.7241905681512,10.4884925669291,12.048406795175,11.0678566331943,-0.0403164104885518,3.52995363412819,0.898984554247977,1
"11599","PmetTSAr1.1-015610",10.3859556943749,8.83512155436296,31.1134129341364,24.1469140209586,27.526360464355,12.3543699508033,6.41184779012793,6.62373005669428,-0.494205088620596,3.99701124677154,0.315626315545869,1
"11600","PmetTSAr1.1-015611",27.6958818516665,22.162173595961,50.8311837449797,42.8660677630833,35.7187296501749,34.4621898627672,11.398840515783,18.3709436187803,-0.522752114859573,4.93001864695264,0.191198125434177,1
"11601","PmetTSAr1.1-015612",36.5981295897021,34.0315793205092,6.24159651566263,59.3346867554475,22.3924757745745,38.7310911501157,7.85765660554894,63.6897120835989,-0.0385529321013239,5.07392388047301,0.948149044617794,1
"11602","PmetTSAr1.1-015613",5.35034081225375,4.37293895114934,3.78278576706826,6.5927429728275,4.95183204120672,5.31492345709617,5.00794647660319,4.50073965390765,-0.0271456054040284,2.33608899942908,0.937026293924647,1
"11603","PmetTSAr1.1-015614",33.8105570656708,34.9835116091947,24.1625440871485,30.0247812497445,29.4197080095223,26.6877007632914,25.6683449114599,39.4593149531275,-0.0210406554019947,4.93495935562041,0.946066443642521,1
"11604","PmetTSAr1.1-015616",33.8105570656708,17.4322600365545,137.220553700401,54.8600941353357,64.0461217682545,30.6738933561135,9.42918792665873,10.954630478379,-1.08010320504502,5.48623028400249,0.0820376190570752,1
"11605","PmetTSAr1.1-015617",14.9719621048781,13.8030181859408,9.45696441767065,17.8189398422205,18.3509069762367,7.32215518823355,5.32225274082515,14.4080282002453,-0.306834216605239,3.67108185100628,0.431862648058135,1
"11606","PmetTSAr1.1-015618",13.7580192315096,13.4460435776837,19.81234045502,21.9493330300161,17.404233203653,17.4148555828257,13.0751405916334,14.9741589743217,-0.134384994405144,4.04776915649102,0.66093160807835,1
"11607","PmetTSAr1.1-015619",38.0818375460414,45.6332540888646,77.1688296481925,46.9435071920609,50.6470468332246,39.9467385365792,37.9681967180125,41.440772662395,-0.289682441473845,5.56316306802641,0.390540798228109,1
"11608","PmetTSAr1.1-015620",8.18287418344691,6.69327390482042,12.9087564301204,12.7883327545208,11.9426537464397,12.3543699508033,13.5151693615442,9.42607738837263,0.220017610399605,3.46471205782624,0.490490186402968,1
"11609","PmetTSAr1.1-015621",35.0694607862011,34.1505708565949,26.101221792771,34.4993738698564,31.0217713169715,27.7902646719443,23.5939235675949,38.2421337888631,-0.106266000273851,4.97128923314196,0.725357767624131,1
"11610","PmetTSAr1.1-015622",78.321795755849,83.5915541002017,86.3893699554214,102.094847000895,83.5621656953633,130.639687740646,128.383632059196,93.3266581065002,0.315037303674784,6.61998298006915,0.428247859502649,1
"11611","PmetTSAr1.1-015627",30.0338459040799,21.8349468717253,25.7229432160642,35.0024345786263,26.9437919889189,32.5114998705351,16.9725382679857,25.9570959914045,-0.137718359021103,4.7511933471229,0.662885509305267,1
"11612","PmetTSAr1.1-015629",13.1285673712445,6.39579506460618,4.77576703092368,30.6072725967413,16.4575594310694,19.8178794863001,3.83453642350788,9.22793161744588,-0.156598887030976,3.7113900810214,0.775665294753816,1
"11613","PmetTSAr1.1-015631",36.3733253538931,48.7270340270927,47.9940944196785,60.7909151229396,43.3285303605588,65.7297714773861,76.5021447116245,58.7926808878377,0.333645051636764,5.77750263849911,0.3339167523189,1
"11614","PmetTSAr1.1-015632",8.63248265506487,10.5307509435841,13.523459117269,16.6539571482269,10.3770009687053,21.0052560033109,18.5440695890955,14.124962813207,0.376097389242786,3.83256388996503,0.258233928842052,1
"11615","PmetTSAr1.1-015633",11.6448594149052,5.71159373211343,44.0694541863452,31.3221483407829,33.2064030998568,18.1216273191417,4.58887145764058,4.44412657650001,-0.620230877771647,4.2611356747768,0.326377288447617,1
"11616","PmetTSAr1.1-015634",60.7421045155867,56.5209796407058,53.810127536546,74.0293548274125,61.897900515084,68.2176079892184,62.5888540820658,62.9537420772995,0.0606794297721633,5.96947070157525,0.860922257528593,1
"11617","PmetTSAr1.1-015635",23.0649145940015,24.8394831578891,17.9682323935742,20.4666277831151,20.2442545214039,18.8566699249103,17.0353995208301,23.7208794338026,-0.113207065535256,4.38095670344276,0.696659992563277,1
"11618","PmetTSAr1.1-015636",21.7160891791476,22.6678876243252,35.4163317441766,14.5358067955112,25.4145497408992,14.7856647237303,17.8316420568591,20.2108686345287,-0.269060932557819,4.434250935935,0.419156733361674,1
"11619","PmetTSAr1.1-015637",18.2091431005275,16.5398235159118,29.8367227377509,12.0205032516614,18.8242438625285,8.99013648593927,12.0693605461232,16.0498074450669,-0.452835062035359,4.05399414167469,0.199058430209034,1
"11620","PmetTSAr1.1-015638",41.1841360002053,40.1298955449011,33.4776540385541,73.0761871686904,26.0699392757648,52.188025009572,58.6285951528691,42.6013407492517,-0.0659947105779241,5.52335765155068,0.8575546723351,1
"11621","PmetTSAr1.1-015639",25.3579177992531,32.9011597276951,18.9139288353413,22.3464862211503,25.596602389473,18.0650855802364,27.7008587534285,25.5324979108472,-0.0390289172450032,4.62156153662777,0.900215175453421,1
"11622","PmetTSAr1.1-015640",5.75498843670992,4.87865297951355,7.61285635622487,10.6701824018052,5.71645316521658,7.54832214385467,3.68786016687097,4.9536442731688,-0.403673187484734,2.68070197141643,0.238498081446551,1
"11623","PmetTSAr1.1-015641",1.52866880350107,1.93361246139257,2.41152592650602,3.07131801143771,1.82052648573776,2.79881607581128,2.66112637041257,2.26452309630574,0.0894942411547342,1.25071897238831,0.758209772570279,1
"11624","PmetTSAr1.1-015642",35.4291475634954,38.5830055757871,62.2741106903612,33.0696223817733,48.9357519366311,34.2642937765987,27.302737485414,36.0059172312612,-0.208958205816558,5.30494077358991,0.533434953792037,1
"11625","PmetTSAr1.1-015643",7.77822655899075,8.09142445382735,6.52530544819275,12.4706102016135,8.99340083954455,7.74621823002314,8.25577787356342,6.76526275021339,-0.138265129694607,3.06944739043204,0.660786787524143,1
"11626","PmetTSAr1.1-015644",11.0154075546401,10.5604988276056,7.66014117831322,9.26690779313103,10.0128956715577,8.3681773579812,9.97398545131012,8.94486623040766,-0.0464034120321448,3.25358338584574,0.875777522703164,1
"11627","PmetTSAr1.1-015645",81.6488984458219,88.3214676596081,59.43702136506,57.3753976791855,70.0174486414744,61.6870371456587,71.9551807558801,65.5296370993473,-0.0913337732320571,6.12012907029553,0.810179912395902,1
"11628","PmetTSAr1.1-015646",8.49760011357949,7.13949216514178,6.99815366907628,11.9410726134346,9.94007461212819,7.32215518823355,7.64811909606763,7.18986083077072,-0.110536995695729,3.06992761117295,0.72529651506028,1
"11629","PmetTSAr1.1-015648",11.5099768734198,14.2492364462621,9.59881888393571,9.45224594899365,10.8503378549971,9.75344996116053,10.9378579949241,9.56761008189174,-0.12492958159816,3.43315672944801,0.670681473749225,1
"11630","PmetTSAr1.1-015649",29.3144723494911,22.727383392368,20.1906190317268,30.4219344408787,21.5914441208499,25.3306990295647,21.7080859822632,24.4285429013981,-0.141918820038985,4.61624906870589,0.627959501027174,1
"11631","PmetTSAr1.1-015651",4.45112386901783,3.27226724235665,7.9911349329317,4.26277758484027,5.24311627892476,4.77777693749603,4.08598143488545,4.52904619261147,-0.0948986242093587,2.28598997104752,0.767062021945066,1
"11632","PmetTSAr1.1-015652",3.01237675984035,2.14184764954254,6.76172955863451,3.09779489084666,4.04156879833783,2.62919085909545,2.82875637799762,2.68912117686306,-0.294013997325104,1.78467434817863,0.404562891007528,1
"11633","PmetTSAr1.1-015653",8.45263926641769,8.3889032940416,8.0857045771084,12.5235639604314,9.39391666640686,10.9973682170766,4.1907501896261,12.3133443361624,-0.0245450856805606,3.22576185719404,0.950716953289794,1
"11634","PmetTSAr1.1-015654",4.58600641050321,3.3317630103995,4.06649469959838,5.26889900238021,4.55131621434441,3.56212955103254,1.94869883817614,4.07614157335033,-0.29382341529964,1.99227840296977,0.361259908700561,1
"11635","PmetTSAr1.1-015655",15.9161398952759,16.1828489076547,16.9279663076305,14.7476218307828,18.8242438625285,14.7573938542777,9.70158668898442,8.66180084336944,-0.297188356249649,3.85970083288076,0.353497324296341,1
"11636","PmetTSAr1.1-015656",33.9004787599944,28.8554475007814,36.8348764068272,28.1713996911183,32.3325503867027,27.0269511967231,23.9710910846613,27.1742771556688,-0.209145593722834,4.89900585660189,0.473458151875445,1
"11637","PmetTSAr1.1-015657",21.8959325677948,25.9996506347247,21.420024406024,12.6294714780671,23.5576127254467,14.1919764652249,17.0982607736745,17.9180389995191,-0.171376602295993,4.27745756629465,0.591633739318896,1
"11638","PmetTSAr1.1-015659",10.9254858603165,14.7549504746264,10.2608063931727,13.5826391367892,12.1247063950135,10.4602216974765,11.6921930290568,11.2093893267134,-0.12464308337881,3.57783636295164,0.669648113679774,1
"11639","PmetTSAr1.1-015662",14.117706008804,18.1164613690473,27.6143360995983,18.4279080686263,17.1857700253645,18.573961230384,20.1784621630497,15.4836766709905,-0.131243617865576,4.23038077922895,0.667314963387342,1
"11640","PmetTSAr1.1-015663",4.13639793888525,5.23562758777064,11.2065028349397,5.93082098760386,4.98824257092147,3.78829650665365,5.74132775978776,4.78380504094587,-0.453417334523463,2.53032745532888,0.187057125280223,1
"11641","PmetTSAr1.1-015664",7.59838317034356,5.83058526819912,5.1540456076305,7.17523431982431,8.33801130467896,9.13149083320246,3.39450765359714,4.50073965390765,-0.0256364158622785,2.68867664096863,0.951155514774803,1
"11642","PmetTSAr1.1-015666",10.7456424716693,9.81680172706995,9.12597066305217,15.1182981425081,9.90366408241343,7.88757257728634,7.81574910365268,8.29381584021976,-0.405096465623879,3.30730216168532,0.17778053969604,1
"11643","PmetTSAr1.1-015668",9.12705197384463,14.2194885622407,10.1662367489959,11.5439194223004,11.1780326224299,11.4779729977715,13.9551981314549,10.9829370170828,0.0778587449386645,3.54217664386603,0.791097227533551,1
"11644","PmetTSAr1.1-015670",16.3657483668938,19.6038555701185,5.20133042971886,10.1406448136262,14.0544644698955,9.3011160499183,12.5722505688783,15.3704505161752,-0.00169269594497051,3.68837720088133,0.999861222253542,1
"11645","PmetTSAr1.1-015673",7.01389215724021,6.78251755688469,10.7809394361445,7.20171119923326,7.82826388867238,5.39973606545409,5.1546227332401,7.84091122095862,-0.276600517020071,2.86820307289335,0.372844778495962,1
"11646","PmetTSAr1.1-015676",13.3983324542153,15.9151179514619,16.7861118413654,16.3362345953196,18.3144964465219,16.3971042825307,15.4638681997203,17.0122297609969,0.105129423384422,4.02370640065451,0.710953337425221,1
"11647","PmetTSAr1.1-015677",13.4432933013771,22.4001566681323,7.51828671204816,11.1467662311662,10.267769379561,15.0683734182567,18.6697920947843,13.0776208811656,0.0659064542536609,3.809616411772,0.854419107664002,1
"11648","PmetTSAr1.1-015678",2.47284659389879,4.55142625527789,2.31695628232931,3.28313304670928,1.63847383716399,2.31821129511641,1.59248507205792,5.01025735057644,-0.264079375581019,1.56758244429616,0.493661321335255,1
"11649","PmetTSAr1.1-015679",15.1068446463635,15.4688996911405,14.5164403811244,17.58064792754,14.7826750641906,13.400392120551,11.6083780252643,16.2762597546975,-0.161855714896259,3.8975176155499,0.573616236274956,1
"11650","PmetTSAr1.1-015680",32.1470057206843,37.8690563592729,34.943483523293,37.2529693283867,34.3351295210142,38.3635698472314,40.9017218507507,38.4968926371975,0.0968542899537959,5.20375579702438,0.740107354858968,1
"11651","PmetTSAr1.1-015681",108.220759118444,131.039429114373,73.3387590590359,96.8524248779237,98.5633039378425,80.9677701123587,121.175541733039,128.823057641093,0.0690098902693513,6.71341875784715,0.865909148481358,1
"11652","PmetTSAr1.1-015682",23.1997971354869,31.7409922508595,22.5075753140561,31.1103333055113,22.7201705420073,29.543058578008,28.9161763084201,31.0522729580924,0.0473721727350676,4.79011999666277,0.873281531672419,1
"11653","PmetTSAr1.1-015683",37.2725422971291,32.9904033797593,23.1222780012047,48.1614436448724,49.5911414714967,48.9086041530658,46.2658820934722,45.7999796227835,0.428256676709177,5.37797791637379,0.181077969030992,1
"11654","PmetTSAr1.1-015684",6.96893131007841,6.45529083264903,10.3553760373494,11.3585812664377,6.51748481894119,15.435894721141,6.51661654486859,8.52026814985034,0.0738066581112368,3.18257981487586,0.837478569745667,1
"11655","PmetTSAr1.1-015686",65.4180326204135,82.1041598991305,59.4843061871484,62.0882822139779,58.4024896624675,95.2162883164888,92.2593654246186,77.6165291258792,0.265634260308605,6.21224204626718,0.49235587449222,1
"11656","PmetTSAr1.1-015687",4.63096725766501,7.10974428112036,4.01920987751002,6.38092793755594,5.17029521949525,4.60815172078019,7.35476658279381,5.3499358150223,0.0187233157086851,2.49798896209976,0.952382081690268,1
"11657","PmetTSAr1.1-015688",14.567314480422,16.1828489076547,16.4078332646586,22.0287636682429,15.1831908910529,19.2241912277947,25.8150211680968,16.7291643739586,0.153334926162083,4.19676938388006,0.617233183411578,1
"11658","PmetTSAr1.1-015689",9.84642552843337,16.1828489076547,5.8633179389558,10.0612141753994,9.46673772583637,11.67586908394,10.8959504930279,10.643258552637,0.0223816734493107,3.41273706837444,0.945710245270768,1
"11659","PmetTSAr1.1-015690",6.65420537994584,6.06856834037052,6.90358402489957,13.5561622573802,5.20670574921,6.72846692972813,6.80996905814241,6.6520365953981,-0.387834624060416,2.88545795602207,0.243063332153666,1
"11660","PmetTSAr1.1-015691",1.79843388647185,2.91529263409956,1.98596252771084,1.5621358851278,2.25745284231483,1.69625216715835,1.78106883059109,1.55685962871019,-0.188935820341615,1.00270240533685,0.51847912077634,1
"11661","PmetTSAr1.1-015692",5.9797926725189,4.87865297951355,4.01920987751002,2.96541049380193,5.64363210578707,2.85535781471656,2.87066387989388,2.63250809945542,-0.35193055275571,2.01050784229735,0.299016336844764,1
"11662","PmetTSAr1.1-015694",2.06819896944263,3.80772915474228,1.56039912891566,2.62121106148563,1.74770542630825,1.97896086168474,1.55057757016166,3.99122195723886,-0.129499015716176,1.31235783190391,0.737666036117981,1
"11663","PmetTSAr1.1-015695",2.29300320525161,3.56974608257089,2.17510181606425,2.25053474976039,1.56565277773448,1.83760651442155,1.84393008343548,3.67985003149682,-0.208259068382138,1.30189400946531,0.530760137520473,1
"11664","PmetTSAr1.1-015696",3.01237675984035,6.63377813677757,1.98596252771084,3.68028623784347,2.73078972860665,2.91189955362184,2.84971012894575,7.75599160484715,0.0792482033193736,2.00618485026816,0.850677314596499,1
"11665","PmetTSAr1.1-015697",7.50846147601997,7.64520619350599,8.13298939919676,23.0613619651918,7.31851647266581,14.7856647237303,7.79479535270455,9.2562381561497,-0.245846761455559,3.42769013637002,0.546547846941402,1
"11666","PmetTSAr1.1-015698",15.8262182009523,16.1828489076547,31.5389763329316,26.1856337354474,21.7370862397089,21.8251112174375,14.0599668861956,20.1259490184172,-0.207023748802343,4.39161237542945,0.525986620522339,1
"11667","PmetTSAr1.1-015699",31.112906235963,38.1665351994871,20.0014797433734,30.1042118879714,27.0530235780632,33.5292511708301,52.1329323589487,33.2318764382867,0.289689647686515,5.05487899339875,0.379943093374519,1
"11668","PmetTSAr1.1-015700",1.79843388647185,1.51714208509263,13.3343198289156,6.11615914346648,7.10005329437728,4.69296432913811,2.61921886851631,2.91557348649364,-0.392985176343469,2.33632220765223,0.477845545394723,1
"11669","PmetTSAr1.1-015701",4.18135878604705,4.58117413929931,3.26265272409637,4.23630070543133,4.00515826862308,3.56212955103254,3.77167517066349,3.9063023411274,-0.0976444628353637,2.00040797061432,0.736969358595329,1
"11670","PmetTSAr1.1-015702",19.5579685153814,18.6816711654543,26.0066521485943,25.3648504737701,21.9191388882827,25.38724076847,26.7998474626589,24.4285429013981,0.137308257844978,4.55962718969927,0.635214224681557,1
"11671","PmetTSAr1.1-015704",44.2864344543693,50.0061930400139,29.0801655843372,71.4610975247447,40.5249195725226,38.6180076723051,33.0021577433055,43.6769892199969,-0.323113192092373,5.45611179910465,0.34155806927522,1
"11672","PmetTSAr1.1-015706",24.9532701747969,29.3314136451242,38.9626934008031,42.2306226572686,34.2623084615847,29.8257672725344,14.940024426017,22.7867636565765,-0.413037034918769,4.89317479733975,0.221285956903296,1
"11673","PmetTSAr1.1-015709",25.5827220350621,22.3406609000895,46.1972711803211,30.9514720290576,28.3273921180796,30.871789442282,32.3316377129654,24.3153167465829,-0.109735549131573,4.91506578459122,0.730891156713726,1
"11674","PmetTSAr1.1-015710",4.00151539739986,3.3317630103995,10.7809394361445,5.90434410819491,4.29644250634112,4.89086041530658,2.99638638558266,3.73646310890447,-0.590388372891491,2.33244054239023,0.111562500302007,1
"11675","PmetTSAr1.1-015712",5.75498843670992,6.4255429486276,4.39748845421685,11.9145957340256,6.11696899207889,5.59763215162256,5.2174839860845,5.6046946633567,-0.344383645845164,2.68866451791232,0.31074327204208,1
"11676","PmetTSAr1.1-015713",17.6246520874241,23.9767945212678,18.2992261481927,20.4931046625241,18.7878333328137,16.6515421076045,17.4125670378964,18.1727978478535,-0.179710345688798,4.24713841908279,0.527205514710437,1
"11677","PmetTSAr1.1-015716",380.368766988796,116.462965943875,13.6653135835341,59.2287792378118,202.515366273469,5.51281954326464,2.24205135144996,102.639509340058,-0.864558595856652,6.78600185036512,0.392669927796488,1
"11678","PmetTSAr1.1-015717",17.5347303931005,18.4436880932829,19.4340618783132,16.7598646658627,17.6226963819416,18.2347107969523,18.9840983590062,17.1820689932198,-0.0025120926548627,4.1767461802227,0.993803792256737,1
"11679","PmetTSAr1.1-015718",11.2402117904491,12.2561282168267,12.1521992767068,12.2852720457509,12.9985591081676,12.0716612562769,10.6445054816503,10.5866454752293,-0.0509421791869277,3.56554027668296,0.859634798755167,1
"11680","PmetTSAr1.1-015720",37.8120724630706,37.6905690551443,28.7964566518071,27.350616429441,37.5028456061979,25.9526581575228,27.7008587534285,30.0898506421625,-0.119025498544177,4.98500809088435,0.692113863601133,1
"11681","PmetTSAr1.1-015721",18.1641822533657,14.4872195184335,15.5094216449799,28.0390152940736,13.3990749350299,17.1886886272046,15.7781744639423,18.0312651543344,-0.243562009533299,4.14076528775092,0.43825785652785,1
"11682","PmetTSAr1.1-015722",20.9967156245588,22.5786439722609,23.8788351546184,20.9167347330672,25.0868549734664,22.3057159981323,20.7232596877011,25.3909652173281,0.0813717420795133,4.51063846755257,0.772372944424207,1
"11683","PmetTSAr1.1-015723",3.32710268997292,2.17159553356396,1.84410806144578,3.62733247902557,2.84002131775091,2.94017042307448,1.96965258912427,2.46266886723249,-0.113149616743259,1.4378024749154,0.724108131320165,1
"11684","PmetTSAr1.1-015725",31.112906235963,30.164354397724,5.91060276104415,47.393614142013,22.610938952863,35.3103159463464,7.01950656762372,61.9913197613696,0.146936429245821,4.91942403486291,0.797029288285605,1
"11685","PmetTSAr1.1-015726",35.0694607862011,33.0796470318236,37.2604398056223,40.8273480485944,29.456118539237,24.2281351209118,27.8684887610136,44.780944229446,-0.211156681135323,5.09300033989608,0.497259728562282,1
"11686","PmetTSAr1.1-015727",21.4912849433386,27.5762884878601,21.3254547618473,26.4504025295369,17.5134647927973,26.1222833742386,23.0072185410473,27.5988752362262,-0.0396632837524339,4.58208333364724,0.894484821320531,1
"11687","PmetTSAr1.1-015728",17.1300827686444,18.8304105855615,15.0365734240963,19.8047057978915,12.1247063950135,21.0900686116688,15.0657469317058,20.7769994086051,-0.0364386992313604,4.13323327417452,0.906844701780848,1
"11688","PmetTSAr1.1-015729",21.8060108734712,24.9882225779962,18.8666440132529,21.1815035271566,19.0791175705318,20.7790890476898,17.182075777467,21.0883713343472,-0.153151677735207,4.37034212810902,0.590619846543143,1
"11689","PmetTSAr1.1-015730",27.6059601573429,29.5693967172956,31.0188432899597,48.3203049213261,31.1674134358305,27.5640977163232,31.0325051541813,45.0640096164842,-0.0185621266380979,5.08680304070787,0.955323499851861,1
"11690","PmetTSAr1.1-015731",15.8262182009523,15.3201602710334,18.2519413261043,13.5296853779713,12.8529169893086,9.3011160499183,8.6538991415779,15.9082747515478,-0.429738094279258,3.78205599102612,0.165168194500361,1
"11691","PmetTSAr1.1-015732",7.32861808737279,9.84654961109138,10.1189519269076,11.1997199899841,7.82826388867238,10.2057838724028,9.53395668139938,9.11470546263059,-0.0702838590510319,3.24214650727084,0.813383651937048,1
"11692","PmetTSAr1.1-015733",24.5486225503407,21.5969637995539,26.1957914369477,16.8392953040895,18.8606543922432,13.6265590761721,9.15678916433303,18.3426370800765,-0.572291812794129,4.22431291998102,0.0749780099180763,1
"11693","PmetTSAr1.1-015734",19.2432425852488,18.6519232814329,25.9593673265059,31.5339633760544,24.0673601414532,18.5174194914787,22.5462360201884,34.7887360669969,0.0665010385317487,4.61338009571398,0.835722763055633,1
"11694","PmetTSAr1.1-015735",3.19222014848753,5.53310642798488,5.24861525180721,6.22206666110226,4.40567409548539,7.209071710423,5.57369775220271,5.46316196983759,0.162232104623585,2.43970061278585,0.599441206112742,1
"11695","PmetTSAr1.1-015736",4.58600641050321,5.26537547179207,7.80199564457828,10.2200754518531,7.60980071038385,5.31492345709617,7.1452290733125,9.96390162374524,0.105234698968018,2.86877850601269,0.757483426567683,1
"11696","PmetTSAr1.1-015737",3.05733760700214,3.86722492278513,2.41152592650602,3.97153191134187,2.69437919889189,3.59040042048518,3.18497014411584,2.63250809945542,-0.144264260961477,1.69738453929091,0.623976622379223,1
"11697","PmetTSAr1.1-015738",3.50694607862011,4.13495587897795,2.78980450321284,4.02448567015976,4.11438985776735,3.36423346486407,2.82875637799762,2.88726694778981,-0.142569996426159,1.81480294947732,0.623216373462509,1
"11698","PmetTSAr1.1-015743",2.20308151092802,2.61781379388532,7.3764322457831,4.05096254956871,2.40309496117385,2.54437825073753,2.24205135144996,2.3494427124172,-0.762520380607687,1.70893168878162,0.0312334821637398,1
"11699","PmetTSAr1.1-015744",19.198281738087,23.1438537686679,17.6372386389558,15.8861276453675,17.8775700899448,17.1321468882994,19.2355433703838,19.3050593960064,-0.0446836103324149,4.22796025208529,0.876589524767581,1
"11700","PmetTSAr1.1-015745",16.1409441310848,14.4277237503907,28.5600325413654,24.1733909003675,19.5888649865383,23.2951964289747,15.4429144487722,17.5217474576656,-0.135066184020515,4.31830790558769,0.672556631410653,1
"11701","PmetTSAr1.1-015746",5.62010589522453,5.681845848092,7.56557153413652,11.3321043870288,5.02465310063623,15.74687428512,14.5419031580026,9.96390162374524,0.583658368411064,3.24994690154215,0.125343320033369,1
"11702","PmetTSAr1.1-015747",33.7206353713472,32.8119160756308,21.0417458293172,25.894388061949,31.4951082032633,27.5923685857759,29.6495575916047,29.8917048712357,0.0638719509938196,4.8617080690388,0.830254114273777,1
"11703","PmetTSAr1.1-015749",4.00151539739986,3.4507545464852,2.55338039277107,5.56014467587862,2.87643184746567,3.27942085650615,3.62499891402658,3.76476964760829,-0.205747855894316,1.88986828372681,0.498345500964681,1
"11704","PmetTSAr1.1-015751",17.3998478516151,39.4456942124084,19.2922074120481,25.9208649413579,14.6734434750464,19.8744212252054,18.627884592888,39.8839130336848,-0.133936984141647,4.61234203434002,0.722927332159079,1
"11705","PmetTSAr1.1-015753",3.64182862010549,3.2127714743138,3.68821612289155,2.32996538798723,3.20412661489846,2.65746172854809,2.17919009860557,2.83065387038217,-0.240359862123631,1.59442306463282,0.390395235689426,1
"11706","PmetTSAr1.1-015754",2.47284659389879,2.43932648975678,2.03324734979919,3.91857815252398,3.34976873375749,2.34648216456905,2.4725426118794,1.89653809315605,-0.125949190508303,1.4224163184833,0.700675217743117,1
"11707","PmetTSAr1.1-015755",9.80146468127158,10.7389861317341,4.06649469959838,10.1141679342173,6.26261111093791,4.55160998187491,8.48626913399285,10.2752735494873,-0.232958673381887,3.01890509287265,0.527992275633247,1
"11708","PmetTSAr1.1-015756",25.2230352577677,20.6450315108683,85.8219520903611,90.1008206286426,52.1762890812443,94.5660583190781,9.80635544372507,20.7486928699013,-0.32318555380752,5.64208735221015,0.594051157869999,1
"11709","PmetTSAr1.1-015758",26.3020955896508,32.127714743138,30.924273645783,48.5585968360066,28.9827816529452,37.0065681135047,28.1199337723911,23.0698290436147,-0.235777287109961,4.99782626540337,0.456989958260612,1
"11710","PmetTSAr1.1-015759",29.7191199739473,36.6791409984159,20.474327964257,46.4669233626999,28.1453394695058,26.2636377215018,33.7984002793345,31.2221121903154,-0.159813874292599,4.98488219873021,0.620481743784999,1
"11711","PmetTSAr1.1-015760",8.04799164196152,8.03192868578451,11.6793510558232,7.51943375214061,7.86467441838714,7.74621823002314,8.98915915674799,8.01075045318155,-0.11042639296049,3.09470532590506,0.705471268519625,1
"11712","PmetTSAr1.1-015765",29.5392765853001,27.1598181115602,23.0749931791164,36.3262785490736,29.601760658096,27.42274336906,28.2456562780799,26.1269352236274,-0.0603488901615125,4.83296251268516,0.838080526912677,1
"11713","PmetTSAr1.1-015766",15.2417271878489,17.7297388767688,16.3605484425702,17.5276941687221,16.5667910202136,20.2702133975423,19.4031733779688,17.6915866898886,0.144807576804692,4.14279605729133,0.608580550105381,1
"11714","PmetTSAr1.1-015767",12.4091938166558,9.8762974951128,8.84226173052206,28.3037840881631,19.2975807488203,19.4503581834158,3.66690641592284,7.04832813725161,-0.267334975436515,3.77344179565105,0.592041640039253,1
"11715","PmetTSAr1.1-015768",15.5564531179815,11.5421790003125,11.2537876570281,19.3545988479394,18.4237280356662,15.4076238516884,4.54696395574432,8.83164007559238,-0.292055822946139,3.71909443135643,0.464892719349865,1
"11716","PmetTSAr1.1-015769",15.1068446463635,11.1852043920555,9.31510995140559,19.6987982802557,18.3509069762367,13.2307669038351,4.58887145764058,8.40704199503505,-0.314018235864846,3.64862503939871,0.437306613381169,1
"11717","PmetTSAr1.1-015770",8.04799164196152,6.09831622439194,6.05245722730921,5.58662155528756,7.82826388867238,4.26890128734852,2.66112637041257,4.24598080557326,-0.444119166540129,2.49719944889288,0.199026019045274,1
"11718","PmetTSAr1.1-015771",17.3998478516151,20.2583090185898,6.99815366907628,9.98178353717257,14.127285529325,12.0716612562769,17.496382041689,13.0493143424618,0.0541672245540401,3.80627761816706,0.879323215124658,1
"11719","PmetTSAr1.1-015772",5.26041911793016,6.18755987645621,2.41152592650602,4.89822269065497,5.13388468978049,5.31492345709617,4.77745521617375,5.12348350539173,0.111722853458674,2.30922816931745,0.723086908310817,1
"11720","PmetTSAr1.1-015773",13.5332149957007,15.1119250828834,11.1592180128514,14.1916073631949,14.6370329453316,14.7008521153724,16.3858332414381,14.9741589743217,0.167926006331,3.84834718510092,0.553716697471597,1
"11721","PmetTSAr1.1-015774",37.4074248386145,40.3381307330511,40.6176621738954,56.9782444880514,39.9059405673718,45.2051202547701,33.8612615321789,36.2323695408918,-0.176503407722176,5.37090013357196,0.568791602930163,1
"11722","PmetTSAr1.1-015776",45.5453381748996,34.7752764210448,38.1588514253011,40.3242873398245,39.9787616268013,45.1485785158648,35.6004228608737,41.3275465075797,0.0293170871509966,5.32793790754912,0.922673561062524,1
"11723","PmetTSAr1.1-015777",5.44026250657734,4.37293895114934,3.73550094497991,6.3014972993291,5.27952680863951,4.57988085132755,4.23265769152236,4.64227234742676,-0.0884412534129863,2.28848656515707,0.768016907896363,1
"11724","PmetTSAr1.1-015778",31.0229845416394,36.6791409984159,23.7842655104417,30.9779489084666,28.8371395340862,29.8823090114396,36.4804804006952,34.9019622218122,0.0869837819625961,4.98359500580141,0.769258802305223,1
"11725","PmetTSAr1.1-015779",9.26193451533002,11.3339438121626,6.43073580401604,7.28114183746009,8.08313759667567,7.7179473605705,7.92051785839333,7.86921775966244,-0.120363551471936,3.05306871573101,0.691624485543238,1
"11726","PmetTSAr1.1-015782",4.40616302185603,2.73680532997102,1.98596252771084,3.57437872020768,4.26003197662637,4.26890128734852,1.5086700682654,2.17960348019427,-0.0637333297269072,1.66490268367704,0.871353567292766,1
"11727","PmetTSAr1.1-015784",63.5746378867799,65.6833279193044,82.2283056116463,50.8885622239938,68.0876905665924,60.3583062813847,64.8309054335158,69.2377936695479,0.000955018796261672,6.03711515644119,0.998531328191313,1
"11728","PmetTSAr1.1-015786",4.36120217469423,4.31344318310649,4.01920987751002,5.0306070876997,4.66054780348867,4.29717215680116,5.6994202578915,4.6988854248344,0.126082954844846,2.23301553619276,0.655064433865574,1
"11729","PmetTSAr1.1-015789",2.65268998254598,3.68873761865659,4.49205809839356,3.25665616730033,3.60464244176077,2.45956564237961,1.84393008343548,2.51928194464013,-0.440868350826953,1.63999583164264,0.145342321555486,1
"11730","PmetTSAr1.1-015790",45.7251815635468,9.31108769870574,190.463263371887,88.1415315523806,104.352578162489,41.6429907037375,3.03829388747892,8.80333353688855,-1.0799673546774,5.94141858463645,0.201174302161979,1
"11731","PmetTSAr1.1-015791",15.7812573537905,19.0386457737114,15.5567064670682,15.0123906248723,14.7098540047611,14.8704773320882,16.050573226268,17.153762454516,-0.058736605373956,4.00756140426082,0.837049240045574,1
"11732","PmetTSAr1.1-015795",44.2864344543693,45.663001972886,42.6036247016063,28.7803679175241,42.3454460582604,36.2715255077361,38.6596704993008,35.9493041538536,-0.0741190778759031,5.29926416446692,0.808995204591998,1
"11733","PmetTSAr1.1-015796",3.95655455023807,3.00453628616383,4.11377952168673,3.1242717702556,4.55131621434441,3.02498303143239,3.7088139178191,3.59493041538536,0.0718328164370792,1.88412090582565,0.810069734595836,1
"11734","PmetTSAr1.1-015797",6.29451860265147,6.63377813677757,10.4026608594377,9.98178353717257,9.39391666640686,10.2340547418554,12.5512968179302,8.43534853373887,0.286713673912181,3.2184264903099,0.357143234527852,1
"11735","PmetTSAr1.1-015801",28.1454903232844,21.8349468717253,46.9538283337348,26.9269863588979,35.3182138233126,32.907292042872,16.1343882300605,17.4368278415542,-0.282901137396299,4.82030628516465,0.434716310524182,1
"11736","PmetTSAr1.1-015803",79.7155820178647,91.8019700901148,67.5700107642568,83.8522770881313,83.4893446359338,84.3602744466754,91.2954928810046,93.4964973387231,0.126849051751396,6.4011175133972,0.738989135994306,1
"11737","PmetTSAr1.1-015804",26.8416257555923,23.1438537686679,22.7912842465863,32.5136079141854,24.5771075574598,22.5601538232061,17.9992720644441,24.0322513595446,-0.24064480872592,4.60685971027833,0.412040996755765,1
"11738","PmetTSAr1.1-015805",4.7208889519886,4.90840086353498,4.91762149718874,5.87786722878597,6.15337952179364,6.07823693231743,6.24421778254289,4.50073965390765,0.167704811407544,2.45688043867593,0.555331343372669,1
"11739","PmetTSAr1.1-015806",8.13791333628512,7.82369349763454,9.07868584096382,19.5664138832109,7.2456954132363,15.0401025488041,6.28612528443915,10.5017258591179,-0.193409520506495,3.39620984480677,0.617429064252588,1
"11740","PmetTSAr1.1-015807",10.9254858603165,12.137136680741,13.8544528718875,16.3891883541374,12.4524011624463,8.96186561648663,9.91112419846573,8.15228314670065,-0.434915745710662,3.54300258413479,0.145990120461637,1
"11741","PmetTSAr1.1-015809",31.8772406377135,28.6472123126314,17.8263779273092,29.6276280586104,42.3818565879751,18.3760651442155,18.6488383438361,34.1942987542166,0.0721212638718013,4.79475903044952,0.837207723382029,1
"11742","PmetTSAr1.1-015810",7.91310910047614,8.2699117579559,6.71444473654616,6.3014972993291,9.43032719612162,6.16304954067535,4.25361144247049,8.94486623040766,-0.0228938484220186,2.86883879174934,0.950481636925806,1
"11743","PmetTSAr1.1-015811",25.5827220350621,19.9608301783756,21.3727395839357,20.8637809742493,25.0504444437516,16.0861247185517,6.97759906572746,17.4368278415542,-0.422441807355013,4.26409772572524,0.23687614964916,1
"11744","PmetTSAr1.1-015812",21.1315981660442,18.1759571370901,21.278169939759,23.9086221062781,23.4483811363024,22.7580499093746,19.7174796421908,19.7296574765637,0.0192906431172797,4.41475156236038,0.946813082429847,1
"11745","PmetTSAr1.1-015814",9.89138637559517,11.7206663044411,19.2449225899598,10.6172286429873,16.2755067824956,12.2412864729928,12.8236955802559,9.85067546892996,-0.00694813372559195,3.68787458740544,0.983706505750467,1
"11746","PmetTSAr1.1-015815",8.3627175720941,5.62235008004915,3.12079825783131,18.2160930333547,10.1585377904167,14.6725812459197,2.51445011377566,5.06687042798409,-0.127558703501734,3.09343232973479,0.814286288759684,1
"11747","PmetTSAr1.1-015816",8.22783503060871,11.1257086240126,8.41669833172688,13.7150235338339,6.99082170523301,16.6798129770571,6.97759906572746,10.2186604720796,-0.0238238524294498,3.37325381098562,0.950491650073369,1
"11748","PmetTSAr1.1-015817",14.567314480422,9.66806230696283,38.3007058915661,28.4626453646167,33.7889715752929,17.0756051493941,5.97181902021719,5.54808158594906,-0.545414871945599,4.26391732025118,0.308979871747685,1
"11749","PmetTSAr1.1-015818",13.6231366900243,12.4941112889981,35.3690469220882,19.5134601243931,17.4770542630825,15.8882286323832,11.6083780252643,11.4641481750478,-0.520623973889284,4.10636137763556,0.152104181809956,1
"11750","PmetTSAr1.1-015819",1.93331642795724,3.3317630103995,5.01219114136544,3.36256368493612,2.29386337202958,3.47731694267462,3.37355390264901,2.57589502204778,-0.212945009417641,1.69155848765671,0.503635489904173,1
"11751","PmetTSAr1.1-015820",73.7807501925076,83.0858400718375,35.5109013883533,55.8397386734667,49.1906256446344,46.9861850302864,77.2774334967053,117.387216004749,0.228564034572473,6.07581019404748,0.604826109526391,1
"11752","PmetTSAr1.1-015821",9.26193451533002,9.63831442294141,12.1049144546184,25.2589429561343,12.0882958652988,15.6337908073095,14.3114118975731,13.6154451165382,-0.0177903288145837,3.81361247111121,0.963542938900772,1
"11753","PmetTSAr1.1-015822",17.8494563232331,14.5467152864764,12.1049144546184,22.0552405476519,14.2729276481841,15.0401025488041,16.8468157622969,15.9365812902516,-0.100883716252406,4.01323704879667,0.739613931356698,1
"11754","PmetTSAr1.1-015823",9.66658213978619,7.88318926567739,20.4270431421686,15.7537432483228,13.7995907618922,9.58382474444469,5.63655900504711,7.303086985586,-0.565874578674413,3.49854276798798,0.133137590103029,1
"11755","PmetTSAr1.1-015824",30.3485718342125,33.7638483643164,28.3236084309236,44.6400186834826,23.8124864334499,54.1104441323514,21.351872216145,36.4588218505224,-0.0147378615099387,5.09455292275859,0.967921423737643,1
"11756","PmetTSAr1.1-015825",13.6231366900243,20.3475526706541,14.8947189578313,22.7171625328755,16.8580752579317,15.9447703712885,19.9898784045165,16.5593251417357,-0.0470706079562831,4.14452236610233,0.878771707276528,1
"11757","PmetTSAr1.1-015826",8.76736519655026,9.16234827859862,8.51126797590358,8.57850892849844,10.8503378549971,8.31163561907593,8.90534415295546,8.09567006929301,0.0452231024202587,3.16324884517699,0.875380951384634,1
"11758","PmetTSAr1.1-015827",4.00151539739986,4.13495587897795,3.87735541124497,5.98377474642175,3.38617926347224,3.44904607322198,6.05563402400972,4.6988854248344,-0.0333622151761013,2.17569137787937,0.919937380737719,1
"11759","PmetTSAr1.1-015828",49.2770884893287,40.962836297501,31.6335459771083,40.5096254956871,40.4156879833783,25.38724076847,13.2008630973222,38.1855207114555,-0.471247433931069,5.12919683337646,0.196358044570966,1
"11760","PmetTSAr1.1-015830",18.7037124193072,13.4162956936623,33.8086477931726,18.5338155862621,24.395054908886,16.8777090632256,9.24060416812555,11.6056808685669,-0.443323857224032,4.1987805816391,0.239016620842406,1
"11761","PmetTSAr1.1-015831",4.7658497991504,4.16470376299937,3.16808307991967,12.8412865133387,4.36926356577063,5.14529824038033,3.85549017445601,6.11421236002549,-0.362093558078572,2.49198671976882,0.374368346365636,1
"11762","PmetTSAr1.1-015832",9.89138637559517,11.2744480441197,7.89656528875499,6.48683545519172,9.83084302298392,7.35042605768619,8.54913038683724,9.59591662059556,-0.00930277541159618,3.15689634684122,0.978755954700863,1
"11763","PmetTSAr1.1-015833",8.13791333628512,8.56739059817014,6.76172955863451,10.1141679342173,7.9739060075314,12.1282029951822,15.736266962046,10.2752735494873,0.457044729765425,3.3272566930981,0.143833073105801,1
"11764","PmetTSAr1.1-015834",16.545591755541,20.8830145830397,13.4288894730923,15.4624975748243,15.0375487721939,10.4602216974765,14.772394418432,13.4456058843153,-0.304908323004187,3.91317744765434,0.304508358291744,1
"11765","PmetTSAr1.1-015835",12.5890372053029,13.1485647374695,15.2257127124497,13.4502547397445,14.8554961236202,12.0999321257296,12.0693605461232,12.3982639522739,-0.0818131176970175,3.732011858109,0.775124354204784,1
"11766","PmetTSAr1.1-015837",14.9719621048781,14.4574716344121,16.4551180867469,15.8066970071406,16.7852541985022,12.2978282118981,12.6979730745671,13.7569778100574,-0.152138723124702,3.87879971437114,0.594428670372998,1
"11767","PmetTSAr1.1-015838",36.4182862010549,30.5213290059811,65.6786178807226,66.6687823517255,46.6054780348867,54.8737576075727,29.9010026029822,39.2045561047931,-0.224516391759945,5.5326282126234,0.53696819568919,1
"11768","PmetTSAr1.1-015839",17.0401610743208,15.6771348792905,17.400814528514,14.668191192556,16.5667910202136,14.3333308124881,14.0180593842993,15.0307720517293,-0.111642060597969,3.96796354545029,0.69195458522039,1
"11769","PmetTSAr1.1-015843",75.4892623846559,73.4772735329175,59.8625847638552,79.5894995032911,72.0928488352154,83.3142522769277,69.524545645897,74.6443425619779,0.0546488702345951,6.20091750463415,0.883853176619302,1
"11770","PmetTSAr1.1-015844",41.9484704019559,39.981156124794,51.2094623216866,50.7032240681312,42.4546776474046,44.4983485184541,30.4667538785818,36.4588218505224,-0.256870000506181,5.40160754722727,0.403666098896096,1
"11771","PmetTSAr1.1-015845",16.320787519732,20.1095695984827,27.3779119891565,25.2059891973164,17.8775700899448,18.3477942747628,13.9971056333512,14.4080282002453,-0.462294359999703,4.26761223898622,0.1239040533676,1
"11772","PmetTSAr1.1-015846",9.44177790397721,10.8877255518412,10.9227939024096,12.1528876487061,8.81134819097078,11.6193273450347,13.4523081086998,11.5490677911593,0.0661502518593561,3.4817752947572,0.822616789509191,1
"11773","PmetTSAr1.1-015848",5.57514504806273,4.99764451559925,4.82305185301203,9.58463034603838,5.31593733835427,5.11702737092769,8.63294539062977,5.32162927631848,-0.0363467196581708,2.6420587291111,0.919684873890662,1
"11774","PmetTSAr1.1-015849",6.06971436684249,9.34083558272717,14.2327314485943,9.98178353717257,8.92057978011504,4.43852650406435,8.36054662830407,7.67107198873568,-0.430605860159559,3.11793482847677,0.209333776430693,1
"11775","PmetTSAr1.1-015850",3.23718099564933,3.77798127072086,4.87033667510038,2.99188737321088,2.94925290689518,2.60091998964281,2.55635761567192,3.34017156705096,-0.374137018316184,1.74132785949881,0.175457440793213,1
"11776","PmetTSAr1.1-015851",23.829248995752,20.8235188149969,15.2729975345381,34.0227900404954,25.6330129191877,28.0164316275654,29.544788836864,23.8907186660255,0.18775202418193,4.65535516879285,0.551215252955301,1
"11777","PmetTSAr1.1-015852",5.57514504806273,6.81226544090612,4.77576703092368,7.46647999332272,6.1897900515084,6.30440388793854,12.7817880783596,6.53881044058282,0.368501558084235,2.83427904177525,0.268649055609668,1
"11778","PmetTSAr1.1-015853",67.8009575199887,75.7083648345243,50.8311837449797,63.014972993291,58.4389001921822,54.4496945657831,48.9898697167291,73.0591763945638,-0.131668103674799,5.94481665918387,0.71060248968434,1
"11779","PmetTSAr1.1-015854",37.0477380613201,34.0613272045306,24.2098289092369,32.9107611053196,27.380718345496,29.0624537973131,33.0440652452018,32.382680277172,-0.0734450592751993,4.96929835574656,0.804010052957712,1
"11780","PmetTSAr1.1-015855",2.427885746737,3.74823338669944,3.87735541124497,2.48882666444091,3.60464244176077,3.50558781212726,3.87644392540414,2.74573425427071,0.133490359906722,1.74262529348567,0.648546330357981,1
"11781","PmetTSAr1.1-015856",6.65420537994584,5.56285431200631,4.58662774257026,10.1141679342173,5.89850581379035,7.18080084097036,5.19653023513636,5.8594535116911,-0.161908499640945,2.68874633565003,0.620439950217927,1
"11782","PmetTSAr1.1-015857",20.7719113887499,25.672423910489,30.120431670281,22.6906856534666,21.9555494179974,21.0900686116688,23.2377098014767,23.2113617371338,-0.148941046757766,4.5639141508481,0.602364493278449,1
"11783","PmetTSAr1.1-015858",2.51780744106059,2.20134341758538,1.98596252771084,1.58861276453675,2.18463178288532,2.51610738128489,3.37355390264901,1.9531511705637,0.287984137570915,1.23577809114305,0.326400896663465,1
"11784","PmetTSAr1.1-015859",49.7266969609466,42.1824995423794,57.829337414056,51.0209466210386,52.6496259675361,45.996704599444,34.8041803248448,39.4593149531275,-0.215523279947882,5.54727899958989,0.497635351886936,1
"11785","PmetTSAr1.1-015861",25.9873696595182,30.0156149776169,31.2079825783131,47.0229378302877,23.7760759037352,28.2425985831866,33.1488339999425,29.4388002519746,-0.228388310557942,4.96217820328725,0.46091764360815,1
"11786","PmetTSAr1.1-015862",11.1053292489637,13.9517576060479,10.5445153257028,11.9145957340256,12.343169573302,11.7889525617505,15.8410357167867,14.6627870485796,0.200899521988043,3.68223435036611,0.487327709498869,1
"11787","PmetTSAr1.1-015863",17.0401610743208,15.7663785313548,23.3114172895581,13.7150235338339,17.1857700253645,10.2340547418554,13.4523081086998,10.2186604720796,-0.450077919629967,3.92253865796315,0.151764298913195,1
"11788","PmetTSAr1.1-015865",10.0712297642424,6.48503871667045,13.3343198289156,10.1935985724441,12.6708643407348,5.31492345709617,5.36416024272141,4.78380504094587,-0.512124726809959,3.09945520918981,0.168428395089002,1
"11789","PmetTSAr1.1-015866",109.38974114465,89.2139041802509,39.2936871554215,66.907074266406,64.0825322979693,70.2531105898084,41.5303343791947,94.2324673450225,-0.174498575663304,6.16835378505207,0.690082648827092,1
"11790","PmetTSAr1.1-015867",4.04647624456166,4.84890509549213,5.81603311686745,5.40128339942494,4.51490568462965,3.25114998705351,3.35260015170088,5.6046946633567,-0.268587953731973,2.22091277405478,0.376603515574452,1
"11791","PmetTSAr1.1-015868",125.935332900191,125.357583266281,180.533450733333,128.862972083339,142.183118536119,135.276110330879,190.469596118506,159.450732518628,0.16222628407778,7.21500639931444,0.693446610277533,1
"11792","PmetTSAr1.1-015869",7.1487746987256,5.26537547179207,29.3638745168674,9.53167658722049,5.82568475436084,5.11702737092769,4.21170394057423,8.01075045318155,-1.14503524122488,3.22298337466726,0.0139905484918946,1
"11793","PmetTSAr1.1-015870",2.427885746737,4.10520799495653,1.79682323935742,3.23017928789139,2.69437919889189,2.65746172854809,3.45736890644153,2.80234733167835,-0.0040112876125615,1.56917932798777,1,1
"11794","PmetTSAr1.1-015872",26.1672130481654,18.1462092530687,38.8681237566264,38.2855676253356,33.9346136941519,26.094012504786,16.4067869923862,21.5695824923121,-0.31011567849041,4.78059584170587,0.367990675048699,1
"11795","PmetTSAr1.1-015873",46.4895159652973,37.3335944468872,28.5600325413654,47.9761054890098,36.592582363329,23.662717731859,11.3569330138867,25.3060456012166,-0.727579227191496,5.00949770888416,0.0448876345809966,1
"11796","PmetTSAr1.1-015874",9.44177790397721,12.0181451446553,11.3956421232931,9.79644538130995,13.1806117567414,9.92307517787636,10.0578004551026,10.2186604720796,0.0233357540673319,3.43480359080853,0.936962304250365,1
"11797","PmetTSAr1.1-015876",14.2076277031276,14.6954547065835,14.989288602008,16.601003389409,15.9478120150628,18.6587738387419,21.8757159898482,14.124962813207,0.223222622968399,4.04046112836036,0.445241685157879,1
"11798","PmetTSAr1.1-015877",39.5205846552189,40.754601109351,37.1185853393573,28.9392291939778,39.578245799939,32.6811250872509,30.3619851238411,32.4109868158759,-0.115955370556631,5.13860128170132,0.698469201582688,1
"11799","PmetTSAr1.1-015878",11.0154075546401,7.82369349763454,24.9191012405622,13.8738848102876,10.3405904389905,9.10321996374982,5.67846650694337,12.0019724104204,-0.633655314073117,3.5712143995837,0.0939404395711413,1
"11800","PmetTSAr1.1-015880",23.4246013712958,17.5512515726402,27.4724816333332,17.4217866510863,22.174012596286,22.4187994759429,16.4067869923862,16.7857774513663,-0.141786603470261,4.35812354980582,0.639258115640184,1
"11801","PmetTSAr1.1-015881",3.91159370307627,3.62924185061374,1.60768395100401,2.59473418207669,3.38617926347224,2.45956564237961,2.76589512515323,3.05710618001275,-0.0147444149397034,1.57936181730584,0.979560257320593,1
"11802","PmetTSAr1.1-015885",1.93331642795724,1.54688996911405,2.1278169939759,2.78007233793931,2.22104231260007,1.97896086168474,2.22109760050183,1.78331193834077,-0.0368204129187304,1.09542277211567,0.919414202104424,1
"11803","PmetTSAr1.1-015886",12.0495070393614,12.4346155209553,10.5445153257028,13.185485945655,13.2170222864562,11.5910564755821,14.5838106598988,11.8321331781975,0.0866505201824403,3.6432803290429,0.76137010373139,1
"11804","PmetTSAr1.1-015887",16.2758266725702,18.7114190494758,20.0014797433734,22.981931326965,18.751422803099,15.3228112433304,17.6221045473778,18.9653809315605,-0.142735142123704,4.22040365354896,0.619421511432771,1
"11805","PmetTSAr1.1-015889",38.9360936421155,41.2603151377152,41.9889220144577,38.8945358517414,34.2987189912995,26.6311590243861,25.2283161415491,36.1474499247803,-0.397521102814826,5.14885343618157,0.182962597565657,1
"11806","PmetTSAr1.1-015890",9.80146468127158,9.84654961109138,13.5707439393574,11.4644887840735,10.1585377904167,12.8915164704035,16.6582320037638,11.6906004846784,0.203890597351702,3.59408236741467,0.500078800606719,1
"11807","PmetTSAr1.1-015891",38.5764068648212,45.0085485244147,39.5773960879517,32.6459923112302,33.4248662781453,39.6357589726002,66.9681880302251,41.752144588137,0.222907259269889,5.40147797770924,0.496155219255712,1
"11808","PmetTSAr1.1-015892",30.3485718342125,7.25848370122748,35.8891799650601,25.7884805443132,15.62011724763,13.2873086427404,7.43858158658633,10.2469670107835,-1.09124178834145,4.19122445482519,0.00994071995263343,1
"11809","PmetTSAr1.1-015893",18.3440256420129,20.3475526706541,30.2150013144577,218.540162641439,20.82682299684,139.007865098627,26.00360492663,29.8633983325319,-0.414487059962115,5.97684788316074,0.580681155129018,1
"11810","PmetTSAr1.1-015895",14.3874710917748,13.0890689694266,15.6985609333333,14.1386536043771,10.6682852064233,15.4076238516884,13.158955595426,17.2386820706274,-0.0202947797229429,3.8363556635771,0.945274232365797,1
"11811","PmetTSAr1.1-015897",26.2121738953272,27.5465406038387,37.4968639160641,64.0210944108309,32.9151188621388,40.2859889700109,29.8171875991897,35.2133341475542,-0.16841688137354,5.19986885006917,0.627367735373884,1
"11812","PmetTSAr1.1-015898",48.8274800177107,54.9145939035489,31.4916915108433,34.684712025719,38.7772141462144,35.3951285547043,41.5303343791947,39.0913299499778,-0.134577587591259,5.34521939573612,0.669891030484637,1
"11813","PmetTSAr1.1-015899",28.909824725035,33.7638483643164,31.1606977562248,24.8088360061822,33.7889715752929,18.4608777525734,27.1141537268809,26.6930659977039,-0.161940530142208,4.81477222283186,0.59612376107416,1
"11814","PmetTSAr1.1-015900",15.9161398952759,17.6404952247045,4.96490631927709,10.7760899194409,10.9231589144266,9.27284518046566,13.7456606219736,15.9648878289554,0.0168651769533019,3.64024343986345,0.965004358126325,1
"11815","PmetTSAr1.1-015901",5.71002758954812,6.93125697699181,3.12079825783131,6.56626609341856,5.82568475436084,5.7672573683384,7.27095157900128,9.73744931411467,0.352959238903699,2.68685461401755,0.285301678255544,1
"11816","PmetTSAr1.1-015902",54.8072726902296,65.7428236873473,53.6209882481926,45.3284175481152,53.705531329264,37.7416107192733,44.0657382439184,49.3099904220574,-0.248176084717746,5.66099058423386,0.442118142827607,1
"11817","PmetTSAr1.1-015903",30.1687284455653,32.7226724235665,21.420024406024,48.9557500271408,35.6823191204602,29.1755372751237,26.2760036889557,30.2313833356816,-0.136245597669982,4.99529089122316,0.674658571866964,1
"11818","PmetTSAr1.1-015904",69.9590781837549,53.0107293261777,58.0184767024094,56.1309843469651,56.1450368201526,39.4661337558843,33.1488339999425,46.6491757838982,-0.435028376988198,5.68976716474027,0.189290332680305,1
"11819","PmetTSAr1.1-015907",44.2414736072075,32.9309076117165,52.0133042971886,92.5102166548566,50.8655100115131,66.917147994397,32.3735452148616,41.5539988172103,-0.210071178083822,5.693170331984,0.591923491946223,1
"11820","PmetTSAr1.1-015908",8.85728689087386,6.15781199243479,4.68119738674697,7.17523431982431,5.35234786806902,4.60815172078019,3.9812126801448,4.92533773446498,-0.512259105040967,2.52918303882744,0.0906326129972821,1
"11821","PmetTSAr1.1-015909",47.433693755695,47.1503961739572,43.3128970329316,54.1452183912942,53.8875839778378,47.2123519859075,37.9053354651681,38.893184179051,-0.110793455392664,5.53301718317162,0.722965593899731,1
"11822","PmetTSAr1.1-015910",2.92245506551675,3.77798127072086,3.02622861365461,2.62121106148563,3.0948950257542,3.95792172336949,2.91257138179014,4.04783503464651,0.180803927949211,1.74784120916302,0.515568811906131,1
"11823","PmetTSAr1.1-015911",4.00151539739986,4.10520799495653,4.16106434377508,3.57437872020768,3.13130555546895,4.35371389570644,3.16401639316771,3.76476964760829,-0.134229649510912,1.94144091582507,0.61988046281129,1
"11824","PmetTSAr1.1-015912",15.1518054935253,18.3544444412187,22.3657208477911,35.8232178403037,24.2130022603123,28.525307277713,19.0260058609025,23.7208794338026,0.0570536664574983,4.55242233083717,0.861664063881499,1
"11825","PmetTSAr1.1-015913",7.41853978169638,7.4072231213346,15.8404153995983,9.4787228284026,12.2703485138725,8.90532387758135,4.02312018204106,5.29332273761466,-0.397798054596338,3.14954194797123,0.307136807573675,1
"11826","PmetTSAr1.1-015914",29.6291982796237,32.2764541632451,30.0731468481927,33.7315443669969,28.8735500638009,31.6068320480506,34.0079377888158,29.4954133293822,-0.0200352146262927,4.96697550478668,0.944826247853611,1
"11827","PmetTSAr1.1-015915",13.8479409258332,15.7068827633119,11.3483573012048,15.9390814041854,12.7436854001643,17.6975642773521,22.2947910088109,17.9746520769268,0.314622539046145,4.0015021446121,0.297546301906558,1
"11828","PmetTSAr1.1-015916",62.7653426378675,49.2327480554569,62.1795410461845,94.9990433192975,80.6857338478977,118.398401267653,53.4320649177328,63.7180186223027,0.232237624966755,6.19457807342887,0.577568617039963,1
"11829","PmetTSAr1.1-015917",18.8835558079544,19.8120907582685,12.1521992767068,18.2955236715815,14.1636960590398,12.2412864729928,12.9913255878409,12.3416508748663,-0.419522196524005,3.92320532373752,0.153861053420992,1
"11830","PmetTSAr1.1-015918",29.134628960844,31.0865388023882,74.9464430100399,63.1208805109268,59.3127529053363,32.99210465123,23.6986923223356,33.9678464445861,-0.403262751477025,5.44564773594432,0.313203399014543,1
"11831","PmetTSAr1.1-015920",7.05885300440201,6.39579506460618,6.76172955863451,20.6254890595688,5.27952680863951,10.6863886530976,5.23843773703263,8.77502699818473,-0.448852607161005,3.15766387773415,0.281424466983291,1
"11832","PmetTSAr1.1-015921",12.2293504280086,4.49193048723504,20.2851886759035,38.603290178243,20.535538759122,22.955945995543,2.22109760050183,8.23720276281212,-0.488021968681456,4.02246905837994,0.42921135564808,1
"11833","PmetTSAr1.1-015925",2.06819896944263,3.30201512637807,1.79682323935742,5.0306070876997,2.69437919889189,3.13806650924295,2.03251384196866,1.47194001259873,-0.401946855099206,1.46519724014874,0.269521451600847,1
"11834","PmetTSAr1.1-015926",24.0090923843992,25.3749450702748,29.5057289831324,30.2101194056072,25.3417286814697,26.715971632744,30.8648751465962,25.2777390625128,-0.0118031134637882,4.7669068254454,0.96785746848379,1
"11835","PmetTSAr1.1-015929",30.4834543756978,32.8714118436736,27.8507602100401,27.0858476353516,28.2181605289353,22.333986867585,25.3959461491342,29.2972675584555,-0.168756170836857,4.80741470117176,0.557825653203648,1
"11836","PmetTSAr1.1-015931",2.51780744106059,3.77798127072086,2.41152592650602,3.15074864966455,2.73078972860665,2.37475303402169,3.01734013653079,2.43436232852867,-0.175450893818015,1.51968273690484,0.537128641630217,1
"11837","PmetTSAr1.1-015934",8.00303079479973,8.83512155436296,8.22755904337346,8.07544821972847,8.11954812639043,7.80275996892842,8.1719628697709,7.50123275651275,-0.0691752868386919,3.0273773465449,0.80737206420572,1
"11838","PmetTSAr1.1-015935",9.12705197384463,11.3934395802054,7.47100188995981,9.29338467253998,8.33801130467896,11.3083477810557,10.1416154588952,9.85067546892996,0.0871613660224775,3.27536737209429,0.767288255995009,1
"11839","PmetTSAr1.1-015936",11.1952509432873,12.3751197529124,5.43775454016062,10.1406448136262,10.9959799738561,15.0401025488041,24.6416111150015,10.5300323978217,0.644160673726961,3.65814039873099,0.0754176282061375,1
"11840","PmetTSAr1.1-015937",4.58600641050321,3.62924185061374,3.21536790200802,3.36256368493612,2.84002131775091,3.73175476774837,5.86705026547654,3.59493041538536,0.123956520353384,1.9707924373612,0.693753898856732,1
"11841","PmetTSAr1.1-015938",3.19222014848753,3.30201512637807,2.50609557068272,5.74548283174124,3.56823191204602,2.40302390347433,3.03829388747892,3.08541271871657,-0.29751548494931,1.77452967315825,0.346094816279219,1
"11842","PmetTSAr1.1-015940",8.67744350222667,11.6611705363982,6.28888133775098,10.9879049547125,8.41083236410847,8.79224039977079,9.38728042476247,9.59591662059556,-0.0587448024329755,3.21623884367688,0.852695604335756,1
"11843","PmetTSAr1.1-015941",19.1083600437634,29.0041869208885,19.3867770562248,15.9126045247764,16.7852541985022,10.4036799585712,12.9284643349965,20.1259490184172,-0.470118904633456,4.17100670626977,0.148585608221722,1
"11844","PmetTSAr1.1-015942",12.364232969494,12.7618422451909,12.1994840987951,37.2529693283867,11.1416220927151,21.5141316534584,10.3930604702727,20.6920797924937,-0.228214339986096,4.11794036473563,0.584426424434712,1
"11845","PmetTSAr1.1-015943",35.1593824805246,50.1251845760996,15.2729975345381,23.935098985687,36.44694024447,28.9776411889552,54.7940587293613,42.6579538266593,0.387372063820768,5.16973588098254,0.306859462333547,1
"11846","PmetTSAr1.1-015944",6.38444029697506,10.8282297837984,6.14702687148592,5.63957531410546,5.57081104635756,5.59763215162256,13.1799093463741,7.47292621780893,0.135099395554466,2.94023932606321,0.710495706275958,1
"11847","PmetTSAr1.1-015945",42.6678439565446,44.6218260321361,44.1167390084336,28.5950297616615,38.231056200493,28.129515105376,31.8497014411584,30.7125944936466,-0.311364542330904,5.17665529204028,0.309522034311365,1
"11848","PmetTSAr1.1-015949",67.1265448125618,70.6214766668608,42.7927639899597,48.7174581124603,65.8666482539923,56.3155719496573,59.0267164208836,58.5662285782071,0.0645826288646789,5.87508256919265,0.852555040294691,1
"11849","PmetTSAr1.1-015950",28.4152554062552,30.5213290059811,33.6195085048192,29.7335355762461,30.2207396632469,26.6028881549335,27.3236912363622,28.419764858637,-0.119520227160721,4.87851445169147,0.673790503723999,1
"11850","PmetTSAr1.1-015951",25.5827220350621,26.9813308074317,23.4532717558232,24.5440672120928,29.0191921826599,18.2064399274996,27.3865524892066,27.5422621588185,0.0224277812803872,4.66683188666784,0.939933119564115,1
"11851","PmetTSAr1.1-015952",34.8896173975539,42.8072051068293,33.4303692164657,44.5870649246647,38.6315720273553,43.254430262538,54.8569199822057,41.0444811205415,0.191019021985795,5.38397538975449,0.532838068081888,1
"11852","PmetTSAr1.1-015953",1.66355134498646,1.21966324487839,3.02622861365461,3.33608680552717,2.18463178288532,3.08152477033767,1.52962381921353,1.92484463185988,-0.0881570460410088,1.20466442198622,0.81213251107571,1
"11853","PmetTSAr1.1-015954",29.7191199739473,34.0315793205092,32.4373879526103,37.9413681930193,37.4664350764832,42.2932207011482,46.1192058368352,34.9868818379236,0.262029022080514,5.20721375313214,0.376664834424838,1
"11854","PmetTSAr1.1-015955",38.7562502534683,44.681321800179,44.9205809839356,37.6765993989299,46.7511201537458,29.0624537973131,45.6582233159764,40.8463353496147,-0.0326188929221859,5.3612120863059,0.916344338003039,1
"11855","PmetTSAr1.1-015956",2.92245506551675,5.83058526819912,1.74953841726907,2.56825730266774,2.47591602060336,2.79881607581128,3.7088139178191,2.20791001889809,-0.228251024600419,1.63348086357089,0.526483991969385,1
"11856","PmetTSAr1.1-015957",38.8461719477919,51.7613181972779,29.8367227377509,28.330260967572,35.4274454124569,25.9243872880701,48.8012859581959,47.2153065579746,0.0810484237223655,5.26056670180995,0.811307958111324,1
"11857","PmetTSAr1.1-015958",19.3331642795724,18.1759571370901,34.8489138791163,40.0065647869171,23.8488969631647,25.6416785935438,13.012279338789,19.7296574765637,-0.45114487052764,4.60762823831175,0.199144103084096,1
"11858","PmetTSAr1.1-015959",10.5208382358603,13.7435224178979,6.90358402489957,8.34021701381793,10.0857167309872,9.52728300553941,11.2521642591461,9.93559508504142,0.0452533699232134,3.33694097746857,0.884264574898685,1
"11859","PmetTSAr1.1-015961",6.38444029697506,6.27680352852048,3.68821612289155,4.02448567015976,4.73336886291819,2.99671216197976,3.24783139696023,3.53831733797771,-0.492357472010407,2.14258889436985,0.111876398608696,1
"11860","PmetTSAr1.1-015964",22.4804235808981,28.0225067481815,17.400814528514,28.1713996911183,24.1765917305975,23.3800090373326,32.0382851996915,27.1176640782612,0.15071788813819,4.66784739524774,0.615842817028929,1
"11861","PmetTSAr1.1-015965",12.7688805939501,8.24016387393447,9.97709746064253,44.6929724423005,27.5627709940697,26.1788251131439,1.02673379645839,15.2572243613599,-0.113333765571956,4.19217953448051,0.868498869810063,1
"11862","PmetTSAr1.1-015966",5.9348318253571,7.43697100535602,5.8633179389558,4.47459262011184,5.78927422464609,3.33596259541143,4.02312018204106,4.6988854248344,-0.411897982186512,2.39196192587019,0.176386801801904,1
"11863","PmetTSAr1.1-015967",53.6832515111847,89.0056689921009,28.9383111180722,30.1042118879714,21.5550335911351,19.1393786194367,30.8858288975444,117.783507546602,-0.0913506108429865,5.61334997258265,0.867310959971104,1
"11864","PmetTSAr1.1-015969",3.32710268997292,3.83747703876371,14.0435921602409,4.07743942897765,2.91284237718042,3.61867128993782,3.54118391023405,4.75549850224205,-0.76343572990219,2.33680174402806,0.0732932915674331,1
"11865","PmetTSAr1.1-015970",23.1997971354869,21.3292328433611,18.204656504016,22.4259168593771,19.6980965756826,21.0335268727636,17.4544745397927,19.3899790121179,-0.135046188094575,4.35066718294881,0.632935926587636,1
"11866","PmetTSAr1.1-015971",9.5766604454626,10.3522636394556,4.3502036321285,10.5113211253515,8.55647448296749,6.55884171301229,4.23265769152236,7.52953929521658,-0.377173187993476,2.95790738699826,0.286878131935027,1
"11867","PmetTSAr1.1-015973",20.0525378341611,19.6930992221828,21.7983029827308,18.3749543098084,19.2975807488203,14.9835608098988,15.6524519582535,17.7198932285924,-0.240342850642141,4.2096079522354,0.395732775285198,1
"11868","PmetTSAr1.1-015975",4.58600641050321,6.09831622439194,41.894352370281,9.69053786367416,10.3041799092757,16.1709373269096,4.27456519341862,4.72719196353823,-0.810591075096166,3.61405118753285,0.176902904878658,1
"11869","PmetTSAr1.1-015976",5.48522335373914,5.50335854396346,45.2042899164657,9.82292226071889,10.5226430875643,16.3971042825307,4.35838019721114,4.10444811205415,-0.898737263065422,3.66650386727881,0.144419980344002,1
"11870","PmetTSAr1.1-015977",10.4758773886985,11.5421790003125,12.1994840987951,10.6966592812141,8.9569903098298,8.96186561648663,8.31863912640781,8.09567006929301,-0.387461415096848,3.3164404387346,0.166865839287139,1
"11871","PmetTSAr1.1-015979",16.2308658254084,17.1942769643831,11.2537876570281,15.8861276453675,12.9621485784529,10.3471382196659,9.82730919467321,16.7008578352548,-0.28272200358488,3.79292099054256,0.360629800356014,1
"11872","PmetTSAr1.1-015981",5.44026250657734,6.36604718058476,5.76874829477909,4.63345389656552,5.64363210578707,6.16304954067535,6.13944902780224,5.97267966650638,0.108303266726898,2.54306043143263,0.700299941235669,1
"11873","PmetTSAr1.1-015984",68.5203310745774,78.8318926567739,81.2353243477909,105.298549409377,73.7677332020942,83.9079405354332,99.7817620149975,85.9103449660989,0.0403431825449735,6.40470655291105,0.91742031537127,1
"11874","PmetTSAr1.1-015985",11.0154075546401,9.25159193066289,11.5374965895582,10.0612141753994,9.86725355269868,7.209071710423,5.09176148039571,7.27478044688218,-0.509359902113426,3.16397092351384,0.0952138594398479,1
"11875","PmetTSAr1.1-015988",94.3728181926103,68.1524022930826,215.571503900802,55.5220161205593,99.3279250618524,57.983553247363,59.2362539303649,70.1152963693664,-0.596886235785763,6.49294023814026,0.212471676409627,1
"11876","PmetTSAr1.1-015989",3.5519069257819,5.32487123983491,3.83007058915661,8.18135573736425,2.40309496117385,4.55160998187491,4.35838019721114,3.02879964130892,-0.545223805502697,2.16165705213854,0.112285942952961,1
"11877","PmetTSAr1.1-015991",4.04647624456166,4.37293895114934,4.39748845421685,5.18946836415338,2.73078972860665,4.69296432913811,5.38511399366954,4.84041811835351,-0.026635329336713,2.1776849272413,0.931308597447796,1
"11878","PmetTSAr1.1-015992",11.2402117904491,12.1966324487839,8.41669833172688,6.35445105814699,8.48365342353798,9.55555387499205,13.808521874818,7.64276545003186,0.0497306522269134,3.28931177497624,0.884133671111346,1
"11879","PmetTSAr1.1-015993",10.7456424716693,15.1416729669049,9.97709746064253,13.8209310514697,15.7293488367743,11.67586908394,9.57586418329564,15.5685962871019,0.0778696523799454,3.68295723143546,0.798729910822171,1
"11880","PmetTSAr1.1-015994",4.36120217469423,5.53310642798488,4.53934292048191,6.19558978169332,3.38617926347224,4.24063041789588,6.20231028064663,5.18009658279937,-0.11797443658007,2.32868021942179,0.700643661212762,1
"11881","PmetTSAr1.1-015996",13.1735282184063,12.7320943611695,18.9139288353413,15.8596507659585,14.3093381778988,15.2379986349725,15.0238394298096,11.8887462556051,-0.103199855451341,3.87783455185809,0.724386739747805,1
"11882","PmetTSAr1.1-015997",49.3220493364905,95.7881865489856,43.64389078755,49.6706257711823,39.9423510970865,47.6929567666023,40.9645831035951,109.885983248236,0.000149808000706465,5.89921939484591,0.999884361126784,1
"11883","PmetTSAr1.1-016000",11.5998985677434,13.4162956936623,17.2589600622489,17.607124806949,9.79443249326917,10.0644295251396,11.9226842894863,9.28454469485352,-0.543737375030078,3.66410538357884,0.0649907119444647,1
"11884","PmetTSAr1.1-016001",40.2399582098076,43.2236754831292,49.5544935485942,46.7846459156072,39.4690142107947,32.7093959567036,29.0209450631607,37.9590684018249,-0.369924062641941,5.31923953144379,0.218160632644795,1
"11885","PmetTSAr1.1-016002",17.8494563232331,20.1095695984827,15.3675671787148,13.8738848102876,18.5693701545252,10.7146595225503,14.9609781769652,15.1156916678408,-0.179461560852909,3.98894317682298,0.554964982471455,1
"11886","PmetTSAr1.1-016003",9.30689536249182,3.39125877844235,12.0103448104417,12.1793645281151,8.629295542397,3.84483824555893,1.55057757016166,3.79307618631211,-1.05314869235726,2.78165512962229,0.0268698029671952,1
"11887","PmetTSAr1.1-016004",116.89820262067,71.8708877957606,142.42188413012,87.0559794966138,124.341958975889,100.870462207017,75.0982433980997,63.9161643932294,-0.199433012372607,6.61258965359499,0.63839542257363,1
"11888","PmetTSAr1.1-016005",18.52386903066,18.6519232814329,15.131143068273,19.036876295032,16.4939699607841,17.2452303661099,20.7023059367529,18.6540090058185,0.0348421945104964,4.17954171787882,0.904020481144515,1
"11889","PmetTSAr1.1-016006",16.7254351441882,19.9013344103327,12.9087564301204,19.1427838126678,15.2196014207677,17.7541060162574,21.6871322313151,14.7194001259873,0.0141115571681127,4.11487660753757,0.963580658399654,1
"11890","PmetTSAr1.1-016007",16.0510224367613,16.7183108200403,15.0838582461847,14.0592229661502,17.112948965935,12.9197873398561,16.8887232641932,15.2855309000637,0.00691954031198572,3.96123734996053,0.982902618220749,1
"11891","PmetTSAr1.1-016008",7.73326571182895,8.12117233784878,7.47100188995981,6.91046552573485,8.41083236410847,8.17028127181273,8.92629790390359,4.84041811835351,0.00580766248976663,2.9325178448637,0.989570825793052,1
"11892","PmetTSAr1.1-016010",5.35034081225375,3.68873761865659,6.24159651566263,5.98377474642175,8.66570607211175,4.15581780953796,3.10115514032331,5.46316196983759,0.00499156680635241,2.42844600328559,0.990113747498147,1
"11893","PmetTSAr1.1-016012",29.6741591267855,23.1141058846465,29.4111593389557,34.8700501815816,21.6642651802794,28.6101198860709,29.1676213197977,24.3153167465829,-0.173799739331134,4.78999483621289,0.556001761893172,1
"11894","PmetTSAr1.1-016014",41.2740576945289,42.2122474264008,44.5895872293171,43.6338972659427,39.7967089782275,44.0177437377592,36.5433416535396,44.1865069166657,-0.0615451657629342,5.39547134437816,0.8359447731075,1
"11895","PmetTSAr1.1-016015",26.6617823669452,31.8302359029238,32.9102361734938,33.0696223817733,31.2766450249748,28.525307277713,29.5238350859159,28.3914583199332,-0.0807658535540921,4.92291124163064,0.777989442049245,1
"11896","PmetTSAr1.1-016016",4.58600641050321,4.40268683517077,6.47802062610439,6.80455800809907,5.82568475436084,7.54832214385467,8.33959287735594,6.11421236002549,0.322404745623428,2.66228566271544,0.288827284785628,1
"11897","PmetTSAr1.1-016017",28.1005294761226,22.3406609000895,21.0417458293172,18.7985843803515,26.6160972214861,20.609463830974,20.4299071744272,20.7769994086051,-0.0296863947493635,4.4851320225042,0.919867207758294,1
"11898","PmetTSAr1.1-016018",8.99216943235925,6.72302178884185,14.7055796694779,13.688546654425,8.44724289382322,13.5982882067195,11.3569330138867,8.91655969170384,-0.0583601138395343,3.44150588481594,0.861164115674434,1
"11899","PmetTSAr1.1-016019",10.7006816245075,8.29965964197732,9.36239477349394,4.97765332888181,7.60980071038385,2.91189955362184,3.10115514032331,6.22743851484078,-0.74896193811426,2.74179336306792,0.0465091133966167,1
"11900","PmetTSAr1.1-016020",34.2152046901269,36.9766198386301,35.9837496092368,34.8435733021727,32.8422978027093,38.8724454973789,52.0700711061043,39.6574607240542,0.203010433608861,5.25739083422571,0.503203782732708,1
"11901","PmetTSAr1.1-016021",45.5003773277378,57.2646767412414,35.4163317441766,30.6072725967413,46.8239412131753,37.8829650665365,42.8504206889269,40.4783503464651,-0.00658264222451638,5.39794988998026,0.984310538590658,1
"11902","PmetTSAr1.1-016026",20.951754777397,26.4756167790674,14.8947189578313,19.0103994156231,21.4822125317056,16.8777090632256,26.9255699683477,27.3724229265956,0.187580051405299,4.44740798432692,0.545581352788913,1
"11903","PmetTSAr1.1-016027",105.837834218868,92.2779362344575,78.3982350224897,122.270229110512,115.31214760663,105.846135230681,88.6134127596439,90.5526173135257,0.00542391293993446,6.6431542546992,0.989153912459864,1
"11904","PmetTSAr1.1-016028",3.14725930132574,3.03428417018526,2.55338039277107,4.1039163083866,3.422589793187,2.68573259800072,4.25361144247049,2.94388002519746,0.0472968674095368,1.73792459236959,0.872006114643542,1
"11905","PmetTSAr1.1-016029",2.69765082970777,2.97478840214241,2.45881074859437,3.44199432316295,2.87643184746567,3.3925043343167,3.49927640833779,3.11371925742039,0.149178138881061,1.64364760928871,0.568773597112785,1
"11906","PmetTSAr1.1-016030",9.80146468127158,7.58571042546314,5.95788758313251,15.1182981425081,10.704695736138,8.90532387758135,8.00433286218585,7.303086985586,-0.143276442952868,3.20760109882619,0.676141993772355,1
"11907","PmetTSAr1.1-016031",25.3579177992531,40.546365921201,11.3010724791164,18.3749543098084,26.8709709294894,18.6587738387419,36.8157404158653,30.3729160292007,0.237323460663091,4.70654713536874,0.533235838265349,1
"11908","PmetTSAr1.1-016033",26.9315474499159,32.5739330034594,16.1714091542168,23.3526076386902,23.958128552309,15.9164995018359,37.7796129594793,25.0229802141784,0.0520888454065571,4.66010449608181,0.879189684197804,1
"11909","PmetTSAr1.1-016034",64.9234633016337,52.4455195297707,64.6856366168672,41.8069925867254,53.0865523241132,47.1275393775495,55.883653778664,52.2255639085511,-0.103376526335044,5.75696810063963,0.753424575754863,1
"11910","PmetTSAr1.1-016035",3.91159370307627,4.04571222691368,1.89139288353413,7.28114183746009,3.8231056200493,2.94017042307448,3.41546140454527,5.3499358150223,-0.15062631910372,2.0543592390427,0.698035827155944,1
"11911","PmetTSAr1.1-016036",9.35185620965362,9.9952890311985,7.23457777951804,6.75160424928118,8.59288501268224,8.39644822743384,7.20809032615689,9.22793161744588,0.00341651099362207,3.07124230324226,0.993952798298438,1
"11912","PmetTSAr1.1-016041",7.32861808737279,7.55596254144172,9.03140101887547,6.85751176691696,8.55647448296749,7.23734257987564,7.06141406951998,7.84091122095862,-0.00294138122305507,2.9525738308885,0.994645518739134,1
"11913","PmetTSAr1.1-016042",5.30537996509196,5.50335854396346,6.71444473654616,5.26889900238021,5.78927422464609,4.60815172078019,5.11271523134384,5.01025735057644,-0.150399457959177,2.45175939378966,0.59421571427517,1
"11914","PmetTSAr1.1-016043",13.0386456769209,13.1485647374695,12.7669019638554,12.1264107692972,12.7436854001643,12.8067038620456,12.4465280631895,12.2850377974586,-0.022612192808071,3.67025545828186,0.937050193428477,1
"11915","PmetTSAr1.1-016044",3.95655455023807,4.13495587897795,2.41152592650602,3.28313304670928,3.20412661489846,3.36423346486407,2.87066387989388,4.24598080557326,-0.0153192266740716,1.80609837884312,0.971896798406185,1
"11916","PmetTSAr1.1-016046",21.7610500263094,18.4734359773044,11.8212055220883,22.2141018241055,17.6955174413711,19.9309629641106,16.4067869923862,24.2303971304714,0.0745409697055662,4.25794627926117,0.81008996625877,1
"11917","PmetTSAr1.1-016049",28.685020489226,43.5806500913863,28.8437414738955,27.0593707559426,26.2884024540533,14.7008521153724,19.2774508722801,27.2308902330765,-0.551397877071787,4.75568314922004,0.0864677387954399,1
"11918","PmetTSAr1.1-016050",22.0308151092802,4.40268683517077,5.43775454016062,11.8351650957988,15.3652435396267,6.13477867122271,1.94869883817614,4.38751349909237,-0.652540088386779,3.16666339384278,0.244790161985307,1
"11919","PmetTSAr1.1-016051",28.9547855721968,37.3335944468872,48.2305185301203,31.8252090495529,35.3182138233126,37.374089416389,41.3417506206615,27.9951667780797,-0.0427336491769959,5.17416909561656,0.891099417057484,1
"11920","PmetTSAr1.1-016052",5.9797926725189,9.96554114717707,2.88437414738955,8.39317077263582,9.13904295840357,5.20183997928561,5.59465150315084,5.54808158594906,-0.102105319546752,2.73474672845245,0.794297024756013,1
"11921","PmetTSAr1.1-016054",29.9888850569181,23.709063565075,68.2319982734937,34.6582351463101,43.292119830844,35.5930246408728,27.3446449873103,24.0888644369523,-0.264535874309028,5.16626072556591,0.476253370865623,1
"11922","PmetTSAr1.1-016056",1.70851219214826,2.82604898203529,4.3502036321285,3.62733247902557,2.54873708003287,3.19460824814823,3.05924763842705,2.68912117686306,-0.121456751141322,1.61462660932946,0.697643165517784,1
"11923","PmetTSAr1.1-016057",9.98130806991876,6.87176120894897,19.6232011666666,15.3301131777796,12.343169573302,11.2518060421504,6.74710780529802,7.81260468225479,-0.441388983675226,3.49737661240187,0.224415206504215,1
"11924","PmetTSAr1.1-016058",6.78908792143123,8.50789483012729,3.07351343574296,6.16911290228437,4.84260045206245,8.76396953031815,7.04046031857185,6.70864967280575,0.154198695208756,2.71332275738961,0.65610568134949,1
"11925","PmetTSAr1.1-016059",21.2215198603678,23.9767945212678,20.8053217188754,10.6701824018052,24.3222338494565,11.4214312588662,15.9458044715273,15.7667420580287,-0.18473487525626,4.17534330342933,0.591401789401834,1
"11926","PmetTSAr1.1-016060",46.5344768124591,50.154932460121,44.0221693642569,39.2916890428756,42.2362144691161,35.734378988136,38.052011721805,43.507149987774,-0.174216605570855,5.40938504003104,0.560602807750425,1
"11927","PmetTSAr1.1-016061",41.9934312491177,42.5394741506365,39.1518326891565,40.2183798221887,35.9371928284635,30.6173516172083,26.9465237192958,36.2323695408918,-0.337578299977379,5.20009846914362,0.252827442566218,1
"11928","PmetTSAr1.1-016062",8.40767841925589,7.73444984557027,5.81603311686745,12.7353789957029,8.22877971553469,7.66140562166522,7.83670285460081,8.23720276281212,-0.121787897464431,3.07025380060091,0.703908112235846,1
"11929","PmetTSAr1.1-016063",2.87749421835496,2.43932648975678,3.78278576706826,14.5093299161023,5.57081104635756,5.45627780435937,0.754335034132698,2.94388002519746,-0.68715803535146,2.28083238370884,0.242396965336565,1
"11930","PmetTSAr1.1-016064",14.9719621048781,18.9791500056686,21.278169939759,16.4950958717732,16.4939699607841,15.0683734182567,19.1517283665913,17.0688428384045,-0.0809515952596683,4.12919948531998,0.779838552459345,1
"11931","PmetTSAr1.1-016065",3.50694607862011,3.12352782224953,1.60768395100401,3.09779489084666,2.91284237718042,1.89414825332683,2.55635761567192,2.29282963500956,-0.239479614614611,1.4254183666018,0.432703597606398,1
"11932","PmetTSAr1.1-016066",10.4758773886985,6.78251755688469,28.7964566518071,16.2568039570927,19.3704018082498,10.8842847392661,5.99277277116532,3.9063023411274,-0.634438406491054,3.68308142049851,0.196122412398776,1
"11933","PmetTSAr1.1-016067",28.1454903232844,18.3246965571972,23.689695866265,47.2082759861504,22.5017073637188,14.9835608098988,5.04985397849945,14.7194001259873,-1.0372666490083,4.45154261612427,0.0136835043743346,1
"11934","PmetTSAr1.1-016068",18.2990647948511,15.2011687349477,12.3413385650602,38.5503364194251,16.3847383716399,16.1709373269096,14.1856893918844,16.7574709126625,-0.412162397640449,4.21373272023463,0.251464404966781,1
"11935","PmetTSAr1.1-016070",6.29451860265147,6.78251755688469,4.58662774257026,6.0102516258307,5.60722157607231,6.72846692972813,8.13005536787463,7.67107198873568,0.248571847798075,2.71050060063698,0.398213702113293,1
"11936","PmetTSAr1.1-016071",23.1997971354869,26.2673815909175,37.6860032044175,27.827200258802,23.6304337848762,17.8106477551627,16.1972494829049,21.1449844117548,-0.545577300694494,4.60115368076668,0.0701426700760637,1
"11937","PmetTSAr1.1-016072",10.8805250131547,11.5124311162911,7.80199564457828,19.1692606920768,8.08313759667567,14.107163856867,29.9848176067747,20.1542555571211,0.550276373773505,3.9351345537887,0.169044772386992,1
"11938","PmetTSAr1.1-016073",55.4816853976565,59.1387934345911,41.9416371923693,47.896674850783,46.9695833320343,53.9973606545409,55.9465150315084,51.0366892829906,0.0244030479700736,5.68973309293611,0.939802899826602,1
"11939","PmetTSAr1.1-016075",60.9219479042339,54.3791319911632,59.2478820767066,101.538832533307,55.9265736418641,91.286637462572,53.7044636800585,55.1694439337485,-0.108686982911103,6.05717924243122,0.788353917892235,1
"11940","PmetTSAr1.1-016076",21.5812066376622,13.7732703019194,81.4717484582326,25.8149574237222,24.2130022603123,22.333986867585,11.8388692856937,13.0493143424618,-0.997203702537221,4.74339133054135,0.0361200358817093,1
"11941","PmetTSAr1.1-016077",31.6524364019045,21.1507455392325,30.2622861365461,70.7726986601121,43.2192987714145,44.3569941711909,7.43858158658633,24.9380605980669,-0.3597766567884,5.09944128971753,0.460860365619375,1
"11942","PmetTSAr1.1-016078",29.4493548909765,35.6974608257089,26.8104941240963,25.391327353179,29.2376553609485,29.9105798808923,32.8764352376168,29.5803329454937,0.0513755568701297,4.90366091603996,0.860071776414215,1
"11943","PmetTSAr1.1-016079",41.4539010831761,36.4411579262445,41.090510394779,41.1450706015018,39.6510668593685,28.3556820609971,26.5693562022295,27.6554883136338,-0.389957687433618,5.14358638849353,0.193972158626414,1
"11944","PmetTSAr1.1-016080",16.5905526027028,19.1278894257757,32.6738120630521,25.1265585590896,17.549875322512,29.854038141987,29.0418988141089,30.6276748775351,0.196045803720786,4.65185252122892,0.549400829667222,1
"11945","PmetTSAr1.1-016081",3.37206353713472,4.1944516470208,3.12079825783131,3.52142496138979,2.69437919889189,3.33596259541143,4.04407393298919,3.39678464445861,-0.0760925581629572,1.81790250135031,0.778450593736456,1
"11946","PmetTSAr1.1-016082",35.2043433276864,37.4525859829729,73.1496197706824,51.6563917268533,23.7760759037352,25.5851368546385,78.7232423121263,39.855606494981,-0.232921856502968,5.5153438719685,0.575250404520512,1
"11947","PmetTSAr1.1-016083",38.171759240365,37.6608211711229,37.2604398056223,31.8252090495529,32.9515293918535,30.7869768339241,35.0346715852742,33.9961529832899,-0.126025845441925,5.11975841785816,0.662920286361158,1
"11948","PmetTSAr1.1-016084",2.3829248995752,2.82604898203529,1.56039912891566,2.01224283507988,2.18463178288532,1.47008521153724,2.6820801213607,2.88726694778981,0.067519271701728,1.21217092476508,0.837151295870912,1
"11949","PmetTSAr1.1-016085",11.8247028035524,9.8762974951128,26.1957914369477,26.7946019618532,21.3365704128466,17.2735012355626,8.75866789631855,10.3035800881911,-0.374079361185718,4.05287955150809,0.352345554914535,1
"11950","PmetTSAr1.1-016086",76.7931269523479,31.4435134106453,56.3635079293171,65.2125539842335,51.0839731898016,41.7278033120955,13.2427705992185,33.1752633608791,-0.723288500158612,5.52897817770443,0.0831006336698827,1
"11951","PmetTSAr1.1-016087",8.49760011357949,9.78705384304853,9.03140101887547,14.641714313147,9.21186401783308,13.71137168453,9.51300293045125,9.28454469485352,-0.0105135354428283,3.3960724987255,0.978594409548195,1
"11952","PmetTSAr1.1-016088",41.1841360002053,42.2717431944436,46.2918408244978,14.4563761572844,36.010013887893,21.31623556729,41.8655943943647,31.9863887353185,-0.1357975723353,5.10747667164265,0.718939571528426,1
"11953","PmetTSAr1.1-016089",1.88835558079544,1.63613362117833,2.41152592650602,3.36256368493612,1.74770542630825,1.97896086168474,1.06864129835466,2.54758848334395,-0.35163099994914,1.09734219630302,0.284899701866855,1
"11954","PmetTSAr1.1-016090",1.57362965066287,1.54688996911405,1.56039912891566,2.46234978503196,1.60206330744923,1.97896086168474,1.63439257395418,1.13226154815287,-0.182820101843703,0.807848703062483,0.5529346767339,1
"11955","PmetTSAr1.1-016091",29.6741591267855,44.8300612202861,33.4776540385541,41.4363162750002,30.5848449603944,25.4155116379226,34.9718103324298,31.8731625805033,-0.282927302109062,5.09159200372687,0.349425381739773,1
"11956","PmetTSAr1.1-016092",98.6440986729809,115.09456327889,80.053203795582,90.1272975080515,93.9755771937834,77.2360153446103,103.301992174283,88.6843857590734,-0.0800828285342088,6.54616843423233,0.837100900520631,1
"11957","PmetTSAr1.1-016093",28.235412017608,23.3520889568179,34.8489138791163,38.0737525900641,28.1453394695058,25.3589698990174,18.8793296042656,22.9282963500956,-0.386005096474115,4.78306789052436,0.203536608872107,1
"11958","PmetTSAr1.1-016094",6.24955775548968,6.30655141254191,11.8212055220883,8.86975460199684,6.80876905665924,8.48126083579176,3.2268776460121,6.76526275021339,-0.3957017014587,2.88100545667026,0.264642170551577,1
"11959","PmetTSAr1.1-016096",2.3379640524134,1.66588150519975,1.84410806144578,4.71288453479235,1.78411595602301,3.08152477033767,1.80202258153922,2.57589502204778,-0.202956479158938,1.34683753944108,0.576088161211473,1
"11960","PmetTSAr1.1-016097",23.6943664542666,22.6381397403037,13.4288894730923,17.58064792754,23.7760759037352,17.3017721050152,21.3728259670931,27.1742771556688,0.212125425165336,4.38785358573815,0.491332194291062,1
"11961","PmetTSAr1.1-016098",3.5519069257819,4.46218260321361,4.01920987751002,7.81067942563901,2.84002131775091,4.01446346227477,6.60043154866111,5.94437312780256,-0.0346917133375825,2.31616133913984,0.931509617958927,1
"11962","PmetTSAr1.1-016100",4.85577149347399,5.02739239962067,6.33616615983933,9.95530665776362,5.06106363035098,10.0927003945922,8.1719628697709,8.23720276281212,0.26813367541071,2.8658246845426,0.428319945193239,1
"11963","PmetTSAr1.1-016101",5.79994928387171,3.03428417018526,44.5423024072287,19.7782289184825,21.6642651802794,17.8954603635206,2.64017261946444,1.81161847704459,-0.733163541862294,3.87515269140454,0.331257164287343,1
"11964","PmetTSAr1.1-016103",21.8060108734712,17.6999909927473,13.4761742951807,27.8801540176199,29.5653501283813,13.2024960343825,0.963872543614003,19.4182855508217,-0.35787703964225,4.17423120723393,0.550400365414076,1
"11965","PmetTSAr1.1-016104",10.8805250131547,12.7320943611695,14.2327314485943,5.56014467587862,5.31593733835427,12.2978282118981,5.00794647660319,10.1054343172644,-0.40551949838569,3.25796188608556,0.287622531332758,1
"11966","PmetTSAr1.1-016106",59.3033574064092,44.6218260321361,91.4015610967868,60.6320538464859,62.8445742876676,53.9690897850882,25.374992398186,48.3475681061275,-0.425877979362085,5.80366190574493,0.266766127419349,1
"11967","PmetTSAr1.1-016107",4.58600641050321,6.33629929656333,3.07351343574296,5.24242212297127,4.33285303605588,3.78829650665365,3.58309141213032,3.36847810575478,-0.359893348827405,2.12183060557931,0.234811182759906,1
"11968","PmetTSAr1.1-016109",36.193481965246,33.8530920163806,25.2500949951806,22.8760238093292,34.7720558775913,24.1433225125539,25.7521599152524,27.4573425427071,-0.0759287594037342,4.85019532840719,0.803393764822126,1
"11969","PmetTSAr1.1-016110",35.0244999390393,31.4137655266238,23.2641324674698,21.8434255123803,33.7525610455781,20.8356307865951,23.4682010619062,27.315809849188,-0.082352802575018,4.76398789419943,0.791219241505967,1
"11970","PmetTSAr1.1-016111",12.2743112751704,9.8762974951128,21.4673092281124,17.4482635304953,11.5057273898627,7.63313475221258,4.31647269531488,17.3519082254427,-0.582018649815527,3.67598174712035,0.151304624686714,1
"11971","PmetTSAr1.1-016112",4.18135878604705,4.31344318310649,3.54636165662649,5.71900595233229,4.36926356577063,3.50558781212726,4.73554771427749,3.22694541223568,-0.169839927103538,2.09246088320001,0.563240668248746,1
"11972","PmetTSAr1.1-016113",12.364232969494,13.9815054900693,8.36941350963852,11.5174425428914,11.1416220927151,13.4286629900036,15.421960697824,14.9741589743217,0.248952240771041,3.6689665193439,0.405093772937491,1
"11973","PmetTSAr1.1-016114",3.50694607862011,5.35461912385634,1.56039912891566,3.89210127311503,3.31335820404273,2.96844129252712,4.27456519341862,3.67985003149682,-0.015374313593213,1.86420372864757,0.977296866457405,1
"11974","PmetTSAr1.1-016115",6.74412707426943,5.8008373841777,5.39046971807227,10.9084743164857,7.46415859152483,6.47402910465438,6.76806155624615,7.27478044688218,-0.0479980856738837,2.84191726709701,0.885301862454954,1
"11975","PmetTSAr1.1-016116",17.4448086987769,13.5947829977908,18.1100868598393,19.5134601243931,16.2755067824956,21.0900686116688,13.3894468558554,21.0600647956434,0.0646594145529374,4.13915357805215,0.83123868070551,1
"11976","PmetTSAr1.1-016117",13.2184890655681,17.7594867607902,16.8333966634538,12.9471940309745,12.7072748704496,10.7429303920029,10.3301992174283,15.087385129137,-0.31451799630683,3.78237322624838,0.289934020904449,1
"11977","PmetTSAr1.1-016118",4.49608471617962,6.48503871667045,3.97192505542167,5.42776027883389,3.78669509033455,4.07100520118004,4.4631489519518,5.37824235372613,-0.2071776150455,2.27073117503455,0.483939609419659,1
"11978","PmetTSAr1.1-016119",26.3020955896508,22.4001566681323,26.1485066148593,38.6297670576519,25.8150655677615,23.4930925151432,24.8511486244828,24.5983821336211,-0.201058582320864,4.73293567495398,0.500162582577928,1
"11979","PmetTSAr1.1-016120",7.05885300440201,8.71613001827726,6.85629920281122,12.3911795633866,7.46415859152483,7.209071710423,7.22904407710502,8.01075045318155,-0.231292508266711,3.03271757489417,0.452688232966895,1
"11980","PmetTSAr1.1-016121",1.97827727511903,2.17159553356396,2.50609557068272,2.46234978503196,1.96616860459678,1.52662695044252,2.22109760050183,1.6983923222293,-0.296485744634984,1.08821392139763,0.270359689198346,1
"11981","PmetTSAr1.1-016123",20.9967156245588,21.8646947557467,5.76874829477909,15.144775021917,17.4770542630825,18.0933564496891,29.9010026029822,23.975638282137,0.487442084267314,4.26518761694108,0.205557778999767,1
"11982","PmetTSAr1.1-016124",5.79994928387171,5.29512335581349,6.61987509236945,6.27502041992016,5.27952680863951,5.6259030210752,4.77745521617375,4.58565927001912,-0.242819286260103,2.48270252556676,0.386391337260459,1
"11983","PmetTSAr1.1-016125",5.12553657644477,5.59260219602773,7.80199564457828,6.03672850523964,5.35234786806902,5.34319432654881,4.14884268772984,4.81211157964969,-0.320952466260609,2.48052345422926,0.269037953826629,1
"11984","PmetTSAr1.1-016126",5.39530165941555,5.94957680428482,6.90358402489957,6.03672850523964,5.17029521949525,4.80604780694866,5.02890022755132,5.29332273761466,-0.258151660685102,2.49333423809649,0.354048935260323,1
"11985","PmetTSAr1.1-016127",4.7658497991504,5.94957680428482,7.47100188995981,5.74548283174124,4.95183204120672,5.00394389311714,4.56791770669245,4.50073965390765,-0.330376209606635,2.43979185337019,0.247280199795469,1
"11986","PmetTSAr1.1-016128",21.2664807075296,23.3520889568179,17.1643904180722,24.6764516091375,21.0088756454138,19.5351707917737,18.4812083362511,21.2582105665701,-0.108056968908699,4.38586670968244,0.706310953627764,1
"11987","PmetTSAr1.1-016129",11.1952509432873,9.1326003945772,9.31510995140559,10.8025667988499,11.6149589790069,10.7712012614555,10.7283204854428,8.66180084336944,0.046385731139375,3.37001627142837,0.873475197231206,1
"11988","PmetTSAr1.1-016130",5.17049742360657,4.8191572114707,3.07351343574296,8.63146268731633,2.73078972860665,4.9756730236645,4.37933394815927,6.59542351799046,-0.219235559722902,2.35558855625557,0.550943352528685,1
"11989","PmetTSAr1.1-016131",45.0957297032816,43.7888852795363,42.7454791678713,47.1553222273325,48.7901098177721,38.6745494112104,20.3251384196866,51.8858854441052,-0.163568607004865,5.40474212352419,0.632997386153975,1
"11990","PmetTSAr1.1-016132",46.4445551181355,41.1413236016295,36.1256040755019,62.2736203698405,61.4609741585069,46.1380589467072,31.9963776977953,38.581812253309,-0.0626152345608902,5.51036298680742,0.853888644047391,1
"11991","PmetTSAr1.1-016133",28.6400596420642,27.5465406038387,21.6091636943774,25.5766655090416,23.0842758391548,29.0059120584078,35.7261453665625,26.1269352236274,0.140766339480992,4.76721635454535,0.63396527226726,1
"11992","PmetTSAr1.1-016134",27.4261167686957,10.5010030595627,19.7650556329317,53.721588320751,46.1685516783097,23.7192594707643,9.93207794941386,11.1810827880096,-0.293176761445944,4.66437688436442,0.566527102045506,1
"11993","PmetTSAr1.1-016135",11.5099768734198,17.1347811963403,21.5618788722891,17.2364484952237,12.2339379841578,14.5029560292039,21.5614097256263,15.8516616741402,-0.0711605284289547,4.04559355300817,0.822349990133088,1
"11994","PmetTSAr1.1-016136",9.71154298694798,10.4117594074984,5.39046971807227,7.89011006386585,7.60980071038385,6.78500866863341,7.73193409986016,6.31235813095224,-0.233661862331442,2.96213256475143,0.451151755833605,1
"11995","PmetTSAr1.1-016137",20.0974986813229,15.0226814308192,37.4968639160641,20.4401509037062,26.5796866917713,20.0157755724686,11.6712392781087,15.5119832096943,-0.334706379880705,4.3852828791596,0.350422660830745,1
"11996","PmetTSAr1.1-016138",21.7160891791476,25.1369619981034,4.16106434377508,13.7944541720608,17.9503911493743,13.2307669038351,18.3764395815104,20.7769994086051,0.117096750279447,4.08424583036386,0.783640735997386,1
"11997","PmetTSAr1.1-016140",41.0042926115582,35.6379650576661,24.9191012405622,26.2121106148563,28.1817499992206,21.0900686116688,26.7160324588664,29.693559100309,-0.273768567471489,4.86981145304585,0.372485412046111,1
"11998","PmetTSAr1.1-016141",81.199289974204,91.2367602937077,64.6856366168672,72.4142651834668,80.7585549073272,91.3997209403825,107.220343601584,98.1670762248537,0.286526911858616,6.4254855204174,0.457680643558857,1
"11999","PmetTSAr1.1-016144",16.095983283923,15.0226814308192,18.9139288353413,22.0552405476519,16.8580752579317,16.2840208047202,13.7037531200773,15.2006112839523,-0.217181559177272,4.07261603126807,0.456118976078545,1
"12000","PmetTSAr1.1-016145",11.1952509432873,11.9883972606339,15.6039912891566,12.9471940309745,14.6370329453316,14.1919764652249,12.1322217989676,11.1244697106019,0.00976942683769433,3.70445810959116,0.975663161641206,1
"12001","PmetTSAr1.1-016146",7.23869639304919,6.99075274503466,8.51126797590358,7.41352623450482,7.68262176981336,9.58382474444469,8.8634366510592,5.51977504724523,0.0713549032826866,2.96110073131938,0.817134073329502,1
"12002","PmetTSAr1.1-016147",2.3379640524134,1.51714208509263,3.6409313008032,2.48882666444091,2.98566343660993,1.66798129770571,1.73916132869483,1.38702039648726,-0.358513804305729,1.18170138391762,0.276712988487314,1
"12003","PmetTSAr1.1-016149",5.30537996509196,6.24705564449906,7.18729295742969,8.86975460199684,7.06364276466252,9.41419952772885,7.1452290733125,6.34066466965606,0.115830491766385,2.86048304047072,0.704288320255545,1
"12004","PmetTSAr1.1-016150",6.24955775548968,5.20587970374922,5.53232418433733,7.06932680218853,7.06364276466252,5.90861171560159,6.62138529960924,4.24598080557326,-0.014555670756223,2.5966887616323,0.969078706577299,1
"12005","PmetTSAr1.1-016151",13.2634499127299,14.9631856627763,13.1924653626506,12.4176564427956,12.1611169247283,16.849438193773,16.3229719885937,12.6247162619045,0.106991738512634,3.81139988772172,0.713596547785005,1
"12006","PmetTSAr1.1-016153",1.70851219214826,2.3500828376925,6.52530544819275,4.71288453479235,3.89592667947881,2.79881607581128,1.19436380404344,1.83992501574841,-0.657726525062594,1.6663739665806,0.127447021183911,1
"12007","PmetTSAr1.1-016154",57.3250801312902,29.7181361374027,90.8814280538149,53.8274958383868,77.1539124655664,68.8112962477238,15.2752844411871,23.3528944306529,-0.328287073326707,5.7027156740522,0.506560132095056,1
"12008","PmetTSAr1.1-016156",21.7160891791476,22.8463749284537,15.4148520008032,15.4360206954154,18.3509069762367,13.3155795121931,14.772394418432,16.7574709126625,-0.255462972789592,4.1196548444233,0.394856430740037,1
"12009","PmetTSAr1.1-016157",23.9641315372374,23.0843580006251,16.1241243321285,15.7272663689138,20.1350229322597,13.2590377732878,15.1286081845502,16.6159382191433,-0.276909130475949,4.17475858848012,0.36416856369328,1
"12010","PmetTSAr1.1-016158",65.8676410920315,70.6214766668608,71.4473661755017,79.9601758150163,65.7938271945628,99.0893974315004,84.3178938152771,81.9191230088601,0.201786421880357,6.27508250057318,0.5952282447187,1
"12011","PmetTSAr1.1-016159",41.1391751530435,53.5759391225848,29.7421530935742,57.0311982468693,37.8669509033455,42.0105120066219,48.172673429752,47.4417588676052,-0.0489755015168746,5.48197197032004,0.881152118642279,1
"12012","PmetTSAr1.1-016160",36.8678946726729,37.8690563592729,31.6335459771083,49.9883483240897,38.7043930867849,40.5404267950846,28.0780262704949,36.1191433860765,-0.125151564965479,5.23028210904647,0.685748757363826,1
"12013","PmetTSAr1.1-016163",17.8494563232331,21.9241905237896,18.204656504016,14.8535293484186,20.7175914076957,18.1498981885944,19.4660346308132,19.6447378604523,0.0984367783762311,4.24130294571366,0.73119030764222,1
"12014","PmetTSAr1.1-016164",1.93331642795724,2.26083918562823,2.17510181606425,2.11815035271566,2.69437919889189,2.77054520635864,2.09537509481305,1.38702039648726,0.0695812933358913,1.16373174011581,0.808898711742053,1
"12015","PmetTSAr1.1-016167",2.83253337119316,3.39125877844235,1.5131143068273,6.67217361105434,1.27436854001643,2.20512781730586,1.86488383438361,2.57589502204778,-0.870582030325751,1.51749193471926,0.0252966724225632,1
"12016","PmetTSAr1.1-016168",7.46350062885817,8.83512155436296,9.26782512931723,6.91046552573485,7.50056912123959,6.02169519341215,7.33381283184568,7.24647390817836,-0.20776810923081,2.93163521945718,0.469418625136642,1
"12017","PmetTSAr1.1-016171",27.3361950743721,30.0751107456598,17.8263779273092,29.3893361439298,23.1206863688696,23.662717731859,19.8222483969315,29.1840414036402,-0.128291277383789,4.65055064182393,0.6748400277297,1
"12018","PmetTSAr1.1-016173",21.3564024018532,21.1507455392325,32.1536790200802,36.9352467754794,25.8150655677615,25.5568659851858,22.6300510239809,25.9854025301083,-0.158885444046432,4.72839018429758,0.604306354135785,1
"12019","PmetTSAr1.1-016174",17.8044954760713,22.6083918562823,17.8736627493975,20.9696884918851,19.188349159676,25.2741572906594,24.243489846987,23.0415225049109,0.210658087297841,4.42248934148938,0.461373355153648,1
"12020","PmetTSAr1.1-016175",2.83253337119316,3.98621645887083,1.74953841726907,3.4684712025719,2.65796866917713,4.07100520118004,2.72398762325697,2.49097540593631,-0.0219780669801394,1.61649189420374,0.970435879085238,1
"12021","PmetTSAr1.1-016176",26.6168215197834,29.2719178770813,24.7299619522087,30.4219344408787,25.7058339786172,19.1676494888894,19.8851096497758,25.9004829139969,-0.293382874707762,4.65946044705783,0.31119627812457,1
"12022","PmetTSAr1.1-016177",20.951754777397,23.7388114490964,25.0609557068272,19.7517520390736,22.7929916014368,19.195920358342,26.0874199304225,25.249432523809,0.0608461613423523,4.51823899102013,0.833626488256421,1
"12023","PmetTSAr1.1-016181",3.77671116159088,3.3317630103995,3.12079825783131,2.99188737321088,3.93233720919357,2.65746172854809,2.22109760050183,4.04783503464651,-0.0439107860570779,1.72951787622755,0.892896451315295,1
"12024","PmetTSAr1.1-016182",3.19222014848753,2.11209976552111,3.59364647871485,2.93893361439298,2.58514760974762,2.85535781471656,3.10115514032331,2.77404079297453,-0.0537970107550817,1.56159737533421,0.837182626989932,1
"12025","PmetTSAr1.1-016183",68.9699395461954,36.054435433966,104.594026459437,39.1328277664219,97.2889353978261,44.4700776490015,35.2442090947555,26.2967744558504,-0.290988581931623,5.82123551433626,0.532042498373479,1
"12026","PmetTSAr1.1-016184",8.76736519655026,8.12117233784878,7.66014117831322,11.3585812664377,9.53955878526588,9.13149083320246,8.06719411503024,7.61445891132804,-0.0664082742183462,3.14494012450435,0.825575938482888,1
"12027","PmetTSAr1.1-016185",4.27128048037064,5.14638393570637,4.30291881004014,3.52142496138979,4.91542151149196,4.43852650406435,4.9450852237588,4.10444811205415,0.0945116692227137,2.17558039635297,0.745247625598863,1
"12028","PmetTSAr1.1-016186",21.4463240961768,24.0065424052892,18.0155172156626,19.9635670743451,20.2078439916892,21.9947364341533,24.7882873716384,21.0600647956434,0.0776580640188037,4.42631281581971,0.785568994601532,1
"12029","PmetTSAr1.1-016187",13.1285673712445,14.0707491421336,19.1030681236947,10.7760899194409,13.4354854647447,14.107163856867,15.3381456940315,14.2098824293185,0.00227374575303489,3.8408106968968,0.998808861732129,1
"12030","PmetTSAr1.1-016188",3.41702438429651,6.18755987645621,4.16106434377508,7.20171119923326,3.422589793187,9.13149083320246,8.29768537545968,8.97317276911148,0.504663194489299,2.68448760859673,0.166757310452494,1
"12031","PmetTSAr1.1-016189",7.05885300440201,7.85344138165596,8.13298939919676,7.38704935509588,7.53697965095434,5.82379910724368,7.04046031857185,7.303086985586,-0.135699722584599,2.8730893979964,0.62999099766576,1
"12032","PmetTSAr1.1-016190",42.2182354849267,55.0930812076774,25.2028101730923,47.4200910214219,31.6407503221223,37.8829650665365,47.0202171276048,44.9507834616689,-0.0738414095705587,5.37500644372745,0.825605817128176,1
"12033","PmetTSAr1.1-016191",36.1035602709224,33.525865292145,25.7229432160642,39.1328277664219,31.3130555546895,31.5220194396927,30.4458001276336,30.1464637195701,-0.124267336723666,5.01356414224356,0.671372938015513,1
"12034","PmetTSAr1.1-016192",17.4897695459387,17.2240248484046,21.3254547618473,20.5460584213419,17.0037173767907,14.4746851597513,17.7059195511703,16.7574709126625,-0.215638923603837,4.15984940932628,0.447964642244572,1
"12035","PmetTSAr1.1-016193",5.48522335373914,4.0754601109351,10.308091215261,11.0408587135304,5.42516892749854,5.03221476256978,2.17919009860557,5.06687042798409,-0.806691845135471,2.61497007820597,0.0386033045378501,1
"12036","PmetTSAr1.1-016194",13.4882541485389,11.8396578405268,21.7510181606425,19.0103994156231,14.127285529325,10.3754090891186,4.96603897470693,17.8614259221115,-0.482469464718922,3.83053527464218,0.205330834324787,1
"12037","PmetTSAr1.1-016196",60.022730960998,75.9760957907171,40.428522885542,51.2327616563101,58.2932580733232,46.9579141608337,63.3431891161985,71.8986083077072,0.078934744874529,5.87247216231651,0.825086647753428,1
"12038","PmetTSAr1.1-016197",3.68678946726729,4.55142625527789,3.02622861365461,4.76583829361024,3.8231056200493,2.51610738128489,3.9183514273004,3.79307618631211,-0.196634073593759,1.93554065940026,0.504003764776803,1
"12039","PmetTSAr1.1-016199",2.20308151092802,2.55831802584247,8.36941350963852,10.2995060900799,2.84002131775091,5.14529824038033,2.22109760050183,3.05710618001275,-0.822292601553198,2.21537093714538,0.0746870481587431,1
"12040","PmetTSAr1.1-016200",95.541800218817,125.53607057041,83.8832743847386,110.699832808802,102.495641147036,116.023648233631,161.218159794916,127.407730705902,0.286939201503768,6.85078653429259,0.477896268670127,1
"12041","PmetTSAr1.1-016201",7.95806994763793,6.99075274503466,16.9279663076305,9.769968501901,9.50314825555113,11.3083477810557,9.68063293803629,10.2186604720796,-0.0301869358378172,3.37141781439392,0.926545348168592,1
"12042","PmetTSAr1.1-016202",23.5594839127812,24.5420043176749,29.6948682714858,20.3077665066614,22.5745284231483,20.5246512226161,22.2109760050183,23.2113617371338,-0.147597661020018,4.5474688752735,0.604806967534617,1
"12043","PmetTSAr1.1-016204",80.3899947252917,39.9514082407726,241.672725693573,305.516711499826,141.200034233821,174.516077131142,15.7153132110979,56.9244493333855,-0.781528497090649,7.04477917378739,0.255554110113042,1
"12044","PmetTSAr1.1-016205",26.6617823669452,21.5672159155325,13.9963073381526,20.6519659389777,32.5510135649912,16.142666457457,13.8294756257661,24.0322513595446,0.061424985300937,4.40843865332262,0.857465564111695,1
"12045","PmetTSAr1.1-016207",6.33947944981327,9.22184404664147,2.69523485903613,6.43388169637383,3.64105297147553,6.33267475739118,7.39667408469007,6.34066466965606,-0.0603092286182953,2.61443667447728,0.873707702662035,1
"12046","PmetTSAr1.1-016209",4.94569318779758,5.71159373211343,1.89139288353413,13.0531015486103,4.58772674405916,9.3011160499183,8.33959287735594,6.79356928891721,0.176276022032804,2.78890065607797,0.692726147212701,1
"12047","PmetTSAr1.1-016222",20.0075769869993,22.7868791604109,14.8947189578313,20.0694745919809,21.5550335911351,15.74687428512,19.2984046232282,23.0415225049109,0.0334821903561111,4.30300423669917,0.909702035762744,1
"12048","PmetTSAr1.1-016223",74.7698888300671,94.2412965798715,89.1791744586342,69.6606697249364,85.6375658891044,76.7271396944628,88.1105227368888,87.637043827032,0.0444884466547421,6.38036286115833,0.907349174870755,1
"12049","PmetTSAr1.1-016224",3.01237675984035,2.20134341758538,5.8633179389558,5.16299148474443,4.07797932805259,5.88034084614895,2.59826511756818,3.34017156705096,-0.0307772868568818,2.02617607347538,0.936927840519956,1
"12050","PmetTSAr1.1-016225",22.4354627337363,25.7914154465747,38.1588514253011,33.4667755729075,29.6381711878108,42.8869089596537,44.6524432704661,36.4022087731147,0.358068065608941,5.09790678346828,0.254458820482538,1
"12051","PmetTSAr1.1-016226",13.3983324542153,12.4048676369338,139.679364448995,28.3037840881631,17.5134647927973,25.6699494629964,7.35476658279381,20.5788536376784,-1.44575854152362,5.04988918707956,0.023317212423489,1
"12052","PmetTSAr1.1-016227",6.83404876859303,7.79394561361311,77.0742600040158,16.9187259423164,11.3600852710036,10.8277430003608,3.72976766876723,12.0868920265319,-1.51450041575104,4.19704107505016,0.0160695139351686,1
"12053","PmetTSAr1.1-016228",4.09143709172346,4.25394741506365,3.97192505542167,14.1386536043771,3.24053714461322,7.68967649111786,3.62499891402658,5.77453389557963,-0.384356448441592,2.56624135169929,0.384846170320233,1
"12054","PmetTSAr1.1-016229",75.9838317034356,83.7997892883517,77.5471082248993,63.8887100137862,78.2462283570091,62.7896010543117,61.3525827761261,63.1518878482263,-0.181914441365477,6.1477430670638,0.627145842641558,1
"12055","PmetTSAr1.1-016230",4.27128048037064,5.8008373841777,8.84226173052206,7.25466495805115,5.82568475436084,4.04273433172741,5.65751275599524,6.08590582132167,-0.275772995797837,2.59224796751895,0.382417158090259,1
"12056","PmetTSAr1.1-016232",8.63248265506487,7.07999639709894,6.85629920281122,10.4583673665336,5.64363210578707,6.33267475739118,4.98699272565506,6.34066466965606,-0.505095980865549,2.82785107701183,0.0864018061282418,1
"12057","PmetTSAr1.1-016233",18.4789081834982,22.9951143485608,20.6634672526104,10.1406448136262,19.2611702191055,11.0256390865293,26.1921886851631,17.1820689932198,0.0285306274102735,4.19398607320632,0.937889450388307,1
"12058","PmetTSAr1.1-016234",62.3157341662496,15.1714208509263,5.62689382851404,158.675938297812,120.591674415269,74.4089283993464,3.45736890644153,12.6247162619045,-0.196270605982729,5.82461186536417,0.824460321220808,1
"12059","PmetTSAr1.1-016235",10.4309165415367,14.2492364462621,10.4499456815261,10.749613040032,10.4862325578495,8.73569866086551,11.7969617837975,11.7755201007898,-0.101071544649153,3.47870089302716,0.731079717772428,1
"12060","PmetTSAr1.1-016236",10.6557207773457,10.9769692039055,3.12079825783131,2.32996538798723,5.20670574921,2.34648216456905,6.05563402400972,5.37824235372613,-0.51121353724041,2.53959235991472,0.276217911956148,1
"12061","PmetTSAr1.1-016238",5.62010589522453,5.53310642798488,2.26967146024096,3.78619375547925,3.45900032290175,3.98619259282213,3.16401639316771,2.40605578982485,-0.405924994258667,1.9403117315154,0.217127399699294,1
"12062","PmetTSAr1.1-016239",38.7562502534683,54.081653150949,59.7207302975901,55.9985999499204,47.7706149857589,46.4773093801388,53.8930474385917,48.6872465705734,-0.0835424915645146,5.6649377539655,0.795313301897812,1
"12063","PmetTSAr1.1-016240",10.0712297642424,10.5604988276056,11.915775166265,11.4115350252556,12.8165064595939,8.42471909688648,9.53395668139938,9.48269046578027,-0.127974637568345,3.40392085689423,0.662552514200887,1
"12064","PmetTSAr1.1-016241",26.8416257555923,32.0682189750952,18.5829350807228,18.08370863631,27.526360464355,17.0190634104888,25.1654548887047,19.5598182443408,-0.0988049591338647,4.53396829569034,0.756418828197149,1
"12065","PmetTSAr1.1-016242",17.4897695459387,23.9767945212678,24.1152592650601,22.9289775681471,21.7006757099941,25.1045320739436,34.2384290492452,19.2201397798949,0.180144452653327,4.56470537150692,0.555029303824565,1
"12066","PmetTSAr1.1-016244",5.12553657644477,8.95411309044865,5.76874829477909,8.31374013440898,8.26519024524945,9.21630344156038,10.2673379645839,8.03905699188537,0.341863543917046,3.01198037946427,0.262871247668647,1
"12067","PmetTSAr1.1-016245",4.27128048037064,3.00453628616383,1.98596252771084,17.3688328922684,6.88159011608875,8.67915692196024,1.36199381162848,3.17033233482803,-0.411396355227686,2.56418360536581,0.503624373525322,1
"12068","PmetTSAr1.1-016246",51.4801700002567,39.3267026763227,31.5389763329316,32.6989460700481,34.6992348181618,35.7626498575886,66.7167430188475,45.1772357712995,0.234633053341544,5.40062274101387,0.487132038543802,1
"12069","PmetTSAr1.1-016247",3.5968677729437,5.32487123983491,5.34318489598392,6.3014972993291,3.89592667947881,6.04996606286479,8.06719411503024,8.35042891762741,0.357557672783572,2.57043232787886,0.278624814186484,1
"12070","PmetTSAr1.1-016248",17.3998478516151,24.6312479697392,13.4761742951807,25.4442811119969,23.1935074282991,23.6344468624064,22.3576522616552,18.8238482380414,0.118785571515197,4.40532989243772,0.698198867502887,1
"12071","PmetTSAr1.1-016250",71.2179819042852,78.0286997881954,72.6767715497989,65.0536927077798,69.1071853986055,69.6311514618504,83.16543751313,79.1450822158855,0.0691265038361906,6.20097447932955,0.85281328426797,1
"12072","PmetTSAr1.1-016253",9.21697366816823,6.63377813677757,14.5637252032128,11.4380119046646,9.10263242868882,9.97961691678164,6.03468027306158,9.19962507874206,-0.285798440593539,3.25890657703099,0.382621260814419,1
"12073","PmetTSAr1.1-016254",7.64334401750536,8.32940752599875,8.93683137469876,13.3443472221087,8.01031653724616,11.6193273450347,9.36632667381433,10.5300323978217,0.0453341568412595,3.29135277458331,0.882949078365862,1
"12074","PmetTSAr1.1-016255",11.9595853450378,6.72302178884185,7.80199564457828,5.58662155528756,6.33543217036742,5.31492345709617,7.43858158658633,6.82187582762103,-0.303081092397793,2.86770473933392,0.338339100629513,1
"12075","PmetTSAr1.1-016256",29.9888850569181,31.9492274390095,35.1326228116465,35.7437872020768,31.094592376401,31.7199155258612,28.2875637799762,32.3543737384682,-0.10559826841519,5.00423891641487,0.712274289462682,1
"12076","PmetTSAr1.1-016257",2.3829248995752,3.30201512637807,5.48503936224898,5.40128339942494,3.13130555546895,5.51281954326464,3.12210889127144,1.89653809315605,-0.279372299586124,1.94093452592633,0.447798989494139,1
"12077","PmetTSAr1.1-016259",3.64182862010549,3.3317630103995,1.98596252771084,3.04484113202877,3.56823191204602,3.84483824555893,3.14306264221958,3.36847810575478,0.208317318375698,1.72503750537749,0.45334309581222,1
"12078","PmetTSAr1.1-016260",3.10229845416394,1.30890689694266,2.55338039277107,2.91245673498404,1.67488436687874,1.72452303661099,1.9906063400724,1.64177924482166,-0.479227714949213,1.11616186560322,0.1085926119039,1
"12079","PmetTSAr1.1-016261",15.4215705764961,9.78705384304853,16.738827019277,12.8412865133387,18.2416753870924,13.0328708176667,11.0216729987166,11.2376958654172,-0.0329520545270357,3.76468606740738,0.917551503212245,1
"12080","PmetTSAr1.1-016262",18.3889864891747,21.5672159155325,36.2201737196786,19.0898300538499,20.2806650511187,22.0795490425112,22.6719585258772,17.8331193834077,-0.199982687918105,4.4802760783263,0.523497345696965,1
"12081","PmetTSAr1.1-016263",27.6059601573429,27.9332630961172,24.8245315963854,29.4952436615656,30.7668976089682,22.955945995543,22.5881435220847,25.872176375293,-0.105241982557308,4.73145632104605,0.715232952027585,1
"12082","PmetTSAr1.1-016264",3.14725930132574,4.72991355940643,2.31695628232931,3.57437872020768,3.45900032290175,2.82708694526392,3.89739767635227,4.61396580872294,0.096476631072753,1.86385576615713,0.748540134625207,1
"12083","PmetTSAr1.1-016266",8.40767841925589,12.5238591730195,7.14000813534134,7.70477190800323,8.77493766125602,6.47402910465438,10.3930604702727,10.7281781687484,0.022618240968226,3.18343835103576,0.944548349491855,1
"12084","PmetTSAr1.1-016277",2.92245506551675,3.68873761865659,4.16106434377508,3.86562439370609,3.64105297147553,3.36423346486407,3.05924763842705,3.28355848964332,-0.136386422663323,1.83103353584124,0.611841819333854,1
"12085","PmetTSAr1.1-016278",20.5471071529409,22.6678876243252,6.14702687148592,12.6559483574761,10.1585377904167,9.52728300553941,44.6105357685698,17.5783605350733,0.401121071733226,4.1754907135823,0.414298816685833,1
"12086","PmetTSAr1.1-016280",22.3905018865745,27.8142715600315,6.71444473654616,13.1590090662461,13.4718959944594,12.2130156035401,38.7853930049896,21.4563563374969,0.294249925586114,4.29123289021961,0.511121640789887,1
"12087","PmetTSAr1.1-016281",22.8850712053543,27.7845236760101,21.7983029827308,20.9167347330672,22.2832441854302,16.9059799326782,17.6849658002221,18.9087678541529,-0.301944036625081,4.40623629456016,0.292662115073526,1
"12088","PmetTSAr1.1-016282",11.9595853450378,12.3156239848696,4.91762149718874,12.4970870810224,7.64621124009861,6.86982127699133,8.42340788114846,9.56761008189174,-0.360924210432743,3.22349415002861,0.28801249829203,1
"12089","PmetTSAr1.1-016283",1.97827727511903,1.30890689694266,2.1278169939759,2.62121106148563,1.92975807488203,2.12031520894794,2.22109760050183,1.44363347389491,-0.0566673321637102,1.0220757870002,0.854911200347535,1
"12090","PmetTSAr1.1-016285",5.21545827076836,2.08235188149969,3.30993754618473,12.2587951663419,5.13388468978049,9.41419952772885,1.9906063400724,3.59493041538536,-0.188004167931405,2.44419681671434,0.720142706120727,1
"12091","PmetTSAr1.1-016286",44.3763561486929,39.564685748494,39.0099782228914,39.6094115957829,36.7746350119028,34.4056481238619,34.4479665587265,42.1767426686944,-0.137238804713015,5.28000531627402,0.641825739171642,1
"12092","PmetTSAr1.1-016287",46.8941635897535,50.6903943725067,53.7628427144576,31.4810096172366,48.0254886937622,39.7205715809581,47.3554771427749,38.1855207114555,-0.0769645683967106,5.47801738294441,0.807821927713722,1
"12093","PmetTSAr1.1-016288",2.78757252403137,3.53999819854947,3.40450719036143,4.63345389656552,2.98566343660993,3.70348389829574,3.41546140454527,2.66081463815924,-0.175652629163774,1.78934888538421,0.543949197715849,1
"12094","PmetTSAr1.1-016289",30.7532194586686,30.4915811219597,21.420024406024,24.8882666444091,27.3078972860665,24.6239272932487,26.5274487003332,30.0332375647548,0.0123205677606,4.75851900220268,0.967065284718707,1
"12095","PmetTSAr1.1-016290",4.99065403495938,5.77108950015627,28.3236084309236,17.07758721877,13.4354854647447,12.4391825591612,3.05924763842705,8.43534853373887,-0.588107629436148,3.55243897321234,0.263747854463171,1
"12096","PmetTSAr1.1-016291",1.97827727511903,2.26083918562823,1.60768395100401,1.95928907626199,3.38617926347224,1.61143955880043,2.11632884576118,2.20791001889809,0.240759661375022,1.13946552439593,0.403195506688249,1
"12097","PmetTSAr1.1-016292",51.7499350832275,56.4019881046201,38.3479907136545,56.3692762616456,48.2803624017655,58.1814493335315,45.6372695650282,53.5842777663345,0.0195418193395,5.67622041097852,0.951917819737331,1
"12098","PmetTSAr1.1-016293",2.87749421835496,1.27915901292124,2.03324734979919,4.44811574070289,3.53182138233126,2.65746172854809,0.775288785080829,1.01903539333758,-0.426992317153747,1.25223187433439,0.35820005359918,1
"12099","PmetTSAr1.1-016294",14.4324319389366,10.2630199873913,20.6634672526104,17.2099716158148,16.5667910202136,13.5700173372668,10.0368467041545,10.1054343172644,-0.315616785384725,3.82339336390034,0.330070738210534,1
"12100","PmetTSAr1.1-016295",15.8262182009523,17.6107473406831,9.12597066305217,14.2710380014218,15.9114014853481,14.022351248509,21.3309184651969,16.3894859095128,0.250681578868824,3.96636534993234,0.421567917568986,1
"12101","PmetTSAr1.1-016296",14.567314480422,14.6359589385407,17.7318082831325,15.647835730687,13.4718959944594,15.4924364600463,22.315744759759,17.2386820706274,0.132049237094609,4.0402953727911,0.658855741232986,1
"12102","PmetTSAr1.1-016300",2.11315981660442,1.84436880932829,2.1278169939759,2.14462723212461,1.89334754516727,1.97896086168474,1.94869883817614,2.09468386408281,-0.0530815337758448,1.05557874140097,0.856396867565482,1
"12103","PmetTSAr1.1-016301",9.39681705681541,9.90604537913423,6.61987509236945,7.62534126977639,7.31851647266581,7.03944649370716,5.80418901263215,6.11421236002549,-0.354284220245519,2.91376781064551,0.229123140495143,1
"12104","PmetTSAr1.1-016302",11.1502900961255,10.0845326832628,7.18729295742969,6.53978921400961,6.62671640808546,7.18080084097036,6.01372652211345,6.05759928261785,-0.433328414023575,2.93722566038271,0.152046007314663,1
"12105","PmetTSAr1.1-016303",25.2679961049295,39.4754420964298,23.689695866265,22.1346711858787,19.8437386945416,14.7573938542777,16.7839545094525,27.9668602393759,-0.479133808865951,4.57280640180556,0.140562493171479,1
"12106","PmetTSAr1.1-016304",32.9113401224348,36.4114100422231,29.6002986273091,23.8027145886423,33.024350451283,29.0059120584078,27.4913212439472,29.2972675584555,-0.0467081485325803,4.91893354522672,0.874624093096189,1
"12107","PmetTSAr1.1-016305",24.054053231561,18.4139402092615,473.841202147388,44.1899117335305,92.1550507080456,71.1577784122929,9.45014167760686,18.6540090058185,-1.54994579752419,6.55436404154516,0.0817114628688986,1
"12108","PmetTSAr1.1-016306",23.2447579826487,18.0867134850259,464.384237729717,41.3039318779554,91.3904295840357,73.0801975350723,9.30346542096994,18.4841697735956,-1.5084945292599,6.52991205880598,0.09134574874965,1
"12109","PmetTSAr1.1-016307",31.6074755547427,34.7157806530019,31.2552674004015,33.1490530200001,36.010013887893,39.6074881031475,36.5433416535396,35.6945453055192,0.177436893905482,5.1246368875502,0.537952884827991,1
"12110","PmetTSAr1.1-016308",11.1502900961255,13.2378083895337,8.0857045771084,12.0734570104793,11.760601097866,15.6903325462148,15.568636954461,12.3982639522739,0.313670960282025,3.65152859958347,0.293675131248929,1
"12111","PmetTSAr1.1-016309",77.2876962711277,20.6152836268469,91.2124218084334,135.852868247301,63.682016471107,31.6633737869559,4.88222397091441,19.5032051669332,-1.44091869626174,5.79772491761,0.0212031808559964,1
"12112","PmetTSAr1.1-016310",5.08057572928297,3.24251935833523,7.66014117831322,5.13651460533548,6.33543217036742,4.72123519859075,3.2268776460121,3.36847810575478,-0.258054551426529,2.29093560173829,0.449901545825603,1
"12113","PmetTSAr1.1-016311",18.2541039476893,21.0317540031468,39.8138201983934,35.9291253579394,27.0530235780632,28.129515105376,28.8742688065238,24.2587036691752,-0.0866339132544974,4.80625010230016,0.791625934835374,1
"12114","PmetTSAr1.1-016313",35.519069257819,34.4183018127877,30.120431670281,29.6541049380193,31.7499819112666,28.836286841692,25.5426224057711,30.9956598806848,-0.147435499643863,4.95011479737544,0.607921478201973,1
"12115","PmetTSAr1.1-016314",16.9052785328354,21.2697370753182,17.8263779273092,23.7762377092333,16.8944857876464,23.1538420817115,22.7767272806179,19.5032051669332,0.044811345073587,4.34564720707558,0.878550275877611,1
"12116","PmetTSAr1.1-016315",3.19222014848753,2.94504051812099,1.65496877309236,8.02249446091058,3.13130555546895,5.06048563202242,2.55635761567192,2.85896040908599,-0.226677386231437,1.90725896583527,0.596920983256962,1
"12117","PmetTSAr1.1-016316",2.20308151092802,2.94504051812099,3.73550094497991,5.00413020829076,3.71387403090504,4.29717215680116,5.30129898987702,5.80284043428345,0.456475227930603,2.06976027584534,0.145989971990209,1
"12118","PmetTSAr1.1-016319",4.58600641050321,3.27226724235665,6.33616615983933,8.07544821972847,5.27952680863951,5.45627780435937,1.86488383438361,2.54758848334395,-0.560817665448982,2.24178361704312,0.155565932825702,1
"12119","PmetTSAr1.1-016321",23.0649145940015,31.146034570431,19.3867770562248,27.8801540176199,22.5745284231483,21.7402986090795,23.6777385713875,24.5417690562134,-0.134031416573157,4.60391529365954,0.647948185795184,1
"12120","PmetTSAr1.1-016322",31.2028279302866,35.1917467973447,41.090510394779,42.1247151396328,33.9346136941519,39.805384189316,33.5050477660607,27.4290360040032,-0.151862456987462,5.15365456573127,0.614284454120056,1
"12121","PmetTSAr1.1-016323",24.3687791616936,21.8051989877039,19.3394922341365,24.6499747297285,26.1427603351943,23.5213633845958,20.6184909329604,18.0312651543344,-0.0306166525372218,4.48351683552068,0.917741259079013,1
"12122","PmetTSAr1.1-016325",6.56428368562225,6.663526020799,5.24861525180721,5.95729786701281,6.1897900515084,4.94740215421186,6.76806155624615,5.57638812465288,-0.0576762167953225,2.5973922783196,0.845110703010841,1
"12123","PmetTSAr1.1-016327",4.00151539739986,2.55831802584247,2.69523485903613,11.1467662311662,6.62671640808546,6.44575823520174,1.96965258912427,3.62323695408918,-0.136006974250415,2.30770855365364,0.783292683159118,1
"12124","PmetTSAr1.1-016329",6.24955775548968,3.3317630103995,13.7125984056224,8.28726325500003,6.22620058122315,7.77448909947578,3.54118391023405,6.76526275021339,-0.375879445683707,2.81378856107373,0.349462979906814,1
"12125","PmetTSAr1.1-016330",41.5438227774997,40.0109040088154,34.8489138791163,46.3610158450641,40.4156879833783,30.2215594448713,43.5418944702152,39.8272999562772,-0.0799972560019783,5.30960910865219,0.792847089968881,1
"12126","PmetTSAr1.1-016332",23.6494056071048,21.745703219661,42.7454791678713,27.1388013941694,15.9114014853481,18.6022320998366,37.2138616838798,19.2484463185988,-0.339949749622582,4.69149274396387,0.334848908749018,1
"12127","PmetTSAr1.1-016337",6.20459690832788,9.40033135077002,5.91060276104415,8.39317077263582,7.75544282924287,8.84878213867607,8.77962164726668,8.83164007559238,0.190686141702386,3.0153210327734,0.518226298506976,1
"12128","PmetTSAr1.1-016339",5.39530165941555,6.84201332492754,5.29590007389556,7.17523431982431,7.64621124009861,7.88757257728634,5.55274400125458,10.2469670107835,0.338272742995227,2.82214452729026,0.26541204155907,1
"12129","PmetTSAr1.1-016340",29.1795898080058,24.0660381733321,19.1976377678714,42.2570995366775,27.3443078157812,24.8783651183225,21.7919009860557,23.1264421210223,-0.240883728327714,4.73033898680207,0.449325862649517,1
"12130","PmetTSAr1.1-016341",6.92397046291662,6.84201332492754,6.80901438072287,12.5235639604314,6.5903058783707,8.28336474962329,6.68424655245363,4.27428734427708,-0.360379998013282,2.89361151699618,0.278547556475171,1
"12131","PmetTSAr1.1-016343",10.7456424716693,14.8441941266906,5.53232418433733,10.6437055223962,8.66570607211175,10.7994721309082,11.084534251561,10.3601931655987,-0.0318337753169904,3.37911122273902,0.927940383191507,1
"12132","PmetTSAr1.1-016344",2.87749421835496,2.20134341758538,4.01920987751002,3.86562439370609,2.58514760974762,3.5338586815799,3.54118391023405,2.68912117686306,-0.0639871869715058,1.68941884162796,0.831516569210379,1
"12133","PmetTSAr1.1-016346",33.4059094412146,34.5372933488734,46.4336952907629,36.2203710314379,32.1140872084141,31.0979563979031,37.2348154348279,35.4397864571848,-0.147848216461477,5.16465819284286,0.619029081866746,1
"12134","PmetTSAr1.1-016347",5.39530165941555,4.67041779136358,6.99815366907628,6.24854354051121,7.71903229952812,6.58711258246493,5.28034523892889,5.43485543113377,0.101436941280604,2.6087029338026,0.733281249285385,1
"12135","PmetTSAr1.1-016348",5.88987097819531,5.59260219602773,2.17510181606425,3.09779489084666,3.93233720919357,3.27942085650615,7.43858158658633,5.15179004409555,0.242976276874748,2.21404873850778,0.520195950015137,1
"12136","PmetTSAr1.1-016349",22.0308151092802,19.6930992221828,34.2342111919677,22.981931326965,26.7617393403451,23.1255712122589,16.7210932566081,17.4934409189618,-0.234232179203336,4.51920540184591,0.453448268366018,1
"12137","PmetTSAr1.1-016350",7.73326571182895,8.00218080176308,19.8596252771084,12.1528876487061,11.906243216725,7.80275996892842,5.80418901263215,5.8594535116911,-0.606387684275894,3.31235801399113,0.105222965083009,1
"12138","PmetTSAr1.1-016351",10.4758773886985,12.2263803328053,9.97709746064253,11.5439194223004,10.8867483847118,11.2518060421504,11.8598230366419,10.0205147011529,-0.00753254263902051,3.47178250901107,0.982471104503116,1
"12139","PmetTSAr1.1-016352",23.379640524134,15.3201602710334,615.317389835741,46.4934002421088,100.638704131584,84.9256918357282,7.79479535270455,15.879968212844,-1.74321127379663,6.82920598442314,0.0746241148758953,1
"12140","PmetTSAr1.1-016354",6.96893131007841,9.51932288685571,7.61285635622487,6.77808112869012,7.02723223494777,9.35765778882358,11.6712392781087,8.80333353688855,0.256363816778603,3.09361613833525,0.395638169682904,1
"12141","PmetTSAr1.1-016356",2.74261167686957,2.40957860573535,3.87735541124497,3.33608680552717,2.7672002583214,2.94017042307448,2.84971012894575,2.68912117686306,-0.132239074223616,1.58955359697801,0.631427623194684,1
"12142","PmetTSAr1.1-016357",3.28214184281112,3.68873761865659,2.9316589694779,6.43388169637383,3.93233720919357,3.02498303143239,2.49349636282753,2.83065387038217,-0.424844296258624,1.86442721236826,0.183186853525716,1
"12143","PmetTSAr1.1-016358",28.0555686289608,37.6310732871015,32.9575209955822,39.4505503193292,31.7135713815518,29.3168916223869,32.8973889885649,32.7506652803217,-0.124959570584374,5.05140917107838,0.670223528568181,1
"12144","PmetTSAr1.1-016360",74.0055544283166,86.8043255745155,80.9516154152607,57.7990277497287,72.748238370081,58.4358871586052,62.6307615839621,64.3124559350829,-0.214733587321899,6.12447136823976,0.568553007156362,1
"12145","PmetTSAr1.1-016362",5.17049742360657,7.79394561361311,7.04543849116463,9.05509275785946,6.00773740293462,9.66863735280261,7.75288785080829,6.87848890502868,0.0582362411440656,2.90502182992938,0.851179391257526,1
"12146","PmetTSAr1.1-016363",3.37206353713472,3.12352782224953,8.41669833172688,4.84526893183708,5.49798998692805,3.84483824555893,2.15823634765744,2.57589502204778,-0.49009777480254,2.09514860689829,0.200627852424545,1
"12147","PmetTSAr1.1-016364",31.3826713189338,40.8438447614153,24.0679744429718,39.7682728722366,29.2012448312337,39.5792172336949,58.8800401642467,42.233355746102,0.320074524173601,5.2600489920261,0.336104218503507,1
"12148","PmetTSAr1.1-016366",47.433693755695,52.9809814421563,46.5755497570279,40.6949636515497,52.2126996109591,49.2478545864975,49.7232509999137,48.5174073383504,0.0895292355042528,5.59946242045206,0.772134318870373,1
"12149","PmetTSAr1.1-016367",53.0088388037577,40.9925841815224,98.3997147658631,53.0596663355274,58.0747948950347,48.4279993723709,41.9913169000535,47.2153065579746,-0.326488515569886,5.78640622184371,0.369788037752078,1
"12150","PmetTSAr1.1-016370",18.5688298778218,26.2376337068961,18.1100868598393,18.7191537421247,17.7319279710858,19.0828368805315,19.906063400724,19.1352201637835,-0.106385883944267,4.30380926291278,0.712953442241003,1
"12151","PmetTSAr1.1-016372",2.51780744106059,2.32033495367108,1.84410806144578,3.99800879075082,2.91284237718042,1.32873086427404,2.26300510239809,2.80234733167835,-0.21248192716249,1.3578224920472,0.529218923419309,1
"12152","PmetTSAr1.1-016373",47.3887329085332,52.9512335581349,31.7754004433734,37.7295531577478,42.0541618205423,25.8678455491649,38.9320692616265,46.1396580872294,-0.150985442675096,5.33686026781343,0.644129343176078,1
"12153","PmetTSAr1.1-016375",2.15812066376622,3.18302359029238,2.1278169939759,1.98576595567094,2.40309496117385,1.66798129770571,3.16401639316771,2.77404079297453,0.0817902509722001,1.32142041810696,0.794535370377141,1
"12154","PmetTSAr1.1-016376",5.17049742360657,2.91529263409956,11.8684903441767,5.45423715824283,4.40567409548539,4.66469345968547,5.48988274841019,3.67985003149682,-0.471494029111715,2.45963174664048,0.213899747824169,1
"12155","PmetTSAr1.1-016377",4.18135878604705,2.94504051812099,9.03140101887547,4.18334694661344,3.8231056200493,4.63642259023283,3.79262892161162,3.11371925742039,-0.397353635966593,2.17290514844326,0.254882597835285,1
"12156","PmetTSAr1.1-016378",2.92245506551675,2.29058706964966,6.71444473654616,3.94505503193292,3.96874773890832,4.01446346227477,3.49927640833779,2.66081463815924,-0.160555938266285,1.92733725741419,0.639424258040639,1
"12157","PmetTSAr1.1-016379",3.10229845416394,2.08235188149969,6.47802062610439,3.91857815252398,3.45900032290175,3.10979563979031,3.12210889127144,2.20791001889809,-0.382400666980901,1.80061334724287,0.262953888131621,1
"12158","PmetTSAr1.1-016380",2.83253337119316,2.11209976552111,5.1540456076305,2.96541049380193,3.24053714461322,3.16633737869559,2.43063510998314,2.3494427124172,-0.216661930681279,1.62350377427271,0.486409797411693,1
"12159","PmetTSAr1.1-016381",15.6913356594669,22.3406609000895,19.81234045502,18.0042779980831,17.5134647927973,15.74687428512,11.9855455423306,15.0307720517293,-0.332658493160573,4.09363113538975,0.258226275444344,1
"12160","PmetTSAr1.1-016382",10.7456424716693,11.8396578405268,9.504249239759,16.1773733188659,16.1298646636366,16.3971042825307,7.04046031857185,9.45438392707645,0.0191630906925485,3.61156478169143,0.953883963848649,1
"12161","PmetTSAr1.1-016383",16.1409441310848,18.027217716983,12.1521992767068,14.5622836749202,15.8021698962038,16.764625585415,23.5939235675949,16.191340138586,0.24903127877728,4.06382519818027,0.405964725272472,1
"12162","PmetTSAr1.1-016384",27.7858035459901,23.9767945212678,48.5615122847388,33.202006778818,32.0048556192699,24.1433225125539,15.8200819658385,20.8619190247166,-0.524618945391245,4.82477812660281,0.119025199576817,1
"12163","PmetTSAr1.1-016388",2.47284659389879,4.34319106712792,2.03324734979919,2.59473418207669,3.45900032290175,2.96844129252712,3.54118391023405,3.28355848964332,0.201656100980186,1.65804485052873,0.486046905990861,1
"12164","PmetTSAr1.1-016389",1.52866880350107,2.17159553356396,2.9316589694779,5.24242212297127,2.18463178288532,2.2333986867585,2.09537509481305,2.57589502204778,-0.396480221323423,1.42615178350693,0.252704638734166,1
"12165","PmetTSAr1.1-016391",8.40767841925589,8.89461732240581,14.6110100253011,6.91046552573485,9.17545348811833,8.70742779141287,8.80057539821481,6.70864967280575,-0.214511886045542,3.18241030579835,0.498619948494459,1
"12166","PmetTSAr1.1-016392",6.24955775548968,6.39579506460618,4.72848220883532,11.1732431105751,6.73594799722972,5.99342432395951,6.03468027306158,5.8594535116911,-0.218655703770259,2.74714217117046,0.501919089463194,1
"12167","PmetTSAr1.1-016393",17.0851219214826,14.2789843302836,12.0103448104417,18.08370863631,12.7436854001643,24.0867807736486,23.4682010619062,18.7672351606338,0.363529132012791,4.14056537658139,0.248507254061838,1
"12168","PmetTSAr1.1-016394",4.13639793888525,5.02739239962067,2.97894379156625,4.26277758484027,4.62413727377392,4.24063041789588,4.08598143488545,3.87799580242358,0.0300949059950084,2.07696140199627,0.913729265638165,1
"12169","PmetTSAr1.1-016395",19.7827727511903,20.8532666990183,25.1082405289156,19.0898300538499,19.333991278535,20.5246512226161,19.8432021478796,16.8706970674777,-0.147183371987731,4.33866184333041,0.604168931696554,1
"12170","PmetTSAr1.1-016396",19.9626161398375,16.5993192839546,37.1185853393573,47.5259985390577,32.5146030352765,45.4878289492965,15.0238394298096,22.4187786534268,-0.070841641806064,4.8895172574566,0.863701073231521,1
"12171","PmetTSAr1.1-016397",5.44026250657734,5.29512335581349,2.97894379156625,3.23017928789139,4.58772674405916,3.30769172595879,4.10693518583358,3.84968926371975,-0.0971245716460323,2.05629499804808,0.759893423890429,1
"12172","PmetTSAr1.1-016398",11.1053292489637,7.58571042546314,8.36941350963852,18.4543849480352,16.5303804904989,9.35765778882358,7.69002659796389,11.1527762493058,-0.0284850892855386,3.50368681490893,0.942678645277915,1
"12173","PmetTSAr1.1-016399",6.87900961575482,5.9198289202634,4.49205809839356,6.03672850523964,4.76977939263294,5.34319432654881,7.98337911123772,4.64227234742676,-0.0347510832899267,2.54208499343036,0.911784767602211,1
"12174","PmetTSAr1.1-016400",2.78757252403137,3.03428417018526,6.38345098192769,4.20982382602238,3.31335820404273,3.64694215939046,2.87066387989388,2.54758848334395,-0.403697102141313,1.86832510561403,0.202574709626925,1
"12175","PmetTSAr1.1-016401",11.465016026258,14.9631856627763,11.3483573012048,9.92882977835468,14.2365171184693,13.5982882067195,15.421960697824,12.9643947263503,0.236759705337029,3.70665258342659,0.41412884297595,1
"12176","PmetTSAr1.1-016402",1.52866880350107,1.54688996911405,2.41152592650602,2.40939602621407,1.96616860459678,1.80933564496891,1.86488383438361,1.86823155445223,-0.0747226791204624,0.990058135080013,0.809894498108911,1
"12177","PmetTSAr1.1-016403",26.5268998254598,28.5877165445886,30.2622861365461,45.3813713069331,33.4248662781453,31.4654777007874,26.6741249569701,31.6467102708727,-0.0866611469563615,4.99142084563765,0.777402252933536,1
"12178","PmetTSAr1.1-016405",44.6011603845019,16.9860417762332,28.5600325413654,13.1590090662461,28.4730342369386,13.089412556572,10.5606904778578,17.7198932285924,-0.564403846141772,4.43809693972512,0.171855242724714,1
"12179","PmetTSAr1.1-016406",12.7688805939501,16.4208319798261,14.0908769823293,16.8922490629074,14.2729276481841,15.3510821127831,16.3858332414381,15.6252093645096,0.0337677544050991,3.93471977976282,0.905992953167742,1
"12180","PmetTSAr1.1-016410",6.15963606116608,4.46218260321361,4.25563398795179,4.84526893183708,4.00515826862308,2.94017042307448,1.32008630973222,8.83164007559238,-0.20753189688766,2.21926043385949,0.638833810453407,1
"12181","PmetTSAr1.1-016412",35.4291475634954,29.5396488332741,38.3952755357428,50.332547756406,31.4951082032633,34.9427946434621,33.1697877508906,34.5905902960701,-0.195883741459065,5.17187218384484,0.519964049993108,1
"12182","PmetTSAr1.1-016413",45.6352598692232,64.8206392826831,45.251574738554,75.3796756772687,48.5716466394835,75.2570544829256,65.669055471441,62.9537420772995,0.127259260705543,5.91920400006896,0.724291754125149,1
"12183","PmetTSAr1.1-016414",16.0060615895995,25.0179704620177,13.5707439393574,31.2162408231471,17.4406437333678,22.2209033897744,19.6965258912427,21.428049798793,-0.0888426551770662,4.38522448980966,0.787404108713428,1
"12184","PmetTSAr1.1-016415",8.49760011357949,7.82369349763454,14.5164403811244,9.29338467253998,10.267769379561,8.05719779400217,6.9356915638312,8.01075045318155,-0.269564631021834,3.20564388559708,0.389669035072385,1
"12185","PmetTSAr1.1-016417",49.3670101836523,73.8045002571532,34.4706353024095,39.3975965605114,50.9747416006574,39.9467385365792,80.1061898747029,52.4237096794778,0.181397130298082,5.71788393471553,0.623377452787356,1
"12186","PmetTSAr1.1-016418",2.3379640524134,2.37983072171393,1.79682323935742,4.81879205242814,2.51232655031811,2.62919085909545,2.09537509481305,2.80234733167835,-0.191211887880341,1.45424793747828,0.571975056751332,1
"12187","PmetTSAr1.1-016420",12.5440763581411,14.5764631704978,20.7580368967871,13.0531015486103,12.6708643407348,14.3898725513934,17.6221045473778,14.3231085841338,-0.0444493140025609,3.911842770379,0.881640897044459,1
"12188","PmetTSAr1.1-016421",12.4091938166558,16.4505798638475,8.22755904337346,11.3321043870288,16.7488436687874,12.4957242980665,16.0924807281642,14.124962813207,0.294559077523103,3.76058555210173,0.339834951153524,1
"12189","PmetTSAr1.1-016423",33.0012618167584,42.1527516583579,24.5881074859437,41.3039318779554,34.9905190558798,26.9704094578178,38.1777342274938,43.3939238329587,0.0245542063550309,5.15546007101904,0.93838444581409,1
"12190","PmetTSAr1.1-016425",9.03713027952104,9.81680172706995,8.41669833172688,6.16911290228437,8.73852713154126,6.55884171301229,8.3815003792522,8.52026814985034,-0.0535782263273061,3.046716960755,0.858224873905668,1
"12191","PmetTSAr1.1-016426",16.5905526027028,18.2949486731758,14.9420037799196,13.5561622573802,13.544717053889,13.4852047289089,18.4183470834067,15.5402897483981,-0.0547836195100976,3.9643350334136,0.850628905136823,1
"12192","PmetTSAr1.1-016428",7.23869639304919,8.65663425023441,10.2135215710843,5.40128339942494,9.06622189897406,6.50229997410702,6.28612528443915,6.36897120835989,-0.158077914522715,2.91055510374447,0.610953352526412,1
"12193","PmetTSAr1.1-016429",7.1038138515638,7.64520619350599,9.07868584096382,10.4583673665336,8.84775872068553,7.46350953549675,8.3815003792522,8.66180084336944,-0.0411714617552981,3.09046525093917,0.892148981843525,1
"12194","PmetTSAr1.1-016430",23.829248995752,23.709063565075,14.5164403811244,34.5788045080832,24.5406970277451,24.369489468175,19.906063400724,26.3250809945542,-0.024000831691446,4.5873424791605,0.943032644314476,1
"12195","PmetTSAr1.1-016433",8.3177567249323,8.59713848219156,9.40967959558229,12.9471940309745,7.53697965095434,10.7712012614555,9.11488166243677,9.2562381561497,-0.0996088340127965,3.25689557865499,0.74229376247028,1
"12196","PmetTSAr1.1-016434",18.2091431005275,16.6885629360189,11.5374965895582,30.1306887673803,17.6226963819416,17.0473342799414,14.7095331655876,15.6818224419172,-0.23688672116255,4.15141429394587,0.474798591198172,1
"12197","PmetTSAr1.1-016435",10.5208382358603,10.173776335327,4.72848220883532,5.63957531410546,11.1052115630004,7.35042605768619,11.3359792629386,11.2093893267134,0.400116045807179,3.18175901436245,0.238562778179608,1
"12198","PmetTSAr1.1-016436",28.909824725035,27.1300702275388,35.6527558546183,28.3037840881631,33.5340978672896,26.6877007632914,24.9559173792234,24.4285429013981,-0.130610060252478,4.84575485322546,0.654580667295888,1
"12199","PmetTSAr1.1-016437",4.7658497991504,5.26537547179207,4.25563398795179,6.24854354051121,5.8620952840756,4.35371389570644,4.54696395574432,4.75549850224205,-0.0795723253074454,2.34191784853332,0.790848690960044,1
"12200","PmetTSAr1.1-016438",4.7208889519886,6.48503871667045,3.6409313008032,6.40740481696488,5.78927422464609,6.44575823520174,6.78901530719428,4.58565927001912,0.146525601815469,2.50555445003438,0.630621609501503,1
"12201","PmetTSAr1.1-016441",5.44026250657734,4.90840086353498,3.97192505542167,5.24242212297127,5.17029521949525,6.75673779918077,6.83092280909054,5.49146850854141,0.309574831300296,2.47110264196017,0.28272446645285,1
"12202","PmetTSAr1.1-016442",11.8696636507142,10.5604988276056,9.22054030722888,7.38704935509588,9.83084302298392,9.13149083320246,9.05202040959238,9.14301200133441,-0.0700805726430168,3.26025845351857,0.810853218317692,1
"12203","PmetTSAr1.1-016443",28.7749421835496,38.999475952087,39.7192505542167,54.9924785323804,37.5756666656274,69.0940049422502,63.741310384213,47.3002261740861,0.421819300528229,5.57287190290032,0.223508732932751,1
"12204","PmetTSAr1.1-016445",4.13639793888525,3.51025031452804,4.49205809839356,4.05096254956871,4.04156879833783,5.06048563202242,5.9089577673728,3.79307618631211,0.221393051693368,2.15020785154333,0.4493782118773,1
"12205","PmetTSAr1.1-016446",20.1874203756465,14.3682279823478,42.7454791678713,15.9655582835943,32.8058872729945,14.9270190709935,10.5816442288059,13.502218961723,-0.376880517014342,4.3695245267226,0.372226149501897,1
"12206","PmetTSAr1.1-016448",29.7191199739473,21.1507455392325,27.1414878787148,85.4408898526681,35.8279612393192,75.2005127440203,10.7283204854428,25.5891109882548,-0.150290172601932,5.2823786732646,0.776313767140878,1
"12207","PmetTSAr1.1-016450",24.9083093276351,21.1209976552111,22.0347270931726,24.3057752974122,28.4002131775091,24.6239272932487,18.1249945701329,25.5041913721434,0.0648225666538863,4.5660064470223,0.823656828313991,1
"12208","PmetTSAr1.1-016451",20.0974986813229,18.6519232814329,30.0258620261043,24.4911134532749,21.8099072991384,19.6765251390369,17.1401682755708,15.5119832096943,-0.331020021670588,4.39086985930248,0.267332711360278,1
"12209","PmetTSAr1.1-016452",31.1578670831248,35.6974608257089,27.0469182345381,25.1265585590896,31.9320345598404,26.5180755465756,28.895222557472,31.3636448838345,-0.00405784142705922,4.89618215039596,0.990081138683163,1
"12210","PmetTSAr1.1-016453",2.60772913538418,2.4690743737782,2.45881074859437,5.00413020829076,2.87643184746567,3.13806650924295,3.2268776460121,3.36847810575478,-0.00164778359322721,1.6838464521443,1,1
"12211","PmetTSAr1.1-016454",8.58752180790308,5.02739239962067,12.1521992767068,11.729257578163,8.629295542397,6.67192519082285,9.36632667381433,4.27428734427708,-0.372185690312568,3.06343031804451,0.29818018003329,1
"12212","PmetTSAr1.1-016455",4.85577149347399,3.77798127072086,6.38345098192769,8.34021701381793,4.98824257092147,4.66469345968547,4.60982520858871,4.16106118946179,-0.344203758050756,2.40115621126656,0.27214508685225,1
"12213","PmetTSAr1.1-016456",5.44026250657734,3.15327570627095,7.56557153413652,8.76384708436106,5.02465310063623,5.00394389311714,5.46892899746206,4.18936772816561,-0.339308155889088,2.49419401196091,0.312794844581909,1
"12214","PmetTSAr1.1-016457",3.46198523145831,3.18302359029238,5.0594759634538,5.79843659055913,3.56823191204602,4.07100520118004,3.66690641592284,3.53831733797771,-0.23875310267011,2.03702252586263,0.421109472398077,1
"12215","PmetTSAr1.1-016458",13.5781758428625,15.1416729669049,6.43073580401604,14.3504686396486,15.2924224801972,15.2379986349725,15.254330690239,15.8233551354363,0.31337537736936,3.80317051664442,0.327904589714311,1
"12216","PmetTSAr1.1-016460",7.77822655899075,7.43697100535602,7.51828671204816,14.0062692073323,7.17287435380679,7.32215518823355,7.10332157141624,7.64276545003186,-0.332275165373523,3.05530501676415,0.290383706372244,1
"12217","PmetTSAr1.1-016461",5.9348318253571,7.82369349763454,4.16106434377508,5.18946836415338,5.49798998692805,5.06048563202242,6.55852404676485,6.2557450535446,0.0144139207428487,2.55498496163258,0.968656038083273,1
"12218","PmetTSAr1.1-016463",3.14725930132574,3.36151089442092,2.60066521485943,3.4684712025719,3.20412661489846,3.08152477033767,2.51445011377566,3.651543492793,-0.0229263402781503,1.67414284740644,0.956267006596366,1
"12219","PmetTSAr1.1-016464",3.32710268997292,2.40957860573535,1.65496877309236,3.09779489084666,2.80361078803616,2.77054520635864,1.69725382679857,2.51928194464013,-0.110309794446954,1.37578004965776,0.735964425607341,1
"12220","PmetTSAr1.1-016466",6.60924453278405,2.76655321399244,2.69523485903613,16.5745265100001,8.73852713154126,12.1282029951822,2.2001438495537,4.6988854248344,-0.0490075688280249,2.83203746048339,0.935372480396177,1
"12221","PmetTSAr1.1-016468",5.35034081225375,5.50335854396346,4.01920987751002,7.78420254623007,6.84517958637399,5.28665258764353,4.25361144247049,5.01025735057644,-0.0903281092898681,2.47775237853103,0.782748163463881,1
"12222","PmetTSAr1.1-016469",24.0990140787228,32.9606554957379,9.03140101887547,28.9657060733867,22.0647810071417,34.2077520376934,41.907501896261,35.2133341475542,0.487875000655008,4.83979113202194,0.200086552070614,1
"12223","PmetTSAr1.1-016471",4.90073234063579,5.89008103624197,7.2818626016064,55.2837242058788,6.48107428922644,38.6745494112104,6.34898653728354,6.48219736317517,-0.340227293694852,4.04480554364178,0.641239793167118,1
"12224","PmetTSAr1.1-016472",13.2634499127299,14.6657068225621,8.88954655261041,10.6172286429873,12.4524011624463,10.9408264781714,12.4046205612933,14.0683497357994,0.0712441356841272,3.61198296891723,0.811275560950564,1
"12225","PmetTSAr1.1-016474",7.05885300440201,10.8877255518412,9.40967959558229,10.8025667988499,9.75802196355441,10.4319508280239,14.1856893918844,10.6149520139331,0.236623524376674,3.38741527328259,0.430005752630281,1
"12226","PmetTSAr1.1-016475",2.20308151092802,2.11209976552111,3.02622861365461,2.85950297616615,2.51232655031811,3.64694215939046,3.96025892919667,2.77404079297453,0.344180025016044,1.56281263575052,0.225919119848679,1
"12227","PmetTSAr1.1-016476",21.9408934149566,27.5465406038387,15.4148520008032,19.063353174441,23.6304337848762,23.4365507762379,25.3330848962898,25.560804449551,0.221715030244902,4.51148446708935,0.45389078053952,1
"12228","PmetTSAr1.1-016478",23.2447579826487,24.4230127815892,19.7650556329317,15.7802201277317,22.6837600122925,18.8283990554577,21.5823634765744,19.6730443991561,-0.00747547404122102,4.37898875533674,0.980433915207942,1
"12229","PmetTSAr1.1-016479",4.45112386901783,5.65209796407058,5.20133042971886,4.28925446424922,5.89850581379035,4.60815172078019,3.96025892919667,4.5573527313153,-0.0455542231457831,2.28845621738014,0.880499400411766,1
"12230","PmetTSAr1.1-016480",5.48522335373914,6.90150909297039,3.07351343574296,3.62733247902557,5.38875839778378,4.72123519859075,5.9089577673728,5.6046946633567,0.177922314663906,2.36607977786582,0.578867303111966,1
"12231","PmetTSAr1.1-016482",5.48522335373914,7.10974428112036,10.4026608594377,9.24043091372208,8.26519024524945,14.4746851597513,10.3721067193246,8.94486623040766,0.383865086225137,3.22561680021624,0.236621538498466,1
"12232","PmetTSAr1.1-016483",28.7299813363878,33.6746047122521,36.8821612289155,34.8435733021727,41.216719637103,30.4194555310398,28.6018700441981,32.2977606610606,-0.0177111215918959,5.06144037011719,0.953753663380813,1
"12233","PmetTSAr1.1-016484",3.01237675984035,2.43932648975678,2.50609557068272,3.36256368493612,2.58514760974762,2.57264912019017,4.1907501896261,3.14202579612421,0.145153825533348,1.60596881651111,0.62159140863872,1
"12234","PmetTSAr1.1-016485",7.82318740615254,7.76419772959169,1.70225359518072,11.7822113369809,9.72161143383966,7.57659301330731,2.84971012894575,7.10494121465925,-0.0984390942099458,2.82930029812238,0.841835583352322,1
"12235","PmetTSAr1.1-016488",2.83253337119316,2.88554475007814,3.54636165662649,2.62121106148563,2.94925290689518,2.2333986867585,2.11632884576118,1.6983923222293,-0.402266123116216,1.41295851419198,0.147847989019776,1
"12236","PmetTSAr1.1-016489",15.1068446463635,17.4322600365545,13.8071680497991,20.2812896272525,16.4211489013546,11.2518060421504,16.7420470075563,14.0966562745032,-0.188642990303852,3.97331467032285,0.527721351297431,1
"12237","PmetTSAr1.1-016490",2.29300320525161,2.32033495367108,2.03324734979919,2.30348850857828,2.54873708003287,1.86587738387419,2.53540386472379,2.09468386408281,0.0118800422096834,1.20903744756601,0.984259162383496,1
"12238","PmetTSAr1.1-016491",10.5208382358603,13.7137745338765,7.51828671204816,11.7557344575719,11.1780326224299,10.2057838724028,15.0028856788614,13.8702039648726,0.206444791778611,3.55970590588426,0.501515241813751,1
"12239","PmetTSAr1.1-016493",16.7254351441882,23.917298753225,14.5637252032128,18.7191537421247,14.0908749996103,18.4043360136681,26.00360492663,23.5227336628758,0.149668444663105,4.29022327648568,0.633974165071148,1
"12240","PmetTSAr1.1-016494",47.1189678255624,29.4206572971884,50.5474748124496,62.4324816462942,39.2505510325062,26.800784241102,27.3446449873103,18.0878782317421,-0.765817680733633,5.23557891247809,0.0276498605008897,1
"12241","PmetTSAr1.1-016496",7.50846147601997,7.37747523731318,5.48503936224898,10.4054136077157,9.21186401783308,7.77448909947578,7.83670285460081,7.89752429836626,0.0841663682572287,3.00069672293879,0.77876141764671,1
"12242","PmetTSAr1.1-016497",4.31624132753244,2.88554475007814,2.9316589694779,16.4950958717732,7.20928488352154,9.35765778882358,2.11632884576118,3.79307618631211,-0.24981412313571,2.63468099757098,0.651665286853469,1
"12243","PmetTSAr1.1-016498",3.46198523145831,6.63377813677757,3.40450719036143,7.12228056100642,4.55131621434441,8.00065605509689,7.81574910365268,7.72768506614333,0.440078353686191,2.6249442978746,0.197128255408006,1
"12244","PmetTSAr1.1-016500",12.6789588996265,11.1257086240126,7.18729295742969,9.90235289894573,9.32109560697735,8.39644822743384,7.18713657520876,8.03905699188537,-0.313382586473284,3.21530692078882,0.298132589547351,1
"12245","PmetTSAr1.1-016501",6.74412707426943,4.75966144342786,6.28888133775098,5.87786722878597,6.33543217036742,4.29717215680116,2.87066387989388,3.67985003149682,-0.465257195694039,2.36606370897219,0.142811217515886,1
"12246","PmetTSAr1.1-016503",11.465016026258,19.6633513381613,4.49205809839356,9.92882977835468,7.60980071038385,11.6475982144874,16.7420470075563,11.6906004846784,0.0653306105002811,3.5523014247293,0.871153802425639,1
"12247","PmetTSAr1.1-016504",14.792118716231,23.0248622325823,12.2467689208835,15.8331738865496,13.9088223510365,21.627215131269,22.5252822692403,18.73892862193,0.220189667221808,4.16264414445375,0.48473350781112,1
"12248","PmetTSAr1.1-016505",20.5021463057791,19.4551161500114,14.2327314485943,20.3607202654793,18.0596227385186,17.1038760188467,16.0924807281642,16.9273101448854,-0.129730274532735,4.16218792148813,0.654236098074,1
"12249","PmetTSAr1.1-016507",11.914624497876,14.2789843302836,15.9822698658634,14.6152374337381,10.3405904389905,10.658117783645,10.916904243976,10.0488212398567,-0.436287294075696,3.63247848932302,0.122833323749061,1
"12250","PmetTSAr1.1-016509",3.01237675984035,4.40268683517077,4.4447732763052,5.95729786701281,3.53182138233126,3.47731694267462,4.84031646901815,4.61396580872294,-0.117081117099992,2.12193228687142,0.701059694209032,1
"12251","PmetTSAr1.1-016510",15.5114922708197,18.6221753974115,12.3886233871485,16.8657721834985,14.0544644698955,17.4431264522784,18.9002833552137,18.4841697735956,0.119251965380197,4.05331642726121,0.684747227938343,1
"12252","PmetTSAr1.1-016511",21.5812066376622,16.9265460081903,16.6442573751003,30.3689806820608,18.8242438625285,27.2248472828916,20.4089534234791,18.569089389707,-0.00915733433568726,4.41853356354696,0.978942542280271,1
"12253","PmetTSAr1.1-016512",6.33947944981327,6.09831622439194,3.92464023333332,4.20982382602238,4.26003197662637,4.86258954585394,4.98699272565506,4.92533773446498,-0.110819092909191,2.3254246394299,0.702927709200136,1
"12254","PmetTSAr1.1-016518",37.2725422971291,41.0223320655438,44.7787265176705,38.7621514546966,41.9813407611128,36.356338116094,35.5375616080293,34.5056706799587,-0.125286639548641,5.27928848371843,0.671543496053204,1
"12255","PmetTSAr1.1-016521",5.79994928387171,5.86033315222055,7.32914742369475,9.58463034603838,7.2456954132363,8.33990648852856,6.89378406193494,6.56711697928664,0.0213568692610637,2.861358810307,0.944511688156095,1
"12256","PmetTSAr1.1-016522",20.2773420699701,15.3796560390763,15.131143068273,20.4136740242972,18.0232122088039,20.6942764393319,15.2962381921353,20.2108686345287,0.059471507150655,4.18905210425358,0.839911326419933,1
"12257","PmetTSAr1.1-016524",42.6228831093828,37.3335944468872,51.7295953646584,44.6135418040737,48.9721624663458,40.0315511449371,23.1538947976842,34.3358314477357,-0.26749282472412,5.33630029601911,0.413600204159558,1
"12258","PmetTSAr1.1-016527",44.1515519128839,43.699641627472,64.2600732180721,63.9681406520131,61.897900515084,57.1354271637838,34.7413190720004,43.6203761425893,-0.130743628334356,5.69322341856062,0.704846229912218,1
"12259","PmetTSAr1.1-016528",9.21697366816823,10.173776335327,8.27484386546182,13.2649165838818,7.28210594295105,9.24457431101302,8.8634366510592,11.9170527943089,-0.135379705418131,3.29958848127569,0.660264676809693,1
"12260","PmetTSAr1.1-016529",18.8835558079544,21.0317540031468,21.3254547618473,16.0185120424122,19.188349159676,19.3090038361526,19.4450808798651,17.1820689932198,-0.0398926959338129,4.2560363464655,0.888272630175648,1
"12261","PmetTSAr1.1-016530",26.9765082970777,32.4549414673737,31.4916915108433,27.4300470676679,24.0673601414532,25.9526581575228,24.8721023754309,25.3343521399204,-0.239746410185746,4.7751245299118,0.394007038552646,1
"12262","PmetTSAr1.1-016531",1.70851219214826,2.64756167790674,1.84410806144578,2.01224283507988,2.11181072345581,1.97896086168474,2.30491260429436,2.23621655760192,0.0629608559703522,1.1186682990042,0.82055709275476,1
"12263","PmetTSAr1.1-016532",4.94569318779758,5.08688816766352,4.25563398795179,8.92270836081473,3.16771608518371,5.39973606545409,4.00216643109293,6.22743851484078,-0.308032495874879,2.41109597229846,0.363752034759617,1
"12264","PmetTSAr1.1-016533",19.647890209705,15.5581433432048,22.223866381526,23.5644226739618,14.9283171830497,12.693620384235,16.7210932566081,16.361179370809,-0.415524679333882,4.15130046222875,0.157723557748409,1
"12265","PmetTSAr1.1-016535",9.03713027952104,9.1326003945772,10.0716671048192,8.26078637559109,9.90366408241343,8.96186561648663,10.2044767117396,8.37873545633123,0.0380437378527683,3.21786250652353,0.898114412302839,1
"12266","PmetTSAr1.1-016536",2.65268998254598,2.82604898203529,3.02622861365461,3.36256368493612,1.89334754516727,3.10979563979031,4.25361144247049,3.2552519509395,0.0819810960386311,1.63975249659822,0.797706495790814,1
"12267","PmetTSAr1.1-016537",2.29300320525161,3.95646857484941,1.79682323935742,4.47459262011184,2.22104231260007,2.60091998964281,3.56213766118219,3.45339772186625,-0.0908841230702484,1.64122914770747,0.800942316431998,1
"12268","PmetTSAr1.1-016538",1.75347303931005,3.27226724235665,2.31695628232931,2.62121106148563,2.25745284231483,2.31821129511641,4.33742644626301,3.28355848964332,0.289240393879827,1.50769635504215,0.344541618569366,1
"12269","PmetTSAr1.1-016539",2.3829248995752,3.27226724235665,1.84410806144578,2.5417804232588,2.07540019374105,2.17685694785322,3.58309141213032,2.63250809945542,0.0583359861527023,1.39710153582249,0.853425670397065,1
"12270","PmetTSAr1.1-016540",21.1315981660442,20.5260399747826,90.7395735875499,25.6296192678595,25.3417286814697,26.2636377215018,32.1640077053803,18.9087678541529,-0.621012728210783,5.02792357571808,0.166977157949672,1
"12271","PmetTSAr1.1-016541",1.88835558079544,1.42789843302836,1.89139288353413,2.88597985557509,1.60206330744923,2.28994042566378,1.67630007585044,1.64177924482166,-0.173663536138681,0.982617700622586,0.560743482049868,1
"12272","PmetTSAr1.1-016543",26.706743214107,11.7801620724839,25.5810887497991,43.7662816629874,31.7135713815518,34.320835515504,7.96242536028959,9.53930354318792,-0.369160649904477,4.58344799656307,0.444218980497004,1
"12273","PmetTSAr1.1-016544",14.2525885502894,15.9448658354833,4.82305185301203,18.7191537421247,17.0037173767907,17.6692934078995,6.72615405434989,15.2006112839523,0.0719747848495526,3.79282511066474,0.859264586522717,1
"12274","PmetTSAr1.1-016545",11.9595853450378,10.4712551755413,230.797216613252,27.0858476353516,44.9670041977228,56.965801947068,6.45375529202419,12.0585854878281,-1.2185043232459,5.64673132802938,0.141788912634187,1
"12275","PmetTSAr1.1-016546",12.2743112751704,10.6794903636913,6.05245722730921,13.7415004132429,10.267769379561,6.2761330184859,5.28034523892889,9.22793161744588,-0.464907254848886,3.21477425202746,0.178605723526032,1
"12276","PmetTSAr1.1-016549",3.77671116159088,5.8008373841777,5.57960900642568,5.21594524356232,5.46157945721329,6.47402910465438,5.17557648418823,5.49146850854141,0.147333892531589,2.44268370823551,0.606618850234565,1
"12277","PmetTSAr1.1-016553",4.7658497991504,5.0571402836421,6.47802062610439,5.95729786701281,5.71645316521658,6.64365432137021,5.82514276358028,4.89703119576116,0.0528941669366425,2.51834777605711,0.858764826827585,1
"12278","PmetTSAr1.1-016555",13.8029800786714,17.1347811963403,19.3394922341365,15.9920351630033,13.9088223510365,15.74687428512,20.3041846687385,16.7291643739586,0.0100234422508897,4.06035188591549,0.975869133628258,1
"12279","PmetTSAr1.1-016557",2.65268998254598,3.06403205420668,4.16106434377508,2.80654921734825,4.22362144691161,2.71400346745336,2.51445011377566,3.93460887983122,0.0768913343791615,1.72891616322723,0.809257560476344,1
"12280","PmetTSAr1.1-016558",11.2402117904491,9.57881865489856,15.4621368228915,11.9940263722524,13.4718959944594,15.4641655905936,14.3323656485213,14.917545896914,0.270879421608853,3.74084423853896,0.356891275474584,1
"12281","PmetTSAr1.1-016559",4.7208889519886,3.95646857484941,3.97192505542167,5.26889900238021,4.62413727377392,4.63642259023283,4.02312018204106,4.41582003779619,-0.0208260041019307,2.17441165749996,0.955121626164912,1
"12282","PmetTSAr1.1-016560",5.08057572928297,4.58117413929931,4.58662774257026,5.87786722878597,5.49798998692805,5.03221476256978,5.82514276358028,4.84041811835351,0.0731643172917886,2.38666396901368,0.791302248704243,1
"12283","PmetTSAr1.1-016561",27.2912342272103,26.7730956192817,34.7543442349396,30.6072725967413,32.0776766786994,33.2748133457563,34.0707990416602,26.8912117686306,0.0811811573277357,4.94387114439669,0.780985099784271,1
"12284","PmetTSAr1.1-016562",32.7764575809494,35.3404862174518,32.2009638421686,33.7844981258148,37.2479718981946,36.2715255077361,37.255769185776,36.9683395471912,0.139600497488293,5.14137526579593,0.627233422428474,1
"12285","PmetTSAr1.1-016563",17.4448086987769,18.027217716983,13.2397501847389,32.8578073465017,12.1611169247283,18.1498981885944,17.9573645625478,21.6261955697198,-0.223963512802255,4.24826231640885,0.512153295173306,1
"12286","PmetTSAr1.1-016564",26.7517040612688,49.7682099678425,26.8104941240963,30.5278419585145,27.2350762266369,25.2458864212068,11.6083780252643,24.0888644369523,-0.603471568166304,4.79765499883699,0.0845349982113504,1
"12287","PmetTSAr1.1-016566",56.2460197994071,70.353745710668,40.0029594867468,54.8600941353357,53.0137312646837,51.3116280565402,60.4515714853565,64.9918128639747,0.0529007010673463,5.81943902171373,0.876537221317988,1
"12288","PmetTSAr1.1-016567",6.06971436684249,8.98386097447008,11.2537876570281,13.0795784280192,10.559053617279,10.8277430003608,9.55491043234751,13.5305255004268,0.173235614954312,3.39900474719169,0.585341177755124,1
"12289","PmetTSAr1.1-016568",6.38444029697506,8.86486943838438,9.36239477349394,17.5276941687221,12.197527454443,7.03944649370716,7.01950656762372,10.8130977848599,-0.1890830937225,3.31708653656363,0.603175392456169,1
"12290","PmetTSAr1.1-016569",4.7208889519886,6.00907257232767,5.53232418433733,5.93082098760386,6.08055846236413,6.16304954067535,6.45375529202419,6.39727774706371,0.175304821651088,2.57935920119811,0.529751277049905,1
"12291","PmetTSAr1.1-016570",3.86663285591448,3.42100666246377,2.41152592650602,7.28114183746009,4.66054780348867,3.25114998705351,3.24783139696023,2.88726694778981,-0.284573678097176,1.9800161405367,0.420443861519662,1
"12292","PmetTSAr1.1-016573",29.4493548909765,31.7112443668381,23.3587021116465,23.7762377092333,31.3130555546895,29.6278711863659,32.0592389506397,25.2777390625128,0.127101940794541,4.82706625438125,0.663269284393108,1
"12293","PmetTSAr1.1-016575",3.91159370307627,3.71848550267801,3.35722236827308,4.13039318779555,4.76977939263294,2.45956564237961,3.58309141213032,3.62323695408918,-0.0720289199251383,1.90847659726044,0.818973625186824,1
"12294","PmetTSAr1.1-016576",2.20308151092802,3.48050243050662,1.65496877309236,3.60085559961663,2.84002131775091,2.26166955621114,2.43063510998314,2.46266886723249,-0.148888703927873,1.42499751739053,0.647560310007262,1
"12295","PmetTSAr1.1-016577",11.6448594149052,13.2973041575766,9.07868584096382,10.8819974370767,12.197527454443,14.2767890735828,19.8851096497758,14.8043197420988,0.445812546023941,3.73667137176773,0.138543066255149,1
"12296","PmetTSAr1.1-016580",13.9828234673186,9.54907077087713,6.5725902702811,10.4583673665336,8.70211660182651,4.43852650406435,1.9906063400724,4.98195081187262,-1.01647705006818,2.93166222582845,0.0118650297672898,1
"12297","PmetTSAr1.1-016581",7.91310910047614,8.06167656980593,12.8141867859437,10.3524598488978,11.3964958007184,11.7606816922979,10.8121354892353,11.7189070233822,0.223916724909195,3.41483877275013,0.450646767000508,1
"12298","PmetTSAr1.1-016582",2.15812066376622,1.93361246139257,3.59364647871485,3.57437872020768,2.4395054908886,3.59040042048518,2.4725426118794,2.00976424797134,-0.0983356526848514,1.47597571739758,0.750375842241492,1
"12299","PmetTSAr1.1-016584",2.65268998254598,2.40957860573535,4.77576703092368,4.55402325833868,4.95183204120672,2.79881607581128,1.15245630214718,1.83992501574841,-0.430625518171045,1.6736112258865,0.293620210574198,1
"12300","PmetTSAr1.1-016585",11.1502900961255,11.1852043920555,14.7528644915662,14.165130483786,14.7098540047611,15.2945403738778,17.9992720644441,10.643258552637,0.194934895242234,3.78684519582153,0.517517331425307,1
"12301","PmetTSAr1.1-016586",12.0944678865232,13.3567999256194,14.5164403811244,16.2832808365017,13.544717053889,16.453646021436,16.5744169999712,15.1723047452484,0.134188465072051,3.88904799613025,0.639080390064833,1
"12302","PmetTSAr1.1-016589",17.8494563232331,11.7504141884625,11.5374965895582,13.9268385691055,13.8724118213218,8.42471909688648,4.25361144247049,8.71841392077709,-0.645000793757371,3.50314266659874,0.0712364568477444,1
"12303","PmetTSAr1.1-016592",17.5796912402623,24.3337691295249,35.2744772779115,26.4768794089458,18.7150122733842,25.38724076847,30.6343838861668,24.2587036691752,-0.0657146598194591,4.66648645428557,0.835254777187407,1
"12304","PmetTSAr1.1-016593",3.95655455023807,4.01596434289225,3.87735541124497,4.31573134365817,2.58514760974762,2.57264912019017,4.52601020479619,2.46266886723249,-0.406136788958632,1.84842561086834,0.159278792663802,1
"12305","PmetTSAr1.1-016594",2.65268998254598,1.96336034541399,2.36424110441766,3.07131801143771,2.51232655031811,2.57264912019017,2.30491260429436,1.81161847704459,-0.130857919915105,1.3027603690071,0.64501940670161,1
"12306","PmetTSAr1.1-016595",9.84642552843337,8.80537367034153,12.4831930313253,21.3668416830193,10.9595694441413,14.4746851597513,11.6083780252643,13.3040731907962,-0.0620609140106571,3.69191768231501,0.855977095974268,1
"12307","PmetTSAr1.1-016596",35.5640301049808,22.162173595961,37.4495790939758,36.4321860667094,31.094592376401,18.0933564496891,17.2868445322077,16.3045662934013,-0.669351604534749,4.74658527471121,0.0414594791608088,1
"12308","PmetTSAr1.1-016597",37.9919158517178,31.9789753230309,71.7783599301202,46.2021545686104,48.0983097531917,48.0604780694866,32.2059152072766,34.137685676809,-0.209684407725367,5.45473084429586,0.544553061789898,1
"12309","PmetTSAr1.1-016599",6.06971436684249,5.74134161613485,3.07351343574296,4.84526893183708,5.35234786806902,4.55160998187491,3.49927640833779,5.68961427946816,-0.0520832791484966,2.29683871710713,0.879718802025322,1
"12310","PmetTSAr1.1-016602",11.0603684018019,14.873942010712,8.41669833172688,11.1732431105751,11.9426537464397,12.9197873398561,16.3020182376455,18.2294109252612,0.382474586931525,3.72099315995351,0.213783994300858,1
"12311","PmetTSAr1.1-016603",10.5208382358603,14.5467152864764,8.18027422128511,11.2791506282109,13.3262538756004,12.6370786453297,16.0715269772161,18.7955416993376,0.448388011348023,3.72700662940803,0.14421661747663,1
"12312","PmetTSAr1.1-016604",8.40767841925589,12.1966324487839,6.28888133775098,6.38092793755594,7.5733901806691,7.52005127440203,9.68063293803629,12.3416508748663,0.156844196522592,3.14833639435227,0.632498811807031,1
"12313","PmetTSAr1.1-016605",5.66506674238632,6.18755987645621,3.49907683453814,3.60085559961663,3.49541085261651,3.95792172336949,4.44219520100367,6.02929274391403,-0.0795452636211916,2.22415561030125,0.800901869231591,1
"12314","PmetTSAr1.1-016607",2.74261167686957,4.04571222691368,2.2223866381526,2.1975809909425,2.69437919889189,2.43129477292697,3.20592389506397,3.73646310890447,0.103646541976003,1.57322368146692,0.726969465047654,1
"12315","PmetTSAr1.1-016610",12.5890372053029,13.3567999256194,14.1381618044176,14.4034223984665,10.8867483847118,9.27284518046566,8.08814786597837,9.14301200133441,-0.544470517601628,3.52848930372888,0.0546606532799701,1
"12316","PmetTSAr1.1-016611",13.4882541485389,14.1897406782193,13.1924653626506,14.5358067955112,13.5083065241742,12.1847447340875,12.362713059397,13.2474601133886,-0.111719787944973,3.74411384845875,0.691447703731397,1
"12317","PmetTSAr1.1-016612",5.66506674238632,5.65209796407058,5.91060276104415,7.73124878741217,4.69695833320343,6.86982127699133,8.42340788114846,7.04832813725161,0.115969133662962,2.71565568928765,0.705574187597277,1
"12318","PmetTSAr1.1-016613",3.41702438429651,5.9198289202634,3.6409313008032,6.11615914346648,4.22362144691161,4.91913128475922,7.69002659796389,4.10444811205415,0.129481803544931,2.34456876705361,0.696955442431694,1
"12319","PmetTSAr1.1-016614",10.7006816245075,11.9586493766125,8.18027422128511,9.05509275785946,12.0882958652988,9.58382474444469,11.6502855271606,10.8414043235637,0.145695082067034,3.40209574258991,0.616366016884469,1
"12320","PmetTSAr1.1-016615",35.4741084106572,36.7981325345016,39.9556746646585,27.6948158617573,35.3546243530274,26.4898046771229,26.9884312211921,30.5144487227198,-0.229337385297378,5.02069601564504,0.438460690913175,1
"12321","PmetTSAr1.1-016616",62.9901468736765,77.1660111515741,61.2338446044174,89.5183292816457,57.8927422464609,121.706092993612,47.3973846446712,77.7580618193983,0.0668902365211971,6.21963718629087,0.873304890371473,1
"12322","PmetTSAr1.1-016617",8.3627175720941,8.2699117579559,6.00517240522086,4.95117644947286,6.00773740293462,5.59763215162256,5.63655900504711,6.17082543743313,-0.235821906238586,2.68523970884046,0.430598153645361,1
"12323","PmetTSAr1.1-016618",34.1252829958033,58.573583638184,19.5286315224899,20.0959514713899,18.751422803099,20.1571299197318,126.958776994723,85.4291338081339,0.925299663417192,5.586259991275,0.098890355210525,1
"12324","PmetTSAr1.1-016621",20.7269505415881,26.4161210110246,11.3956421232931,25.6825730266774,18.2052648573776,23.8606138180275,22.7138660277735,22.0224871115733,0.042272021211553,4.42286859536906,0.895443237759335,1
"12325","PmetTSAr1.1-016622",16.0060615895995,19.2468809618614,14.327301092771,16.9187259423164,14.8190855939054,21.7968403479848,20.9956584500268,16.5876316804395,0.157856886832051,4.14204774657117,0.592429299057289,1
"12326","PmetTSAr1.1-016623",34.9345782447157,48.5782946069856,32.9575209955822,33.3343911758628,31.6771608518371,35.1689615990832,28.5180550404056,55.3109766272676,0.00804908935055844,5.23356354193143,0.980760893938702,1
"12327","PmetTSAr1.1-016624",18.748673266469,21.9836862918324,12.8141867859437,16.8128184246806,15.8385804259185,15.9447703712885,27.0512924740365,18.7672351606338,0.14140668779704,4.21454746790193,0.653240548238543,1
"12328","PmetTSAr1.1-016625",9.26193451533002,12.4048676369338,5.57960900642568,7.06932680218853,8.37442183439371,9.41419952772885,13.4104006068035,9.76575585281849,0.254954185578572,3.24510249697228,0.437650571850141,1
"12329","PmetTSAr1.1-016626",19.2432425852488,20.2285611345684,16.7861118413654,16.3362345953196,21.9191388882827,19.9875047030159,20.869935944338,21.6261955697198,0.217286349238273,4.29924742249787,0.4384151017645,1
"12330","PmetTSAr1.1-016628",13.7580192315096,13.1783126214909,15.2257127124497,10.5113211253515,14.7826750641906,9.13149083320246,11.5455167724199,12.2567312587548,-0.142001096646677,3.65567097061135,0.634312976642499,1
"12331","PmetTSAr1.1-016630",14.567314480422,18.027217716983,20.1433342096385,34.2875588345848,22.6837600122925,19.591712530679,18.1669020720291,24.0322513595446,-0.0445315736966957,4.42657146740027,0.894276346969897,1
"12332","PmetTSAr1.1-016631",22.6153061223835,30.8188078461954,34.6124897686746,27.1388013941694,29.0556027123747,34.4339189933145,38.1567804765456,28.2782321651179,0.174042325949052,4.94034201298086,0.560970243314922,1
"12333","PmetTSAr1.1-016632",17.1300827686444,16.5100756318904,14.6582948473895,13.9003616896965,16.5667910202136,15.6337908073095,18.2297633248735,17.7198932285924,0.132276861651146,4.03178164559407,0.641979926574513,1
"12334","PmetTSAr1.1-016633",3.82167200875268,4.55142625527789,5.0594759634538,5.77195971115018,5.38875839778378,4.12754694008532,4.25361144247049,4.04783503464651,-0.112890109600357,2.22924030293589,0.701755507308908,1
"12335","PmetTSAr1.1-016634",44.3313953015311,38.7019971118727,50.8311837449797,44.0840042158948,58.2568475436084,43.9894728683066,41.6770106358316,37.5344703212676,0.0281386019268441,5.49129218835977,0.928662017248033,1
"12336","PmetTSAr1.1-016635",7.1038138515638,6.84201332492754,8.41669833172688,8.39317077263582,6.66312693780021,5.484548673812,4.29551894436675,5.80284043428345,-0.469555294922083,2.73963531590256,0.109773417048845,1
"12337","PmetTSAr1.1-016636",17.9393780175567,20.1095695984827,14.1381618044176,15.6743126100959,16.5303804904989,13.71137168453,11.1054880025092,14.8043197420988,-0.274589150857591,3.95970965840325,0.352173103841385,1
"12338","PmetTSAr1.1-016637",2.47284659389879,3.18302359029238,10.1662367489959,2.48882666444091,2.00257913431154,2.06377347004266,2.45158886093127,2.49097540593631,-1.01270001995019,1.78629192869426,0.0152727312235306,1
"12339","PmetTSAr1.1-016639",37.4973465329381,50.5119070683781,39.1518326891565,35.9820791167573,38.5951614976406,42.8869089596537,76.2506997002469,47.7531307933472,0.33311290588609,5.52828032242277,0.319635455604266,1
"12340","PmetTSAr1.1-016640",60.1126526553216,81.8959247109805,91.4961307409635,63.7033718579236,54.3609208641296,55.948050646773,71.1589382198512,93.2417384903887,-0.113437461691432,6.16088000636395,0.773762056374949,1
"12341","PmetTSAr1.1-016641",3.86663285591448,7.2882315852489,1.60768395100401,2.8330260967572,2.7672002583214,4.26890128734852,4.4631489519518,4.61396580872294,0.0431603848525971,2.01303717951128,0.917324678181531,1
"12342","PmetTSAr1.1-016642",10.2960340000513,10.1142805672842,8.700407264257,6.48683545519172,10.559053617279,6.61538345191757,9.1358354133849,8.2088962241083,-0.0436803396964939,3.14104693671151,0.887586893337127,1
"12343","PmetTSAr1.1-016644",7.46350062885817,6.81226544090612,9.07868584096382,5.90434410819491,8.11954812639043,5.23011084873825,6.11849527685411,6.05759928261785,-0.195476761563055,2.7866755732997,0.514700178509373,1
"12344","PmetTSAr1.1-016645",59.1684748649238,69.0150909297039,50.2637658799195,52.3183137120769,67.3230694425825,54.1952567407093,60.849692753371,68.5584367406562,0.120699363754993,5.91348353457606,0.725012984919007,1
"12345","PmetTSAr1.1-016647",6.15963606116608,4.87865297951355,7.89656528875499,12.682425236885,6.51748481894119,9.64036648334997,5.44797524651393,6.56711697928664,-0.168902722511968,2.91409336783875,0.631663882720541,1
"12346","PmetTSAr1.1-016648",32.6865358866259,35.5487214056018,34.8961987012047,22.2935324623324,35.7187296501749,21.0617977422162,25.521668654823,25.3626586786243,-0.220243597333732,4.86735579339725,0.4794888123979,1
"12347","PmetTSAr1.1-016650",3.05733760700214,4.43243471919219,6.28888133775098,6.5927429728275,4.8061899223477,3.73175476774837,2.51445011377566,3.651543492793,-0.476650189240665,2.15068272665475,0.150826662781876,1
"12348","PmetTSAr1.1-016651",9.75650383410978,10.1440284513056,21.9401574489959,12.4176564427956,8.81134819097078,8.90532387758135,9.24060416812555,7.81260468225479,-0.639836456480615,3.4823100207563,0.0503763506190457,1
"12349","PmetTSAr1.1-016653",2.83253337119316,2.17159553356396,3.12079825783131,3.99800879075082,3.31335820404273,3.59040042048518,3.31069264980462,2.37774925112102,0.0523284093069663,1.65652900224842,0.866221714481188,1
"12350","PmetTSAr1.1-016655",3.82167200875268,6.93125697699181,3.54636165662649,4.395161981885,3.85951614976406,3.84483824555893,5.36416024272141,4.50073965390765,-0.0927669820951555,2.20215670951489,0.768288585284463,1
"12351","PmetTSAr1.1-016656",5.71002758954812,5.71159373211343,3.21536790200802,6.6456967316454,4.62413727377392,4.52333911242227,5.17557648418823,5.37824235372613,-0.115668082565298,2.37571702341779,0.711298889059518,1
"12352","PmetTSAr1.1-016658",2.87749421835496,4.9381487475564,2.03324734979919,2.14462723212461,5.24311627892476,3.22287911760087,6.62138529960924,1.72669886093312,0.484168561435538,1.87706049171296,0.22880131827172,1
"12353","PmetTSAr1.1-016659",4.27128048037064,4.1944516470208,8.27484386546182,3.83914751429714,2.91284237718042,3.47731694267462,7.27095157900128,4.07614157335033,-0.204394562542026,2.27699395129264,0.564804132576273,1
"12354","PmetTSAr1.1-016660",41.0042926115582,47.1801440579786,28.9855959401605,32.6989460700481,39.9423510970865,31.2110398757137,36.4176191478508,40.7048026560956,-0.0157235724869478,5.2222854122529,0.960368198882199,1
"12355","PmetTSAr1.1-016663",1.43874710917748,1.36840266498551,3.83007058915661,3.49494808198085,3.27694767432797,2.51610738128489,2.51445011377566,2.57589502204778,0.101671613608726,1.42576706093862,0.770300323338566,1
"12356","PmetTSAr1.1-016664",28.3702945590934,10.8282297837984,20.0014797433734,37.1735386901599,28.7279079449419,30.8435185728294,7.18713657520876,9.11470546263059,-0.345902982248566,4.43185710880607,0.468113983650189,1
"12357","PmetTSAr1.1-016665",19.2432425852488,21.5077201474896,12.1994840987951,14.3239917602397,15.2196014207677,19.1111077499841,27.7008587534285,18.3709436187803,0.257543317804879,4.21181624549279,0.419805671591582,1
"12358","PmetTSAr1.1-016666",6.56428368562225,5.97932468830624,5.53232418433733,6.9369424051438,7.20928488352154,5.99342432395951,3.26878514790836,6.6520365953981,-0.117706409818449,2.60270343277186,0.715834724722391,1
"12359","PmetTSAr1.1-016667",4.7658497991504,5.0571402836421,2.60066521485943,3.78619375547925,3.13130555546895,6.78500866863341,8.80057539821481,6.2557450535446,0.624050386594027,2.38555467463871,0.075234807797288,1
"12360","PmetTSAr1.1-016669",79.8055037121883,97.1268413299497,109.369793490361,76.9418115623965,79.3749547781665,68.6699419004606,62.5888540820658,91.7414919390862,-0.26458018330085,6.3795024860841,0.496708917029364,1
"12361","PmetTSAr1.1-016670",10.4309165415367,3.74823338669944,13.2870350068273,12.1528876487061,8.73852713154126,8.05719779400217,3.24783139696023,4.64227234742676,-0.6832792619656,3.01452201977911,0.100569104843871,1
"12362","PmetTSAr1.1-016671",62.001008236117,16.4208319798261,19.8596252771084,81.1516353884189,67.4687115614415,35.3103159463464,15.9877119734236,35.7794649216306,-0.216000846025095,5.38557228852424,0.671834350249581,1
"12363","PmetTSAr1.1-016672",11.1053292489637,11.5124311162911,9.03140101887547,13.9797923279234,9.50314825555113,9.52728300553941,10.6445054816503,8.77502699818473,-0.248347238437783,3.4024502305916,0.393731592813307,1
"12364","PmetTSAr1.1-016673",4.40616302185603,5.08688816766352,2.97894379156625,3.57437872020768,4.98824257092147,4.07100520118004,4.48410270289993,3.84968926371975,0.112215176735709,2.08535490388639,0.701103046312481,1
"12365","PmetTSAr1.1-016675",4.63096725766501,3.00453628616383,4.06649469959838,22.9025006887381,4.58772674405916,19.7896086168474,0.921965041717742,7.61445891132804,-0.0744646958866372,3.09046263649445,0.918621872799183,1
"12366","PmetTSAr1.1-016677",16.1859049782466,16.8075544721046,22.5548601361445,18.58676934508,20.972465115699,22.2209033897744,22.1900222540702,22.8433767339841,0.251575569591859,4.34754090870961,0.37678429366743,1
"12367","PmetTSAr1.1-016678",26.706743214107,31.2055303384739,22.9331387128513,30.1571656467893,22.319654715145,25.5851368546385,36.7109716611246,27.0610510008536,0.00874006436533567,4.80238029927745,0.977966949115784,1
"12368","PmetTSAr1.1-016679",4.7208889519886,8.89461732240581,12.577762675502,10.7760899194409,8.19236918581994,6.44575823520174,2.76589512515323,4.81211157964969,-0.738303322497559,2.89698076311468,0.0562429186191707,1
"12369","PmetTSAr1.1-016680",6.15963606116608,4.96789663157782,4.25563398795179,4.15687006720449,6.22620058122315,3.78829650665365,3.62499891402658,3.9063023411274,-0.157709783233513,2.2294578926609,0.606123660830622,1
"12370","PmetTSAr1.1-016682",11.0603684018019,11.8396578405268,8.18027422128511,7.49295687273166,10.6318746767085,9.13149083320246,13.3894468558554,12.3699574135701,0.239706974491232,3.40292591373195,0.430854610107177,1
"12371","PmetTSAr1.1-016683",8.13791333628512,5.83058526819912,9.69338852811241,12.6294714780671,7.50056912123959,11.3366186505083,6.32803278633541,8.32212237892358,-0.11700894246895,3.13474639531479,0.725333986831515,1
"12372","PmetTSAr1.1-016684",2.24804235808981,1.69562938922117,3.73550094497991,3.30960992611823,2.22104231260007,2.54437825073753,1.21531755499157,1.41532693519109,-0.574557578429372,1.23173402806785,0.0831324988556041,1
"12373","PmetTSAr1.1-016685",21.401363249015,25.5831802584247,13.523459117269,18.057231756901,20.6447703482662,13.9658095096038,23.1119872957879,20.012722863602,-0.0158904306263529,4.29301000780322,0.961682529008517,1
"12374","PmetTSAr1.1-016686",12.7688805939501,12.9403295493195,27.4724816333332,11.4380119046646,16.3483278419251,14.7573938542777,10.6235517307022,11.3509220202325,-0.282544398254708,3.88342437621853,0.412607507891802,1
"12375","PmetTSAr1.1-016687",59.1684748649238,52.7727462540063,57.8766222361444,56.6075681763261,64.4830481248316,69.9421310258294,23.6148773185431,57.2641277978313,-0.0728879536364461,5.78843957290673,0.847064439797645,1
"12376","PmetTSAr1.1-016688",34.3051263844505,38.4045182716585,42.5563398795179,33.5197293317254,38.2674667302078,27.1400346745336,28.7904538027313,31.1371925742039,-0.247552845538259,5.10098056092122,0.404275039671086,1
"12377","PmetTSAr1.1-016689",9.17201282100643,12.5238591730195,10.4026608594377,12.3911795633866,12.4159906327315,11.6475982144874,14.3533193994694,11.2093893267134,0.156312962293301,3.56465328545236,0.587879370284087,1
"12378","PmetTSAr1.1-016690",8.67744350222667,9.43007923479144,10.4026608594377,5.48071403765178,10.1949483201315,6.86982127699133,9.63872543614003,7.38800660169747,0.00643909512523096,3.09867733152915,0.990110575352023,1
"12379","PmetTSAr1.1-016691",2.96741591267855,2.43932648975678,3.45179201244979,3.01836425261982,2.91284237718042,2.12031520894794,1.92774508722801,2.37774925112102,-0.348901580126683,1.4355813005963,0.198070371387483,1
"12380","PmetTSAr1.1-016693",2.15812066376622,1.13041959281412,1.70225359518072,3.54790184079874,4.4784951549149,3.59040042048518,1.04768754740653,1.92484463185988,0.357149966601798,1.32613661742559,0.395637575097926,1
"12381","PmetTSAr1.1-016694",15.0169229520399,15.6771348792905,14.1381618044176,18.08370863631,14.7098540047611,17.8389186246153,17.1192145246226,17.0405362997007,0.083874030087187,4.02405843202459,0.76867686223758,1
"12382","PmetTSAr1.1-016696",7.55342232318177,7.2882315852489,6.28888133775098,7.65181814918534,6.99082170523301,5.71071562943312,7.6271653451195,6.39727774706371,-0.107474255866907,2.80753866511865,0.709403131281292,1
"12383","PmetTSAr1.1-016697",13.7580192315096,14.873942010712,9.55153406184735,14.9594368660544,12.0882958652988,15.8034160240253,12.1741293008638,15.5119832096943,0.0631305962913002,3.77152198624007,0.832442775351432,1
"12384","PmetTSAr1.1-016698",8.58752180790308,11.363691696184,4.11377952168673,16.5745265100001,10.704695736138,11.0539099559819,1.13150255119905,6.05759928261785,-0.493048914674091,3.13134185045423,0.359024358582027,1
"12385","PmetTSAr1.1-016699",3.19222014848753,3.74823338669944,2.60066521485943,2.22405787035145,3.422589793187,2.34648216456905,3.01734013653079,2.97218656390128,-0.00239815242980481,1.58534422219082,1,1
"12386","PmetTSAr1.1-016700",3.14725930132574,3.48050243050662,3.07351343574296,4.05096254956871,4.8061899223477,3.50558781212726,2.03251384196866,2.74573425427071,-0.0837537338119241,1.77129172223376,0.813798831971049,1
"12387","PmetTSAr1.1-016701",140.907295005069,148.798915875163,111.497610484337,101.856555086214,131.733296507985,110.22811999584,133.286809781058,120.246176413835,-0.0218525969359388,6.96439948624005,0.956599649151234,1
"12388","PmetTSAr1.1-016702",10.4309165415367,8.62688636621299,8.93683137469876,12.8412865133387,9.57596931498064,12.6088077758771,8.29768537545968,8.09567006929301,-0.0835320257763783,3.32032581247659,0.786641919756802,1
"12389","PmetTSAr1.1-016703",7.1038138515638,14.6954547065835,7.89656528875499,10.6172286429873,7.10005329437728,8.22682301071801,6.85187656003867,15.2289178226561,-0.110390620568646,3.29029759001134,0.760688900219888,1
"12390","PmetTSAr1.1-016704",6.60924453278405,6.5445344847133,6.47802062610439,6.06320538464859,7.5733901806691,6.38921649629646,6.57947779771298,5.94437312780256,0.0434399151963797,2.71869208081496,0.880313968614929,1
"12391","PmetTSAr1.1-016705",6.60924453278405,11.0662128559698,4.63391256465862,3.01836425261982,6.69953746751497,5.06048563202242,5.04985397849945,5.43485543113377,-0.189296615151702,2.58643896061294,0.612029755343099,1
"12392","PmetTSAr1.1-016706",1.52866880350107,1.99310822943541,3.21536790200802,2.06519659389777,2.47591602060336,2.94017042307448,3.45736890644153,2.63250809945542,0.397193991866621,1.38054405372281,0.174896360841857,1
"12393","PmetTSAr1.1-016707",3.19222014848753,2.4690743737782,3.02622861365461,3.4684712025719,2.58514760974762,2.14858607840058,2.09537509481305,2.37774925112102,-0.403939928312933,1.4469933153026,0.126631127800119,1
"12394","PmetTSAr1.1-016708",4.99065403495938,3.92672069082798,2.60066521485943,5.6660521935144,3.27694767432797,3.70348389829574,4.27456519341862,4.61396580872294,-0.117847953705282,2.06983338001518,0.710754678200514,1
"12395","PmetTSAr1.1-016709",9.80146468127158,6.48503871667045,11.3956421232931,12.3647026839777,9.39391666640686,10.1209712640448,5.48988274841019,8.06736353058919,-0.277049376715724,3.20070304869942,0.394784504518124,1
"12396","PmetTSAr1.1-016710",13.3533716070535,13.5650351137694,11.7739207,9.69053786367416,14.6370329453316,8.33990648852856,11.084534251561,12.3416508748663,-0.0605235947954511,3.57351402434565,0.843939669676435,1
"12397","PmetTSAr1.1-016711",85.7852963847072,107.062634593105,108.329527404417,92.351355378403,89.3878504497242,78.0275996892842,94.6271392817574,92.1943965583473,-0.151735235178513,6.54736900632193,0.693279878542659,1
"12398","PmetTSAr1.1-016713",17.1750436158062,18.2057050211115,13.7598832277108,39.5035040781471,22.6473494825778,27.818535541397,11.7760080328493,18.4841697735956,-0.136986681666811,4.40869374705045,0.721254606285001,1
"12399","PmetTSAr1.1-016715",4.58600641050321,4.55142625527789,3.92464023333332,3.83914751429714,7.13646382409203,3.44904607322198,2.32586635524249,5.01025735057644,0.0785886761335261,2.13987217581008,0.815880218586159,1
"12400","PmetTSAr1.1-016716",13.2184890655681,18.7114190494758,8.13298939919676,12.6294714780671,12.9985591081676,15.3228112433304,22.9024497863066,16.983923222293,0.371449890362977,3.92482920209543,0.259563226514974,1
"12401","PmetTSAr1.1-016717",12.5890372053029,17.5512515726402,6.99815366907628,11.8351650957988,11.5785484492922,15.2662695044252,21.3728259670931,16.3328728321051,0.397412353697849,3.83456019859362,0.240130799409294,1
"12402","PmetTSAr1.1-016718",12.364232969494,16.8670502401475,7.3764322457831,12.3911795633866,12.051885335584,15.3793529822357,21.5823634765744,16.983923222293,0.428552978017018,3.85305193759565,0.192788167218762,1
"12403","PmetTSAr1.1-016719",6.56428368562225,9.57881865489856,4.01920987751002,6.9369424051438,6.5903058783707,7.74621823002314,12.6560655726708,9.02978584651913,0.408674316737395,2.99405122577201,0.228887188354736,1
"12404","PmetTSAr1.1-016720",6.69916622710764,8.71613001827726,10.7809394361445,8.39317077263582,7.60980071038385,7.54832214385467,12.9284643349965,8.80333353688855,0.0951610691429204,3.17000991450161,0.76533090552141,1
"12405","PmetTSAr1.1-016723",14.8820404105546,17.0752854282974,17.8736627493975,17.58064792754,14.3821592373283,17.867189494068,20.3041846687385,15.1723047452484,0.00720070671993921,4.08379990091973,0.982718056526122,1
"12406","PmetTSAr1.1-016724",2.96741591267855,3.48050243050662,3.26265272409637,3.1772255290735,2.65796866917713,2.742274336906,3.41546140454527,3.05710618001275,-0.116041477849354,1.65887487845087,0.658009094647068,1
"12407","PmetTSAr1.1-016725",7.1937355458874,10.4712551755413,6.47802062610439,9.37281531076681,10.1585377904167,10.2057838724028,10.7492742363909,9.68083623670703,0.280271070755945,3.22633639428598,0.340964077310224,1
"12408","PmetTSAr1.1-016726",4.85577149347399,5.02739239962067,3.40450719036143,2.17110411153356,3.96874773890832,3.02498303143239,6.22326403159476,3.96291541853504,0.158067716724698,2.05093992364652,0.646552218826189,1
"12409","PmetTSAr1.1-016727",27.6958818516665,21.8646947557467,86.1056610228912,43.5544666277158,46.6054780348867,46.618663727402,20.6813521858048,27.62718177493,-0.340418321762432,5.32684080051268,0.432167729360958,1
"12410","PmetTSAr1.1-016728",36.7779729783493,37.8393084752514,38.9154085787147,38.126706348882,41.2531301668177,33.925043343167,25.1025936358603,42.9976322911052,-0.0823931660326128,5.20651123406252,0.789023238884605,1
"12411","PmetTSAr1.1-016729",20.4571854586173,26.3863731270032,14.0908769823293,37.4647843636583,17.6226963819416,35.5082120325148,39.497820537226,37.8741487857135,0.406413046757256,4.84264897974838,0.265494990220927,1
"12412","PmetTSAr1.1-016730",13.4432933013771,16.5695713999332,9.83524299437747,21.2344572859745,13.7267697024627,18.3195234053102,17.014445769882,17.6632801511848,0.125463475957046,4.0043420688653,0.689639652396688,1
"12413","PmetTSAr1.1-016732",4.31624132753244,5.74134161613485,3.35722236827308,2.43587290562301,2.80361078803616,3.42077520376934,2.24205135144996,2.09468386408281,-0.587365971327218,1.7467016088274,0.0649142373681858,1
"12414","PmetTSAr1.1-016735",18.1641822533657,16.9265460081903,17.1171055959839,18.1101855157189,23.5576127254467,20.5811929615213,14.2695043956769,14.9458524356179,0.0600401084240358,4.17132116495775,0.840557011162322,1
"12415","PmetTSAr1.1-016736",3.73175031442909,3.00453628616383,3.40450719036143,6.22206666110226,2.87643184746567,3.87310911501157,4.23265769152236,3.22694541223568,-0.205901618692589,1.95927841177603,0.507181025516198,1
"12416","PmetTSAr1.1-016737",3.86663285591448,3.09377993822811,6.80901438072287,5.18946836415338,5.38875839778378,4.52333911242227,2.72398762325697,4.10444811205415,-0.18019414137659,2.17433107181343,0.589545609327939,1
"12417","PmetTSAr1.1-016738",59.6630441837036,21.0317540031468,250.751411534537,53.3509120090258,133.15330716686,34.9710655129147,2.61921886851631,15.2289178226561,-1.04907250849696,6.15690742784975,0.216545824309865,1
"12418","PmetTSAr1.1-016742",11.914624497876,10.2927678714127,22.6021449582328,14.3239917602397,19.6616860459678,12.9197873398561,6.8728303109868,9.56761008189174,-0.271102951908224,3.7617928663397,0.467821069723271,1
"12419","PmetTSAr1.1-016743",15.0618837992017,17.5809994566616,13.1451805405622,6.85751176691696,14.5642118859021,7.91584344673898,10.1416154588952,9.56761008189174,-0.319437708488354,3.57359076264072,0.35458822750344,1
"12420","PmetTSAr1.1-016744",16.5006309083792,13.2080605055123,11.2537876570281,8.31374013440898,8.15595865610518,12.3543699508033,13.4104006068035,20.0410294023058,0.132990814399369,3.69671399139193,0.702039917990982,1
"12421","PmetTSAr1.1-016745",7.41853978169638,4.04571222691368,13.9490225160642,8.41964765204476,8.3016007749642,6.72846692972813,4.44219520100367,3.84968926371975,-0.535822321522412,2.84524847672765,0.166253696587339,1
"12422","PmetTSAr1.1-016746",8.04799164196152,10.4117594074984,14.4691555590361,15.3830669365975,11.906243216725,10.7994721309082,3.24783139696023,4.81211157964969,-0.653892058484832,3.31263735131941,0.108825384841611,1
"12423","PmetTSAr1.1-016747",22.6602669695453,21.4184764954253,21.7037333385541,16.8657721834985,24.2858233197418,21.3445064367426,18.8583758533175,20.0410294023058,0.0326927092964822,4.38918432178291,0.910531299193026,1
"12424","PmetTSAr1.1-016748",17.9843388647185,13.9517576060479,17.6372386389558,17.6865554451758,17.0401279065055,14.1354347263196,15.0238394298096,16.0498074450669,-0.111489823055597,4.02203444382199,0.696210278081241,1
"12425","PmetTSAr1.1-016750",7.95806994763793,9.16234827859862,8.700407264257,13.1060553074282,9.61237984469539,9.21630344156038,3.7088139178191,11.0678566331943,-0.21567623816453,3.19009964797214,0.548302918535397,1
"12426","PmetTSAr1.1-016751",4.13639793888525,3.00453628616383,8.51126797590358,3.57437872020768,6.00773740293462,2.48783651183225,3.77167517066349,3.93460887983122,-0.242754354715907,2.16104847217778,0.516917460066809,1
"12427","PmetTSAr1.1-016752",23.1997971354869,28.7364559646957,21.7983029827308,53.6686345619331,35.1725717044536,52.9513384847932,23.1119872957879,35.1567210701466,0.199210734803955,5.09996491875282,0.590302909938453,1
"12428","PmetTSAr1.1-016755",4.99065403495938,6.15781199243479,4.25563398795179,3.60085559961663,5.60722157607231,3.59040042048518,5.63655900504711,5.18009658279937,0.0743816912650662,2.30443320739168,0.814994167752009,1
"12429","PmetTSAr1.1-016756",14.4324319389366,16.0936052555904,16.2659787983935,13.9003616896965,16.6396120796432,13.7679134234353,16.2810644866974,17.5783605350733,0.0827314518110767,3.97097407917514,0.771840824464664,1
"12430","PmetTSAr1.1-016757",6.20459690832788,4.8191572114707,15.4148520008032,12.0999338898882,9.83084302298392,5.96515345450687,1.92774508722801,7.35970006299365,-0.621266055570686,2.99929703563538,0.177002796533794,1
"12431","PmetTSAr1.1-016759",22.5253844280599,19.782342874247,23.2641324674698,22.9025006887381,22.5017073637188,20.5529220920687,19.9479709026202,18.6823155445223,-0.115171064835986,4.41468545279083,0.681966280642906,1
"12432","PmetTSAr1.1-016760",27.4261167686957,29.4801530652313,30.4987102469878,25.8149574237222,24.6135180871746,22.3057159981323,19.0260058609025,25.4758848334395,-0.308667198334373,4.6800658420978,0.279827019029338,1
"12433","PmetTSAr1.1-016761",32.1020448735225,29.2719178770813,30.924273645783,41.3039318779554,35.2089822341683,35.4516702936096,27.2398762325697,33.4866352866211,-0.0246984160347707,5.05248426093035,0.935267980132317,1
"12434","PmetTSAr1.1-016762",6.29451860265147,7.19898793318463,5.76874829477909,5.56014467587862,7.53697965095434,7.32215518823355,6.41184779012793,6.99171505984396,0.18582290874703,2.74381196083172,0.511957208266466,1
"12435","PmetTSAr1.1-016763",8.81232604371206,6.663526020799,4.77576703092368,16.0449889218212,7.79185335895763,7.80275996892842,5.74132775978776,6.05759928261785,-0.410243036541602,3.00503934323923,0.26595935048431,1
"12436","PmetTSAr1.1-016765",28.0555686289608,26.9813308074317,32.4373879526103,31.1897639437382,26.5796866917713,20.1005881808265,27.0512924740365,28.6745237069714,-0.212436641124786,4.79141104241551,0.463820163871153,1
"12437","PmetTSAr1.1-016766",19.6928510568667,14.6657068225621,24.3516833755019,13.185485945655,25.6694234489025,15.5489781989516,11.6921930290568,12.8228620328312,-0.129026961511795,4.10849175286713,0.707045118866246,1
"12438","PmetTSAr1.1-016767",3.5519069257819,3.77798127072086,1.79682323935742,5.58662155528756,3.20412661489846,3.6752130288431,2.64017261946444,3.62323695408918,-0.174582651017401,1.82808452037947,0.608725139421614,1
"12439","PmetTSAr1.1-016768",1.43874710917748,2.32033495367108,1.74953841726907,1.2708902116294,1.85693701545252,1.24391825591612,4.63077895953684,1.6983923222293,0.484104856853577,1.07120686819347,0.207341014287981,1
"12440","PmetTSAr1.1-016769",12.1843895808468,12.1966324487839,23.0749931791164,15.5419282130512,10.0857167309872,9.24457431101302,20.073693408309,10.1054343172644,-0.345045200072432,3.81978170864305,0.322290118641887,1
"12441","PmetTSAr1.1-016771",6.83404876859303,4.43243471919219,4.11377952168673,8.71089332554317,5.5344005166428,7.18080084097036,6.3908940391798,6.19913197613696,0.0684892020608657,2.64199439069763,0.834259537243185,1
"12442","PmetTSAr1.1-016776",46.7592810482681,45.6927498569074,74.2844555008029,42.3365301749043,59.6404476727691,47.2971645942654,48.5917484487146,44.9507834616689,-0.0602492920842445,5.6794013543328,0.857462246554115,1
"12443","PmetTSAr1.1-016779",20.4122246114555,11.0662128559698,22.1765815594377,49.2205188212302,27.3078972860665,33.5857929097354,7.56430409227511,9.6525296980032,-0.398375604408135,4.50354501403514,0.422293184107495,1
"12444","PmetTSAr1.1-016780",7.28365724021099,9.60856653891998,8.88954655261041,5.50719091706073,9.13904295840357,4.09927607063268,5.19653023513636,5.77453389557963,-0.371789775168801,2.80495922975569,0.266619771249154,1
"12445","PmetTSAr1.1-016781",17.4448086987769,25.2857014182105,12.8141867859437,19.1692606920768,17.6226963819416,19.7047960084895,27.8056275081692,19.7013509378599,0.182552826537416,4.32309297262109,0.560479588788894,1
"12446","PmetTSAr1.1-016782",6.92397046291662,7.58571042546314,5.91060276104415,3.97153191134187,6.84517958637399,6.72846692972813,8.50722288494098,5.54808158594906,0.182411884916187,2.71487463038464,0.563211800098043,1
"12447","PmetTSAr1.1-016783",30.7082586115068,28.5877165445886,22.4130056698794,37.3323999666136,27.1986656969222,40.6252394034425,29.6495575916047,35.241640686258,0.156299769154409,4.97899191392653,0.60921591570356,1
"12448","PmetTSAr1.1-016784",6.51932283846045,8.68638213425584,5.1540456076305,8.97566211963263,5.68004263550182,9.61209561389733,11.5245630214718,8.91655969170384,0.282864780609406,3.03723295179642,0.384450393291148,1
"12449","PmetTSAr1.1-016788",2.02323812228083,1.33865478096408,1.56039912891566,3.38904056434506,2.00257913431154,1.78106477551627,1.2362713059397,1.35871385778344,-0.40145338432294,0.924092911716855,0.227814407295065,1
"12450","PmetTSAr1.1-016789",12.7239197467883,10.3225157554342,14.2800162706827,18.0042779980831,12.4524011624463,11.5627856061294,9.28251167002181,11.4924547137516,-0.30612172750429,3.65226566249908,0.309523397798199,1
"12451","PmetTSAr1.1-016790",5.57514504806273,10.1440284513056,2.97894379156625,3.89210127311503,4.8061899223477,4.12754694008532,8.6538991415779,5.8594535116911,0.0525444366844813,2.54287204456118,0.893978588226831,1
"12452","PmetTSAr1.1-016791",13.3983324542153,19.4551161500114,7.51828671204816,15.7007894895049,8.92057978011504,11.4779729977715,14.7304869165357,13.3606862682038,-0.210703717965186,3.71605385562783,0.534591251129313,1
"12453","PmetTSAr1.1-016796",3.32710268997292,2.73680532997102,2.41152592650602,4.23630070543133,3.49541085261651,2.77054520635864,1.73916132869483,2.49097540593631,-0.290387016766734,1.56549323650236,0.353818769930899,1
"12454","PmetTSAr1.1-016797",6.56428368562225,11.4826832322697,11.1592180128514,11.1202893517572,6.95441117551826,10.8277430003608,17.1611220265189,12.5964097232007,0.237941445117827,3.46686837177603,0.48371480361571,1
"12455","PmetTSAr1.1-016798",7.01389215724021,13.7137745338765,10.7809394361445,8.07544821972847,6.26261111093791,5.85206997669631,12.1741293008638,12.3416508748663,-0.11086933970956,3.2620465962589,0.754465130095947,1
"12456","PmetTSAr1.1-016799",6.06971436684249,5.94957680428482,5.1540456076305,5.45423715824283,6.15337952179364,7.77448909947578,6.01372652211345,6.28405159224842,0.212408525030712,2.62537038430036,0.454006595402867,1
"12457","PmetTSAr1.1-016800",6.33947944981327,6.5445344847133,9.31510995140559,4.71288453479235,6.66312693780021,7.209071710423,3.96025892919667,5.97267966650638,-0.175272279751832,2.6757831979251,0.587996549907747,1
"12458","PmetTSAr1.1-016801",32.1020448735225,10.6497424796698,32.7210968851404,70.2961148307511,53.0137312646837,29.0624537973131,1.40390131352474,11.6622939459745,-0.616151251075787,4.91474232782667,0.379160951614653,1
"12459","PmetTSAr1.1-016803",24.7284659389879,36.054435433966,11.0646483686747,16.3891883541374,27.1622551672074,20.3550260059002,37.1090929291391,29.4104937132708,0.369485803912232,4.66432139781905,0.316827197597019,1
"12460","PmetTSAr1.1-016806",3.5968677729437,4.8191572114707,4.3502036321285,5.29537588178916,3.64105297147553,3.50558781212726,6.26517153349102,5.2084031215032,0.0438784819726303,2.218650979505,0.888931463905309,1
"12461","PmetTSAr1.1-016807",11.5099768734198,11.2149522760769,4.53934292048191,9.4257690695847,10.559053617279,7.94411431619162,4.88222397091441,12.0302789491242,-0.0540625264111438,3.18178755679742,0.88934823490553,1
"12462","PmetTSAr1.1-016808",3.32710268997292,4.22419953104222,2.69523485903613,5.32185276119811,3.71387403090504,6.16304954067535,2.66112637041257,5.03856388928027,0.165944267450455,2.07443577533489,0.611262664034515,1
"12463","PmetTSAr1.1-016811",21.401363249015,26.5648604311317,20.3797583200802,25.894388061949,26.1063498054795,20.9769851338583,27.2189224816215,20.2108686345287,0.00344226909530806,4.56435371697074,0.990928407020656,1
"12464","PmetTSAr1.1-016814",9.35185620965362,9.16234827859862,7.84928046666664,9.55815346662943,7.90108494810189,12.9763290787614,11.0426267496648,9.14301200133441,0.193084362150679,3.27655367022309,0.516298197143072,1
"12465","PmetTSAr1.1-016815",17.5347303931005,15.082177198862,19.9069100991967,15.0123906248723,16.6760226093579,14.729122984825,10.9588117458723,13.5305255004268,-0.272816339085239,3.95238567036446,0.353389417500256,1
"12466","PmetTSAr1.1-016816",5.17049742360657,5.681845848092,5.1540456076305,4.92469957006392,5.31593733835427,3.95792172336949,3.41546140454527,4.61396580872294,-0.278341426121806,2.27361533326446,0.331432784233587,1
"12467","PmetTSAr1.1-016817",6.65420537994584,7.64520619350599,5.10676078554215,3.83914751429714,6.26261111093791,4.9756730236645,4.84031646901815,4.52904619261147,-0.174481533693413,2.46942288178941,0.572832401932799,1
"12468","PmetTSAr1.1-016818",19.5579685153814,23.7388114490964,41.3742193273091,35.0553883374442,23.5212021957319,25.2176155517542,14.604764410847,23.7491859725064,-0.459432517122961,4.69518429899123,0.167364780356308,1
"12469","PmetTSAr1.1-016821",17.0401610743208,16.6885629360189,17.542668994779,21.1285497683388,14.8190855939054,19.3938164445105,21.6452247294188,12.7945554941274,-0.0763713287794679,4.1454075202652,0.800169510637407,1
"12470","PmetTSAr1.1-016822",14.3874710917748,13.7435224178979,13.7598832277108,15.5684050924601,11.1780326224299,13.1742251649299,16.2391569848011,10.643258552637,-0.16462949632405,3.77081545972593,0.571759868278172,1
"12471","PmetTSAr1.1-016823",5.21545827076836,6.03882045634909,14.5637252032128,9.31986155194892,9.72161143383966,9.35765778882358,5.82514276358028,6.96340852114014,-0.140541732893933,3.07511194035511,0.699140809731105,1
"12472","PmetTSAr1.1-016824",3.86663285591448,4.58117413929931,3.78278576706826,3.52142496138979,4.11438985776735,3.81656737610629,3.54118391023405,3.56662387668154,-0.069264864897894,1.96682072989731,0.805435903710672,1
"12473","PmetTSAr1.1-016825",4.36120217469423,3.86722492278513,1.60768395100401,3.70676311725241,2.80361078803616,2.96844129252712,4.44219520100367,3.84968926371975,0.052823690798147,1.81563688695654,0.878501901954145,1
"12474","PmetTSAr1.1-016827",12.2743112751704,11.2744480441197,12.8141867859437,12.6559483574761,10.0493062012725,12.9197873398561,11.5036092705236,10.8414043235637,-0.112630861060834,3.56705996047297,0.690027438537795,1
"12475","PmetTSAr1.1-016828",15.8711790481141,20.4367963227184,11.8212055220883,13.0266246692013,16.3483278419251,12.4957242980665,18.0621333172885,14.29480204543,0.000500887979744604,3.94104425155255,1,1
"12476","PmetTSAr1.1-016829",9.486738751139,9.72755807500568,9.26782512931723,13.9533154485144,10.0493062012725,10.3754090891186,11.0635805006129,9.73744931411467,-0.0434121520545788,3.39556792438177,0.886439773187675,1
"12477","PmetTSAr1.1-016830",9.39681705681541,13.0593210854052,9.78795817228912,9.4257690695847,12.8893275190234,13.3438503816457,19.9689246535684,13.0776208811656,0.508519752293268,3.66574225980891,0.0921181001638172,1
"12478","PmetTSAr1.1-016831",3.5968677729437,4.96789663157782,2.45881074859437,3.7597168760703,3.60464244176077,4.41025563461172,5.04985397849945,5.97267966650638,0.359914602048564,2.10426190270512,0.239394147208617,1
"12479","PmetTSAr1.1-016832",23.0199537468397,30.4320853539169,20.1433342096385,30.6602263555592,22.3924757745745,26.715971632744,30.4248463766855,28.5896040908599,0.0518728149917477,4.73428440708434,0.861929016915052,1
"12480","PmetTSAr1.1-016833",19.0633991966016,21.953938407811,14.4218707369477,22.3464862211503,19.1155281002465,21.5141316534584,23.8453685789725,24.5983821336211,0.194580220191685,4.38729892405048,0.504785064021996,1
"12481","PmetTSAr1.1-016836",3.64182862010549,3.39125877844235,3.21536790200802,3.62733247902557,3.27694767432797,3.08152477033767,2.2001438495537,2.94388002519746,-0.276750914603591,1.69122986330147,0.311080123709758,1
"12482","PmetTSAr1.1-016837",7.55342232318177,6.27680352852048,11.0173635465863,9.92882977835468,7.46415859152483,17.9802729718785,14.3742731504175,9.11470546263059,0.494478598141569,3.39690625972225,0.155277036209211,1
"12483","PmetTSAr1.1-016840",2.29300320525161,2.5880659098639,3.16808307991967,2.01224283507988,2.07540019374105,2.79881607581128,2.34682010619062,2.12299040278663,-0.0965511021016217,1.31239634855163,0.723790160236795,1
"12484","PmetTSAr1.1-016841",10.3859556943749,9.93579326315565,6.33616615983933,14.4563761572844,10.0128956715577,8.87705300812871,9.1358354133849,10.7281781687484,-0.0884553399906511,3.32922167939834,0.784828342801737,1
"12485","PmetTSAr1.1-016842",2.74261167686957,2.64756167790674,3.12079825783131,4.05096254956871,3.05848449603944,3.6752130288431,2.70303387230883,3.2552519509395,0.00869701315415623,1.68709014373702,0.978807886445183,1
"12486","PmetTSAr1.1-016845",28.3702945590934,36.7088888824373,26.1957914369477,19.7782289184825,31.6771608518371,20.8639016560477,36.6900179101765,28.6745237069714,0.0865614457808914,4.84212671821941,0.785794452420038,1
"12487","PmetTSAr1.1-016846",22.8401103581925,25.2559535341891,20.8053217188754,30.0777350085624,22.1376020665712,32.1439785676508,31.4515801731439,30.004931026051,0.2252064800596,4.75007003087849,0.447874639291432,1
"12488","PmetTSAr1.1-016847",11.1502900961255,14.2194885622407,9.59881888393571,10.1406448136262,12.051885335584,11.8172234312032,13.976151882403,13.2474601133886,0.179078468000452,3.59595134834486,0.537238526731492,1
"12489","PmetTSAr1.1-016848",9.08209112668284,7.16924004916321,5.91060276104415,5.24242212297127,6.62671640808546,5.93688258505423,5.80418901263215,6.70864967280575,-0.126612247649585,2.72599962060885,0.671949363938423,1
"12490","PmetTSAr1.1-016849",9.17201282100643,7.76419772959169,5.57960900642568,5.69252907292335,6.15337952179364,5.14529824038033,6.85187656003867,6.0009862052102,-0.222354340381134,2.72316818387771,0.462113381117101,1
"12491","PmetTSAr1.1-016850",11.2851726376109,7.43697100535602,6.85629920281122,5.21594524356232,6.33543217036742,5.31492345709617,5.97181902021719,7.64276545003186,-0.282584536420079,2.81953388485768,0.371452934693608,1
"12492","PmetTSAr1.1-016851",7.1038138515638,6.03882045634909,4.49205809839356,3.68028623784347,4.51490568462965,3.81656737610629,3.77167517066349,4.52904619261147,-0.356339236537685,2.26205285873317,0.239074157755363,1
"12493","PmetTSAr1.1-016852",6.87900961575482,4.90840086353498,4.58662774257026,4.15687006720449,4.87901098177721,3.16633737869559,4.04407393298919,4.50073965390765,-0.305553161138153,2.2305981337978,0.307998896954113,1
"12494","PmetTSAr1.1-016853",11.1053292489637,7.43697100535602,7.18729295742969,5.21594524356232,6.22620058122315,5.23011084873825,6.1813565296985,7.21816736947454,-0.31278219046917,2.81286942409354,0.319955275969228,1
"12495","PmetTSAr1.1-016854",7.23869639304919,5.53310642798488,4.53934292048191,3.70676311725241,4.44208462520014,4.15581780953796,3.58309141213032,5.15179004409555,-0.275913131958367,2.27709404080093,0.36406956920053,1
"12496","PmetTSAr1.1-016855",7.32861808737279,4.90840086353498,4.58662774257026,3.89210127311503,4.22362144691161,3.50558781212726,3.96025892919667,4.50073965390765,-0.351593488919324,2.22205134976203,0.237194262624786,1
"12497","PmetTSAr1.1-016856",9.12705197384463,13.1485647374695,9.59881888393571,9.53167658722049,11.1416220927151,10.1775130029501,13.5570768634404,12.0585854878281,0.180147754380938,3.4737631338779,0.537385219496385,1
"12498","PmetTSAr1.1-016857",3.10229845416394,3.24251935833523,3.97192505542167,3.1772255290735,3.422589793187,2.45956564237961,2.53540386472379,2.74573425427071,-0.274715141871108,1.6493702295374,0.30586867221726,1
"12499","PmetTSAr1.1-016858",24.9532701747969,26.862339271346,23.6424110441766,23.1143157240097,25.8514760974762,23.1255712122589,21.351872216145,23.6925728950988,-0.0685496532576979,4.59298439811093,0.807510928566668,1
"12500","PmetTSAr1.1-016860",8.85728689087386,8.41865117806302,10.6390849698795,11.3585812664377,8.52006395325273,9.41419952772885,10.4559217231171,9.08639892392677,-0.0670181076490215,3.27147615565811,0.817003681113095,1
"12501","PmetTSAr1.1-016862",7.23869639304919,6.63377813677757,6.19431169357427,7.78420254623007,6.62671640808546,5.93688258505423,7.10332157141624,7.21816736947454,-0.0516789893377175,2.78761342710067,0.858664731205814,1
"12502","PmetTSAr1.1-016863",4.99065403495938,5.29512335581349,11.8212055220883,5.16299148474443,5.97132687321986,5.11702737092769,7.96242536028959,6.02929274391403,-0.115073866287252,2.72183433729748,0.738287194403787,1
"12503","PmetTSAr1.1-016864",6.20459690832788,1.96336034541399,4.11377952168673,11.6498269399362,2.54873708003287,4.80604780694866,2.07442134386492,3.08541271871657,-0.937657206084606,2.20674540728655,0.0369975516582955,1
"12504","PmetTSAr1.1-016865",1.97827727511903,2.64756167790674,2.2223866381526,4.71288453479235,2.25745284231483,2.12031520894794,3.79262892161162,2.66081463815924,-0.101358404662747,1.52222801737034,0.774137643440425,1
"12505","PmetTSAr1.1-016866",11.5099768734198,10.5307509435841,4.96490631927709,9.90235289894573,9.86725355269868,8.05719779400217,12.8656030821521,9.14301200133441,0.112679748110939,3.27407646331714,0.733742412158716,1
"12506","PmetTSAr1.1-016867",2.96741591267855,1.57663785313548,2.26967146024096,3.99800879075082,1.92975807488203,1.89414825332683,0.942918792665873,2.66081463815924,-0.550911783296173,1.22414822102022,0.122212255767446,1
"12507","PmetTSAr1.1-016868",4.40616302185603,3.06403205420668,12.6723323196787,10.0876910548083,7.42774806181008,5.99342432395951,2.01156009102053,2.51928194464013,-0.75383624766074,2.60058250845302,0.117978030521203,1
"12508","PmetTSAr1.1-016870",7.41853978169638,8.80537367034153,8.7949769084337,10.6966592812141,7.5733901806691,8.42471909688648,9.32441917191807,8.01075045318155,-0.100431941425077,3.12036115047164,0.730971248867393,1
"12509","PmetTSAr1.1-016871",9.21697366816823,16.5993192839546,9.07868584096382,11.6233500605272,8.92057978011504,8.31163561907593,7.81574910365268,10.4168062430064,-0.394051746076396,3.36617922595149,0.204988279298374,1
"12510","PmetTSAr1.1-016873",12.9936848297591,9.25159193066289,7.80199564457828,5.87786722878597,10.559053617279,7.66140562166522,8.21387037166716,7.84091122095862,-0.066412666764805,3.1421852162359,0.836335266118954,1
"12511","PmetTSAr1.1-016874",38.2616809346886,26.862339271346,36.0310344313252,44.2163886129395,27.2350762266369,25.7547620713543,11.0007192477685,32.4392933545797,-0.592757750874426,4.92012389403427,0.0941124723231713,1
"12512","PmetTSAr1.1-016876",24.0090923843992,27.3680532997102,24.2571137313252,22.452393738786,25.1596760328959,19.4220873139631,24.4949348583646,24.8531409819555,-0.0625604332933276,4.58872839854921,0.826033896326712,1
"12513","PmetTSAr1.1-016877",3.19222014848753,2.29058706964966,3.30993754618473,3.99800879075082,4.84260045206245,3.47731694267462,1.73916132869483,2.17960348019427,-0.0725306936732642,1.67038052629151,0.853324190869958,1
"12514","PmetTSAr1.1-016878",11.2851726376109,15.7961264153762,9.78795817228912,10.273029210671,13.2898433458857,12.9197873398561,16.6582320037638,13.1342339585733,0.247800587804533,3.69616618700421,0.407242356562181,1
"12515","PmetTSAr1.1-016880",11.914624497876,9.7573059590271,8.84226173052206,15.4095438160065,10.122127260702,12.693620384235,9.15678916433303,11.7755201007898,-0.0718517497793292,3.49483765672379,0.817465331792602,1
"12516","PmetTSAr1.1-016881",3.5968677729437,3.71848550267801,3.97192505542167,3.33608680552717,3.8231056200493,3.42077520376934,3.83453642350788,4.16106118946179,0.0618140607418336,1.92355413795865,0.823317548455357,1
"12517","PmetTSAr1.1-016882",6.69916622710764,7.49646677339887,7.51828671204816,4.31573134365817,6.9180006458035,6.02169519341215,7.4176278356382,7.04832813725161,0.0773669144492595,2.75240243746454,0.805269658858121,1
"12518","PmetTSAr1.1-016883",21.4463240961768,29.0636826889313,21.0890306514055,15.8331738865496,19.5524544568236,18.8566699249103,31.7239789354696,21.9941805728695,0.0761154118237451,4.4925530130244,0.810898517066216,1
"12519","PmetTSAr1.1-016884",11.7797419563906,15.498647575162,9.55153406184735,13.3973009809266,11.6877800384364,11.364889519961,13.9971056333512,14.0966562745032,0.0247926509036669,3.67123091982574,0.933662536977749,1
"12520","PmetTSAr1.1-016885",5.9348318253571,10.7092382477127,5.39046971807227,2.59473418207669,4.73336886291819,2.96844129252712,20.7861209405455,8.26550930151594,0.579043236098593,2.95514743022173,0.270338355966431,1
"12521","PmetTSAr1.1-016886",6.29451860265147,2.55831802584247,3.83007058915661,3.52142496138979,5.27952680863951,2.57264912019017,5.78323526168402,3.56662387668154,0.0926940065034838,2.08139435179161,0.801100289995347,1
"12522","PmetTSAr1.1-016887",9.21697366816823,10.6199945956484,17.1643904180722,10.5907517635783,12.0154748058692,8.5095317052444,8.73771414537042,9.31285123355734,-0.302473487059931,3.4359254702399,0.331723894185649,1
"12523","PmetTSAr1.1-016889",7.32861808737279,7.37747523731318,10.6390849698795,11.1467662311662,9.94007461212819,10.8560138698135,11.2521642591461,10.1903539333758,0.210907733565788,3.30838712612189,0.47748284475239,1
"12524","PmetTSAr1.1-016890",19.7827727511903,20.0798217144613,14.989288602008,34.2610819551759,26.1063498054795,19.6482542695842,18.1669020720291,22.1357132663886,-0.052303510487152,4.45700815819715,0.875005001672601,1
"12525","PmetTSAr1.1-016891",8.67744350222667,8.83512155436296,9.26782512931723,7.30761871686904,9.72161143383966,6.04996606286479,7.50144283943072,8.77502699818473,-0.0890220842636457,3.0571745383302,0.765681183336687,1
"12526","PmetTSAr1.1-016893",3.19222014848753,3.89697280680656,4.16106434377508,4.23630070543133,2.65796866917713,3.47731694267462,5.63655900504711,4.50073965390765,0.0753550953070081,2.01380605047297,0.818983341831488,1
"12527","PmetTSAr1.1-016895",10.3409948472131,13.7137745338765,9.22054030722888,12.4970870810224,9.83084302298392,10.0927003945922,9.59681793424377,10.473419320414,-0.196752396783138,3.43093881300596,0.498542880453816,1
"12528","PmetTSAr1.1-016896",15.8262182009523,15.0226814308192,10.7809394361445,15.3301131777796,12.6344538110201,17.8389186246153,19.4450808798651,15.3704505161752,0.196853513442121,3.94018374480199,0.509425552234254,1
"12529","PmetTSAr1.1-016897",23.6943664542666,11.6611705363982,34.8961987012047,30.4219344408787,24.1765917305975,23.8323429485748,30.3200776219448,8.06736353058919,-0.219941398606094,4.55085787948006,0.594769686658694,1
"12530","PmetTSAr1.1-016898",10.8805250131547,14.9929335467977,11.3010724791164,16.4156652335464,10.1949483201315,13.3155795121931,12.1741293008638,11.266002404121,-0.192320115040997,3.65926001221637,0.516930151303331,1
"12531","PmetTSAr1.1-016899",1.61859049782466,2.5880659098639,2.17510181606425,1.64156652335464,1.85693701545252,1.27218912536876,1.63439257395418,2.23621655760192,-0.200985010953148,0.954082667537005,0.49183521004698,1
"12532","PmetTSAr1.1-016900",17.3099261572915,14.9036898947335,13.6653135835341,20.1224283507988,20.2806650511187,18.7718573165524,11.9017305385381,14.4929478163567,-0.0138631801915843,4.04364614480251,0.967793704654264,1
"12533","PmetTSAr1.1-016901",1.79843388647185,2.55831802584247,3.45179201244979,4.7393614142013,2.47591602060336,1.66798129770571,2.72398762325697,3.45339772186625,-0.287463415265549,1.54777575953258,0.397880897508216,1
"12534","PmetTSAr1.1-016902",14.8370795633928,13.9220097220265,14.8001493136546,18.5073387068531,13.5811275836037,18.8001281860051,16.0924807281642,14.7194001259873,0.025697285965021,3.9747322715405,0.930849349400234,1
"12535","PmetTSAr1.1-016903",62.001008236117,59.5255159268696,54.6612543341363,97.5673006219653,74.9328701529663,87.2156322613919,61.1849527685411,64.453988628602,0.0718359271070257,6.13461871265631,0.854571918493764,1
"12536","PmetTSAr1.1-016904",59.2134357120856,75.2026508061601,65.9150419911644,57.2165364027319,64.2281744168283,67.5956488612603,98.9855194789685,75.578458339204,0.250605436236443,6.1407773151491,0.511470255422202,1
"12537","PmetTSAr1.1-016907",7.50846147601997,9.10285251055577,5.95788758313251,6.9369424051438,8.55647448296749,9.41419952772885,10.0368467041545,8.71841392077709,0.31451615855673,3.06130792050928,0.278540836722813,1
"12538","PmetTSAr1.1-016909",17.7595346289095,29.0636826889313,14.185446626506,21.6316104771087,18.9334754516727,22.1360907814165,21.5823634765744,20.1259490184172,0.00109544736177282,4.37481082966611,0.996940416495258,1
"12539","PmetTSAr1.1-016910",2.06819896944263,3.80772915474228,2.03324734979919,3.62733247902557,2.33027390174434,3.30769172595879,2.61921886851631,2.94388002519746,-0.0559826815844988,1.54224967501772,0.87114003213774,1
"12540","PmetTSAr1.1-016911",2.60772913538418,3.92672069082798,3.21536790200802,2.14462723212461,2.65796866917713,2.77054520635864,3.52023015928592,2.3494427124172,-0.0694294860415327,1.56620037573192,0.813930178830272,1
"12541","PmetTSAr1.1-016912",6.83404876859303,4.87865297951355,3.59364647871485,9.769968501901,6.00773740293462,6.64365432137021,5.00794647660319,5.06687042798409,-0.146849902638513,2.59487909192627,0.669668796965004,1
"12542","PmetTSAr1.1-016913",7.46350062885817,8.98386097447008,1.60768395100401,5.69252907292335,6.04414793264938,3.92965085391685,8.19291662071903,7.10494121465925,0.0874548889866798,2.6321424687243,0.839035767800303,1
"12543","PmetTSAr1.1-016914",22.9300320525161,33.1688906838879,19.4340618783132,37.2529693283867,21.5186230614204,33.1334589984931,42.1799006585867,33.5432483640287,0.208440446804508,4.92939637069832,0.52977610270972,1
"12544","PmetTSAr1.1-016915",17.9393780175567,18.1759571370901,20.1906190317268,13.6355928956071,18.2052648573776,14.5594977681092,13.158955595426,14.3231085841338,-0.215016387596829,4.02915298923141,0.464848049150928,1
"12545","PmetTSAr1.1-016916",3.37206353713472,2.88554475007814,2.41152592650602,3.60085559961663,2.40309496117385,2.65746172854809,3.81358267255975,3.02879964130892,-0.0421013355621038,1.62667558329044,0.880957744702924,1
"12546","PmetTSAr1.1-016918",19.9626161398375,18.4734359773044,50.2637658799195,31.6928246525081,21.0452861751285,19.8178794863001,9.78540169277695,23.975638282137,-0.689993418115461,4.61002266221814,0.0721171271054779,1
"12547","PmetTSAr1.1-016919",16.6355134498646,20.8830145830397,9.36239477349394,18.0307548774921,12.3795801030168,15.8034160240253,38.7434855030933,22.4753917308344,0.461604485333578,4.27581504251547,0.227010506131651,1
"12548","PmetTSAr1.1-016920",1.75347303931005,2.11209976552111,2.50609557068272,2.25053474976039,1.89334754516727,2.28994042566378,2.59826511756818,1.86823155445223,0.0104738258079632,1.15227862594784,1,1
"12549","PmetTSAr1.1-016922",15.2417271878489,16.5993192839546,11.9630599883534,28.9392291939778,10.704695736138,16.6232712381519,16.8258620113488,18.6540090058185,-0.21304619954328,4.08880123036642,0.532414624250455,1
"12550","PmetTSAr1.1-016923",17.9843388647185,18.7411669334972,19.81234045502,16.2303270776838,19.042707040817,19.6482542695842,21.4147334689894,18.7672351606338,0.116888000895655,4.24922786931063,0.677448322151969,1
"12551","PmetTSAr1.1-016926",22.7501886638689,21.180493423254,21.9401574489959,33.3608680552717,26.1427603351943,26.5746172854808,14.6676256636914,18.4558632348918,-0.210493241825359,4.53568031623875,0.508241417553669,1
"12552","PmetTSAr1.1-016927",46.4445551181355,40.9033405294581,45.5352836710842,72.9438027716457,47.8434360451884,50.2090641478872,27.3655987382584,35.1001079927389,-0.359286428961135,5.51892771549068,0.293679540361814,1
"12553","PmetTSAr1.1-016928",18.1192214062039,11.1852043920555,9.07868584096382,10.749613040032,8.22877971553469,10.0927003945922,11.0426267496648,9.76575585281849,-0.326434296003873,3.47110845746248,0.294630083812382,1
"12554","PmetTSAr1.1-016929",21.5362457905004,21.0912497711897,34.5179201244979,17.0511103393611,24.5042864980303,14.1637055957722,18.7955146004731,18.3709436187803,-0.312025334181997,4.41291331071364,0.332072468861169,1
"12555","PmetTSAr1.1-016930",70.9032559741526,59.198289202634,60.6191419172688,91.0275114079557,75.0056912123959,78.8474549034107,50.9595223058534,57.3490474139428,-0.1041700965388,6.08851529212021,0.788281069960955,1
"12556","PmetTSAr1.1-016931",1.97827727511903,1.66588150519975,2.17510181606425,2.32996538798723,1.89334754516727,2.51610738128489,2.84971012894575,2.6042015607516,0.282087482743647,1.2129991411609,0.301909054285048,1
"12557","PmetTSAr1.1-016933",2.06819896944263,3.59949396659232,1.93867770562248,2.8330260967572,2.51232655031811,2.68573259800072,3.18497014411584,3.56662387668154,0.184266918721883,1.52084844371086,0.523541404875231,1
"12558","PmetTSAr1.1-016934",2.96741591267855,2.20134341758538,87.807914618072,5.61309843469651,7.28210594295105,6.86982127699133,2.76589512515323,4.18936772816561,-2.22279404473545,3.90204514771644,0.00953221893743323,1
"12559","PmetTSAr1.1-016935",1.52866880350107,1.07092382477127,11.3956421232931,5.58662155528756,2.7672002583214,2.85535781471656,0.775288785080829,1.10395500944905,-1.38430495213846,1.77180110916519,0.0219041840432807,1
"12560","PmetTSAr1.1-016936",20.8168722359117,21.5672159155325,6.61987509236945,13.211962825064,13.1442012270267,11.7041399533926,46.5382808557978,19.0219940089682,0.53945168542334,4.26008015452476,0.238843002366483,1
"12561","PmetTSAr1.1-016937",23.8742098429138,34.4777975808305,20.7580368967871,25.7884805443132,20.1350229322597,28.8645577111446,30.9696439013369,26.5232267654809,0.0214716265882588,4.72753737403162,0.944539723029975,1
"12562","PmetTSAr1.1-016938",16.5905526027028,16.2125967916761,9.78795817228912,9.4257690695847,13.690359172748,7.94411431619162,9.26155791907368,15.7667420580287,-0.157299473425088,3.63126335394632,0.643243254483935,1
"12563","PmetTSAr1.1-016939",10.7906033188311,14.7846983586478,15.3202823566264,12.2587951663419,13.5811275836037,18.4043360136681,21.8128547370039,18.9653809315605,0.453767712134688,3.982738467043,0.129286225178902,1
"12564","PmetTSAr1.1-016940",34.1702438429651,27.1598181115602,38.7262692903613,45.937385774521,34.9905190558798,28.1860568442813,12.0064992932788,28.731136784379,-0.491306321928788,4.96763523483649,0.165259685550322,1
"12565","PmetTSAr1.1-016941",5.9797926725189,6.90150909297039,6.85629920281122,6.77808112869012,8.73852713154126,7.32215518823355,8.40245413020033,7.75599160484715,0.28001669700344,2.8888154145767,0.320696038259406,1
"12566","PmetTSAr1.1-016942",1.84339473363365,1.4873942010712,3.49907683453814,3.70676311725241,3.31335820404273,1.47008521153724,1.36199381162848,1.0473419320414,-0.562032250290877,1.18060701972784,0.155199053931498,1
"12567","PmetTSAr1.1-016943",21.0416764717206,15.498647575162,27.1887727008031,17.9778011186742,26.4704551026271,19.6765251390369,15.3381456940315,15.7384355193249,-0.0810556213311801,4.31589219625267,0.798227570912679,1
"12568","PmetTSAr1.1-016944",4.99065403495938,7.13949216514178,3.40450719036143,4.15687006720449,4.55131621434441,3.76002563720101,10.0368467041545,3.87799580242358,0.175676682781942,2.40971942967892,0.643035254431002,1
"12569","PmetTSAr1.1-016945",17.8944171703949,22.5488960882395,24.7772467742971,17.9778011186742,20.5719492888367,15.0966442877093,17.182075777467,18.6257024671147,-0.219064037149432,4.27727044274015,0.451501302619169,1
"12570","PmetTSAr1.1-016946",13.4432933013771,14.7549504746264,14.989288602008,17.8718936010384,16.3119173122104,14.5877686375618,8.33959287735594,9.93559508504142,-0.314460834161398,3.79034513160437,0.317899809959407,1
"12571","PmetTSAr1.1-016947",6.06971436684249,5.89008103624197,6.19431169357427,5.95729786701281,6.37184270008217,5.20183997928561,4.92413147281067,4.89703119576116,-0.173781925828931,2.52242859254381,0.536475609450204,1
"12572","PmetTSAr1.1-016948",7.55342232318177,6.72302178884185,13.0506108963855,9.05509275785946,10.704695736138,6.58711258246493,3.77167517066349,4.18936772816561,-0.528717910051338,2.95392242923959,0.15772861333373,1
"12573","PmetTSAr1.1-016949",8.3627175720941,9.93579326315565,8.98411619678711,8.2078326167732,9.86725355269868,7.94411431619162,8.52817663588911,9.2562381561497,0.00342177239725584,3.16132173531889,0.99307070445039,1
"12574","PmetTSAr1.1-016950",7.28365724021099,8.68638213425584,7.09272331325299,8.31374013440898,7.93749547781665,6.36094562684382,7.4176278356382,9.99220816244907,0.0132391519801359,2.99082996794233,0.965444658664058,1
"12575","PmetTSAr1.1-016951",4.40616302185603,5.02739239962067,3.26265272409637,7.96954070209269,3.24053714461322,4.69296432913811,4.44219520100367,6.19913197613696,-0.158996916370335,2.31503653977167,0.646195142689975,1
"12576","PmetTSAr1.1-016952",42.577922262221,46.5256906095073,40.7122318180721,37.597168760703,43.5105830091325,35.7909207270412,41.2788893678171,43.6486826812931,-0.02773392461305,5.37558892415652,0.926410720305414,1
"12577","PmetTSAr1.1-016953",42.80272649803,55.063333323656,39.9556746646585,44.7194493217095,48.353183461195,48.9934167614237,58.6705026547654,57.3490474139428,0.224944820093456,5.63099873968726,0.477538531397151,1
"12578","PmetTSAr1.1-016954",19.7827727511903,10.2630199873913,15.6985609333333,20.7843503360225,26.5068656323418,16.5101877603413,11.398840515783,15.6818224419172,0.0743544190893963,4.09872402172047,0.829736285898994,1
"12579","PmetTSAr1.1-016955",45.2755730919288,59.0198018985054,42.6036247016063,46.6522615185625,44.3480251925719,45.9401628605387,47.4392921465675,48.0928092577931,-0.0589974371602012,5.56941305396814,0.850198416292807,1
"12580","PmetTSAr1.1-016956",7.41853978169638,7.64520619350599,7.94385011084334,8.04897134031952,6.22620058122315,6.16304954067535,7.27095157900128,6.34066466965606,-0.255533209502576,2.84643762391904,0.361132518668573,1
"12581","PmetTSAr1.1-016957",2.29300320525161,1.99310822943541,1.98596252771084,4.68640765538341,2.07540019374105,2.65746172854809,1.73916132869483,2.40605578982485,-0.317830300362795,1.3481406867713,0.343056863418654,1
"12582","PmetTSAr1.1-016958",12.1843895808468,14.1599927941979,8.60583762008029,8.55203204908949,12.4159906327315,8.70742779141287,11.1683492553536,11.1527762493058,-0.0026807649901692,3.45020143256556,0.996540912516974,1
"12583","PmetTSAr1.1-016959",20.6370288472645,23.0546101166037,21.0890306514055,29.1775211086583,17.3314121442235,39.409592016979,14.9609781769652,26.4100006106657,0.0617310858664738,4.58942563191321,0.857372140792604,1
"12584","PmetTSAr1.1-016960",5.12553657644477,4.99764451559925,3.87735541124497,6.22206666110226,3.56823191204602,4.26890128734852,4.52601020479619,4.92533773446498,-0.228293609137648,2.24904026712562,0.432451012994268,1
"12585","PmetTSAr1.1-016961",22.7052278167071,23.7685593331179,50.0273417694777,19.1692606920768,25.742244508332,20.9487142644056,20.1994159139978,21.6828086471274,-0.384116393346629,4.67666115903721,0.262180966014062,1
"12586","PmetTSAr1.1-016964",8.00303079479973,9.31108769870574,6.5725902702811,5.69252907292335,8.01031653724616,7.97238518564425,8.57008413778538,8.71841392077709,0.169932092817386,2.98548798533203,0.56636002138765,1
"12587","PmetTSAr1.1-016965",5.30537996509196,6.48503871667045,5.57960900642568,6.24854354051121,5.31593733835427,6.2761330184859,5.40606774461767,4.89703119576116,-0.111308144447392,2.52407026770986,0.696150654102008,1
"12588","PmetTSAr1.1-016968",2.65268998254598,3.09377993822811,3.07351343574296,3.1242717702556,2.47591602060336,2.65746172854809,3.56213766118219,3.2552519509395,0.00352525894201993,1.60965476042745,1,1
"12589","PmetTSAr1.1-016969",6.33947944981327,7.85344138165596,74.9464430100399,18.9309687773962,10.3041799092757,13.6548299456247,4.25361144247049,11.5773743298631,-1.44082179336558,4.20943483725729,0.0200800494609845,1
"12590","PmetTSAr1.1-016970",4.36120217469423,4.1944516470208,2.08053217188754,4.20982382602238,2.33027390174434,2.43129477292697,3.14306264221958,4.01952849594268,-0.318694572507844,1.77028136263293,0.31248271220532,1
"12591","PmetTSAr1.1-016973",2.20308151092802,3.12352782224953,2.55338039277107,2.5417804232588,2.33027390174434,2.12031520894794,2.07442134386492,1.9531511705637,-0.305343109312574,1.27655083085806,0.249562070005439,1
"12592","PmetTSAr1.1-016974",7.64334401750536,8.77562578632011,9.22054030722888,6.98989616396169,6.66312693780021,6.13477867122271,7.10332157141624,6.28405159224842,-0.315862874415147,2.88917586904715,0.267776566027703,1
"12593","PmetTSAr1.1-016975",16.5006309083792,17.9677219489402,20.3324734979919,12.682425236885,17.258591084794,16.2840208047202,15.9877119734236,15.0307720517293,-0.0629496601194884,4.04979304094714,0.829392463051556,1
"12594","PmetTSAr1.1-016976",3.23718099564933,3.59949396659232,7.32914742369475,8.34021701381793,5.78927422464609,6.30440388793854,3.39450765359714,3.59493041538536,-0.241485942050256,2.39424699960837,0.516624333884445,1
"12595","PmetTSAr1.1-016977",10.0262689170806,10.6497424796698,13.6653135835341,8.02249446091058,12.7072748704496,7.88757257728634,9.19869666622929,8.69010738207327,-0.137832057158564,3.34461741484595,0.654767617466396,1
"12596","PmetTSAr1.1-016978",28.8648638778732,35.7867044777732,61.6594080032126,50.8885622239938,40.2700458645193,36.6390468106204,49.5975284942249,52.5086292955893,0.0149058478843211,5.47861222732967,0.965616622721977,1
"12597","PmetTSAr1.1-016980",3.14725930132574,4.10520799495653,7.75471082248993,5.24242212297127,6.66312693780021,4.29717215680116,3.28973889885649,3.45339772186625,-0.195834655363063,2.26165232101591,0.578086166539356,1
"12598","PmetTSAr1.1-016981",19.0633991966016,31.7409922508595,22.9331387128513,28.2773072087541,19.9529702836859,18.7153155776472,23.6567848204393,20.7486928699013,-0.296994474111755,4.53613667469317,0.316446741115958,1
"12599","PmetTSAr1.1-016982",51.6600133889039,23.2330974207322,142.516453774297,185.894170330208,91.0991453463177,116.165002580894,9.49204917950312,33.7413941349555,-0.687191318396,6.35359441209149,0.316498638782503,1
"12600","PmetTSAr1.1-016983",32.5516533451405,15.7961264153762,97.3594486799193,111.653000467524,61.7522583962249,72.3168840598511,5.88800401642467,22.3338590373153,-0.665403801887299,5.71435743896705,0.308686348652042,1
"12601","PmetTSAr1.1-016985",13.2634499127299,11.571926884334,14.3745859148594,9.50519970781154,12.7800959298791,11.280076911603,10.120661707947,11.2093893267134,-0.100752635503532,3.56278583920076,0.729311159937289,1
"12602","PmetTSAr1.1-016986",15.5114922708197,13.327052041598,18.1100868598393,14.7740987101918,16.6032015499284,17.9802729718785,14.9190706750689,15.5119832096943,0.075696104800128,3.99102135657831,0.793720870322901,1
"12603","PmetTSAr1.1-016987",10.2510731528895,7.58571042546314,6.80901438072287,10.5642748841694,7.60980071038385,5.59763215162256,9.05202040959238,6.76526275021339,-0.278740843391708,3.01631916440827,0.364623797718472,1
"12604","PmetTSAr1.1-016988",3.73175031442909,4.31344318310649,3.87735541124497,5.29537588178916,2.91284237718042,4.80604780694866,4.92413147281067,3.39678464445861,-0.102447158687109,2.07890197852041,0.728820770562569,1
"12605","PmetTSAr1.1-016989",21.0866373188824,23.7983072171393,29.9312923819276,28.4361684852078,26.3976340431976,28.1577859748286,29.377158829279,22.5603113469459,0.0446593105023558,4.71595396885251,0.879042292817319,1
"12606","PmetTSAr1.1-016991",51.6600133889039,63.0357662413977,45.251574738554,46.8640765538341,54.4337419235591,48.1452906778446,52.1748398608449,56.2733989431976,0.028952785258314,5.70854451666386,0.928320446828411,1
"12607","PmetTSAr1.1-016992",21.8060108734712,29.7478840214241,3.87735541124497,10.4054136077157,11.760601097866,9.72517909170788,45.6791770669245,21.0600647956434,0.422325941375566,4.27363379797781,0.439449603792186,1
"12608","PmetTSAr1.1-016994",4.63096725766501,4.28369529908507,4.72848220883532,3.25665616730033,4.00515826862308,2.77054520635864,2.49349636282753,5.74622735687581,-0.169671211639822,2.01528819097062,0.60181284915129,1
"12609","PmetTSAr1.1-016995",2.74261167686957,2.91529263409956,2.08053217188754,2.75359545853036,2.54873708003287,2.43129477292697,3.01734013653079,2.3494427124172,-0.0232888586260799,1.41668694904614,0.946280104549108,1
"12610","PmetTSAr1.1-016996",18.5688298778218,19.5443598020756,16.0768395100401,10.8290436782588,20.6083598185515,10.0927003945922,12.9284643349965,15.3138374387675,-0.141826058287555,3.95871275502716,0.665057790374864,1
"12611","PmetTSAr1.1-016997",4.63096725766501,2.61781379388532,2.2223866381526,10.1141679342173,5.78927422464609,7.46350953549675,1.42485506447287,3.48170426057007,-0.115701015029586,2.25840268098145,0.823657966248846,1
"12612","PmetTSAr1.1-016998",2.11315981660442,2.14184764954254,2.41152592650602,3.04484113202877,2.36668443145909,2.31821129511641,2.66112637041257,1.86823155445223,-0.0797460041552487,1.28070318635557,0.78511862563804,1
"12613","PmetTSAr1.1-016999",4.67592810482681,3.53999819854947,10.970078724498,8.15487885795531,8.08313759667567,6.84155040753869,3.33164640075275,4.64227234742676,-0.256561826773547,2.66185363737489,0.516131427515629,1
"12614","PmetTSAr1.1-017001",7.86814825331434,9.34083558272717,9.69338852811241,11.5703963017093,8.55647448296749,7.80275996892842,9.26155791907368,8.71841392077709,-0.165159307299062,3.19609755952421,0.567857506691117,1
"12615","PmetTSAr1.1-017003",9.03713027952104,6.63377813677757,5.95788758313251,6.48683545519172,8.04672706696092,8.87705300812871,9.45014167760686,8.74672045948091,0.322653012735472,2.99440518757989,0.270487697179559,1
"12616","PmetTSAr1.1-017004",7.41853978169638,7.76419772959169,13.6653135835341,8.26078637559109,11.5421379195774,8.33990648852856,7.83670285460081,7.44461967910511,-0.0768260133492574,3.18372315874644,0.810841855787883,1
"12617","PmetTSAr1.1-017005",9.89138637559517,11.1257086240126,13.2397501847389,14.3239917602397,8.81134819097078,7.18080084097036,10.1416154588952,10.2186604720796,-0.418317550512114,3.41634023462943,0.156877734447566,1
"12618","PmetTSAr1.1-017006",2.02323812228083,3.09377993822811,2.64795003694778,3.60085559961663,1.96616860459678,1.83760651442155,2.7449413742051,2.57589502204778,-0.321622437775953,1.3936420564963,0.265727634947504,1
"12619","PmetTSAr1.1-017007",8.45263926641769,9.9952890311985,6.76172955863451,9.02861587845052,7.42774806181008,10.0078877862343,6.70520030340176,10.2186604720796,0.00287394569735728,3.11091151505305,0.993103675848074,1
"12620","PmetTSAr1.1-017008",9.89138637559517,8.74587790229868,8.98411619678711,8.94918524022368,7.50056912123959,6.78500866863341,6.09754152590598,7.86921775966244,-0.372626299282945,3.02822873418566,0.187710045859942,1
"12621","PmetTSAr1.1-017010",1.48370795633928,1.18991536085696,2.41152592650602,3.57437872020768,2.14822125317056,2.0920443394953,1.00578004551026,1.0473419320414,-0.475639870708436,0.946266083347269,0.218382558431413,1
"12622","PmetTSAr1.1-017011",8.3177567249323,11.8694057245482,6.43073580401604,7.96954070209269,8.84775872068553,8.76396953031815,11.0216729987166,9.96390162374524,0.156663800649574,3.20427738901231,0.605649546557579,1
"12623","PmetTSAr1.1-017015",1.70851219214826,1.27915901292124,2.74251968112449,2.8330260967572,2.58514760974762,1.78106477551627,1.00578004551026,1.27379424167198,-0.378319292201556,0.965780188891168,0.279906849559451,1
"12624","PmetTSAr1.1-017016",11.5099768734198,12.0478930286768,19.1503529457831,15.8066970071406,11.7970116275807,11.7889525617505,10.8959504930279,9.00147930781531,-0.427922759178193,3.67852909978269,0.156556798973743,1
"12625","PmetTSAr1.1-017017",5.71002758954812,6.63377813677757,8.32212868755017,7.75772566682112,6.29902164065266,5.28665258764353,6.57947779771298,5.15179004409555,-0.28549373651394,2.70630540804808,0.327162422048437,1
"12626","PmetTSAr1.1-017018",11.6448594149052,14.4277237503907,18.3937957923694,20.2283358684346,11.4329063304332,21.5706733923637,15.3171919430834,17.0971493771083,0.0158677690002818,4.02944251916345,0.961892689696616,1
"12627","PmetTSAr1.1-017021",14.5223536332602,7.22873581720606,18.4883654365461,10.723136160623,15.4380645990562,6.24786214903326,2.22109760050183,5.51977504724523,-0.793852470863837,3.33346645953651,0.0931458558353678,1
"12628","PmetTSAr1.1-017022",5.12553657644477,6.30655141254191,3.59364647871485,5.58662155528756,4.66054780348867,3.5338586815799,5.80418901263215,4.58565927001912,-0.152169911479304,2.31210652729075,0.619050839277803,1
"12629","PmetTSAr1.1-017023",4.09143709172346,6.81226544090612,2.08053217188754,4.47459262011184,3.13130555546895,5.7672573683384,6.05563402400972,5.94437312780256,0.255086477462619,2.28420532186255,0.479366573195949,1
"12630","PmetTSAr1.1-017025",25.9873696595182,7.79394561361311,20.4270431421686,21.3668416830193,25.0868549734664,14.9552899404461,4.08598143488545,7.44461967910511,-0.55219402610544,3.9938756190165,0.255235852000388,1
"12631","PmetTSAr1.1-017027",12.0944678865232,4.84890509549213,19.2922074120481,24.914743523818,21.4093914722761,23.6061759929537,6.30707903538728,7.41631314040129,-0.058937680349169,3.91077497404987,0.90674932556644,1
"12632","PmetTSAr1.1-017028",9.5766604454626,9.69781019098426,4.72848220883532,9.53167658722049,6.84517958637399,7.57659301330731,9.97398545131012,8.94486623040766,-0.00965845952457973,3.0752920318839,0.981015915541137,1
"12633","PmetTSAr1.1-017030",22.9749928996779,24.1552818253964,33.0993754618473,33.0960992611823,25.2689076220402,23.6061759929537,30.1734013653079,23.3245878919491,-0.146452839759633,4.75615999930554,0.621808242199573,1
"12634","PmetTSAr1.1-017031",5.44026250657734,5.29512335581349,4.16106434377508,2.70064169971247,4.33285303605588,2.34648216456905,3.4364151554934,3.0004931026051,-0.42263512847983,1.9600350496401,0.179783074397929,1
"12635","PmetTSAr1.1-017033",63.4847161924563,88.1429803554796,47.6631006650601,47.1288453479235,54.9798998692805,55.948050646773,57.6856763602033,59.8683293585829,-0.109142788923004,5.89301817297055,0.759495793026262,1
"12636","PmetTSAr1.1-017034",5.26041911793016,5.47361065994203,4.91762149718874,5.16299148474443,5.02465310063623,5.68244475998048,6.09754152590598,4.98195081187262,0.066475763525613,2.43008527822379,0.820183269124864,1
"12637","PmetTSAr1.1-017035",6.83404876859303,8.12117233784878,8.13298939919676,10.8819974370767,6.5903058783707,10.4036799585712,8.82152914916294,10.5583389365255,0.0972702168194707,3.14752231916041,0.750265272033536,1
"12638","PmetTSAr1.1-017036",14.7471578690692,23.1736016526894,20.0960493875501,24.3057752974122,19.6616860459678,25.3024281601121,42.5361144247049,24.768221365844,0.447396573993229,4.60886076008353,0.171711655322723,1
"12639","PmetTSAr1.1-017037",13.4882541485389,15.5283954591834,10.5445153257028,17.6865554451758,12.0154748058692,17.1038760188467,14.6257181617951,15.9082747515478,0.057939714284607,3.87593399662383,0.846572862783281,1
"12640","PmetTSAr1.1-017038",5.75498843670992,6.15781199243479,3.02622861365461,4.92469957006392,3.67746350119028,3.73175476774837,4.4631489519518,6.28405159224842,-0.131641607737909,2.26833913312551,0.689546072941133,1
"12641","PmetTSAr1.1-017039",9.89138637559517,8.03192868578451,8.32212868755017,12.8148096339298,10.0857167309872,7.74621823002314,6.13944902780224,7.61445891132804,-0.309702189823146,3.15203906893466,0.314938334123527,1
"12642","PmetTSAr1.1-017041",15.8711790481141,15.7961264153762,23.0749931791164,15.144775021917,14.9283171830497,15.2379986349725,14.940024426017,13.0776208811656,-0.263163481621836,4.00564601121138,0.367998780450231,1
"12643","PmetTSAr1.1-017042",3.32710268997292,2.67730956192817,1.79682323935742,2.99188737321088,2.51232655031811,3.81656737610629,4.50505645384806,3.56662387668154,0.416735196883211,1.68743755076841,0.162062052810119,1
"12644","PmetTSAr1.1-017043",12.4541546638176,14.3979758663693,6.47802062610439,15.7272663689138,10.3041799092757,19.3655455750579,24.2644435979351,20.7203863311975,0.604382183268327,3.95835800594637,0.0904652723029942,1
"12645","PmetTSAr1.1-017046",1.61859049782466,1.54688996911405,5.0594759634538,2.48882666444091,2.69437919889189,1.9506899922321,0.880057539821481,1.10395500944905,-0.694456559622493,1.14246359975547,0.0968675993135124,1
"12646","PmetTSAr1.1-017048",9.71154298694798,11.1852043920555,9.22054030722888,15.0123906248723,10.704695736138,7.63313475221258,8.23482412261529,6.56711697928664,-0.448766631463635,3.29940492953348,0.146440073880824,1
"12647","PmetTSAr1.1-017049",6.33947944981327,5.41411489189919,5.20133042971886,5.0306070876997,5.5344005166428,5.71071562943312,5.48988274841019,5.49146850854141,0.0171692580072652,2.48195475703176,0.95797692385588,1
"12648","PmetTSAr1.1-017050",7.37357893453458,7.25848370122748,10.0716671048192,6.56626609341856,7.90108494810189,6.70019606027549,5.59465150315084,5.49146850854141,-0.282861835120962,2.84221032143035,0.343418237411071,1
"12649","PmetTSAr1.1-017051",20.4122246114555,24.6609958537606,20.3797583200802,16.7069109070448,21.6642651802794,17.9237312329733,20.2203696649459,21.0317582569395,-0.0234044550398952,4.35298733173858,0.93636173783627,1
"12650","PmetTSAr1.1-017052",2.92245506551675,4.01596434289225,4.4447732763052,4.18334694661344,4.91542151149196,2.91189955362184,2.80780262704949,3.08541271871657,-0.189848443152807,1.89447645580949,0.535785422194662,1
"12651","PmetTSAr1.1-017053",3.50694607862011,4.13495587897795,1.93867770562248,2.78007233793931,2.54873708003287,3.50558781212726,5.40606774461767,3.651543492793,0.290642671190868,1.81024238952844,0.37011661048191,1
"12652","PmetTSAr1.1-017054",21.850971720633,23.9767945212678,13.0978957184738,25.86791118254,18.4965490950957,19.4503581834158,22.2947910088109,20.2674817119363,-0.0758191946060725,4.37373346705809,0.806463197219444,1
"12653","PmetTSAr1.1-017055",8.72240434938847,7.82369349763454,10.0716671048192,8.18135573736425,9.02981136925931,6.89809214644397,6.55852404676485,8.18058968540448,-0.182207295485893,3.04224776122615,0.530978455776955,1
"12654","PmetTSAr1.1-017056",12.8588022882737,12.8213380132338,12.7669019638554,11.8616419752077,12.4888116921611,9.47074126663413,8.61199163968164,10.9263239396752,-0.278684288826861,3.52744883942548,0.331067391468238,1
"12655","PmetTSAr1.1-017058",2.3379640524134,3.06403205420668,2.64795003694778,3.52142496138979,2.65796866917713,2.82708694526392,2.99638638558266,2.51928194464013,-0.0802747937494049,1.52971075683685,0.782622573831806,1
"12656","PmetTSAr1.1-017060",19.0633991966016,15.290412387012,17.4480993506023,30.8190876320129,31.0581818466862,31.3523942229769,7.92051785839333,19.8994967087867,0.125644262723875,4.43739624671987,0.753981344685321,1
"12657","PmetTSAr1.1-017061",2.24804235808981,2.94504051812099,1.5131143068273,3.1772255290735,2.69437919889189,2.77054520635864,3.9183514273004,3.0004931026051,0.314174413352627,1.51472886042513,0.289340313433272,1
"12658","PmetTSAr1.1-017062",31.9222014848753,32.4251935833523,43.4547514991966,32.9372379847286,35.6459085907454,27.4510142385127,29.4400200821234,27.5988752362262,-0.22821358037487,5.02962737434654,0.441076328986897,1
"12659","PmetTSAr1.1-017063",20.0974986813229,24.7502395058248,15.6039912891566,32.0899778436423,16.5667910202136,23.8606138180275,23.1748485486323,24.2020905917676,-0.0768522195311841,4.49916915764534,0.80979979850599,1
"12660","PmetTSAr1.1-017065",14.4773927860984,14.2492364462621,16.2659787983935,17.07758721877,15.2196014207677,17.0473342799414,17.6430582983259,15.9931943676593,0.0866026853989764,4.00544662036014,0.759981010342284,1
"12661","PmetTSAr1.1-017066",18.3889864891747,24.9584746939748,13.1924653626506,25.8414343031311,20.535538759122,23.35173816788,19.3193583741763,24.8531409819555,0.0944213967118594,4.41785176932452,0.759877936638811,1
"12662","PmetTSAr1.1-017067",20.6370288472645,19.9310822943541,21.8928726269075,17.104064098179,20.7175914076957,19.3090038361526,14.6466719127432,20.0976424797134,-0.0896045716153479,4.27407948353388,0.756284799348382,1
"12663","PmetTSAr1.1-017068",13.5332149957007,16.2423446756976,13.1924653626506,14.0592229661502,14.4185697670431,17.1038760188467,14.2275968937806,15.9365812902516,0.11258874831952,3.8975871596697,0.690352605698083,1
"12664","PmetTSAr1.1-017069",14.5223536332602,14.8441941266906,11.3010724791164,14.9064831072365,11.6513695087217,18.1498981885944,19.109820864695,15.2006112839523,0.206231706475262,3.90980050393923,0.488929749877929,1
"12665","PmetTSAr1.1-017070",7.82318740615254,8.50789483012729,10.4499456815261,8.94918524022368,9.94007461212819,6.58711258246493,7.22904407710502,8.74672045948091,-0.137407006427462,3.10195162963852,0.643420215365779,1
"12666","PmetTSAr1.1-017073",2.427885746737,2.88554475007814,1.98596252771084,2.30348850857828,2.07540019374105,1.78106477551627,1.5086700682654,1.92484463185988,-0.409893439189578,1.11763299160975,0.130881903153561,1
"12667","PmetTSAr1.1-017074",10.5657990830221,11.9289014925911,10.1662367489959,13.5296853779713,10.0128956715577,18.884940794363,16.9515845170376,13.8702039648726,0.370126302987895,3.73455378464461,0.229434544026559,1
"12668","PmetTSAr1.1-017075",13.4882541485389,19.6038555701185,8.13298939919676,21.5257029594729,9.39391666640686,19.3655455750579,25.8150211680968,19.4748986282293,0.237804007102443,4.10271677403217,0.528798223521108,1
"12669","PmetTSAr1.1-017076",2.02323812228083,1.6063857371569,1.5131143068273,2.96541049380193,1.82052648573776,2.71400346745336,1.7182075777467,2.40605578982485,0.0816595585360883,1.11271122953382,0.782471689036577,1
"12670","PmetTSAr1.1-017077",3.32710268997292,3.06403205420668,2.88437414738955,3.1772255290735,3.45900032290175,2.8836286841692,2.51445011377566,2.57589502204778,-0.128648760499373,1.60597148906662,0.637878235728817,1
"12671","PmetTSAr1.1-017079",3.05733760700214,3.74823338669944,1.98596252771084,2.09167347330672,3.38617926347224,2.37475303402169,2.70303387230883,2.29282963500956,-0.0233084216989627,1.46789012225589,0.953756644590876,1
"12672","PmetTSAr1.1-017080",2.96741591267855,3.2127714743138,2.88437414738955,3.70676311725241,3.20412661489846,4.77777693749603,4.1907501896261,3.82138272501593,0.32171978198645,1.8736911912281,0.239530674393937,1
"12673","PmetTSAr1.1-017081",13.892901772995,15.6771348792905,10.6863697919678,11.0938124723483,10.8139273252823,9.38592865827622,11.3150255119905,11.4075350976402,-0.25884075279858,3.56610407036915,0.374854016853201,1
"12674","PmetTSAr1.1-017086",23.3346796769722,28.0225067481815,8.84226173052206,20.0959514713899,25.9971182163353,22.5884246926587,14.4371344032619,21.4846628762007,0.0720917264403413,4.36912502713886,0.840029124565816,1
"12675","PmetTSAr1.1-017088",7.73326571182895,5.9198289202634,42.698194345783,20.8108272154314,17.0765384362202,19.3372747056052,4.56791770669245,7.33139352428982,-0.675351908742242,3.97449535432454,0.226792313339592,1
"12676","PmetTSAr1.1-017089",3.5968677729437,3.4507545464852,2.83708932530119,3.23017928789139,3.45900032290175,2.91189955362184,3.81358267255975,3.79307618631211,0.0917189245430557,1.78668546591458,0.739159526778613,1
"12677","PmetTSAr1.1-017092",8.94720858519745,7.97243291774166,10.9227939024096,11.1467662311662,10.122127260702,5.88034084614895,5.17557648418823,7.18986083077072,-0.461392514336497,3.08263292979012,0.145414047213241,1
"12678","PmetTSAr1.1-017093",5.75498843670992,5.53310642798488,5.24861525180721,7.99601758150163,5.75286369493133,7.09598823261244,7.64811909606763,6.42558428576753,0.132301960495074,2.7005514837756,0.653337635735973,1
"12679","PmetTSAr1.1-017095",36.0585994237606,50.8688816766352,24.2571137313252,31.1103333055113,36.010013887893,39.409592016979,61.1639990175929,43.4222303716625,0.338980199023209,5.33489503771998,0.315899023425578,1
"12680","PmetTSAr1.1-017096",5.62010589522453,5.77108950015627,3.97192505542167,6.5927429728275,5.5344005166428,5.88034084614895,9.17774291528116,8.43534853373887,0.401100953122706,2.68849215102656,0.198733412048431,1
"12681","PmetTSAr1.1-017097",13.4432933013771,18.6519232814329,11.9630599883534,13.7944541720608,11.6513695087217,10.9973682170766,14.6676256636914,17.2669886093312,-0.0844965626596791,3.81968828767988,0.782966417897044,1
"12682","PmetTSAr1.1-017098",1.79843388647185,1.13041959281412,10.5918001477911,3.20370240848244,3.78669509033455,1.18737651701085,0.81719628697709,2.09468386408281,-1.08465507886838,1.63183550189976,0.0636581787861196,1
"12683","PmetTSAr1.1-017099",23.1098754411633,11.7801620724839,20.8053217188754,25.6031423884506,26.9437919889189,25.4437825073753,15.2752844411871,18.0595716930383,0.0760318783087573,4.38780422368208,0.819282866881809,1
"12684","PmetTSAr1.1-017100",8.94720858519745,10.7092382477127,19.1030681236947,13.662069775016,9.6852009041249,9.38592865827622,10.2673379645839,6.82187582762103,-0.534534690865618,3.47579365375518,0.0970003179095488,1
"12685","PmetTSAr1.1-017102",4.58600641050321,3.92672069082798,8.700407264257,4.84526893183708,5.13388468978049,2.79881607581128,2.22109760050183,2.85896040908599,-0.762817185146918,2.14546579194443,0.0303561090657066,1
"12686","PmetTSAr1.1-017107",2.24804235808981,2.76655321399244,6.00517240522086,4.79231517301919,4.11438985776735,3.5338586815799,1.86488383438361,1.89653809315605,-0.474939070592156,1.78792027433767,0.203926503835914,1
"12687","PmetTSAr1.1-017108",4.8108106463122,5.11663605168494,4.63391256465862,10.1141679342173,3.422589793187,5.6259030210752,5.67846650694337,6.08590582132167,-0.248470270549389,2.52531094563938,0.472755132271399,1
"12688","PmetTSAr1.1-017114",80.6147989611006,74.6969367777959,20.474327964257,23.6703301915975,33.9710242238667,17.3583138439205,40.4197855789437,109.744450554717,0.0147085215466631,5.64905932956224,0.978871492958085,1
"12689","PmetTSAr1.1-017115",4.31624132753244,3.03428417018526,2.45881074859437,2.80654921734825,3.38617926347224,1.55489781989516,2.36777385713875,1.83992501574841,-0.466280087193961,1.47134554371776,0.135928145854033,1
"12690","PmetTSAr1.1-017116",7.01389215724021,4.78940932744928,7.3764322457831,9.69053786367416,8.08313759667567,5.25838171819089,4.08598143488545,6.9067954437325,-0.249946726740848,2.74551763626772,0.456849753949246,1
"12691","PmetTSAr1.1-017117",19.1083600437634,19.9310822943541,9.64610370602406,10.2995060900799,16.4211489013546,11.4214312588662,11.9436380404344,18.0029586156306,-0.0302194552948945,3.87343783954478,0.931177459625543,1
"12692","PmetTSAr1.1-017118",8.3177567249323,8.29965964197732,22.5075753140561,9.24043091372208,10.4862325578495,9.04667822484454,7.66907284701576,7.44461967910511,-0.479277317620432,3.38116336845272,0.188229358611555,1
"12693","PmetTSAr1.1-017119",2.92245506551675,3.24251935833523,3.21536790200802,3.15074864966455,3.0948950257542,2.68573259800072,3.26878514790836,3.02879964130892,-0.0532436869812481,1.64977901830949,0.849980327806726,1
"12694","PmetTSAr1.1-017120",23.8742098429138,23.0843580006251,66.1987509236945,39.582934716374,27.6355920534993,27.1400346745336,23.3005710543211,23.2679748145415,-0.591356580243109,4.99125999195363,0.101240192276012,1
"12695","PmetTSAr1.1-017121",5.44026250657734,5.50335854396346,10.4499456815261,4.18334694661344,6.40825322979693,2.62919085909545,3.75072141971536,4.52904619261147,-0.560909262276888,2.43387013122486,0.122353747871179,1
"12696","PmetTSAr1.1-017122",2.29300320525161,3.4507545464852,2.41152592650602,5.00413020829076,3.53182138233126,2.77054520635864,3.66690641592284,2.54758848334395,-0.0846301701127348,1.71361810610893,0.809354799531098,1
"12697","PmetTSAr1.1-017123",13.7580192315096,14.6359589385407,10.4026608594377,17.5541710481311,14.9283171830497,18.8283990554577,15.9877119734236,17.9746520769268,0.263448521846417,3.96146518430198,0.372230715239666,1
"12698","PmetTSAr1.1-017125",18.3889864891747,35.1025031452804,5.72146347269074,15.7007894895049,13.6175381133185,20.1571299197318,28.895222557472,25.0512867528822,0.226876150105365,4.3511066460611,0.60243870799782,1
"12699","PmetTSAr1.1-017126",1.75347303931005,2.94504051812099,1.74953841726907,2.56825730266774,2.07540019374105,2.68573259800072,3.01734013653079,3.08541271871657,0.258012321314382,1.35455883318688,0.360130562745034,1
"12700","PmetTSAr1.1-017128",5.53018420090094,7.05024851307751,3.87735541124497,3.04484113202877,4.95183204120672,3.08152477033767,2.80780262704949,3.82138272501593,-0.415685214751416,2.11257430260566,0.212694490004317,1
"12701","PmetTSAr1.1-017129",20.8168722359117,24.3932648975678,11.0173635465863,8.26078637559109,14.0544644698955,5.82379910724368,9.95303170036199,10.8980174009714,-0.66349957291591,3.72286475025351,0.0877584912981398,1
"12702","PmetTSAr1.1-017130",12.9936848297591,6.57428236873473,17.1643904180722,44.4811574070289,33.0971715107125,10.0078877862343,3.35260015170088,10.8414043235637,-0.50498596714301,4.11857656165393,0.396313797389006,1
"12703","PmetTSAr1.1-017132",1.43874710917748,1.45764631704978,1.56039912891566,2.93893361439298,1.7112948965935,1.80933564496891,1.94869883817614,1.92484463185988,-0.0163255807946777,0.939015844764897,0.98322937628683,1
"12704","PmetTSAr1.1-017134",11.1053292489637,7.67495407752742,14.3745859148594,10.8025667988499,12.9257380487381,7.29388431878091,6.6632928015055,7.75599160484715,-0.34409387197805,3.30334861532808,0.295291694030481,1
"12705","PmetTSAr1.1-017135",9.12705197384463,7.16924004916321,12.8141867859437,9.84939914012784,9.61237984469539,6.38921649629646,5.61560525409897,6.05759928261785,-0.493896820388803,3.06649253156791,0.120076001976183,1
"12706","PmetTSAr1.1-017136",7.55342232318177,6.03882045634909,11.3956421232931,8.02249446091058,8.73852713154126,5.90861171560159,5.38511399366954,6.17082543743313,-0.332818111118017,2.89741668181014,0.291202444356531,1
"12707","PmetTSAr1.1-017137",4.40616302185603,7.61545830948457,4.39748845421685,16.1773733188659,7.50056912123959,9.21630344156038,7.56430409227511,7.84091122095862,-0.0264879708450445,3.02988910017404,0.954815545248837,1
"12708","PmetTSAr1.1-017139",43.3872175111334,62.3218170248835,36.5038826522087,71.4346206453358,37.2843824279094,63.0157680099328,77.1098034891203,66.7468182636116,0.192308158955429,5.84052086613419,0.608295188494973,1
"12709","PmetTSAr1.1-017140",2.87749421835496,2.70705744594959,3.78278576706826,3.57437872020768,3.02207396632469,2.03550260059002,2.6820801213607,2.40605578982485,-0.351427166248812,1.55687395697022,0.198558870764949,1
"12710","PmetTSAr1.1-017141",8.3627175720941,12.9998253173623,15.2257127124497,11.252673748802,10.3405904389905,9.69690822225525,4.9450852237588,12.228424720051,-0.363821514870161,3.4175280724775,0.285757216492201,1
"12711","PmetTSAr1.1-017144",41.4089402360143,36.5304015783088,37.0240156951806,53.721588320751,37.4300245467684,32.3418746538192,34.0288915397639,38.1855207114555,-0.248964500969791,5.28152139508946,0.412151698609915,1
"12712","PmetTSAr1.1-017145",4.27128048037064,2.85579686605671,2.55338039277107,8.89623148140579,6.48107428922644,6.2761330184859,1.88583758533175,3.45339772186625,-0.0461342562092553,2.21690342643998,0.928071800345467,1
"12713","PmetTSAr1.1-017146",5.12553657644477,4.31344318310649,4.20834916586344,5.16299148474443,3.49541085261651,3.50558781212726,4.16979643867797,2.54758848334395,-0.453730913477684,2.04428913526778,0.105502495378916,1
"12714","PmetTSAr1.1-017147",8.58752180790308,9.07310462653435,13.1451805405622,7.09580368159747,8.66570607211175,7.32215518823355,8.98915915674799,9.28454469485352,-0.142789948873398,3.18183848672271,0.636630838437019,1
"12715","PmetTSAr1.1-017148",15.3316488821725,4.72991355940643,9.69338852811241,11.0408587135304,14.6006224156169,4.07100520118004,0.81719628697709,3.31186502834714,-0.841865455150265,2.99682901523398,0.157797132351057,1
"12716","PmetTSAr1.1-017150",24.5036617031789,31.9789753230309,26.8577789461846,33.3608680552717,17.9139806196596,41.2754694008532,37.9891504689606,32.6940522029141,0.154271225664923,4.94922297121186,0.637389965798,1
"12717","PmetTSAr1.1-017153",21.9408934149566,27.2490617636245,15.5567064670682,13.1590090662461,21.7734967694237,19.4503581834158,15.6105444563572,22.2489394212039,0.0210907955727099,4.2989169615843,0.947977224905771,1
"12718","PmetTSAr1.1-017154",20.2323812228083,19.9013344103327,17.5899538168674,19.6723214008467,17.1493594956497,14.1919764652249,14.3114118975731,20.8619190247166,-0.219108726751229,4.17374066287072,0.451484195783778,1
"12719","PmetTSAr1.1-017155",1.61859049782466,1.33865478096408,2.64795003694778,2.1975809909425,1.92975807488203,1.9506899922321,2.07442134386492,1.83992501574841,0.00740660033010068,1.00650146217034,1,1
"12720","PmetTSAr1.1-017156",8.18287418344691,10.0250369152199,8.0857045771084,11.252673748802,8.15595865610518,6.84155040753869,8.31863912640781,8.46365507244269,-0.242782611030256,3.12590723985124,0.405804594263289,1
"12721","PmetTSAr1.1-017159",30.6183369171832,23.0248622325823,142.894732351003,58.4874266143613,74.3138911478155,101.12490003209,0.901011290769612,30.8541271871657,-0.299630040204598,5.85330034065577,0.710022239665591,1
"12722","PmetTSAr1.1-017160",8.67744350222667,6.27680352852048,5.57960900642568,17.3423560128595,6.69953746751497,9.75344996116053,3.83453642350788,5.06687042798409,-0.582781535567338,2.99433164269954,0.150858841896211,1
"12723","PmetTSAr1.1-017162",10.5208382358603,3.24251935833523,13.9963073381526,18.8515381391694,12.5616327515906,14.022351248509,2.09537509481305,5.49146850854141,-0.449205329001185,3.34300204520826,0.402544023855855,1
"12724","PmetTSAr1.1-017163",12.7239197467883,19.8715865263113,8.98411619678711,15.4095438160065,13.2534328161709,15.4924364600463,21.4985484727819,17.0971493771083,0.23945631700037,3.96495672023166,0.459302006874319,1
"12725","PmetTSAr1.1-017164",10.7006816245075,10.6794903636913,14.327301092771,13.6091160161981,14.6370329453316,18.4608777525734,7.20809032615689,11.747213562086,0.0768827966121074,3.67004703553893,0.817185465650475,1
"12726","PmetTSAr1.1-017165",3.28214184281112,3.36151089442092,3.49907683453814,3.91857815252398,3.0948950257542,3.36423346486407,4.00216643109293,3.79307618631211,0.0204422354609246,1.84959944416307,0.950916622562242,1
"12727","PmetTSAr1.1-017166",41.5438227774997,58.2761047979698,5.20133042971886,16.3097577159106,20.4991282294072,11.5627856061294,23.7825073261281,56.8961427946817,-0.106162803671461,4.87416315543267,0.855525517555454,1
"12728","PmetTSAr1.1-017168",2.60772913538418,2.61781379388532,3.26265272409637,2.38291914680512,1.89334754516727,1.61143955880043,2.01156009102053,2.03807078667516,-0.515914280398662,1.23678318723621,0.0475830802307894,1
"12729","PmetTSAr1.1-017170",5.30537996509196,5.8008373841777,3.16808307991967,5.00413020829076,4.66054780348867,2.31821129511641,4.04407393298919,7.21816736947454,-0.0832979852755093,2.24903678471811,0.819189797089813,1
"12730","PmetTSAr1.1-017171",1.88835558079544,2.40957860573535,1.5131143068273,2.11815035271566,2.22104231260007,1.92241912277947,2.64017261946444,2.15129694149045,0.162917238062231,1.12171236106478,0.542580010927416,1
"12731","PmetTSAr1.1-017172",3.37206353713472,2.40957860573535,1.65496877309236,12.7883327545208,4.4784951549149,7.49178040494939,1.63439257395418,1.83992501574841,-0.395251065661266,2.18053423739313,0.501480195387027,1
"12732","PmetTSAr1.1-017173",2.51780744106059,4.84890509549213,2.74251968112449,7.78420254623007,4.07797932805259,5.59763215162256,3.66690641592284,3.96291541853504,-0.0586365027936993,2.16156877872112,0.891765635888699,1
"12733","PmetTSAr1.1-017174",12.1843895808468,13.8922618380051,13.2870350068273,11.3056275076199,9.32109560697735,9.04667822484454,6.89378406193494,9.87898200763378,-0.528635813347761,3.43025129160192,0.0675067339950682,1
"12734","PmetTSAr1.1-017175",2.78757252403137,2.52857014182105,1.56039912891566,3.38904056434506,2.29386337202958,3.56212955103254,3.7088139178191,3.34017156705096,0.323847305092239,1.5699994168637,0.276652657297978,1
"12735","PmetTSAr1.1-017177",2.24804235808981,3.68873761865659,3.92464023333332,3.49494808198085,2.11181072345581,1.72452303661099,2.45158886093127,2.06637732537899,-0.676173980340053,1.47068289417709,0.0154053742705639,1
"12736","PmetTSAr1.1-017178",9.5316995983008,11.8396578405268,14.7055796694779,13.4767316191534,13.9452328807513,16.3405625436255,12.8027418293077,10.5017258591179,0.112562205542797,3.69548543590551,0.708724987759756,1
"12737","PmetTSAr1.1-017179",55.9762547164363,57.4134161613485,64.4964973285138,43.5279897483069,60.550710915638,57.4181358583102,60.2839414777715,44.9224769229651,0.0116553174039001,5.79783315153188,0.972851000388495,1
"12738","PmetTSAr1.1-017180",7.05885300440201,8.89461732240581,6.99815366907628,9.61110722544733,8.77493766125602,6.04996606286479,6.97759906572746,12.1435051039395,0.0569430594046935,3.06670361366612,0.856760306642516,1
"12739","PmetTSAr1.1-017181",16.995200227159,18.3841923252401,27.1414878787148,19.6987982802557,20.3170755808334,17.471397321731,16.8049082604007,19.2767528573026,-0.154148803703465,4.29032332649596,0.599961735342908,1
"12740","PmetTSAr1.1-017182",21.850971720633,7.31797946927033,27.0942030566264,35.5054952873963,19.333991278535,12.7218912536876,19.9479709026202,22.7301505791688,-0.296089408158637,4.38339292648142,0.461983526720434,1
"12741","PmetTSAr1.1-017183",11.1053292489637,9.10285251055577,14.0908769823293,10.3789367283068,13.6539486430332,12.8067038620456,8.6538991415779,11.1527762493058,0.0509689564605114,3.51384773465926,0.868781158444915,1
"12742","PmetTSAr1.1-017184",3.91159370307627,3.24251935833523,4.82305185301203,5.00413020829076,4.8061899223477,4.91913128475922,2.26300510239809,2.20791001889809,-0.262999839011629,1.98221157079839,0.444068776211666,1
"12743","PmetTSAr1.1-017185",3.95655455023807,4.8191572114707,3.12079825783131,3.38904056434506,4.29644250634112,3.90137998446421,3.54118391023405,3.17033233482803,-0.0408499458212595,1.93958699269556,0.895632276555981,1
"12744","PmetTSAr1.1-017186",15.2866880350107,16.8075544721046,15.8404153995983,12.205841407524,15.0739593019087,12.9197873398561,13.9971056333512,14.6910935872835,-0.0850612325066559,3.87391344298586,0.765553670530228,1
"12745","PmetTSAr1.1-017187",2.96741591267855,2.88554475007814,2.9316589694779,2.67416482030353,3.0948950257542,2.57264912019017,2.4725426118794,3.34017156705096,0.0016163357723265,1.54911960097168,1,1
"12746","PmetTSAr1.1-017188",1.88835558079544,1.54688996911405,2.41152592650602,4.84526893183708,3.56823191204602,4.21235954844324,1.96965258912427,1.72669886093312,0.0899592637869711,1.50426846853649,0.813903422052866,1
"12747","PmetTSAr1.1-017189",19.0184383494398,27.0705744594959,21.7510181606425,34.7641426639458,26.2884024540533,27.7337229330391,25.7312061643043,23.2679748145415,0.00457909189344317,4.68770924378934,0.98746906765771,1
"12748","PmetTSAr1.1-017191",11.0154075546401,9.63831442294141,17.3535297064256,13.2384397044729,14.3821592373283,10.3471382196659,8.44436163209659,10.162047394672,-0.242125151736108,3.56973191050773,0.443259478871187,1
"12749","PmetTSAr1.1-017193",4.94569318779758,4.52167837125646,9.55153406184735,9.02861587845052,7.20928488352154,5.6259030210752,3.28973889885649,3.14202579612421,-0.544709054757998,2.57640040626494,0.142333576802907,1
"12750","PmetTSAr1.1-017194",2.56276828822238,2.64756167790674,3.26265272409637,3.52142496138979,3.13130555546895,3.05325390088503,2.7449413742051,2.83065387038217,-0.0326718240145481,1.59961045610337,0.917953417596084,1
"12751","PmetTSAr1.1-017195",11.1053292489637,12.7915901292124,13.523459117269,13.5826391367892,12.2339379841578,13.2024960343825,13.9551981314549,11.6056808685669,-0.000192155655252432,3.67957789219157,1,1
"12752","PmetTSAr1.1-017196",9.35185620965362,9.22184404664147,14.3745859148594,9.55815346662943,10.8867483847118,9.89480430842372,7.54335034132698,10.0205147011529,-0.147901991510285,3.34476208548152,0.624498816219248,1
"12753","PmetTSAr1.1-017197",2.3379640524134,1.78487304128545,2.08053217188754,2.5417804232588,2.25745284231483,2.99671216197976,1.40390131352474,1.38702039648726,-0.127604847938631,1.10883550701428,0.691140119150549,1
"12754","PmetTSAr1.1-017198",10.0262689170806,10.2332721033699,10.5918001477911,7.36057247568693,10.9595694441413,8.25509388017065,9.78540169277695,8.06736353058919,-0.0427868173154618,3.24287180477082,0.885418028833859,1
"12755","PmetTSAr1.1-017199",19.9626161398375,24.9584746939748,17.0698207738955,34.3669894728116,19.5524544568236,31.6916446564085,36.7109716611246,29.8633983325319,0.289272344973424,4.74678237039568,0.379363003341288,1
"12756","PmetTSAr1.1-017200",10.4309165415367,15.9746137195047,9.07868584096382,13.2384397044729,9.06622189897406,17.1321468882994,19.8012946459833,16.9273101448854,0.368206477209881,3.81070535620705,0.26493193769674,1
"12757","PmetTSAr1.1-017201",31.6973972490663,42.2122474264008,25.6756583939758,28.9127523145688,31.385876614119,30.8435185728294,36.2290353893176,39.7423803401657,0.104706239069895,5.06194695114499,0.730619801361728,1
"12758","PmetTSAr1.1-017202",38.0368766988796,27.8142715600315,25.9593673265059,33.8374518846327,30.1115080741026,18.8283990554577,12.1531755499157,21.2582105665701,-0.610587665146501,4.70320218158544,0.0648179481617925,1
"12759","PmetTSAr1.1-017203",16.6804742970264,17.9379740649187,14.9420037799196,12.9471940309745,13.9452328807513,12.2412864729928,12.8027418293077,14.6627870485796,-0.220323974100151,3.86567973938359,0.44021196165896,1
"12760","PmetTSAr1.1-017204",12.4991155109794,9.96554114717707,10.2135215710843,8.15487885795531,12.4159906327315,7.37869692713883,7.48048908848259,9.70914277541085,-0.142982471095285,3.28976774289554,0.644220353382108,1
"12761","PmetTSAr1.1-017209",14.0727451616422,12.5833549410624,5.62689382851404,11.1467662311662,18.7150122733842,13.0611416871193,5.40606774461767,12.8794751102389,0.202378136501713,3.55402310191879,0.60147620127604,1
"12762","PmetTSAr1.1-017210",7.82318740615254,8.86486943838438,12.3413385650602,11.5703963017093,10.8867483847118,10.5733051752871,9.84826294562134,8.40704199503505,-0.0322016245156805,3.33626004085182,0.916816785295325,1
"12763","PmetTSAr1.1-017211",8.67744350222667,8.18066810589163,10.0243822827309,8.55203204908949,9.3575061366921,7.35042605768619,7.29190532994942,7.58615237262422,-0.165908454219872,3.07611892949965,0.563237878570603,1
"12764","PmetTSAr1.1-017212",6.65420537994584,7.5262146574203,10.1662367489959,8.97566211963263,9.53955878526588,9.13149083320246,6.80996905814241,8.57688122725798,0.0305095743212303,3.08432440146388,0.920327862566286,1
"12765","PmetTSAr1.1-017213",19.6928510568667,22.8166270444323,25.0609557068272,21.1285497683388,24.103770671168,20.5246512226161,27.6799050024804,19.842883631379,0.0554479474432495,4.50262584937784,0.848826282533058,1
"12766","PmetTSAr1.1-017214",8.67744350222667,9.69781019098426,6.38345098192769,7.30761871686904,9.79443249326917,9.10321996374982,8.75866789631855,6.31235813095224,0.0815733496912471,3.05614297517931,0.787418502047288,1
"12767","PmetTSAr1.1-017216",2.3829248995752,2.4690743737782,4.39748845421685,2.75359545853036,2.7672002583214,2.8836286841692,4.42124145005554,3.39678464445861,0.178040487727464,1.69881287945732,0.571443514153704,1
"12768","PmetTSAr1.1-017218",12.1843895808468,6.63377813677757,23.3114172895581,30.8190876320129,21.8099072991384,15.3228112433304,2.13728259670931,8.71841392077709,-0.605534167127594,3.92272092143004,0.27470570918019,1
"12769","PmetTSAr1.1-017219",26.1672130481654,23.1141058846465,27.2360575228915,30.1042118879714,24.9412128546074,24.2281351209118,25.1235473868085,30.486142184016,-0.0251875865181819,4.72718829066622,0.930723293864259,1
"12770","PmetTSAr1.1-017220",8.09295248912332,4.99764451559925,15.7458457554216,10.1406448136262,17.549875322512,7.18080084097036,2.80780262704949,3.96291541853504,-0.308696191883204,3.14535181137278,0.535409394173745,1
"12771","PmetTSAr1.1-017221",1.79843388647185,2.32033495367108,3.12079825783131,2.62121106148563,2.40309496117385,2.2333986867585,2.49349636282753,2.40605578982485,-0.0470352879834423,1.31353488002294,0.873164188059863,1
"12772","PmetTSAr1.1-017223",20.4122246114555,25.7021717945104,27.8034753879517,15.2506825395528,18.751422803099,13.5417464678142,16.3858332414381,16.672551296551,-0.447766824349814,4.27547575087699,0.141838839249866,1
"12773","PmetTSAr1.1-017224",7.82318740615254,3.98621645887083,28.8910262959838,17.8189398422205,10.8867483847118,11.6193273450347,3.08020138937518,4.01952849594268,-0.983269657564311,3.46606556752365,0.0691735186530732,1
"12774","PmetTSAr1.1-017226",8.45263926641769,11.2447001600983,3.6409313008032,9.50519970781154,11.2508536818594,10.7712012614555,10.2673379645839,10.3035800881911,0.370806498895167,3.24820866491637,0.275975611991869,1
"12775","PmetTSAr1.1-017228",7.05885300440201,8.06167656980593,5.95788758313251,4.7393614142013,4.95183204120672,4.91913128475922,6.07658777495785,4.10444811205415,-0.362304943707846,2.53397339070458,0.223357329811784,1
"12776","PmetTSAr1.1-017229",16.5006309083792,15.3796560390763,14.185446626506,15.7802201277317,16.3847383716399,13.1459542954772,12.1741293008638,15.2006112839523,-0.120988609478216,3.89747739117472,0.672475159404634,1
"12777","PmetTSAr1.1-017230",28.8648638778732,31.3840176426024,23.689695866265,32.5665616730033,28.3638026477944,31.9743533509349,28.7904538027313,29.4104937132708,0.0243959203403928,4.87998870885649,0.932793576755114,1
"12778","PmetTSAr1.1-017231",9.486738751139,5.94957680428482,8.27484386546182,26.4504025295369,5.97132687321986,10.3471382196659,5.4270214955658,6.85018236632486,-0.812790029934372,3.30924651582175,0.0589595142301448,1
"12779","PmetTSAr1.1-017232",1.79843388647185,2.02285611345684,8.84226173052206,5.69252907292335,3.20412661489846,3.33596259541143,3.35260015170088,1.89653809315605,-0.635217801636568,1.9324431634674,0.149114300283889,1
"12780","PmetTSAr1.1-017234",10.4758773886985,8.71613001827726,7.61285635622487,10.1406448136262,8.55647448296749,8.17028127181273,9.3453729228662,7.64276545003186,-0.132254378875188,3.15289368123923,0.646491407393492,1
"12781","PmetTSAr1.1-017235",12.0944678865232,17.1050333123189,17.1171055959839,20.3342433860704,14.3093381778988,14.418143420846,22.5462360201884,15.1156916678408,-0.00581796537293504,4.06167421081165,0.986860518125213,1
"12782","PmetTSAr1.1-017236",20.0525378341611,16.837302356126,32.1536790200802,19.7252751596646,27.4899499346402,14.8139355931829,19.7803408950352,19.5032051669332,-0.121120112614924,4.41585543595583,0.707902953510037,1
"12783","PmetTSAr1.1-017237",5.30537996509196,5.11663605168494,8.88954655261041,9.24043091372208,5.27952680863951,7.26561344932828,5.80418901263215,4.10444811205415,-0.346254211988334,2.68585726842662,0.2889303250125,1
"12784","PmetTSAr1.1-017239",13.1735282184063,16.1828489076547,20.474327964257,14.5093299161023,10.3770009687053,15.4641655905936,21.7080859822632,15.398757054879,-0.0296730524967472,3.9977363357007,0.924724650779401,1
"12785","PmetTSAr1.1-017240",42.2631963320885,70.2645020586037,29.5530138052208,31.2162408231471,39.9787616268013,32.4549581316298,63.6365416294723,44.2714265327772,0.0574010195371697,5.46842398234514,0.875793542235349,1
"12786","PmetTSAr1.1-017241",19.1083600437634,19.2468809618614,8.7949769084337,19.7782289184825,17.404233203653,14.107163856867,16.2601107357493,21.0600647956434,0.0389252675439329,4.09063472107311,0.90508344869632,1
"12787","PmetTSAr1.1-017242",16.2308658254084,14.5467152864764,8.65312244216864,11.6498269399362,9.61237984469539,8.5095317052444,5.9089577673728,14.9458524356179,-0.391256822056189,3.49995946433425,0.257647494983024,1
"12788","PmetTSAr1.1-017243",23.1997971354869,21.0317540031468,15.934985043775,18.08370863631,19.0791175705318,19.7896086168474,28.4342400366131,20.6071601763822,0.168500965287285,4.38104493658593,0.571014051980953,1
"12789","PmetTSAr1.1-017244",4.54104556334142,7.79394561361311,4.49205809839356,7.25466495805115,6.22620058122315,5.28665258764353,8.84248290011107,6.45389082447135,0.150941690845829,2.68583060802051,0.634580414697803,1
"12790","PmetTSAr1.1-017245",2.3829248995752,2.76655321399244,2.64795003694778,1.87985843803515,1.60206330744923,2.34648216456905,2.97543263463453,1.78331193834077,-0.137507275209953,1.23879325182478,0.611037166910123,1
"12791","PmetTSAr1.1-017246",3.64182862010549,3.98621645887083,2.64795003694778,6.08968226405753,2.69437919889189,3.22287911760087,3.24783139696023,4.07614157335033,-0.312848798415791,1.9142028872594,0.313620861309857,1
"12792","PmetTSAr1.1-017247",7.05885300440201,5.56285431200631,13.4288894730923,10.273029210671,9.28468507726259,7.0677173631598,4.16979643867797,5.43485543113377,-0.485838512805363,2.96938016652574,0.177909314753903,1
"12793","PmetTSAr1.1-017248",35.0694607862011,34.8942679571305,31.7754004433734,26.5298331677637,32.0776766786994,20.8639016560477,21.6452247294188,27.5139556201147,-0.329424729574485,4.85047363020769,0.270102033274984,1
"12794","PmetTSAr1.1-017249",2.60772913538418,1.6063857371569,2.31695628232931,3.94505503193292,3.34976873375749,2.37475303402169,0.754335034132698,1.3021007803758,-0.444429451016375,1.22372033854125,0.277111056303157,1
"12795","PmetTSAr1.1-017250",7.55342232318177,9.90604537913423,5.29590007389556,7.96954070209269,6.69953746751497,5.39973606545409,10.2044767117396,8.94486623040766,0.0232456047005132,2.96653056747607,0.944851923783813,1
"12796","PmetTSAr1.1-017251",62.0909299304406,78.8913884248167,45.5352836710842,52.7948975414379,60.113784559061,46.5338511190441,49.4298984866399,60.9439778293282,-0.141309286436392,5.8355033346749,0.682761363000733,1
"12797","PmetTSAr1.1-017252",5.03561488212118,4.16470376299937,7.09272331325299,16.5745265100001,6.84517958637399,7.35042605768619,5.84609651452841,8.8599466142962,-0.189051824814056,2.96176121349998,0.643325103151966,1
"12798","PmetTSAr1.1-017253",8.13791333628512,4.70016567538501,7.80199564457828,16.3891883541374,12.9985591081676,11.1104516948872,4.88222397091441,6.08590582132167,-0.0816549325513657,3.18175393779284,0.848246611453369,1
"12799","PmetTSAr1.1-017254",14.0727451616422,13.8030181859408,11.5374965895582,15.2506825395528,12.3795801030168,12.5805369064244,11.4197942667311,12.7662489554236,-0.154609890218305,3.70465180215403,0.586706409852524,1
"12800","PmetTSAr1.1-017255",88.3930255200914,47.0611525218929,168.759530033333,63.1208805109268,104.534630811062,63.0440388793854,52.2167473627412,55.565735475602,-0.41561327171984,6.32863807593925,0.374037183249667,1
"12801","PmetTSAr1.1-017256",17.0851219214826,31.2055303384739,6.43073580401604,6.61921985223645,2.98566343660993,4.04273433172741,71.1170307179549,46.5925627064905,1.02387773585571,4.54575678969556,0.176770399919202,1
"12802","PmetTSAr1.1-017258",4.36120217469423,5.53310642798488,7.66014117831322,5.85139034937702,5.20670574921,5.14529824038033,5.78323526168402,4.10444811205415,-0.207703053796849,2.46313445195921,0.48195339986882,1
"12803","PmetTSAr1.1-017259",27.6059601573429,28.5282207765457,48.5142274626504,34.1286975581311,31.6771608518371,35.1406907296305,25.6054836586155,24.0039448208408,-0.253085906110535,4.9979184540227,0.420510914492742,1
"12804","PmetTSAr1.1-017261",3.32710268997292,5.41411489189919,2.9316589694779,4.89822269065497,2.98566343660993,3.92965085391685,4.6726864614331,3.62323695408918,-0.128196438202998,2.01560604855033,0.68227042897798,1
"12805","PmetTSAr1.1-017262",15.8711790481141,18.7114190494758,3.83007058915661,6.98989616396169,7.02723223494777,6.16304954067535,30.3200776219448,12.9360881876465,0.314727282290334,3.6794234660176,0.548310193035691,1
"12806","PmetTSAr1.1-017263",15.6463748123051,18.6519232814329,10.2135215710843,15.8066970071406,11.9426537464397,13.8527260317932,14.0390131352474,14.2664955067261,-0.15798494140139,3.84480490858241,0.599873195612649,1
"12807","PmetTSAr1.1-017265",4.09143709172346,5.0571402836421,7.04543849116463,7.09580368159747,6.22620058122315,6.89809214644397,8.8634366510592,4.61396580872294,0.192377625366971,2.65626350675866,0.550080642335367,1
"12808","PmetTSAr1.1-017266",10.2510731528895,14.3384800983264,13.9017376939759,10.8819974370767,18.8606543922432,17.2735012355626,17.3916132869483,19.3333659347102,0.561085566434009,3.93976953343767,0.0510404467130316,1
"12809","PmetTSAr1.1-017267",11.9595853450378,11.6611705363982,13.9963073381526,11.5968731811183,11.760601097866,12.1564738646349,14.5628569089507,11.1244697106019,0.0128650082920619,3.63382649534215,0.968719465444405,1
"12810","PmetTSAr1.1-017268",12.5890372053029,13.2973041575766,11.7266358779116,15.9126045247764,12.0882958652988,14.0788929874143,9.80635544372507,12.3133443361624,-0.150304892448111,3.67679039379249,0.608262935017142,1
"12811","PmetTSAr1.1-017269",6.92397046291662,7.43697100535602,6.90358402489957,5.56014467587862,7.2456954132363,5.93688258505423,5.80418901263215,6.36897120835989,-0.0814183575148388,2.71810720255652,0.776541241784455,1
"12812","PmetTSAr1.1-017270",21.626167484824,25.1369619981034,4.87033667510038,8.76384708436106,11.3600852710036,7.74621823002314,40.7969530960101,19.050300547672,0.386867037424542,4.12922074137261,0.462233574303494,1
"12813","PmetTSAr1.1-017271",11.0154075546401,13.0295732013838,5.1540456076305,6.19558978169332,10.122127260702,12.3260990813507,14.3742731504175,11.5490677911593,0.450257845940991,3.39804700654112,0.18948333824314,1
"12814","PmetTSAr1.1-017272",16.9052785328354,16.4803277478689,22.223866381526,20.8108272154314,25.0868549734664,22.4187994759429,15.3800531959278,17.465134380258,0.0717358817255689,4.29677421779051,0.811456645870105,1
"12815","PmetTSAr1.1-017275",8.18287418344691,9.45982711881286,12.1994840987951,12.5235639604314,13.2534328161709,13.3155795121931,10.4140142212209,9.05809238522295,0.118734323312662,3.4741668040653,0.694414979678038,1
"12816","PmetTSAr1.1-017276",5.08057572928297,4.99764451559925,2.1278169939759,5.63957531410546,6.99082170523301,6.02169519341215,1.92774508722801,4.78380504094587,0.136172942986178,2.25043379211737,0.730533718671325,1
"12817","PmetTSAr1.1-017277",4.31624132753244,4.78940932744928,14.2327314485943,10.6701824018052,6.44466375951168,8.73569866086551,6.85187656003867,5.51977504724523,-0.302368363166809,2.95423832761344,0.433974688969757,1
"12818","PmetTSAr1.1-017278",6.56428368562225,4.70016567538501,4.30291881004014,12.4441333222045,11.4693168601479,9.52728300553941,4.14884268772984,5.74622735687581,0.135574076781925,2.89288127368048,0.735649815955054,1
"12819","PmetTSAr1.1-017279",3.14725930132574,3.56974608257089,17.0698207738955,9.4787228284026,6.5903058783707,7.0677173631598,2.80780262704949,4.38751349909237,-0.673406730487018,2.76683411236123,0.161785746243689,1
"12820","PmetTSAr1.1-017280",14.0277843144804,15.4391518071191,20.616182430522,17.4747404099042,14.0544644698955,16.142666457457,21.0585197028712,16.5593251417357,0.00658307862364428,4.08617985230273,0.985645608322665,1
"12821","PmetTSAr1.1-017281",6.29451860265147,7.79394561361311,4.82305185301203,7.89011006386585,5.57081104635756,5.17356910983297,11.3569330138867,7.58615237262422,0.146969219615963,2.83492407695437,0.662494634618113,1
"12822","PmetTSAr1.1-017282",6.69916622710764,9.31108769870574,6.52530544819275,8.04897134031952,7.42774806181008,8.02892692454953,7.73193409986016,7.27478044688218,-0.00827434421310468,2.94424081573479,0.98436835878589,1
"12823","PmetTSAr1.1-017285",9.5316995983008,8.65663425023441,9.22054030722888,10.1406448136262,7.31851647266581,6.81327953808605,7.54335034132698,10.1054343172644,-0.24056538342425,3.12525699289158,0.408213454011389,1
"12824","PmetTSAr1.1-017286",10.2510731528895,9.8762974951128,7.3764322457831,8.57850892849844,9.28468507726259,9.38592865827622,15.3171919430834,10.2752735494873,0.295814973080292,3.33808517858051,0.332296097024807,1
"12825","PmetTSAr1.1-017288",27.1113908385631,33.9125877844235,19.5286315224899,19.4869832449841,22.6473494825778,23.6344468624064,31.4096726712476,30.7692075710542,0.116658531427418,4.7075914042449,0.708362813492533,1
"12826","PmetTSAr1.1-017290",11.2851726376109,17.1645290803617,12.3413385650602,15.3565900571886,17.1857700253645,10.2340547418554,12.2788980556045,15.4836766709905,-0.0273707482233345,3.80526818802905,0.933851972739967,1
"12827","PmetTSAr1.1-017291",18.0742605590421,11.8694057245482,18.6302199028112,20.4401509037062,19.9893808134006,29.9953924892502,17.4125670378964,19.4465920895255,0.331661391206446,4.28874159937919,0.290354664754938,1
"12828","PmetTSAr1.1-017293",8.76736519655026,12.1073887967196,6.09974204939757,9.26690779313103,7.13646382409203,8.56607344414968,14.6676256636914,10.6715650913408,0.17891210420034,3.28309190579759,0.591116479698053,1
"12829","PmetTSAr1.1-017295",3.95655455023807,4.58117413929931,3.49907683453814,5.21594524356232,3.49541085261651,4.04273433172741,4.23265769152236,3.59493041538536,-0.170987162201118,2.05065829737087,0.547826506591762,1
"12830","PmetTSAr1.1-017296",60.6521828212631,87.8752493992868,107.478400606827,72.0965426305594,56.2542684092969,74.3523866604411,92.489856685048,78.1543533612518,-0.123001077048178,6.29885373888003,0.757006661863377,1
"12831","PmetTSAr1.1-017297",1.57362965066287,1.04117594074984,3.07351343574296,2.80654921734825,2.18463178288532,2.51610738128489,2.34682010619062,2.00976424797134,0.0976085170596062,1.1729138610806,0.784861966170664,1
"12832","PmetTSAr1.1-017298",35.3392258691718,48.0725805786213,25.3919494614457,31.9575934465976,31.8228029706961,47.2123519859075,51.3157360719716,39.2611691822007,0.268805126619756,5.28052593528471,0.409109623558155,1
"12833","PmetTSAr1.1-017300",19.8277335983521,13.6840266498551,29.5057289831324,21.4197954418372,25.9242971569058,21.2879646978373,15.4010069468759,14.1532693519109,-0.137169268227261,4.33634368348363,0.679727700450423,1
"12834","PmetTSAr1.1-017301",5.66506674238632,4.52167837125646,1.89139288353413,2.32996538798723,3.8231056200493,1.83760651442155,2.24205135144996,3.84968926371975,-0.296216938772701,1.73280324705479,0.435890747734422,1
"12835","PmetTSAr1.1-017302",17.7145737817477,15.9151179514619,19.6232011666666,15.2506825395528,17.4770542630825,15.74687428512,11.7969617837975,13.9834301196879,-0.215311258692458,3.99924568360492,0.459800179034134,1
"12836","PmetTSAr1.1-017303",9.5316995983008,11.3339438121626,9.504249239759,19.1427838126678,11.6149589790069,12.382640820256,10.5187829759615,15.5119832096943,0.0120443860151836,3.6452459609285,0.96902928362784,1
"12837","PmetTSAr1.1-017304",4.04647624456166,3.12352782224953,2.78980450321284,3.7597168760703,3.75028456061979,2.742274336906,2.26300510239809,3.0004931026051,-0.230258495751789,1.69653699825752,0.4230499301217,1
"12838","PmetTSAr1.1-017307",8.85728689087386,8.32940752599875,6.19431169357427,23.0084082063739,11.6149589790069,15.3793529822357,6.30707903538728,8.97317276911148,-0.137577404417425,3.47946400721918,0.745291114025543,1
"12839","PmetTSAr1.1-017308",14.8820404105546,16.4505798638475,19.81234045502,26.6092638059905,16.2026857230661,21.3445064367426,16.70013950566,20.4656274828631,-0.0584210869498168,4.25727871827226,0.849849099758519,1
"12840","PmetTSAr1.1-017309",9.35185620965362,11.363691696184,15.5094216449799,9.39929219017576,9.50314825555113,11.3931603894136,11.3778867648349,8.63349430466562,-0.155304275116601,3.44273843749009,0.607081602258043,1
"12841","PmetTSAr1.1-017310",2.92245506551675,3.51025031452804,2.50609557068272,2.96541049380193,2.7672002583214,3.95792172336949,3.64595266497471,3.56662387668154,0.225231784061364,1.72162372283243,0.405496429507924,1
"12842","PmetTSAr1.1-017311",5.66506674238632,6.12806410841336,4.77576703092368,6.03672850523964,7.20928488352154,4.01446346227477,3.72976766876723,3.87799580242358,-0.270261921797608,2.38855523329754,0.392698194349016,1
"12843","PmetTSAr1.1-017312",12.0495070393614,13.5947829977908,21.9874422710843,25.2589429561343,19.2975807488203,24.3977603376276,17.0982607736745,17.1254559158121,0.0955202485565118,4.24148549794462,0.769067641401152,1
"12844","PmetTSAr1.1-017313",37.0027772141583,28.5282207765457,36.1256040755019,33.1490530200001,32.0776766786994,44.9506824296963,43.9609694891778,39.6008476466466,0.25307115290719,5.20900959188238,0.399134538685153,1
"12845","PmetTSAr1.1-017314",1.97827727511903,1.6063857371569,1.79682323935742,2.80654921734825,2.36668443145909,1.66798129770571,1.40390131352474,1.78331193834077,-0.200178857039592,0.989838779843081,0.518535617313837,1
"12846","PmetTSAr1.1-017315",14.2525885502894,14.7549504746264,10.5445153257028,9.24043091372208,13.3990749350299,8.59434431360232,11.9855455423306,11.4075350976402,-0.104406608687424,3.56447233851044,0.733968434554648,1
"12847","PmetTSAr1.1-017319",4.40616302185603,6.39579506460618,2.74251968112449,6.85751176691696,6.00773740293462,4.55160998187491,4.1907501896261,4.13275465075797,-0.121362374965149,2.31568390724385,0.729104723925838,1
"12848","PmetTSAr1.1-017320",11.0603684018019,13.9815054900693,10.1189519269076,8.44612453145371,10.5954641469938,7.40696779659147,10.9797654968204,8.74672045948091,-0.208818885393044,3.35425108418103,0.490764532542372,1
"12849","PmetTSAr1.1-017322",6.15963606116608,3.53999819854947,5.43775454016062,4.15687006720449,4.87901098177721,3.64694215939046,1.59248507205792,2.23621655760192,-0.646168029300591,1.99932289235517,0.0696702305355,1
"12850","PmetTSAr1.1-017323",9.17201282100643,13.2675562735551,7.23457777951804,9.92882977835468,9.32109560697735,11.3366186505083,11.9017305385381,11.4924547137516,0.151810995981314,3.39597092532263,0.614947675764811,1
"12851","PmetTSAr1.1-017324",3.19222014848753,3.00453628616383,2.41152592650602,3.20370240848244,2.91284237718042,2.94017042307448,2.9544788836864,3.22694541223568,0.0229485451150582,1.60615953812697,0.929055756873738,1
"12852","PmetTSAr1.1-017325",23.8742098429138,29.5693967172956,23.0749931791164,18.7985843803515,26.7617393403451,15.3228112433304,18.8583758533175,22.8999898113918,-0.185562879498817,4.48874785376684,0.545407058249855,1
"12853","PmetTSAr1.1-017326",4.22631963320885,2.85579686605671,4.30291881004014,10.5907517635783,4.22362144691161,6.95463388534924,3.68786016687097,4.9536442731688,-0.1538761260143,2.4041355945686,0.702843849387025,1
"12854","PmetTSAr1.1-017327",8.18287418344691,10.173776335327,7.32914742369475,8.8432777225879,9.24827454754784,8.33990648852856,8.23482412261529,8.29381584021976,-0.0197109994507822,3.11174018599447,0.951515931274697,1
"12855","PmetTSAr1.1-017328",5.9797926725189,5.71159373211343,4.39748845421685,9.84939914012784,6.44466375951168,5.45627780435937,5.13366898229197,5.91606658909874,-0.182545236570691,2.62693150664582,0.57292414510867,1
"12856","PmetTSAr1.1-017331",3.32710268997292,4.01596434289225,2.55338039277107,3.94505503193292,3.75028456061979,4.55160998187491,4.25361144247049,3.79307618631211,0.23336593495542,1.94218303852075,0.397284517916599,1
"12857","PmetTSAr1.1-017332",8.58752180790308,3.15327570627095,3.87735541124497,4.76583829361024,8.19236918581994,6.53057084355966,4.40028769910741,4.89703119576116,0.237934512506809,2.48657819301011,0.507979222034001,1
"12858","PmetTSAr1.1-017333",13.2184890655681,14.0707491421336,54.5666846899596,35.0818652168532,34.6264137587323,29.9671216197976,18.3135783286661,12.6530228006083,-0.291239839158654,4.73388146042478,0.522215336431712,1
"12859","PmetTSAr1.1-017334",2.06819896944263,0.922184404664147,2.17510181606425,4.76583829361024,2.25745284231483,2.65746172854809,1.36199381162848,1.21718116426433,-0.416860619589442,1.16361426750299,0.323758531442153,1
"12860","PmetTSAr1.1-017336",80.6597598082624,69.0150909297039,27.4724816333332,76.8623809241697,81.7416392096256,66.8888771249443,23.3634323071655,56.7263035624587,-0.151741530328884,5.91648679599012,0.736135145210548,1
"12861","PmetTSAr1.1-017337",28.6400596420642,45.8414892770145,13.7598832277108,32.1958853612781,26.7981498700599,45.8553502521808,24.9978248811197,29.9766244873472,0.0826670937670401,4.95789399186461,0.822889304250879,1
"12862","PmetTSAr1.1-017338",3.14725930132574,1.93361246139257,2.17510181606425,9.18747715490419,3.78669509033455,1.69625216715835,1.84393008343548,5.88776005039492,-0.323234865000412,1.91720883124745,0.516574489696242,1
"12863","PmetTSAr1.1-017340",13.4432933013771,14.8144462426692,10.4026608594377,7.36057247568693,14.6370329453316,8.14201040236009,11.7550542819012,12.4831835683854,0.0309279678623831,3.54693252839718,0.926571454037856,1
"12864","PmetTSAr1.1-017342",9.08209112668284,9.81680172706995,10.6863697919678,8.41964765204476,13.4718959944594,6.9263630158966,4.25361144247049,13.4172993456115,0.000764390084441375,3.2573421371631,0.999068444846618,1
"12865","PmetTSAr1.1-017343",2.69765082970777,1.54688996911405,7.84928046666664,7.83715630504796,4.11438985776735,3.95792172336949,2.72398762325697,2.51928194464013,-0.582799154858947,2.07307694057886,0.185219578180169,1
"12866","PmetTSAr1.1-017344",19.4680468210578,19.9013344103327,18.6302199028112,14.7740987101918,20.8632335265548,17.0190634104888,22.4205135144996,18.257717463965,0.1110217126296,4.24625815664128,0.701035372545389,1
"12867","PmetTSAr1.1-017345",9.71154298694798,11.1852043920555,20.5216127863453,24.7294053679554,16.8580752579317,20.2419425280897,8.75866789631855,11.435841636344,-0.20864207313334,3.95320616456209,0.581553844415113,1
"12868","PmetTSAr1.1-017346",1.70851219214826,3.51025031452804,1.93867770562248,3.41551744375401,2.58514760974762,2.77054520635864,3.20592389506397,2.63250809945542,0.0678519216546303,1.48197261167221,0.810096390506854,1
"12869","PmetTSAr1.1-017347",12.3192721223322,16.9265460081903,9.504249239759,10.723136160623,10.4862325578495,6.95463388534924,9.74349419088068,9.28454469485352,-0.441311126161059,3.4333186657926,0.153379221781288,1
"12870","PmetTSAr1.1-017348",5.30537996509196,5.47361065994203,4.91762149718874,5.374806520016,6.48107428922644,4.89086041530658,4.50505645384806,4.3025938829809,-0.0662576105406915,2.38278356768655,0.825311257836333,1
"12871","PmetTSAr1.1-017349",32.1919665678461,35.7272087097303,17.1643904180722,17.8718936010384,24.7591602060336,17.1038760188467,39.0996992692115,26.8912117686306,0.0673731980268254,4.72344656724816,0.850520105466527,1
"12872","PmetTSAr1.1-017350",9.30689536249182,9.1326003945772,8.55855279799194,8.57850892849844,10.9231589144266,12.1847447340875,11.2312105081979,9.62422315929938,0.305438744029609,3.32297034641095,0.278237053355401,1
"12873","PmetTSAr1.1-017351",11.2851726376109,14.9036898947335,14.8001493136546,16.9452028217253,13.6175381133185,20.2419425280897,14.8143019203283,11.2093893267134,0.046920824112416,3.88682826253541,0.879070139555127,1
"12874","PmetTSAr1.1-017353",18.8385949607926,15.9151179514619,22.6494297803212,23.458515156326,21.0088756454138,17.7258351468048,16.4696482452306,19.3616724734141,-0.117249584011179,4.28439395926985,0.687584251583074,1
"12875","PmetTSAr1.1-017355",3.32710268997292,5.35461912385634,2.83708932530119,3.99800879075082,5.46157945721329,4.63642259023283,6.78901530719428,5.15179004409555,0.500032906950663,2.25333224838897,0.0974862453900353,1
"12876","PmetTSAr1.1-017356",15.7362965066287,16.5993192839546,12.7669019638554,16.0714658012301,13.3262538756004,13.4852047289089,19.8432021478796,14.4080282002453,-0.00244122148810363,3.93981725927579,0.995019247535137,1
"12877","PmetTSAr1.1-017358",12.364232969494,13.0890689694266,14.0908769823293,10.9879049547125,13.4718959944594,16.3405625436255,19.591757136502,13.7286712713535,0.322689456833171,3.83534587587478,0.270576613225385,1
"12878","PmetTSAr1.1-017359",6.87900961575482,7.05024851307751,6.47802062610439,4.395161981885,7.53697965095434,4.72123519859075,4.92413147281067,5.09517696668791,-0.155262208660906,2.57008620307778,0.618323175807768,1
"12879","PmetTSAr1.1-017360",6.11467521400429,6.60403025275615,3.68821612289155,5.93082098760386,4.76977939263294,5.14529824038033,6.57947779771298,6.08590582132167,0.0139593398361381,2.50655452483238,0.962121214877325,1
"12880","PmetTSAr1.1-017362",4.90073234063579,4.37293895114934,4.58662774257026,14.2975148808307,5.02465310063623,17.471397321731,3.37355390264901,7.303086985586,0.233033988234044,2.95244004072728,0.637879574151036,1
"12881","PmetTSAr1.1-017364",11.1952509432873,8.47814694610587,13.5707439393574,11.0673355929393,11.3600852710036,11.3931603894136,8.69580664347416,12.6530228006083,-0.00595563075155066,3.47348176150713,0.985428802554178,1
"12882","PmetTSAr1.1-017365",12.4991155109794,15.8853700674405,10.7336546140562,22.3729631005592,11.7241905681512,13.2590377732878,18.7745608495249,16.9273101448854,-0.0204262783167902,3.93972186653567,0.953089352287788,1
"12883","PmetTSAr1.1-017367",6.24955775548968,5.23562758777064,7.14000813534134,6.69865049046329,6.22620058122315,6.16304954067535,4.16979643867797,4.50073965390765,-0.267074106775223,2.54901321880237,0.364943772854982,1
"12884","PmetTSAr1.1-017368",7.41853978169638,5.29512335581349,3.49907683453814,5.40128339942494,6.84517958637399,5.54109041271728,6.80996905814241,6.08590582132167,0.225594682106306,2.56707725631424,0.466599730931708,1
"12885","PmetTSAr1.1-017369",6.33947944981327,13.5055393457265,5.20133042971886,7.8636331844569,5.49798998692805,5.00394389311714,4.98699272565506,13.1908470359809,-0.201324174358162,2.95734605939898,0.619507229377391,1
"12886","PmetTSAr1.1-017370",4.36120217469423,6.99075274503466,4.30291881004014,9.53167658722049,7.39133753209532,7.46350953549675,7.87861035649707,5.51977504724523,0.159475538623719,2.75562777845412,0.626337423282456,1
"12887","PmetTSAr1.1-017371",12.6789588996265,21.6564595675967,2.69523485903613,6.9369424051438,5.89850581379035,6.36094562684382,3.12210889127144,24.0888644369523,-0.156755511628972,3.3919099547508,0.794863170334101,1
"12888","PmetTSAr1.1-017372",6.33947944981327,4.22419953104222,11.7739207,10.2200754518531,7.90108494810189,8.62261518305496,4.9450852237588,6.11421236002549,-0.239193341510006,2.9203428023798,0.504782745817042,1
"12889","PmetTSAr1.1-017373",6.38444029697506,4.96789663157782,21.7510181606425,8.4990782902716,11.760601097866,7.49178040494939,3.26878514790836,5.46316196983759,-0.571811834397568,3.12630414352396,0.223094031337923,1
"12890","PmetTSAr1.1-017374",3.91159370307627,3.09377993822811,3.97192505542167,24.0145296239138,8.81134819097078,11.8454943006558,3.33164640075275,5.43485543113377,-0.253923140068401,3.02306455825813,0.663863273007386,1
"12891","PmetTSAr1.1-017377",23.7842881485902,7.49646677339887,12.719617141767,4.7393614142013,16.8580752579317,3.87310911501157,1.9906063400724,6.59542351799046,-0.73395758418703,3.28989920205965,0.194638524149407,1
"12892","PmetTSAr1.1-017378",24.054053231561,34.2398145086591,9.88252781646583,11.7557344575719,15.765759366489,14.5312268986566,27.7218125043767,19.050300547672,-0.0525549749165422,4.29970557911403,0.8955662678764,1
"12893","PmetTSAr1.1-017379",7.28365724021099,6.99075274503466,5.57960900642568,4.50106949952079,5.5344005166428,6.02169519341215,10.0158929532064,7.5578458339204,0.262089528740735,2.7554015089988,0.410997289193122,1
"12894","PmetTSAr1.1-017380",18.0292997118803,24.2742733614821,15.4148520008032,11.6763038193451,17.8047490305153,14.1354347263196,14.6466719127432,14.6627870485796,-0.180559764955318,4.03464025559819,0.564049406558562,1
"12895","PmetTSAr1.1-017381",5.44026250657734,8.86486943838438,7.23457777951804,5.13651460533548,5.68004263550182,6.84155040753869,6.89378406193494,7.18986083077072,-0.00327195674576742,2.74917120298498,0.995439190503115,1
"12896","PmetTSAr1.1-017382",19.647890209705,18.4139402092615,22.6967146024096,20.2812896272525,21.9919599477122,21.1748812200268,20.9327971971824,20.805305947309,0.0675088805346315,4.3787455599825,0.810096721674619,1
"12897","PmetTSAr1.1-017383",10.3859556943749,10.4415072915199,8.03841975502005,7.38704935509588,11.1416220927151,6.67192519082285,7.22904407710502,9.11470546263059,-0.0872040819554918,3.14694616254628,0.779183082159036,1
"12898","PmetTSAr1.1-017384",23.8742098429138,27.9035152120958,26.9523485903613,26.847555720671,26.03352874605,33.5009803013775,39.0996992692115,31.7882429643918,0.305081415747242,4.88600538802498,0.295270924832796,1
"12899","PmetTSAr1.1-017385",13.9378626201568,12.9403295493195,17.6372386389558,15.1977287807349,14.3457487076136,15.2379986349725,14.3323656485213,14.5778674324682,-0.0290866282835205,3.8909348885721,0.919073213893289,1
"12900","PmetTSAr1.1-017386",26.7966649084306,23.7685593331179,23.5005565779116,22.6112550152397,22.6473494825778,26.9421385883652,28.6647312970425,23.975638282137,0.0811627321535199,4.63958632613631,0.776517009573132,1
"12901","PmetTSAr1.1-017387",20.8618330830734,19.782342874247,21.9401574489959,20.3077665066614,20.6083598185515,19.195920358342,17.1611220265189,16.2479532159937,-0.179203110248463,4.29058412221206,0.524071731851357,1
"12902","PmetTSAr1.1-017388",44.0616302185603,41.2305672536938,64.922060727309,40.8008711691855,54.7614366909919,51.5377950121613,45.0924720403768,40.4217372690574,0.0063176162523663,5.58220589906798,0.985473413028912,1
"12903","PmetTSAr1.1-017389",34.8896173975539,36.6196452303731,43.4074666771083,36.8293392578436,40.3428669239488,46.7600180746652,63.8460791389536,38.270440327567,0.318820358654025,5.41576824462796,0.310092351330273,1
"12904","PmetTSAr1.1-017391",6.33947944981327,4.72991355940643,2.88437414738955,2.88597985557509,3.93233720919357,2.48783651183225,7.73193409986016,5.03856388928027,0.193737724041138,2.1922384200417,0.617911072800203,1
"12905","PmetTSAr1.1-017394",7.28365724021099,10.6794903636913,8.93683137469876,8.34021701381793,9.13904295840357,8.39644822743384,8.02528661313398,8.57688122725798,-0.0475214509964271,3.12667892523759,0.87401485537883,1
"12906","PmetTSAr1.1-017395",7.01389215724021,6.21730776047764,7.23457777951804,20.1753821096167,10.8139273252823,12.6088077758771,7.52239659037885,11.0678566331943,0.044133016382492,3.37892896947126,0.908130970014632,1
"12907","PmetTSAr1.1-017396",4.00151539739986,3.15327570627095,2.64795003694778,3.62733247902557,2.98566343660993,3.05325390088503,3.56213766118219,2.66081463815924,-0.130253455422814,1.7108951330405,0.634209991024233,1
"12908","PmetTSAr1.1-017397",3.77671116159088,4.22419953104222,2.83708932530119,3.70676311725241,3.60464244176077,4.29717215680116,6.13944902780224,3.82138272501593,0.29663947513967,2.04336272416298,0.315121506187556,1
"12909","PmetTSAr1.1-017399",13.3533716070535,15.1714208509263,8.74769208634535,15.4889744542333,13.1806117567414,13.2307669038351,11.3569330138867,14.3797216615414,-0.0191676691727164,3.7202415869675,0.954553970631227,1
"12910","PmetTSAr1.1-017400",13.9378626201568,11.2149522760769,12.577762675502,11.6498269399362,13.4718959944594,8.25509388017065,7.04046031857185,9.79406239152231,-0.358027098049799,3.46514005999721,0.243477767557564,1
"12911","PmetTSAr1.1-017401",4.45112386901783,6.09831622439194,3.07351343574296,6.6456967316454,4.58772674405916,4.77777693749603,5.30129898987702,4.86872465705734,-0.0597397790662925,2.33512119294635,0.857708481695305,1
"12912","PmetTSAr1.1-017402",11.0603684018019,11.0662128559698,9.78795817228912,13.2649165838818,10.7411062658528,9.21630344156038,7.60621159417137,10.8697108622675,-0.235651943901866,3.39389961732648,0.422472280011812,1
"12913","PmetTSAr1.1-017404",4.54104556334142,6.48503871667045,4.20834916586344,7.91658694327479,5.64363210578707,7.12425910206508,6.97759906572746,5.57638812465288,0.124021156114504,2.61615571198011,0.686475723470086,1
"12914","PmetTSAr1.1-017405",24.3238183145318,27.1895659955816,26.3376459032128,24.3852059356391,25.7786550380467,22.644966431564,28.1827950252355,26.5232267654809,0.012667970828904,4.68554385960702,0.965612514096945,1
"12915","PmetTSAr1.1-017407",16.6804742970264,20.9127624670611,19.7650556329317,19.4869832449841,17.5862858522268,16.6515421076045,24.243489846987,18.0595716930383,-0.00546635665852689,4.26591733023641,0.986064921427325,1
"12916","PmetTSAr1.1-017408",36.7779729783493,31.6220007147738,16.3132636204819,17.7395092039937,21.5186230614204,12.382640820256,20.2413234158941,19.7296574765637,-0.471720855702867,4.46564894648027,0.170782224285073,1
"12917","PmetTSAr1.1-017409",10.8355641659929,20.2880569026112,8.18027422128511,9.69053786367416,12.343169573302,8.45298996633912,19.8222483969315,13.1625404972771,0.13372345148955,3.69149625585137,0.713607616876335,1
"12918","PmetTSAr1.1-017412",17.1750436158062,29.7181361374027,4.58662774257026,9.66406098426522,8.41083236410847,9.89480430842372,4.1907501896261,34.2792183703281,-0.107743760832304,3.88821586911908,0.8543445268326,1
"12919","PmetTSAr1.1-017413",21.5812066376622,17.6107473406831,9.03140101887547,24.8882666444091,20.2442545214039,9.8099917000658,6.85187656003867,17.8614259221115,-0.418972606645006,4.00391006300036,0.293484914886003,1
"12920","PmetTSAr1.1-017414",2.3829248995752,3.15327570627095,2.69523485903613,3.38904056434506,2.25745284231483,2.34648216456905,2.72398762325697,3.67985003149682,-0.0831484858325648,1.53312117989851,0.781949537707493,1
"12921","PmetTSAr1.1-017417",3.68678946726729,4.28369529908507,3.92464023333332,4.81879205242814,4.33285303605588,3.84483824555893,4.86127021996628,4.01952849594268,0.0264883476406372,2.09993276466827,0.928273736609052,1
"12922","PmetTSAr1.1-017418",4.99065403495938,4.37293895114934,8.22755904337346,4.92469957006392,4.87901098177721,5.34319432654881,4.86127021996628,4.41582003779619,-0.202377174681744,2.40729105759045,0.503233901278391,1
"12923","PmetTSAr1.1-017419",15.1068446463635,14.5764631704978,16.2186939763052,18.9044918979873,14.4913908264726,18.6022320998366,16.5115557471268,15.8233551354363,0.0136162474304676,4.03062209869083,0.963913195168026,1
"12924","PmetTSAr1.1-017420",3.32710268997292,2.52857014182105,7.75471082248993,12.6294714780671,4.66054780348867,5.73898649888576,2.78684887610136,2.80234733167835,-0.717960349678684,2.4163653378067,0.113254276957142,1
"12925","PmetTSAr1.1-017421",1.79843388647185,1.45764631704978,5.10676078554215,6.69865049046329,2.91284237718042,3.92965085391685,1.7182075777467,2.09468386408281,-0.503461689066036,1.7105571798343,0.257901301299719,1
"12926","PmetTSAr1.1-017422",8.94720858519745,11.155456508034,7.51828671204816,5.79843659055913,8.33801130467896,5.39973606545409,7.71098034891202,6.93510198243632,-0.235753303502485,2.96038227580665,0.453666754394129,1
"12927","PmetTSAr1.1-017423",1.93331642795724,1.90386457737114,9.03140101887547,4.71288453479235,1.92975807488203,2.68573259800072,2.43063510998314,1.92484463185988,-0.963240542176604,1.74899295711488,0.0252520587948248,1
"12928","PmetTSAr1.1-017425",1.79843388647185,1.96336034541399,2.1278169939759,1.93281219685304,1.89334754516727,1.5831686893478,2.30491260429436,1.58516616741402,-0.0802471026931856,0.971039631972597,0.765456168169856,1
"12929","PmetTSAr1.1-017426",2.15812066376622,1.78487304128545,1.93867770562248,5.82491346996808,1.56565277773448,3.3925043343167,1.08959504930279,1.27379424167198,-0.687536075643836,1.29005325724507,0.113900669298291,1
"12930","PmetTSAr1.1-017427",8.18287418344691,8.03192868578451,9.64610370602406,7.99601758150163,9.02981136925931,9.13149083320246,7.87861035649707,9.11470546263059,0.0548811859820368,3.11863141911532,0.850458727435307,1
"12931","PmetTSAr1.1-017428",42.1732746377649,36.8576283025445,70.0761063349395,46.5993077597446,44.8577726085785,51.2550863176349,38.7853930049896,35.1567210701466,-0.202361672723037,5.51641844197708,0.540358295025218,1
"12932","PmetTSAr1.1-017430",1.57362965066287,2.08235188149969,1.65496877309236,2.72711857912142,2.33027390174434,2.40302390347433,2.09537509481305,1.52855309000637,0.0372004807125971,1.08163960049679,0.8904010219589,1
"12933","PmetTSAr1.1-017432",6.60924453278405,6.18755987645621,9.74067335020077,6.56626609341856,7.2456954132363,6.13477867122271,5.51083649935832,5.43485543113377,-0.257269165309652,2.75079517021623,0.391624719689568,1
"12934","PmetTSAr1.1-017434",30.7082586115068,28.0522546322029,34.5179201244979,31.9840703260065,30.5120239009649,33.5292511708301,36.6481104082802,26.1835483010351,0.0188365116176999,4.98087341801969,0.949900462073421,1
"12935","PmetTSAr1.1-017435",7.01389215724021,6.18755987645621,7.84928046666664,7.67829502859428,5.8620952840756,6.67192519082285,5.86705026547654,6.39727774706371,-0.211433606098819,2.75469745035364,0.456882204965836,1
"12936","PmetTSAr1.1-017438",2.87749421835496,3.80772915474228,3.07351343574296,3.36256368493612,3.16771608518371,2.28994042566378,2.45158886093127,2.88726694778981,-0.289983252646988,1.60855844239013,0.290537290571272,1
"12937","PmetTSAr1.1-017439",36.193481965246,26.6243561991746,112.727015858634,44.0575273364858,44.6757199600047,29.45824596965,19.2774508722801,23.664266356395,-0.907319044363221,5.39627132239065,0.0402322673467615,1
"12938","PmetTSAr1.1-017440",5.9348318253571,6.18755987645621,4.58662774257026,5.95729786701281,5.89850581379035,5.59763215162256,4.27456519341862,4.98195081187262,-0.131627365023476,2.45625563977738,0.655147647597769,1
"12939","PmetTSAr1.1-017441",13.2634499127299,13.1783126214909,7.75471082248993,6.75160424928118,12.343169573302,7.54832214385467,6.45375529202419,10.8697108622675,-0.139135137513264,3.29641775027148,0.687668056948064,1
"12940","PmetTSAr1.1-017443",19.6928510568667,27.844019444053,12.3886233871485,16.3627114747285,14.5642118859021,19.4220873139631,23.1119872957879,22.6735375017612,0.0640435748275471,4.29111439849899,0.84506478780866,1
"12941","PmetTSAr1.1-017444",15.9161398952759,14.9036898947335,12.1994840987951,17.9778011186742,16.4939699607841,20.2419425280897,22.965311039151,18.3143305413727,0.354539533217619,4.12492338698043,0.22686877213839,1
"12942","PmetTSAr1.1-017445",10.8355641659929,12.6131028250838,17.3062448843373,8.68441644613422,9.64879037441015,10.4036799585712,13.6199381162848,11.6622939459745,-0.122162999144389,3.57329749983921,0.694059723386725,1
"12943","PmetTSAr1.1-017446",4.40616302185603,3.27226724235665,13.523459117269,6.85751176691696,4.95183204120672,3.76002563720101,1.67630007585044,3.42509118316243,-1.02277988193909,2.39736376058608,0.0188944820883809,1
"12944","PmetTSAr1.1-017447",9.89138637559517,14.1302449101764,3.97192505542167,11.5174425428914,10.1949483201315,13.1742251649299,17.014445769882,12.9643947263503,0.430752882836608,3.54670379383073,0.238172657976218,1
"12945","PmetTSAr1.1-017449",43.0724915810008,52.4455195297707,31.1606977562248,32.7783767082749,47.1516359806081,29.45824596965,40.0007105599811,49.6496688865033,0.0599721613406225,5.34969209183074,0.854392160393745,1
"12946","PmetTSAr1.1-017450",2.78757252403137,2.85579686605671,4.3502036321285,2.62121106148563,3.45900032290175,2.12031520894794,2.70303387230883,2.80234733167835,-0.181998693540157,1.59235586442747,0.531109617222826,1
"12947","PmetTSAr1.1-017451",5.48522335373914,6.4255429486276,3.40450719036143,6.24854354051121,4.91542151149196,4.8343186764013,4.81936271807002,5.15179004409555,-0.134213132638617,2.38586906196718,0.66339961462262,1
"12948","PmetTSAr1.1-017452",7.1038138515638,8.80537367034153,5.76874829477909,8.31374013440898,7.2456954132363,7.49178040494939,9.21965041717742,9.53930354318792,0.157363942978651,3.00093711185694,0.595030562352134,1
"12949","PmetTSAr1.1-017453",9.93634722275697,6.663526020799,36.5511674742971,9.66406098426522,17.404233203653,8.5095317052444,4.16979643867797,7.58615237262422,-0.737404351040474,3.65364809871147,0.151114960527086,1
"12950","PmetTSAr1.1-017454",5.17049742360657,4.75966144342786,4.96490631927709,6.08968226405753,5.57081104635756,5.39973606545409,4.65173271048497,4.6988854248344,-0.0492828684188685,2.38526779571641,0.865941496126684,1
"12951","PmetTSAr1.1-017455",3.19222014848753,3.27226724235665,4.58662774257026,3.70676311725241,4.22362144691161,3.84483824555893,2.93352513273827,2.63250809945542,-0.11547559581911,1.84995426416107,0.689107823331614,1
"12952","PmetTSAr1.1-017457",6.15963606116608,7.82369349763454,5.81603311686745,6.32797417873805,6.37184270008217,8.28336474962329,7.24999782805315,6.9067954437325,0.139802581015114,2.79357709708086,0.628593425095197,1
"12953","PmetTSAr1.1-017458",10.2510731528895,12.7618422451909,10.1189519269076,9.24043091372208,9.61237984469539,9.3011160499183,18.0411795663404,13.5588320391306,0.254701333604059,3.54604028227589,0.421507272055781,1
"12954","PmetTSAr1.1-017459",32.3718099564933,33.4366216400807,22.9331387128513,37.0411542931152,32.9879399215683,25.8395746797122,27.6589512515323,28.6179106295638,-0.1288482641721,4.91524577207833,0.667806085038165,1
"12955","PmetTSAr1.1-017460",5.17049742360657,7.64520619350599,3.59364647871485,7.62534126977639,3.64105297147553,7.46350953549675,9.32441917191807,6.96340852114014,0.186446153734896,2.70180437697633,0.599191603138741,1
"12956","PmetTSAr1.1-017462",3.77671116159088,5.02739239962067,2.36424110441766,4.84526893183708,4.36926356577063,3.05325390088503,4.25361144247049,4.47243311520383,0.00337175626320215,2.03172406013517,0.985245580638966,1
"12957","PmetTSAr1.1-017463",10.3859556943749,12.2561282168267,10.7809394361445,9.769968501901,12.343169573302,13.1176834260246,12.7189268255152,11.0678566331943,0.189155434959695,3.53841029664709,0.501819282603494,1
"12958","PmetTSAr1.1-017465",33.0012618167584,45.7224977409288,13.0506108963855,29.812966214473,24.0673601414532,21.2031520894794,33.0859727470981,29.5803329454937,-0.172327253367434,4.84602270387766,0.636380876908095,1
"12959","PmetTSAr1.1-017466",4.00151539739986,4.61092202332074,2.55338039277107,3.89210127311503,3.93233720919357,2.17685694785322,3.12210889127144,2.83065387038217,-0.328157254216645,1.78697836405301,0.280829163049672,1
"12960","PmetTSAr1.1-017467",4.85577149347399,6.4255429486276,4.63391256465862,4.92469957006392,5.06106363035098,5.68244475998048,6.05563402400972,4.24598080557326,0.0129762033464256,2.40622223294676,0.969493689192897,1
"12961","PmetTSAr1.1-017468",12.7239197467883,13.6542787658337,14.2327314485943,12.9207171515656,12.197527454443,9.72517909170788,4.60982520858871,12.0019724104204,-0.476094534077506,3.53100409194827,0.154290591600145,1
"12962","PmetTSAr1.1-017469",9.17201282100643,10.9472213198841,7.42371706787146,13.0531015486103,6.48107428922644,8.14201040236009,7.8995641074452,12.0585854878281,-0.233270358169931,3.2424639127776,0.466761766123675,1
"12963","PmetTSAr1.1-017470",9.44177790397721,10.2630199873913,31.1134129341364,19.5664138832109,13.0713801675971,12.4391825591612,6.45375529202419,5.8594535116911,-0.896197433278519,3.76207103562746,0.0321811985905035,1
"12964","PmetTSAr1.1-017472",5.71002758954812,7.85344138165596,3.54636165662649,7.51943375214061,5.13388468978049,7.74621823002314,10.3092454664802,8.35042891762741,0.353862336169981,2.82752757130184,0.293654986505869,1
"12965","PmetTSAr1.1-017473",10.5208382358603,16.6290671679761,4.72848220883532,7.25466495805115,7.5733901806691,9.41419952772885,10.4140142212209,8.91655969170384,-0.108928491852115,3.24797044659523,0.76873310534015,1
"12966","PmetTSAr1.1-017476",3.50694607862011,2.67730956192817,2.03324734979919,7.09580368159747,4.44208462520014,4.46679737351699,3.12210889127144,3.17033233482803,-0.0215749504416902,1.9574574366407,0.973771594129363,1
"12967","PmetTSAr1.1-017477",28.460216253417,37.3633423309087,20.2379038538152,24.7823591267733,25.3417286814697,29.854038141987,37.570075449998,42.6013407492517,0.288095975344965,4.94706251263485,0.366944608521367,1
"12968","PmetTSAr1.1-017478",7.1038138515638,8.62688636621299,5.10676078554215,6.11615914346648,5.8620952840756,6.24786214903326,9.09392791148864,9.9072885463376,0.206708087448476,2.87328925907039,0.513872497413023,1
"12969","PmetTSAr1.1-017480",10.8355641659929,7.2882315852489,21.5145940502007,17.5012172893132,14.7098540047611,14.5312268986566,3.79262892161162,5.71792081817199,-0.561154643270531,3.58863628496122,0.212379946898065,1
"12970","PmetTSAr1.1-017482",18.2990647948511,15.6473869952691,15.79313057751,14.5093299161023,14.6734434750464,11.7606816922979,12.9284643349965,16.4744055256242,-0.202102419885701,3.91332117118085,0.480818720658191,1
"12971","PmetTSAr1.1-017484",2.69765082970777,3.06403205420668,2.2223866381526,1.37679772926518,1.63847383716399,2.17685694785322,4.69364021238123,2.77404079297453,0.281987690715451,1.40604490127081,0.437543489551395,1
"12972","PmetTSAr1.1-017485",4.85577149347399,4.78940932744928,1.93867770562248,4.79231517301919,2.51232655031811,3.25114998705351,2.01156009102053,1.9531511705637,-0.758589644514613,1.73261976565628,0.0224687565731819,1
"12973","PmetTSAr1.1-017486",10.8805250131547,12.4346155209553,6.05245722730921,2.96541049380193,7.9739060075314,5.03221476256978,6.57947779771298,4.47243311520383,-0.426142610072619,2.8280732991121,0.28968372501489,1
"12974","PmetTSAr1.1-017490",7.73326571182895,7.25848370122748,4.58662774257026,8.18135573736425,5.42516892749854,6.16304954067535,6.22326403159476,5.77453389557963,-0.237080423141268,2.69656094854797,0.431311637495981,1
"12975","PmetTSAr1.1-017492",14.4324319389366,21.5672159155325,10.5918001477911,13.4767316191534,14.3821592373283,14.2485182041302,17.2239832793633,18.9653809315605,0.108751177437366,3.97082074543467,0.727855572593561,1
"12976","PmetTSAr1.1-017494",13.2634499127299,17.5215036886188,6.61987509236945,13.9268385691055,10.9959799738561,15.6055199378568,18.5021620871992,13.813590887465,0.197565638656469,3.79238285539973,0.559551467488073,1
"12977","PmetTSAr1.1-017496",31.8772406377135,54.4981235272489,14.7055796694779,22.1346711858787,21.7370862397089,35.7626498575886,37.3605379405167,30.7692075710542,0.0276660120585074,4.96245526539974,0.943169760850867,1
"12978","PmetTSAr1.1-017497",5.9348318253571,7.67495407752742,4.39748845421685,9.10804651667735,7.50056912123959,5.20183997928561,5.61560525409897,6.70864967280575,-0.122071731366736,2.71902594012654,0.709797101666707,1
"12979","PmetTSAr1.1-017499",3.77671116159088,2.43932648975678,3.83007058915661,2.64768794089458,3.56823191204602,2.28994042566378,1.38294756257661,3.36847810575478,-0.259099797345369,1.56577456362287,0.436173606625665,1
"12980","PmetTSAr1.1-017501",5.75498843670992,7.58571042546314,4.53934292048191,4.63345389656552,5.42516892749854,8.39644822743384,4.90317772186254,4.84041811835351,0.063811005539,2.54187680858058,0.84014398772677,1
"12981","PmetTSAr1.1-017502",3.86663285591448,4.40268683517077,5.81603311686745,5.26889900238021,3.78669509033455,2.79881607581128,3.89739767635227,4.50073965390765,-0.368522341626935,2.12095618751123,0.201785452677153,1
"12982","PmetTSAr1.1-017504",5.53018420090094,6.21730776047764,4.63391256465862,4.87174581124603,5.17029521949525,5.7672573683384,6.34898653728354,6.62373005669428,0.169913397863978,2.51378017185258,0.554992332282659,1
"12983","PmetTSAr1.1-017505",3.19222014848753,2.05260399747826,4.39748845421685,3.25665616730033,2.36668443145909,2.2333986867585,5.25939148798076,1.78331193834077,-0.134542228899435,1.64542736430149,0.70082970998265,1
"12984","PmetTSAr1.1-017506",6.96893131007841,6.03882045634909,6.33616615983933,6.32797417873805,5.17029521949525,5.17356910983297,6.05563402400972,4.81211157964969,-0.273130437664402,2.56531984592226,0.326701930371218,1
"12985","PmetTSAr1.1-017508",34.1702438429651,30.2238501657669,24.9191012405622,28.9127523145688,31.7135713815518,21.231422958932,22.3576522616552,19.5881247830446,-0.317762220490772,4.73850903234261,0.290338856520268,1
"12986","PmetTSAr1.1-017510",32.1020448735225,37.3038465628658,6.61987509236945,19.0898300538499,20.7175914076957,20.4963803531634,33.0859727470981,37.789229169602,0.236542595328965,4.69897507589387,0.58739867516527,1
"12987","PmetTSAr1.1-017511",5.48522335373914,3.4507545464852,5.62689382851404,15.4360206954154,6.04414793264938,8.5095317052444,1.78106883059109,3.70815657020064,-0.586091083671232,2.65959884805198,0.231904461239714,1
"12988","PmetTSAr1.1-017513",5.57514504806273,5.9198289202634,3.54636165662649,4.23630070543133,4.95183204120672,5.42800693490673,6.9356915638312,4.33090042168472,0.167703341852418,2.37371184750675,0.582236913796674,1
"12989","PmetTSAr1.1-017515",12.8588022882737,13.9517576060479,10.0243822827309,9.50519970781154,9.83084302298392,8.28336474962329,7.96242536028959,8.8599466142962,-0.408249779491821,3.35267324101758,0.162670805269652,1
"12990","PmetTSAr1.1-017516",4.22631963320885,4.04571222691368,9.40967959558229,9.08156963726841,4.91542151149196,6.61538345191757,4.96603897470693,4.04783503464651,-0.381035515227054,2.57789104602877,0.279455860158386,1
"12991","PmetTSAr1.1-017518",4.09143709172346,3.65898973463516,3.54636165662649,6.40740481696488,4.4784951549149,4.49506824296963,2.87066387989388,3.14202579612421,-0.249209906500318,2.05249758515944,0.433049125491737,1
"12992","PmetTSAr1.1-017519",5.12553657644477,4.67041779136358,2.9316589694779,5.374806520016,5.46157945721329,4.69296432913811,4.42124145005554,5.40654889242995,0.13655923913129,2.27079034491192,0.642311511072502,1
"12993","PmetTSAr1.1-017520",9.12705197384463,11.571926884334,9.55153406184735,9.1345233960863,8.59288501268224,7.66140562166522,7.43858158658633,8.49196161114651,-0.292456283680094,3.17072150258334,0.304020964998902,1
"12994","PmetTSAr1.1-017522",12.8138414411119,9.22184404664147,7.80199564457828,6.69865049046329,6.22620058122315,6.50229997410702,5.32225274082515,5.77453389557963,-0.61530967395862,2.92495103069658,0.0457192777903054,1
"12995","PmetTSAr1.1-017523",3.46198523145831,2.88554475007814,2.1278169939759,2.25053474976039,2.29386337202958,2.94017042307448,2.15823634765744,2.09468386408281,-0.175112507258871,1.37001853258542,0.529678079198273,1
"12996","PmetTSAr1.1-017524",5.84491013103351,8.00218080176308,12.6723323196787,6.80455800809907,6.1897900515084,6.61538345191757,8.13005536787463,9.59591662059556,-0.123102396714247,3.00698579640462,0.706461513110053,1
"12997","PmetTSAr1.1-017526",26.5718606726216,27.0110786914531,18.3465109702811,42.1511920190417,17.1493594956497,29.4299751001974,26.2131424361113,31.9863887353185,-0.123372374669806,4.77760014274417,0.714286462472465,1
"12998","PmetTSAr1.1-017527",80.974485738395,90.1658364689364,55.7015204200801,60.1289931377159,71.0369434734875,60.6692858453637,69.8598056610671,71.1626383014078,-0.0734917683122562,6.12978193247367,0.847640696654456,1
"12999","PmetTSAr1.1-017528",11.0603684018019,11.9883972606339,10.7336546140562,7.36057247568693,11.2508536818594,9.10321996374982,9.32441917191807,9.42607738837263,-0.0727725826431307,3.33450069128325,0.806715409368686,1
"13000","PmetTSAr1.1-017529",29.6291982796237,32.8119160756308,28.6073173634537,21.3933185624282,29.4197080095223,25.3589698990174,27.5541824967916,23.9190252047294,-0.0814740567389518,4.77583214616728,0.780209516264856,1
"13001","PmetTSAr1.1-017532",11.689820262067,12.9105816652981,10.2608063931727,13.3178703426997,12.9257380487381,12.2412864729928,10.1416154588952,13.1625404972771,0.00675014369915808,3.6021974992397,0.981172488217412,1
"13002","PmetTSAr1.1-017533",6.65420537994584,7.4072231213346,7.84928046666664,6.3014972993291,7.75544282924287,5.20183997928561,6.05563402400972,5.57638812465288,-0.198858810978654,2.73470526093517,0.497661339820944,1
"13003","PmetTSAr1.1-017534",2.47284659389879,3.00453628616383,4.63391256465862,2.91245673498404,3.45900032290175,3.78829650665365,3.7088139178191,2.91557348649364,0.0973108098823347,1.77458557787276,0.746957098820764,1
"13004","PmetTSAr1.1-017535",1.97827727511903,3.09377993822811,3.87735541124497,2.8330260967572,2.73078972860665,3.44904607322198,2.89161763084201,2.32113617371338,-0.0467681722880339,1.56443178661852,0.878650797230552,1
"13005","PmetTSAr1.1-017536",1.70851219214826,1.81462092530687,2.41152592650602,3.15074864966455,2.0389896640263,3.02498303143239,2.43063510998314,2.06637732537899,0.0680860828732801,1.26132620969214,0.810776011531469,1
"13006","PmetTSAr1.1-017538",2.427885746737,2.67730956192817,3.21536790200802,2.30348850857828,3.24053714461322,2.79881607581128,2.38872760808688,2.63250809945542,0.0588107346235257,1.46894164064398,0.846673203249538,1
"13007","PmetTSAr1.1-017539",8.27279587777051,8.77562578632011,7.04543849116463,7.17523431982431,10.267769379561,10.5167634363818,8.00433286218585,10.0771277785605,0.312455188418566,3.1424629406226,0.275015429321655,1
"13008","PmetTSAr1.1-017541",9.26193451533002,11.0364649719483,5.81603311686745,7.65181814918534,9.53955878526588,9.1597617026551,10.0997079569989,7.13324775336307,0.0881435409317477,3.13392706638594,0.775782939603122,1
"13009","PmetTSAr1.1-017543",13.9828234673186,8.56739059817014,27.3306271670682,16.5215727511822,27.672002583214,14.6160395070145,4.98699272565506,5.32162927631848,-0.336933191931428,3.89845869299883,0.499234623573531,1
"13010","PmetTSAr1.1-017546",28.7299813363878,26.2376337068961,51.1148926775099,20.016520833163,29.2012448312337,19.2524620972473,17.3497057850521,19.9278032474905,-0.556138264999466,4.72896033714517,0.10725779532244,1
"13011","PmetTSAr1.1-017547",11.7797419563906,14.0707491421336,16.1241243321285,11.8086882163898,13.0349696378824,13.71137168453,12.2579443046563,12.9643947263503,-0.0489744717594155,3.7309219249464,0.865554366564413,1
"13012","PmetTSAr1.1-017549",13.5332149957007,15.7068827633119,7.70742600040158,10.8290436782588,11.1416220927151,8.87705300812871,6.01372652211345,14.0966562745032,-0.253853239633195,3.46564292487278,0.462504783800802,1
"13013","PmetTSAr1.1-017550",1.70851219214826,2.32033495367108,2.26967146024096,5.42776027883389,3.13130555546895,3.84483824555893,1.82297633248735,1.81161847704459,-0.159455684680407,1.51620816895409,0.696269091000131,1
"13014","PmetTSAr1.1-017551",2.11315981660442,1.90386457737114,1.74953841726907,1.77395092039937,1.42001065887546,2.12031520894794,3.93930517824853,2.12299040278663,0.362839912371685,1.14701420854137,0.261067039926506,1
"13015","PmetTSAr1.1-017553",3.05733760700214,2.29058706964966,2.9316589694779,2.46234978503196,2.51232655031811,1.66798129770571,2.72398762325697,2.32113617371338,-0.209998457137667,1.35172844114997,0.441226730665278,1
"13016","PmetTSAr1.1-017554",13.3533716070535,13.535287229748,11.0646483686747,10.8555205576678,11.2144431521446,9.07494909429718,16.7839545094525,12.539796645793,0.0247523706678149,3.62846296871447,0.938967149680149,1
"13017","PmetTSAr1.1-017555",2.92245506551675,1.99310822943541,13.381604651004,6.61921985223645,6.22620058122315,5.6259030210752,1.73916132869483,2.12299040278663,-0.664958032633979,2.35464291349695,0.21405539610657,1
"13018","PmetTSAr1.1-017557",2.51780744106059,3.2127714743138,3.78278576706826,3.60085559961663,3.27694767432797,4.46679737351699,4.48410270289993,4.18936772816561,0.324823648600309,1.91042869563653,0.240265196372541,1
"13019","PmetTSAr1.1-017560",5.26041911793016,7.58571042546314,8.51126797590358,18.9309687773962,8.59288501268224,6.07823693231743,12.3417593084489,17.4085213028504,0.138602160409508,3.41483176000987,0.74018667984578,1
"13020","PmetTSAr1.1-017562",8.81232604371206,9.0136088584915,4.72848220883532,10.6966592812141,8.26519024524945,9.3011160499183,11.7341005309531,10.8980174009714,0.271297109132146,3.21012066500685,0.397337633568942,1
"13021","PmetTSAr1.1-017563",61.1467521400429,97.8110426624424,29.5057289831324,69.2105627749843,57.128121122451,85.9434431360232,54.6054749708281,63.9161643932294,0.0214153740177418,6.02191327656159,0.959064960202794,1
"13022","PmetTSAr1.1-017565",8.67744350222667,10.5307509435841,7.84928046666664,6.9369424051438,7.64621124009861,7.60486388275995,10.120661707947,8.8599466142962,0.0109605767372983,3.10301345670503,0.975436624165896,1
"13023","PmetTSAr1.1-017568",8.81232604371206,9.66806230696283,7.94385011084334,7.33409559627799,9.13904295840357,7.29388431878091,8.92629790390359,8.09567006929301,-0.0131109575313945,3.08110035707219,0.966893554248339,1
"13024","PmetTSAr1.1-017569",11.3750943319344,11.0067170879269,11.111933190763,10.3524598488978,13.0349696378824,10.2057838724028,12.5512968179302,9.68083623670703,0.0527913706337644,3.48871611972858,0.85582704138462,1
"13025","PmetTSAr1.1-017570",13.9828234673186,15.290412387012,9.78795817228912,10.9879049547125,15.2196014207677,15.0966442877093,17.664012049274,14.2664955067261,0.314339731045383,3.81806022018153,0.285484385558641,1
"13026","PmetTSAr1.1-017571",2.74261167686957,3.00453628616383,1.74953841726907,3.04484113202877,2.51232655031811,2.77054520635864,1.94869883817614,2.03807078667516,-0.199517105105077,1.34452576892991,0.505962705799122,1
"13027","PmetTSAr1.1-017572",5.39530165941555,4.52167837125646,12.2940537429718,7.5723875109585,8.15595865610518,10.3471382196659,4.75650146522562,5.26501619891084,-0.0610563426258543,2.87569355609926,0.873261395227057,1
"13028","PmetTSAr1.1-017573",1.52866880350107,1.99310822943541,1.65496877309236,2.25053474976039,1.85693701545252,1.35700173372668,2.15823634765744,2.32113617371338,0.0404835046291335,0.968625442367661,0.878621555338409,1
"13029","PmetTSAr1.1-017574",18.1641822533657,17.9082261808973,22.8385690686746,37.4118306048404,22.2832441854302,30.560809878303,17.2239832793633,19.8711901700828,-0.100066173303585,4.54520948036973,0.766690975672512,1
"13030","PmetTSAr1.1-017575",7.1487746987256,6.96100486101324,6.99815366907628,5.77195971115018,6.84517958637399,5.54109041271728,6.76806155624615,7.58615237262422,-0.00607904420545896,2.75741531420506,0.985623330263262,1
"13031","PmetTSAr1.1-017576",9.71154298694798,9.9952890311985,12.2940537429718,15.0123906248723,11.4329063304332,16.3971042825307,14.9609781769652,12.9927012650542,0.246324763972317,3.6913029606042,0.411152734313574,1
"13032","PmetTSAr1.1-017577",1.61859049782466,1.57663785313548,2.55338039277107,1.95928907626199,2.73078972860665,2.14858607840058,1.27817880783596,1.6983923222293,0.0213511790060183,0.999909450231567,0.952745262484696,1
"13033","PmetTSAr1.1-017579",13.7130583843478,16.4803277478689,18.8193591911646,16.7598646658627,11.9426537464397,15.435894721141,22.5462360201884,17.2952951480351,0.0325549673008767,4.06094354085651,0.918440128791167,1
"13034","PmetTSAr1.1-017580",10.0262689170806,13.2973041575766,11.0173635465863,16.601003389409,12.4888116921611,8.45298996633912,7.96242536028959,11.1527762493058,-0.350138976893665,3.51555649803153,0.259230158082256,1
"13035","PmetTSAr1.1-017581",20.4571854586173,12.0776409126982,23.6424110441766,21.6580873565177,18.1688543276629,17.3865847133731,16.6163245018675,14.3797216615414,-0.22523050512632,4.17811858380633,0.464489149129222,1
"13036","PmetTSAr1.1-017584",7.46350062885817,8.35915541002017,3.87735541124497,6.51331233460067,8.70211660182651,7.94411431619162,7.50144283943072,7.64276545003186,0.274620870830754,2.87137902326654,0.378178196025614,1
"13037","PmetTSAr1.1-017585",4.49608471617962,5.50335854396346,2.78980450321284,5.50719091706073,4.44208462520014,5.11702737092769,5.63655900504711,5.26501619891084,0.155806218362769,2.29740071556009,0.600504063563156,1
"13038","PmetTSAr1.1-017586",40.824449222911,39.4456942124084,38.1588514253011,34.9759576992174,46.86035174289,41.5016363564744,42.3684844171199,39.7989934175733,0.152708594258163,5.34173687826187,0.605151102053803,1
"13039","PmetTSAr1.1-017587",2.24804235808981,2.55831802584247,2.08053217188754,2.46234978503196,3.0948950257542,2.742274336906,2.93352513273827,2.71742771556688,0.28952585028525,1.41710115359979,0.257123702130567,1
"13040","PmetTSAr1.1-017590",4.36120217469423,3.86722492278513,3.45179201244979,3.15074864966455,5.13388468978049,2.8836286841692,3.72976766876723,2.74573425427071,-0.0346641787886912,1.89613505909511,0.915019192791342,1
"13041","PmetTSAr1.1-017591",26.6168215197834,32.5739330034594,29.978577204016,25.1530354384985,30.4027923118207,20.1005881808265,21.7290397332113,27.8536340845606,-0.19227620419633,4.74726818547521,0.517224526337189,1
"13042","PmetTSAr1.1-017593",23.5594839127812,26.3566252429817,26.9996334124497,31.9840703260065,23.2663284877286,32.7376668261562,32.0801927015878,29.9483179486434,0.11607268475656,4.82954016123198,0.692592900266147,1
"13043","PmetTSAr1.1-017594",31.2477887774484,42.0040122382508,22.0347270931726,21.975809909425,20.1714334619744,18.4608777525734,47.8374134145819,26.5515333041848,-0.0526417152988317,4.8507655435399,0.885987480597067,1
"13044","PmetTSAr1.1-017595",2.69765082970777,3.68873761865659,3.68821612289155,3.52142496138979,3.20412661489846,3.90137998446421,3.75072141971536,3.9063023411274,0.117620133504782,1.85196010941475,0.662075503376604,1
"13045","PmetTSAr1.1-017596",6.87900961575482,9.84654961109138,9.64610370602406,7.44000311391377,9.21186401783308,8.02892692454953,8.29768537545968,8.74672045948091,0.019630075610658,3.09978419458583,0.949149817909067,1
"13046","PmetTSAr1.1-017597",11.2402117904491,13.4460435776837,15.4148520008032,18.9574456568052,12.8529169893086,17.3865847133731,23.8244148280244,14.6627870485796,0.218783699252581,4.00404546049744,0.490087562229947,1
"13047","PmetTSAr1.1-017598",5.44026250657734,6.63377813677757,6.14702687148592,6.11615914346648,5.31593733835427,3.95792172336949,6.13944902780224,5.2084031215032,-0.238874763578086,2.50616141263172,0.402766036723883,1
"13048","PmetTSAr1.1-017599",19.1083600437634,24.4230127815892,13.9490225160642,18.7721075009426,22.465296834004,20.4681094837108,32.436406467706,27.8253275458567,0.435935849348232,4.4920957358997,0.155806350826047,1
"13049","PmetTSAr1.1-017600",10.4309165415367,10.4415072915199,36.5511674742971,21.2079804065656,13.4354854647447,11.4779729977715,8.00433286218585,11.1527762493058,-0.834958177529345,3.94287595645209,0.0367393140009133,1
"13050","PmetTSAr1.1-017601",15.2417271878489,11.7504141884625,10.9227939024096,10.5642748841694,12.5616327515906,7.49178040494939,5.61560525409897,7.13324775336307,-0.565480276628266,3.35161275647825,0.0826785328568365,1
"13051","PmetTSAr1.1-017602",22.7951495110307,20.5260399747826,18.4883654365461,17.8454167216295,20.389896640263,22.5884246926587,25.5007149038748,19.9844163248981,0.151968566465977,4.39769530476786,0.593852882379113,1
"13052","PmetTSAr1.1-017603",12.1843895808468,14.2492364462621,18.9139288353413,14.2710380014218,12.5252222218758,11.364889519961,14.5838106598988,13.021007803758,-0.210244109394027,3.80191092193031,0.471480160087393,1
"13053","PmetTSAr1.1-017604",13.7580192315096,14.2789843302836,22.3184360257027,26.4504025295369,15.4016540693415,18.0650855802364,14.8771631731727,15.8516616741402,-0.259278220256316,4.14455686664285,0.41013396731761,1
"13054","PmetTSAr1.1-017605",15.4215705764961,21.8944426397681,24.2571137313252,21.0491191301119,17.7319279710858,19.8178794863001,30.1943551162561,21.9941805728695,0.119772166256324,4.43379944751805,0.69656630472928,1
"13055","PmetTSAr1.1-017606",4.7658497991504,4.31344318310649,12.1049144546184,10.5377980047604,7.42774806181008,5.73898649888576,3.81358267255975,4.04783503464651,-0.594753457091288,2.73182275649372,0.123231310211574,1
"13056","PmetTSAr1.1-017607",5.08057572928297,5.26537547179207,7.04543849116463,6.11615914346648,6.37184270008217,5.85206997669631,7.08236782046811,6.59542351799046,0.141434211798937,2.64124841391457,0.624018164052478,1
"13057","PmetTSAr1.1-017609",12.1843895808468,14.873942010712,18.4410806144578,14.7740987101918,14.0544644698955,13.8244551623406,15.7572207129941,13.502218961723,-0.0764354137321587,3.88135311616225,0.791431650718773,1
"13058","PmetTSAr1.1-017610",16.7254351441882,19.2766288458828,14.8474341357429,13.5296853779713,17.1857700253645,13.2024960343825,12.9075105840484,15.9365812902516,-0.120920062051438,3.95510454767437,0.68047344333211,1
"13059","PmetTSAr1.1-017611",2.15812066376622,1.54688996911405,6.19431169357427,2.22405787035145,3.422589793187,1.5831686893478,1.48771631731727,1.86823155445223,-0.531783824034188,1.37708212081478,0.199118055636728,1
"13060","PmetTSAr1.1-017612",31.2477887774484,40.1001476608797,34.0450719036143,37.147061810751,35.8279612393192,39.7205715809581,44.9038882818437,35.6096256894077,0.130597380024478,5.22466772550795,0.659037684539228,1
"13061","PmetTSAr1.1-017614",5.44026250657734,3.98621645887083,5.10676078554215,9.21395403431314,4.69695833320343,8.53780257469704,5.4270214955658,4.84041811835351,-0.0173935976882984,2.57851243234792,0.963664541959358,1
"13062","PmetTSAr1.1-017615",12.4091938166558,15.1416729669049,14.3745859148594,10.6701824018052,13.3626644053152,10.7994721309082,10.8749967420797,9.62422315929938,-0.236076969728117,3.61035640618266,0.418942311051857,1
"13063","PmetTSAr1.1-017616",7.32861808737279,6.78251755688469,7.04543849116463,9.4787228284026,7.39133753209532,4.94740215421186,4.54696395574432,3.651543492793,-0.58134305255144,2.68969600867096,0.0649810885955633,1
"13064","PmetTSAr1.1-017617",4.00151539739986,3.53999819854947,7.32914742369475,4.34220822306711,4.1508003874821,4.69296432913811,4.25361144247049,4.04783503464651,-0.158113437881204,2.2010865060579,0.608808914651647,1
"13065","PmetTSAr1.1-017619",6.24955775548968,7.73444984557027,4.4447732763052,3.65380935843452,6.9180006458035,4.24063041789588,5.34320649177328,7.07663467595543,0.0930597849931714,2.52814543294721,0.781660381925641,1
"13066","PmetTSAr1.1-017622",14.2975493974512,17.4620079205759,11.6793510558232,11.9940263722524,17.8047490305153,14.7856647237303,22.0223922464852,17.8048128447039,0.385356247496259,4.00451134985207,0.196278149710606,1
"13067","PmetTSAr1.1-017623",3.64182862010549,4.01596434289225,2.08053217188754,2.72711857912142,2.94925290689518,3.27942085650615,5.46892899746206,4.50073965390765,0.378820406175924,1.86983861800924,0.229119274762089,1
"13068","PmetTSAr1.1-017624",7.28365724021099,5.97932468830624,2.60066521485943,4.23630070543133,4.91542151149196,4.38198476515908,3.81358267255975,5.54808158594906,-0.109232037261914,2.29412733631297,0.750800681822564,1
"13069","PmetTSAr1.1-017625",4.67592810482681,4.10520799495653,27.4724816333332,9.71701474308311,12.2703485138725,12.9480582093088,3.31069264980462,5.06687042798409,-0.451736192302165,3.31898243248746,0.415677034548074,1
"13070","PmetTSAr1.1-017626",27.6059601573429,26.8028435033031,34.2814960140561,33.9433594022685,26.6160972214861,26.9421385883652,23.8663223299206,25.7872567591816,-0.248826474131303,4.82214103261641,0.385888009647075,1
"13071","PmetTSAr1.1-017627",10.7456424716693,11.2744480441197,9.88252781646583,14.1121767249681,11.5057273898627,16.3971042825307,16.532509498075,13.6437516552421,0.335054371547366,3.70960763605856,0.255900389984884,1
"13072","PmetTSAr1.1-017629",9.84642552843337,9.60856653891998,9.31510995140559,7.5723875109585,10.6682852064233,8.70742779141287,8.96820540579986,8.6051877659618,0.0242876795049434,3.20472474326718,0.936508896828384,1
"13073","PmetTSAr1.1-017630",43.6120217469423,60.1799693753409,76.2704180285138,43.1308365571727,42.0905723502571,46.70347633576,62.5469465801695,57.320740875239,-0.0967202551637522,5.75598775326354,0.780110012177435,1
"13074","PmetTSAr1.1-017631",43.5670608997805,42.3014910784651,51.8714498309235,30.6072725967413,40.8162038102407,38.5331950639472,36.4385728987989,30.5427552614236,-0.201777331835703,5.29967074192294,0.515334996052311,1
"13075","PmetTSAr1.1-017632",33.4508702883764,36.7981325345016,97.0284549253008,44.3752498893932,55.9265736418641,34.5187316016725,33.2745565056312,30.6842879549427,-0.454800524180068,5.51726457583211,0.246974043250668,1
"13076","PmetTSAr1.1-017634",5.48522335373914,4.37293895114934,11.8212055220883,7.75772566682112,8.11954812639043,6.70019606027549,3.41546140454527,4.27428734427708,-0.387562602525645,2.70907647048087,0.307198056095467,1
"13077","PmetTSAr1.1-017635",24.7284659389879,19.6633513381613,30.5932798911645,29.6276280586104,20.7904124671253,22.1360907814165,26.8627087155033,19.8145770926752,-0.222714718012819,4.60502296660904,0.451617263632629,1
"13078","PmetTSAr1.1-017636",3.23718099564933,2.40957860573535,6.28888133775098,3.60085559961663,4.00515826862308,2.28994042566378,0.963872543614003,2.26452309630574,-0.709935207644038,1.66517082358143,0.0744209404007291,1
"13079","PmetTSAr1.1-017637",11.3301334847726,11.8694057245482,8.74769208634535,8.4990782902716,9.72161143383966,7.94411431619162,8.1719628697709,9.39777084966881,-0.199595252219175,3.25070450620622,0.494653307409558,1
"13080","PmetTSAr1.1-017638",6.33947944981327,5.0571402836421,76.6014117831322,16.7333877864537,14.7098540047611,35.4799411630622,4.12788893678171,6.87848890502868,-0.77461520102924,4.37597925836798,0.289813708344825,1
"13081","PmetTSAr1.1-017639",12.3192721223322,11.8099099565054,11.4429269453815,9.82292226071889,11.6513695087217,13.089412556572,13.8504293767143,12.0585854878281,0.159265399610194,3.59315861397823,0.575778403805753,1
"13082","PmetTSAr1.1-017640",22.2556193450891,28.5579686605671,19.008498479518,21.8169486329713,19.0062965111023,19.902692094658,23.4891548128543,25.6740306043663,-0.0575729181821832,4.49372025712234,0.845333914517833,1
"13083","PmetTSAr1.1-017641",3.77671116159088,3.92672069082798,3.73550094497991,5.85139034937702,4.00515826862308,7.209071710423,7.52239659037885,3.36847810575478,0.352984226200465,2.32149449133813,0.295060499269876,1
"13084","PmetTSAr1.1-017643",53.8630948998319,25.1964577661462,45.6771381373492,19.539937003802,45.1490568462965,20.8073599171425,10.3301992174283,27.145970616965,-0.480137391652749,4.95405766908525,0.270130381775127,1
"13085","PmetTSAr1.1-017645",29.0896681136822,14.516967402455,88.2807628389555,62.03532845516,56.0358052310084,33.925043343167,10.9797654968204,22.701844040465,-0.649540805492802,5.31228287966253,0.216522809631455,1
"13086","PmetTSAr1.1-017646",14.0277843144804,13.4460435776837,16.4551180867469,16.1508964394569,12.7800959298791,14.9552899404461,15.254330690239,12.2001181813472,-0.121846095731745,3.85495002201522,0.668290404584655,1
"13087","PmetTSAr1.1-017647",6.78908792143123,8.44839906208444,5.95788758313251,7.54591063154955,6.40825322979693,10.6015760447397,9.70158668898442,7.02002159854779,0.23010659703016,2.97804328537364,0.450709176036431,1
"13088","PmetTSAr1.1-017648",7.64334401750536,5.97932468830624,9.26782512931723,5.29537588178916,7.02723223494777,5.28665258764353,6.09754152590598,5.66130774076434,-0.223812527814859,2.7187446578446,0.459788882503126,1
"13089","PmetTSAr1.1-017649",11.2851726376109,11.1852043920555,7.61285635622487,11.8351650957988,9.46673772583637,13.0328708176667,12.6351118217227,10.7847912461561,0.130644826860097,3.46572318024091,0.660474709073143,1
"13090","PmetTSAr1.1-017651",8.13791333628512,17.6702431087259,3.21536790200802,4.20982382602238,6.33543217036742,4.49506824296963,23.9501373337132,12.6813293393121,0.513707325419422,3.34663487195842,0.34148635629416,1
"13091","PmetTSAr1.1-017652",14.9270012577163,15.2606645029906,16.8333966634538,19.4340294861662,21.0088756454138,20.4115677448055,20.4508609253754,15.9082747515478,0.226389125052656,4.17747931172898,0.432079257992072,1
"13092","PmetTSAr1.1-017653",22.4354627337363,14.3384800983264,12.4831930313253,9.1345233960863,10.9959799738561,8.6508860525076,5.80418901263215,11.1810827880096,-0.672426731297158,3.57549501873686,0.0536109374607194,1
"13093","PmetTSAr1.1-017658",5.03561488212118,4.90840086353498,5.48503936224898,4.23630070543133,4.4784951549149,5.7672573683384,5.1546227332401,4.61396580872294,0.0292270577007613,2.32772053405396,0.933620471373564,1
"13094","PmetTSAr1.1-017659",8.90224773803565,10.3225157554342,9.07868584096382,24.7294053679554,10.9231589144266,20.920443394953,11.9855455423306,14.3514151228376,0.131117355000949,3.80495838057028,0.729120580150712,1
"13095","PmetTSAr1.1-017660",3.28214184281112,4.10520799495653,2.08053217188754,3.36256368493612,3.34976873375749,4.21235954844324,6.3908940391798,4.75549850224205,0.540929600944108,2.00666494044182,0.0835137395867986,1
"13096","PmetTSAr1.1-017662",2.20308151092802,1.75512515726402,1.5131143068273,2.22405787035145,1.92975807488203,1.89414825332683,1.36199381162848,1.47194001259873,-0.221956512134133,0.890083531691823,0.437171571006463,1
"13097","PmetTSAr1.1-017663",26.03233050668,36.0246875499446,16.4078332646586,21.2344572859745,31.24023449526,14.5029560292039,24.3063510998314,31.1088860355001,0.0200744272814983,4.65370060358348,0.953823087650723,1
"13098","PmetTSAr1.1-017666",3.95655455023807,3.51025031452804,4.82305185301203,4.26277758484027,4.40567409548539,5.11702737092769,4.52601020479619,4.75549850224205,0.186589438667478,2.16394703303613,0.506286010812066,1
"13099","PmetTSAr1.1-017667",7.1487746987256,10.382011523477,8.88954655261041,6.61921985223645,9.86725355269868,6.33267475739118,5.09176148039571,4.04783503464651,-0.385766566630035,2.8777664215842,0.253790286016685,1
"13100","PmetTSAr1.1-017669",4.8108106463122,4.0754601109351,3.83007058915661,3.52142496138979,5.17029521949525,4.63642259023283,4.96603897470693,3.56662387668154,0.177690031196289,2.1319596441326,0.537090700525243,1
"13101","PmetTSAr1.1-017670",17.2649653101297,21.5672159155325,16.6915421971887,19.6723214008467,18.6057806842399,13.3155795121931,16.7210932566081,14.7760132033949,-0.246785223726224,4.12001958386955,0.396209240136727,1
"13102","PmetTSAr1.1-017671",22.0308151092802,23.0843580006251,14.0435921602409,14.668191192556,21.0452861751285,17.8106477551627,24.5787498621571,20.9185321021242,0.192374244737984,4.31017255521047,0.527282565587483,1
"13103","PmetTSAr1.1-017672",11.1952509432873,13.1485647374695,6.90358402489957,9.39929219017576,9.75802196355441,7.52005127440203,10.0997079569989,7.75599160484715,-0.211581129716624,3.25331276462902,0.495656865702473,1
"13104","PmetTSAr1.1-017673",2.74261167686957,2.29058706964966,2.60066521485943,4.13039318779555,2.84002131775091,4.07100520118004,5.38511399366954,2.88726694778981,0.367370739634185,1.78314747839805,0.241656204094076,1
"13105","PmetTSAr1.1-017676",1.97827727511903,1.87411669334972,3.30993754618473,2.01224283507988,2.51232655031811,2.48783651183225,3.05924763842705,1.72669886093312,0.107453837793129,1.28042988711261,0.739782572171812,1
"13106","PmetTSAr1.1-017677",1.66355134498646,1.90386457737114,1.79682323935742,3.62733247902557,3.45900032290175,2.34648216456905,2.17919009860557,1.67008578352548,0.0813934467350445,1.26118443909866,0.784641476481693,1
"13107","PmetTSAr1.1-017678",3.14725930132574,2.05260399747826,3.07351343574296,6.08968226405753,4.18721091719686,3.27942085650615,3.41546140454527,2.91557348649364,-0.065978659866276,1.84203717617143,0.860259960927774,1
"13108","PmetTSAr1.1-017679",2.15812066376622,1.90386457737114,2.26967146024096,4.13039318779555,3.49541085261651,2.43129477292697,2.15823634765744,1.75500539963695,-0.104434623702416,1.378827133514,0.777364415501428,1
"13109","PmetTSAr1.1-017680",9.486738751139,14.7549504746264,6.90358402489957,14.6946680719649,12.8529169893086,13.8527260317932,14.0599668861956,11.4641481750478,0.185049970932448,3.62429755646019,0.561090133352929,1
"13110","PmetTSAr1.1-017682",1.75347303931005,1.4873942010712,2.41152592650602,1.93281219685304,2.14822125317056,2.57264912019017,3.08020138937518,2.03807078667516,0.389314182341221,1.16563140329802,0.174377633002151,1
"13111","PmetTSAr1.1-017684",24.4587008560171,28.5579686605671,20.5688976084337,26.2650643736742,27.7084131129288,20.0157755724686,22.7138660277735,19.7296574765637,-0.148128531295318,4.57373293192795,0.612656424298286,1
"13112","PmetTSAr1.1-017685",15.9611007424377,23.500828376925,13.4288894730923,23.8291914680512,17.2221805550792,35.649566379778,43.3114032097858,27.2875033104841,0.685649613781835,4.64996642618661,0.0484784446452756,1
"13113","PmetTSAr1.1-017686",29.1795898080058,32.2764541632451,28.3708932530119,36.8293392578436,28.6914974152272,35.2537742074411,29.1257138179014,34.0527660606975,0.00483540997451379,4.99038155801852,0.987086760368883,1
"13114","PmetTSAr1.1-017687",10.1161906114042,15.082177198862,5.91060276104415,12.4970870810224,9.46673772583637,11.1387225643398,15.8410357167867,12.8794751102389,0.175930294615673,3.54742069387099,0.601045343472084,1
"13115","PmetTSAr1.1-017688",13.8479409258332,10.9472213198841,21.5618788722891,16.4686189923643,18.8242438625285,15.9447703712885,14.604764410847,14.5212543550605,0.0249776563402843,3.99056356900159,0.938236951958748,1
"13116","PmetTSAr1.1-017689",1.61859049782466,3.4507545464852,1.56039912891566,2.09167347330672,3.05848449603944,3.10979563979031,3.85549017445601,4.16106118946179,0.687825995070353,1.55521269698409,0.0241749669430216,1
"13117","PmetTSAr1.1-017690",3.37206353713472,5.08688816766352,3.97192505542167,4.60697701715657,4.69695833320343,3.78829650665365,3.60404516307845,4.21767426686944,-0.0708854699692884,2.08102571778326,0.820431041427693,1
"13118","PmetTSAr1.1-017691",16.6355134498646,21.4184764954253,21.8928726269075,26.9005094794889,18.897064921958,31.6351029175033,35.7680528684588,29.0991217875287,0.409886710483033,4.66418689052448,0.190496723766175,1
"13119","PmetTSAr1.1-017692",5.21545827076836,6.96100486101324,2.88437414738955,6.85751176691696,4.07797932805259,5.56936128216992,7.6271653451195,6.22743851484078,0.0973719760921583,2.52420657416126,0.775224335305261,1
"13120","PmetTSAr1.1-017693",30.3935326813742,28.1712461682886,38.820838934538,18.8250612597605,19.042707040817,15.0118316793514,21.037565951923,31.0805794967962,-0.430344507918665,4.66374353872229,0.196893995147066,1
"13121","PmetTSAr1.1-017694",10.0712297642424,11.4231874642269,8.98411619678711,9.4257690695847,11.6877800384364,8.96186561648663,8.80057539821481,9.08639892392677,-0.0520687863639013,3.3023390152371,0.861082825223647,1
"13122","PmetTSAr1.1-017696",18.1192214062039,25.2559535341891,16.0768395100401,12.2587951663419,16.6760226093579,16.6232712381519,15.4848219506684,16.2479532159937,-0.14127699664693,4.1003713888942,0.648158343463096,1
"13123","PmetTSAr1.1-017697",16.6355134498646,18.9494021216472,13.8544528718875,15.4624975748243,15.8749909556333,16.7080838465098,13.3475393539591,17.0405362997007,-0.044475728013294,4.0041260253436,0.879721412292908,1
"13124","PmetTSAr1.1-017699",9.66658213978619,9.66806230696283,6.19431169357427,8.79032396377001,8.59288501268224,11.986848647919,16.7839545094525,11.0112435557866,0.495380766623947,3.38006709681635,0.117662852285061,1
"13125","PmetTSAr1.1-017700",25.4928003407385,26.1781379388532,27.2360575228915,31.5604402554634,30.2571501929616,28.2143277137339,25.0397323830159,27.5705686975224,0.00743888961024845,4.79470185927077,0.97959213824738,1
"13126","PmetTSAr1.1-017701",13.9378626201568,12.9105816652981,14.989288602008,17.5541710481311,11.8698326870102,14.1354347263196,2.9544788836864,9.42607738837263,-0.631504812892869,3.61745723367918,0.110541046750029,1
"13127","PmetTSAr1.1-017704",15.9161398952759,16.0936052555904,31.8226852654617,15.4889744542333,17.1857700253645,20.920443394953,18.7955146004731,16.672551296551,-0.106818534028274,4.26039347209797,0.739290417980023,1
"13128","PmetTSAr1.1-017707",36.3733253538931,31.1757824544525,15.6039912891566,25.5501886296327,24.0309496117385,20.6377347004266,21.6871322313151,26.2401613784427,-0.231749374667718,4.65665011468031,0.470327146618562,1
"13129","PmetTSAr1.1-017708",22.9300320525161,22.6678876243252,25.9120825044176,15.4360206954154,22.2832441854302,20.1571299197318,18.4183470834067,16.2196466772898,-0.173103585796628,4.36149814523426,0.561654260384238,1
"13130","PmetTSAr1.1-017709",5.79994928387171,8.59713848219156,5.72146347269074,8.04897134031952,6.55389534865595,9.18803257210774,11.1683492553536,10.2752735494873,0.398623210076323,3.04328706453357,0.197542367835957,1
"13131","PmetTSAr1.1-017710",4.31624132753244,2.91529263409956,1.5131143068273,25.2589429561343,5.24311627892476,9.10321996374982,3.37355390264901,4.24598080557326,-0.633654742469122,2.82369189948389,0.323238000991044,1
"13132","PmetTSAr1.1-017711",5.79994928387171,5.44386277592061,4.63391256465862,4.84526893183708,5.78927422464609,3.95792172336949,3.2268776460121,4.61396580872294,-0.240834421724959,2.27618201937468,0.42204080909012,1
"13133","PmetTSAr1.1-017712",9.21697366816823,4.22419953104222,7.9911349329317,11.702780698754,8.19236918581994,4.55160998187491,1.84393008343548,4.75549850224205,-0.780702969512351,2.72393453543704,0.063958128061336,1
"13134","PmetTSAr1.1-017713",16.4556700612174,29.3314136451242,7.09272331325299,13.211962825064,11.3236747412889,15.8882286323832,18.4183470834067,17.8897324608153,-0.0581280371886686,4.02450483541066,0.882548877964375,1
"13135","PmetTSAr1.1-017714",9.486738751139,7.94268503372023,17.2589600622489,12.9736709103834,10.9959799738561,13.1176834260246,4.31647269531488,5.03856388928027,-0.510692515530667,3.34879785294566,0.19789161055467,1
"13136","PmetTSAr1.1-017717",45.0507688561198,50.4821591843567,57.829337414056,36.3262785490736,46.6054780348867,41.218927661948,45.3648708027025,41.2143203527644,-0.120897299531812,5.50993684510525,0.696927411954864,1
"13137","PmetTSAr1.1-017718",19.7827727511903,41.3793066738009,8.03841975502005,16.6539571482269,16.5303804904989,21.2031520894794,29.1466675688495,25.8155632978854,0.109818694780744,4.48513352223474,0.790584026407618,1
"13138","PmetTSAr1.1-017719",13.7580192315096,10.7687340157555,5.67417865060239,5.32185276119811,5.78927422464609,4.89086041530658,6.99855281667559,10.3318866268949,-0.341038929917658,2.99948656982389,0.361650537751857,1
"13139","PmetTSAr1.1-017720",2.74261167686957,2.37983072171393,3.49907683453814,3.68028623784347,2.18463178288532,2.14858607840058,3.41546140454527,2.51928194464013,-0.253547226214503,1.52747134203182,0.364784136174164,1
"13140","PmetTSAr1.1-017722",6.60924453278405,7.97243291774166,17.4480993506023,7.96954070209269,9.94007461212819,6.64365432137021,11.0007192477685,10.5583389365255,-0.0657051434899761,3.29590504119156,0.852282051744036,1
"13141","PmetTSAr1.1-017724",26.6168215197834,41.4388024418438,15.5094216449799,22.6112550152397,19.5888649865383,20.8073599171425,66.4862517584181,31.3353383451306,0.380528469068964,4.93691876649297,0.366277423948325,1
"13142","PmetTSAr1.1-017728",21.3114415546914,13.0295732013838,91.968978961847,74.6383230538182,53.1593733835427,43.0565341763695,11.5245630214718,19.1918332411911,-0.662983122577865,5.3585094032979,0.243078530891079,1
"13143","PmetTSAr1.1-017730",6.92397046291662,11.8991536085696,4.11377952168673,4.68640765538341,6.37184270008217,7.40696779659147,8.23482412261529,6.51050390187899,0.0445312093229659,2.82523967431326,0.900608135727441,1
"13144","PmetTSAr1.1-017731",9.12705197384463,11.9883972606339,6.33616615983933,10.8555205576678,6.48107428922644,12.5522660369718,15.9248507205792,13.813590887465,0.347553364259524,3.45440522623061,0.310365902046882,1
"13145","PmetTSAr1.1-017732",9.21697366816823,11.9289014925911,11.1592180128514,8.8432777225879,8.41083236410847,10.7712012614555,11.566470523368,10.5866454752293,0.00773236939828138,3.37486357848471,0.98367955964059,1
"13146","PmetTSAr1.1-017733",4.22631963320885,5.11663605168494,3.59364647871485,3.68028623784347,3.8231056200493,5.45627780435937,5.53179025030645,5.06687042798409,0.259003360720253,2.21096307246039,0.371700708940847,1
"13147","PmetTSAr1.1-017734",2.02323812228083,1.7253772732426,1.5131143068273,3.62733247902557,2.07540019374105,1.61143955880043,1.2362713059397,1.41532693519109,-0.511687279037753,0.975065482144973,0.118117032881706,1
"13148","PmetTSAr1.1-017735",4.49608471617962,5.65209796407058,3.78278576706826,7.2281880786422,3.89592667947881,5.14529824038033,7.60621159417137,6.70864967280575,0.139796679473497,2.49541290086063,0.671058604068422,1
"13149","PmetTSAr1.1-017737",28.909824725035,23.5305762609465,13.9490225160642,56.8723369704156,32.6238346244207,46.1946006856125,7.69002659796389,35.1001079927389,-0.0204966463560581,4.93907179293156,0.967847087809862,1
"13150","PmetTSAr1.1-017738",3.14725930132574,3.68873761865659,2.97894379156625,2.96541049380193,2.47591602060336,5.03221476256978,4.77745521617375,3.9063023411274,0.34434048889025,1.8842302587859,0.248725171597359,1
"13151","PmetTSAr1.1-017740",10.3859556943749,9.45982711881286,15.1784278903614,10.9349511958946,11.1780326224299,12.8067038620456,14.3742731504175,13.5305255004268,0.17730058531837,3.6197120694668,0.552424153540693,1
"13152","PmetTSAr1.1-017741",6.51932283846045,8.32940752599875,9.22054030722888,7.36057247568693,7.71903229952812,6.55884171301229,8.02528661313398,8.2088962241083,-0.0421868140909726,2.96408898304177,0.886530725680848,1
"13153","PmetTSAr1.1-017742",6.11467521400429,6.33629929656333,3.21536790200802,4.89822269065497,5.49798998692805,4.29717215680116,4.9450852237588,4.27428734427708,-0.116547036228743,2.32479079738678,0.708322570984733,1
"13154","PmetTSAr1.1-017743",1.70851219214826,2.55831802584247,5.20133042971886,7.89011006386585,2.4395054908886,2.48783651183225,1.34104006068035,3.99122195723886,-0.764203376652551,1.81273320026493,0.0813700414685705,1
"13155","PmetTSAr1.1-017745",6.83404876859303,8.62688636621299,9.55153406184735,12.2852720457509,8.26519024524945,11.2518060421504,15.8410357167867,8.12397660799683,0.22121884738587,3.34629145397771,0.500905524267028,1
"13156","PmetTSAr1.1-017746",1.48370795633928,1.75512515726402,1.84410806144578,2.06519659389777,1.45642118859021,1.72452303661099,1.84393008343548,1.67008578352548,-0.0960429156410213,0.84345233676068,0.722416559049871,1
"13157","PmetTSAr1.1-017750",23.8742098429138,26.0293985187461,7.84928046666664,14.6152374337381,10.3405904389905,7.209071710423,7.33381283184568,17.3236016867389,-0.778686397897558,3.84585801862459,0.0549997667786629,1
"13158","PmetTSAr1.1-017753",1.52866880350107,2.5880659098639,1.93867770562248,3.1242717702556,2.87643184746567,3.27942085650615,3.41546140454527,1.92484463185988,0.310797835616838,1.40971665852068,0.295726508354455,1
"13159","PmetTSAr1.1-017754",5.71002758954812,3.59949396659232,144.880694878714,24.8088360061822,18.9698859813875,14.5029560292039,3.14306264221958,11.2943089428249,-1.9013493885211,4.82593017323315,0.0216621903255838,1
"13160","PmetTSAr1.1-017756",35.5640301049808,35.4892256375589,26.101221792771,29.7600124556551,28.4366237072239,22.5884246926587,25.856928669993,27.315809849188,-0.284781860152916,4.85537678716321,0.327455725217534,1
"13161","PmetTSAr1.1-017757",9.39681705681541,14.2789843302836,8.03841975502005,11.3056275076199,14.6734434750464,13.6831008150774,11.7550542819012,11.4924547137516,0.259338389504464,3.57237931857994,0.388552614087645,1
"13162","PmetTSAr1.1-017759",3.73175031442909,4.01596434289225,3.78278576706826,2.62121106148563,3.422589793187,3.5338586815799,2.82875637799762,3.17033233482803,-0.125289202912508,1.7844108588116,0.652294048871759,1
"13163","PmetTSAr1.1-017760",3.32710268997292,2.97478840214241,2.74251968112449,2.88597985557509,2.73078972860665,2.68573259800072,2.28395885334622,2.54758848334395,-0.221141909018381,1.50082893409786,0.397968203367748,1
"13164","PmetTSAr1.1-017765",8.63248265506487,8.2699117579559,12.1049144546184,14.0062692073323,9.32109560697735,12.1282029951822,9.49204917950312,9.31285123355734,-0.0962274517023409,3.38827994098149,0.755029526793531,1
"13165","PmetTSAr1.1-017766",10.8805250131547,12.2263803328053,12.2467689208835,15.7537432483228,11.6149589790069,18.7153155776472,14.1018743880918,9.73744931411467,0.083209874771236,3.72537014421563,0.790397159118534,1
"13166","PmetTSAr1.1-017767",8.76736519655026,5.59260219602773,15.0365734240963,10.9614280753036,10.6682852064233,10.1209712640448,6.68424655245363,6.19913197613696,-0.260590326973266,3.21772885603469,0.459225996852607,1
"13167","PmetTSAr1.1-017768",7.59838317034356,10.7687340157555,7.61285635622487,6.88398864632591,9.24827454754784,6.98290475480188,9.53395668139938,9.19962507874206,0.0884848947617924,3.09469959799936,0.768400213974793,1
"13168","PmetTSAr1.1-017770",33.2260660525674,35.6974608257089,26.0539369706826,19.9370901949362,35.3182138233126,21.0617977422162,30.3829388747892,33.0903437447676,0.0607596500464999,4.87799798646891,0.849268210473437,1
"13169","PmetTSAr1.1-017771",4.04647624456166,4.55142625527789,7.23457777951804,11.0673355929393,5.06106363035098,7.09598823261244,4.73554771427749,4.86872465705734,-0.308968527189227,2.61992571571737,0.3852340620047,1
"13170","PmetTSAr1.1-017772",24.9982310219587,22.0134341758538,37.3550094497991,28.8862754351599,30.0386870146731,21.9664655647007,21.3728259670931,22.2489394212039,-0.243971745333363,4.70943037404297,0.421957443550241,1
"13171","PmetTSAr1.1-017775",5.71002758954812,5.53310642798488,3.12079825783131,17.9248473598563,7.17287435380679,6.13477867122271,1.80202258153922,2.94388002519746,-0.84475287356853,2.66933662834543,0.0994280340692229,1
"13172","PmetTSAr1.1-017776",11.2402117904491,15.4391518071191,17.7790931052208,11.729257578163,14.9647277127644,11.3083477810557,12.8027418293077,13.813590887465,-0.0870192222813666,3.77525061744622,0.771928645441812,1
"13173","PmetTSAr1.1-017778",4.58600641050321,5.74134161613485,3.73550094497991,3.86562439370609,5.49798998692805,3.61867128993782,3.62499891402658,3.99122195723886,-0.10523241736013,2.13484159940911,0.730908855139483,1
"13174","PmetTSAr1.1-017779",4.18135878604705,4.13495587897795,3.35722236827308,3.25665616730033,3.422589793187,3.64694215939046,3.35260015170088,3.53831733797771,-0.0962549213835088,1.87624001142174,0.717382739705386,1
"13175","PmetTSAr1.1-017782",6.74412707426943,7.88318926567739,14.4691555590361,9.61110722544733,10.3770009687053,6.19132041012799,4.88222397091441,4.64227234742676,-0.570463358379817,3.02613502318713,0.110709170365668,1
"13176","PmetTSAr1.1-017783",7.46350062885817,8.09142445382735,10.308091215261,8.23430949618214,7.86467441838714,10.1775130029501,15.1286081845502,9.22793161744588,0.317052001011558,3.26761335479637,0.310138088358913,1
"13177","PmetTSAr1.1-017784",9.30689536249182,9.04335674251293,7.42371706787146,9.4787228284026,8.99340083954455,6.02169519341215,8.48626913399285,12.6530228006083,0.0352853228225083,3.16818821547006,0.911432609838429,1
"13178","PmetTSAr1.1-017785",17.6696129345859,21.5969637995539,4.91762149718874,13.3443472221087,13.2898433458857,14.6160395070145,15.4429144487722,16.7008578352548,0.0606455387973307,3.88433717735049,0.873383829943684,1
"13179","PmetTSAr1.1-017787",15.6463748123051,13.0890689694266,23.2168476453814,17.8983704804474,19.4068123379646,18.7718573165524,15.7572207129941,13.9834301196879,-0.0398916732541555,4.11076939672531,0.896685597292033,1
"13180","PmetTSAr1.1-017788",4.58600641050321,4.49193048723504,6.47802062610439,6.5927429728275,6.11696899207889,3.5338586815799,3.9183514273004,4.61396580872294,-0.288040622199744,2.34968239856124,0.352603778331775,1
"13181","PmetTSAr1.1-017792",20.5471071529409,23.917298753225,23.3114172895581,22.8230700505113,21.2637493534171,21.1748812200268,21.4356872199375,22.0224871115733,-0.0770608988490854,4.46750298348452,0.782411924344266,1
"13182","PmetTSAr1.1-017793",13.3084107598917,19.2468809618614,8.55855279799194,12.7353789957029,12.8529169893086,12.3543699508033,15.9667582224754,19.1635267024873,0.162779801168319,3.8423285334586,0.615092387375531,1
"13183","PmetTSAr1.1-017794",6.29451860265147,4.13495587897795,3.78278576706826,4.18334694661344,4.73336886291819,3.98619259282213,5.53179025030645,3.73646310890447,-0.0284695687940513,2.20403193796236,0.91898033964933,1
"13184","PmetTSAr1.1-017798",2.92245506551675,3.12352782224953,4.11377952168673,4.42163886129395,2.80361078803616,3.70348389829574,5.95086526926906,3.51001079927389,0.135346199255474,1.95906826044273,0.669690332879895,1
"13185","PmetTSAr1.1-017799",1.70851219214826,2.26083918562823,2.74251968112449,3.28313304670928,1.34718959944595,2.8836286841692,3.58309141213032,2.23621655760192,0.0119182571157702,1.36530972914294,0.988764140342444,1
"13186","PmetTSAr1.1-017800",4.22631963320885,4.67041779136358,3.21536790200802,8.47260141086266,3.20412661489846,5.93688258505423,4.14884268772984,5.49146850854141,-0.137931823310179,2.31977201154732,0.697682691649136,1
"13187","PmetTSAr1.1-017805",10.6107599301839,14.0410012581122,15.4148520008032,10.5642748841694,12.051885335584,12.7218912536876,13.9132906295587,12.3982639522739,0.0139457463959533,3.67529184887773,0.965813958641145,1
"13188","PmetTSAr1.1-017806",5.39530165941555,6.30655141254191,4.20834916586344,4.44811574070289,4.51490568462965,4.07100520118004,5.82514276358028,5.97267966650638,0.00208512087331734,2.36663640878646,0.999999999999999,1
"13189","PmetTSAr1.1-017807",9.62162129262439,16.837302356126,2.45881074859437,7.75772566682112,6.22620058122315,6.2761330184859,32.1849614563285,12.0868920265319,0.629854828091311,3.55738445304561,0.25118009488392,1
"13190","PmetTSAr1.1-017808",8.67744350222667,5.02739239962067,9.69338852811241,18.58676934508,13.3990749350299,11.1387225643398,3.16401639316771,4.47243311520383,-0.387020340325087,3.22126751832458,0.411388230656128,1
"13191","PmetTSAr1.1-017810",3.28214184281112,4.13495587897795,3.97192505542167,5.53366779646967,4.29644250634112,7.35042605768619,5.97181902021719,4.16106118946179,0.360509845646562,2.29558066863326,0.244360768211416,1
"13192","PmetTSAr1.1-017812",22.3005801922509,25.4939366063604,26.905063768273,28.0125384146647,25.4509602706139,28.836286841692,28.5390087913537,28.4763779360446,0.115746290038673,4.74505609192509,0.683493371248557,1
"13193","PmetTSAr1.1-017814",4.36120217469423,5.35461912385634,3.59364647871485,5.48071403765178,5.02465310063623,6.04996606286479,7.66907284701576,4.98195081187262,0.333624542856984,2.42952211266539,0.264083280466034,1
"13194","PmetTSAr1.1-017815",9.486738751139,10.382011523477,2.2223866381526,4.87174581124603,6.66312693780021,6.33267475739118,9.97398545131012,11.435841636344,0.350778643543397,2.95285178934057,0.403878427409174,1
"13195","PmetTSAr1.1-017816",17.8494563232331,23.3223410727965,16.4551180867469,24.0674833827317,16.3119173122104,16.1992081963623,20.7442134386492,20.805305947309,-0.142322829595032,4.28809932470667,0.631062250923359,1
"13196","PmetTSAr1.1-017817",7.55342232318177,9.72755807500568,6.09974204939757,6.56626609341856,6.00773740293462,5.99342432395951,9.19869666622929,7.303086985586,-0.070756509275522,2.88211665615698,0.81702377359147,1
"13197","PmetTSAr1.1-017818",4.58600641050321,5.20587970374922,3.45179201244979,4.47459262011184,4.62413727377392,5.03221476256978,5.82514276358028,4.86872465705734,0.197864189957787,2.27095182327689,0.488667275510825,1
"13198","PmetTSAr1.1-017819",7.41853978169638,8.92436520642723,5.34318489598392,9.4257690695847,8.19236918581994,9.83826256951844,13.2637243501666,8.80333353688855,0.364019620370371,3.16603750673672,0.243354444057201,1
"13199","PmetTSAr1.1-017820",4.13639793888525,3.95646857484941,4.49205809839356,3.70676311725241,2.91284237718042,2.62919085909545,4.27456519341862,3.651543492793,-0.266963895332444,1.91794402497014,0.331502355158578,1
"13200","PmetTSAr1.1-017823",2.65268998254598,2.49882225779962,4.91762149718874,4.34220822306711,3.31335820404273,3.84483824555893,2.7449413742051,3.56662387668154,-0.0970919315605112,1.82498537117978,0.75133270448445,1
"13201","PmetTSAr1.1-017824",2.29300320525161,2.20134341758538,1.74953841726907,1.74747404099042,1.3836001291607,2.45956564237961,3.05924763842705,2.32113617371338,0.218794685141682,1.15047749122526,0.474981019079564,1
"13202","PmetTSAr1.1-017825",32.1919665678461,40.6356095732653,84.734401182329,39.582934716374,44.9670041977228,46.1946006856125,45.0505645384806,31.9297756579109,-0.229091926832456,5.51449201457879,0.526887655322521,1
"13203","PmetTSAr1.1-017827",2.47284659389879,3.80772915474228,2.03324734979919,2.99188737321088,2.40309496117385,3.87310911501157,3.89739767635227,2.00976424797134,0.103333905952129,1.58856463029781,0.745487275317478,1
"13204","PmetTSAr1.1-017828",12.3192721223322,14.5764631704978,13.0506108963855,12.5500408398403,12.1611169247283,10.9408264781714,13.2846781011147,16.7291643739586,0.0168457328541854,3.72949900767242,0.956281968005134,1
"13205","PmetTSAr1.1-017829",32.2818882621697,40.9925841815224,22.6021449582328,27.853677138211,29.3468869500927,23.8040720791222,34.8670415776892,29.6652525616052,-0.0725699842824109,4.91848319755563,0.815737858501803,1
"13206","PmetTSAr1.1-017830",17.9843388647185,20.5557878588041,10.7336546140562,16.4421421129553,13.981643410466,15.8882286323832,15.0238394298096,15.2289178226561,-0.129315003570535,3.98136838630652,0.670678126370578,1
"13207","PmetTSAr1.1-017831",1.52866880350107,1.54688996911405,3.40450719036143,2.85950297616615,4.95183204120672,1.5831686893478,1.38294756257661,1.81161847704459,0.0497791120160637,1.28339868191698,0.896326169664766,1
"13208","PmetTSAr1.1-017832",19.5579685153814,25.0774662300605,10.7336546140562,25.3648504737701,15.9842225447776,16.7363547159624,20.387999672531,34.9585752992198,0.124248840838833,4.40414110991188,0.729038326323618,1
"13209","PmetTSAr1.1-017833",16.545591755541,11.3041959281412,14.3745859148594,18.7456306215336,12.051885335584,7.97238518564425,8.92629790390359,6.85018236632486,-0.769199978374527,3.60267124402727,0.0137270677875662,1
"13210","PmetTSAr1.1-017835",24.5036617031789,20.6450315108683,30.924273645783,27.5624314647126,24.7955707357483,25.8113038102596,17.9992720644441,25.7872567591816,-0.134741341238095,4.63281138200993,0.650252941090017,1
"13211","PmetTSAr1.1-017837",20.3223029171319,25.3154493022319,20.2379038538152,15.6743126100959,20.2806650511187,13.7679134234353,16.7420470075563,22.5886178856497,-0.152501185791889,4.27976771406402,0.616817232229381,1
"13212","PmetTSAr1.1-017838",3.95655455023807,4.0754601109351,1.93867770562248,5.69252907292335,3.02207396632469,7.01117562425452,12.5093893160339,4.78380504094587,0.80025040235599,2.44934582594199,0.0587912618011867,1
"13213","PmetTSAr1.1-017839",16.4107092140556,18.235452905133,24.5408226638553,16.8657721834985,14.2729276481841,20.3550260059002,22.965311039151,20.6920797924937,0.0432172627226957,4.27458134202504,0.88918982560158,1
"13214","PmetTSAr1.1-017840",6.20459690832788,8.59713848219156,4.68119738674697,4.71288453479235,5.5344005166428,5.20183997928561,6.57947779771298,6.11421236002549,-0.0472905859227997,2.58924016076653,0.880061973140889,1
"13215","PmetTSAr1.1-017843",24.0090923843992,32.2764541632451,15.2257127124497,25.6031423884506,22.174012596286,24.9066359877751,37.9891504689606,30.5427552614236,0.251015568795133,4.73687443890136,0.440529788074407,1
"13216","PmetTSAr1.1-017844",5.57514504806273,5.32487123983491,5.10676078554215,5.00413020829076,5.13388468978049,4.46679737351699,4.96603897470693,4.27428734427708,-0.156885140585262,2.33354152827191,0.570776781270685,1
"13217","PmetTSAr1.1-017846",10.3859556943749,10.5010030595627,9.12597066305217,7.54591063154955,9.86725355269868,7.80275996892842,9.1358354133849,8.46365507244269,-0.0901891783365113,3.19561544214353,0.755856132363739,1
"13218","PmetTSAr1.1-017847",9.44177790397721,12.4048676369338,7.70742600040158,7.06932680218853,7.64621124009861,7.18080084097036,5.82514276358028,4.16106118946179,-0.563354093162485,2.95139697378711,0.0803965297782661,1
"13219","PmetTSAr1.1-017848",2.92245506551675,4.25394741506365,2.03324734979919,4.07743942897765,4.26003197662637,4.69296432913811,4.29551894436675,4.5573527313153,0.410430665731602,1.98519042059794,0.162915461413468,1
"13220","PmetTSAr1.1-017849",2.24804235808981,2.70705744594959,2.64795003694778,2.1975809909425,2.80361078803616,2.45956564237961,1.92774508722801,2.26452309630574,-0.0573873502382077,1.30164135887603,0.840335295648438,1
"13221","PmetTSAr1.1-017850",19.1533208909252,31.4732612946667,11.6793510558232,28.4891222440257,16.967306847076,23.0124877344483,21.7080859822632,18.9370743928567,-0.1727514961485,4.42626268997841,0.612246223060895,1
"13222","PmetTSAr1.1-017851",1.97827727511903,1.16016747683554,4.72848220883532,2.09167347330672,2.4395054908886,1.55489781989516,0.83815003792522,0.962422315929938,-0.780631454667168,1.00352948318399,0.062877582617074,1
"13223","PmetTSAr1.1-017852",8.22783503060871,10.2035242193485,11.3956421232931,12.9471940309745,8.66570607211175,8.90532387758135,11.9855455423306,9.73744931411467,-0.122480236052952,3.36788738181955,0.681253107662791,1
"13224","PmetTSAr1.1-017853",7.37357893453458,7.5262146574203,6.47802062610439,5.50719091706073,7.39133753209532,7.09598823261244,6.16040277875037,6.02929274391403,-0.0112051811641125,2.7557316589194,0.971374396270432,1
"13225","PmetTSAr1.1-017854",5.17049742360657,5.02739239962067,4.82305185301203,4.87174581124603,4.8061899223477,6.24786214903326,5.44797524651393,4.89703119576116,0.106276993644209,2.38535074450493,0.709999733531365,1
"13226","PmetTSAr1.1-017855",20.0075769869993,20.4070484386969,17.1643904180722,15.4360206954154,21.8099072991384,14.8704773320882,16.70013950566,21.0317582569395,0.0270539379085745,4.20845935600731,0.92787467212376,1
"13227","PmetTSAr1.1-017857",6.51932283846045,6.51478660069188,5.53232418433733,8.18135573736425,6.11696899207889,8.6508860525076,7.69002659796389,7.61445891132804,0.167209184898679,2.84212078644628,0.569527039134507,1
"13228","PmetTSAr1.1-017858",15.2866880350107,19.6633513381613,21.7510181606425,19.9900439537541,16.0206330744923,17.9237312329733,29.7543263463453,22.390472114723,0.167466202000375,4.35164483949133,0.588522950520628,1
"13229","PmetTSAr1.1-017860",35.29426502201,35.3999819854947,29.7421530935742,28.8862754351599,32.0048556192699,43.4523263487064,42.0332244019498,36.204063002188,0.249336482620662,5.14743015198368,0.402269730405426,1
"13230","PmetTSAr1.1-017862",20.5920680001027,16.9265460081903,10.0243822827309,15.5419282130512,19.3704018082498,13.1176834260246,11.713146780005,14.6627870485796,-0.10131042741008,3.93563867935022,0.753904029840105,1
"13231","PmetTSAr1.1-017863",13.7130583843478,14.3384800983264,53.6682730702809,23.5379457945528,25.5237813300434,17.8389186246153,13.7875681238699,14.0966562745032,-0.562626159473968,4.46611692527184,0.181502128954021,1
"13232","PmetTSAr1.1-017864",4.00151539739986,5.56285431200631,1.98596252771084,2.93893361439298,3.75028456061979,4.57988085132755,4.98699272565506,4.92533773446498,0.328314361885095,2.05747806718631,0.314380506135229,1
"13233","PmetTSAr1.1-017866",2.69765082970777,3.65898973463516,4.58662774257026,3.23017928789139,3.13130555546895,2.82708694526392,2.6820801213607,3.02879964130892,-0.279664234026399,1.71647151342707,0.309165706921193,1
"13234","PmetTSAr1.1-017867",12.6339980524647,19.1873851938185,11.0646483686747,11.0143818341215,11.6513695087217,9.38592865827622,12.7608343274115,12.1435051039395,-0.231211279187547,3.648825019074,0.452680702640913,1
"13235","PmetTSAr1.1-017868",17.1300827686444,19.9013344103327,24.3516833755019,19.4869832449841,17.9868016790891,16.9059799326782,22.2947910088109,24.0888644369523,0.00788534072551123,4.34554028698902,0.981010644022119,1
"13236","PmetTSAr1.1-017869",52.5592303321398,59.763498999041,76.3649876726905,57.3753976791855,59.3127529053363,51.085461100919,70.802724453733,70.7097336821466,0.0340583570936124,5.96133902236515,0.923809115523149,1
"13237","PmetTSAr1.1-017870",3.5519069257819,5.65209796407058,2.60066521485943,3.09779489084666,2.87643184746567,2.85535781471656,4.54696395574432,5.63300120206052,0.0924548699323897,1.97140971170012,0.790025802993122,1
"13238","PmetTSAr1.1-017871",49.5918144194612,19.1278894257757,40.6176621738954,50.0413020829076,95.9053352686654,11.5910564755821,8.42340788114846,45.8565927001912,0.0211633346832742,5.32866512849657,0.971342487683936,1
"13239","PmetTSAr1.1-017872",6.47436199129866,7.76419772959169,3.21536790200802,7.99601758150163,5.60722157607231,6.13477867122271,7.50144283943072,7.24647390817836,0.0539463249396455,2.71467666933605,0.868609420803634,1
"13240","PmetTSAr1.1-017873",2.427885746737,4.40268683517077,3.26265272409637,3.07131801143771,2.80361078803616,4.04273433172741,3.58309141213032,3.76476964760829,0.105467523375486,1.80201045263148,0.714997628214928,1
"13241","PmetTSAr1.1-017875",15.2417271878489,11.0364649719483,13.4288894730923,17.7395092039937,13.9088223510365,16.4819168908887,19.2564971213319,9.45438392707645,0.04140296953279,3.87122802531495,0.89857436759309,1
"13242","PmetTSAr1.1-017876",3.14725930132574,4.0754601109351,2.31695628232931,2.51530354384985,2.80361078803616,2.37475303402169,2.40968135903501,2.74573425427071,-0.228616365122809,1.51566858067969,0.42367026449164,1
"13243","PmetTSAr1.1-017877",11.8247028035524,11.4826832322697,9.92981263855418,10.0082604165815,10.704695736138,11.1387225643398,12.4046205612933,10.3884997043026,0.0462671969627627,3.4657099895879,0.873075314866448,1
"13244","PmetTSAr1.1-017878",7.46350062885817,8.29965964197732,8.55855279799194,8.26078637559109,11.1416220927151,9.72517909170788,6.49566279392046,7.07663467595543,0.0776403581492173,3.07663126361041,0.796630434126272,1
"13245","PmetTSAr1.1-017882",10.9704467074783,5.17613181972779,10.970078724498,11.8086882163898,11.1780326224299,13.3155795121931,6.9356915638312,8.37873545633123,0.0324277893465835,3.30704510839515,0.927574602488458,1
"13246","PmetTSAr1.1-017886",1.57362965066287,2.4690743737782,1.60768395100401,2.09167347330672,1.52924224801972,1.75279390606363,2.6820801213607,1.98145770926752,0.0341802929215008,1.02225005867908,0.902402971668121,1
"13247","PmetTSAr1.1-017890",13.5781758428625,8.83512155436296,8.88954655261041,8.63146268731633,8.11954812639043,11.5627856061294,8.8634366510592,10.6998716300446,-0.0231502581978593,3.31550667881434,0.93932906957262,1
"13248","PmetTSAr1.1-017892",8.81232604371206,5.681845848092,15.6512761112449,41.1980243603197,12.343169573302,19.3655455750579,2.05346759291679,9.28454469485352,-0.730259434449109,3.84433682785967,0.221174253629042,1
"13249","PmetTSAr1.1-017893",3.37206353713472,3.65898973463516,4.68119738674697,2.78007233793931,3.34976873375749,2.48783651183225,2.72398762325697,3.53831733797771,-0.256177220078818,1.75578280339064,0.361996352008618,1
"13250","PmetTSAr1.1-017894",62.001008236117,31.0270430343453,22.9331387128513,84.2229533998566,17.9139806196596,28.6383907555235,59.0476701718318,7.16155429206689,-0.827656309323627,5.29232527908097,0.120795183571483,1
"13251","PmetTSAr1.1-017895",9.17201282100643,6.24705564449906,42.9819032783131,11.5174425428914,12.5616327515906,8.39644822743384,4.54696395574432,6.42558428576753,-1.13014594482389,3.6726606165915,0.028655459589913,1
"13252","PmetTSAr1.1-017896",5.30537996509196,5.41411489189919,5.0594759634538,4.02448567015976,5.24311627892476,3.98619259282213,3.81358267255975,2.66081463815924,-0.33567066147132,2.16737214690461,0.260273150284291,1
"13253","PmetTSAr1.1-017897",6.11467521400429,6.33629929656333,2.41152592650602,3.86562439370609,3.71387403090504,4.07100520118004,5.80418901263215,5.23670966020702,0.0076639432166712,2.25141893107736,0.988546180101849,1
"13254","PmetTSAr1.1-017898",4.7658497991504,3.62924185061374,3.78278576706826,7.70477190800323,4.33285303605588,2.8836286841692,3.49927640833779,2.94388002519746,-0.548202605604809,2.08881855708948,0.0877818761302391,1
"13255","PmetTSAr1.1-017899",2.427885746737,1.21966324487839,4.68119738674697,3.7597168760703,3.20412661489846,2.31821129511641,1.92774508722801,1.24548770296816,-0.475083393663576,1.40379851129446,0.223535984157128,1
"13256","PmetTSAr1.1-017901",5.66506674238632,7.02050062905609,5.0594759634538,4.97765332888181,5.97132687321986,5.96515345450687,6.3908940391798,6.34066466965606,0.117589696480594,2.5821342699722,0.68171115232119,1
"13257","PmetTSAr1.1-017902",3.95655455023807,4.31344318310649,2.74251968112449,4.1039163083866,3.27694767432797,3.27942085650615,3.79262892161162,3.59493041538536,-0.120424093939328,1.88656000517889,0.668669478091083,1
"13258","PmetTSAr1.1-017904",11.7347811092288,12.4941112889981,16.7861118413654,11.5174425428914,14.1636960590398,8.39644822743384,8.42340788114846,10.0488212398567,-0.356928981948323,3.55408631782354,0.247646770651837,1
"13259","PmetTSAr1.1-017905",7.23869639304919,7.82369349763454,8.03841975502005,10.3789367283068,8.37442183439371,9.61209561389733,9.09392791148864,9.08639892392677,0.109727880265781,3.13291259860795,0.703214674329005,1
"13260","PmetTSAr1.1-017906",8.00303079479973,6.21730776047764,12.3886233871485,10.6966592812141,8.37442183439371,6.86982127699133,5.86705026547654,5.57638812465288,-0.483386738773739,3.00898575091213,0.130807895852769,1
"13261","PmetTSAr1.1-017909",2.20308151092802,2.79630109801387,2.83708932530119,3.01836425261982,3.02207396632469,2.68573259800072,2.13728259670931,2.63250809945542,-0.0613388908562172,1.44746910069802,0.844374529915028,1
"13262","PmetTSAr1.1-017912",2.15812066376622,2.91529263409956,3.6409313008032,2.48882666444091,3.27694767432797,2.0920443394953,3.08020138937518,2.85896040908599,0.0159647763811328,1.52264452702441,0.976891666453383,1
"13263","PmetTSAr1.1-017913",3.46198523145831,8.18066810589163,4.53934292048191,7.94306382268374,4.69695833320343,6.53057084355966,9.53395668139938,7.52953929521658,0.226080925745628,2.72912091029153,0.519689060785905,1
"13264","PmetTSAr1.1-017914",7.64334401750536,5.41411489189919,5.62689382851404,5.85139034937702,6.88159011608875,4.89086041530658,2.13728259670931,3.34017156705096,-0.512761814559351,2.39794867039908,0.148961470963085,1
"13265","PmetTSAr1.1-017915",20.8168722359117,16.6588150519975,34.3760656582328,27.2711857912142,19.6252755162531,14.0506221179617,6.57947779771298,22.9282963500956,-0.650148968055592,4.34580180245287,0.0901151640295402,1
"13266","PmetTSAr1.1-017916",16.8153568385118,8.24016387393447,45.4879988489958,33.3079142964538,24.5406970277451,29.1189955362184,5.48988274841019,15.1723047452484,-0.48280221033688,4.4799068131219,0.343831694146946,1
"13267","PmetTSAr1.1-017918",38.8012111006301,56.2829965685344,11.6320662337349,23.6173764327797,27.672002583214,26.1788251131439,44.149553247711,44.4978788424077,0.12844336847364,5.09494498594267,0.760022634463769,1
"13268","PmetTSAr1.1-017921",6.96893131007841,5.47361065994203,6.61987509236945,7.41352623450482,6.1897900515084,6.55884171301229,6.70520030340176,5.66130774076434,-0.0753284101567822,2.70257695151118,0.792089894706025,1
"13269","PmetTSAr1.1-017922",4.40616302185603,7.73444984557027,2.60066521485943,4.81879205242814,3.49541085261651,5.65417389052784,8.13005536787463,5.54808158594906,0.220318193184939,2.42650179682793,0.542941701833616,1
"13270","PmetTSAr1.1-017923",12.6339980524647,16.2125967916761,16.738827019277,9.90235289894573,9.90366408241343,11.67586908394,9.6177716851919,9.96390162374524,-0.429835548502248,3.60103106996802,0.15022924332356,1
"13271","PmetTSAr1.1-017925",7.55342232318177,8.68638213425584,1.79682323935742,9.34633843135787,6.9180006458035,6.9263630158966,2.6820801213607,6.99171505984396,-0.224704703493569,2.6846088658145,0.619341569700169,1
"13272","PmetTSAr1.1-017926",15.7812573537905,17.8487304128545,13.7598832277108,14.5887605543291,15.3652435396267,10.9973682170766,11.88077678759,13.3889928069077,-0.264602244635909,3.83386138643865,0.361971336202503,1
"13273","PmetTSAr1.1-017927",16.995200227159,17.7892346448116,12.5304778534136,22.1081943064697,18.5329596248104,21.4010481756479,19.7384333931389,18.4558632348918,0.168994207454696,4.21045723067378,0.566802922529203,1
"13274","PmetTSAr1.1-017928",9.44177790397721,14.1897406782193,4.25563398795179,5.87786722878597,9.75802196355441,7.91584344673898,10.5187829759615,10.4168062430064,0.191532359820255,3.18835423057339,0.597739005816296,1
"13275","PmetTSAr1.1-017929",13.3533716070535,21.0912497711897,6.95086884698793,8.34021701381793,13.9452328807513,12.1847447340875,17.2658907812595,15.9648878289554,0.254198681237761,3.77688659454781,0.479465258150231,1
"13276","PmetTSAr1.1-017930",9.12705197384463,13.4162956936623,6.05245722730921,6.85751176691696,9.06622189897406,8.08546866345481,10.6864129835466,10.8130977848599,0.123277938367032,3.22198691131197,0.705408192953319,1
"13277","PmetTSAr1.1-017931",8.85728689087386,12.9700774333409,4.96490631927709,6.08968226405753,9.24827454754784,7.40696779659147,10.5187829759615,9.2562381561497,0.146215190731206,3.12632815383604,0.667725542395628,1
"13278","PmetTSAr1.1-017936",2.65268998254598,3.77798127072086,2.60066521485943,3.04484113202877,2.69437919889189,3.47731694267462,2.78684887610136,2.66081463815924,-0.062277412033034,1.59770779846197,0.828953970551194,1
"13279","PmetTSAr1.1-017937",8.18287418344691,11.6611705363982,9.74067335020077,12.7353789957029,9.94007461212819,9.89480430842372,13.976151882403,9.28454469485352,0.0251290106422577,3.42574398511841,0.934937311077624,1
"13280","PmetTSAr1.1-017938",15.5564531179815,6.24705564449906,26.4322155473895,18.1631392745368,4.84260045206245,22.8711333871851,5.97181902021719,9.9072885463376,-0.605818449809342,3.7860437231741,0.211629626733023,1
"13281","PmetTSAr1.1-017939",18.1192214062039,20.8532666990183,17.4953841726907,23.5379457945528,17.8775700899448,21.9664655647007,24.0129985865576,21.909260956758,0.0998037247994325,4.37780605350383,0.728499357788807,1
"13282","PmetTSAr1.1-017940",8.63248265506487,8.74587790229868,3.78278576706826,7.28114183746009,7.17287435380679,9.13149083320246,14.604764410847,9.45438392707645,0.50436926576287,3.11721695956526,0.146206410031313,1
"13283","PmetTSAr1.1-017942",1.61859049782466,2.79630109801387,2.50609557068272,3.4684712025719,2.0389896640263,3.16633737869559,2.24205135144996,1.92484463185988,-0.159162320778803,1.34317212226651,0.618363417065485,1
"13284","PmetTSAr1.1-017943",8.67744350222667,7.37747523731318,4.01920987751002,16.0449889218212,8.81134819097078,9.66863735280261,10.2463842136358,12.8794751102389,0.200442129613149,3.29145632772034,0.592104346061624,1
"13285","PmetTSAr1.1-017946",7.50846147601997,9.04335674251293,7.09272331325299,10.3524598488978,6.66312693780021,7.43523866604411,9.28251167002181,8.37873545633123,-0.0995112013179306,3.05086668395319,0.739968266197778,1
"13286","PmetTSAr1.1-017948",5.79994928387171,7.85344138165596,4.11377952168673,6.72512736987223,6.37184270008217,7.0677173631598,8.00433286218585,8.40704199503505,0.281746043307864,2.77914294374873,0.354246429200903,1
"13287","PmetTSAr1.1-017949",23.6494056071048,31.1757824544525,18.8193591911646,23.1407926034186,22.2832441854302,19.7613377473948,17.9992720644441,21.116677873051,-0.255061387011461,4.47926584043168,0.385943267545707,1
"13288","PmetTSAr1.1-017950",10.6557207773457,11.8991536085696,21.1836002955822,14.4034223984665,14.2729276481841,10.2340547418554,8.33959287735594,10.7564847074523,-0.415436970768996,3.67441385448087,0.200153785692509,1
"13289","PmetTSAr1.1-017951",29.0896681136822,28.8851953848028,29.1274504064256,28.4361684852078,23.7760759037352,19.7613377473948,23.3424785562174,28.4480713973408,-0.277339235223112,4.72335205079002,0.330919788694593,1
"13290","PmetTSAr1.1-017952",30.6183369171832,33.5853610601878,18.7720743690762,17.2629253746327,26.179170864909,20.7790890476898,25.3330848962898,23.0981355823185,-0.071578916029717,4.61552296109777,0.821661667357776,1
"13291","PmetTSAr1.1-017953",2.92245506551675,3.51025031452804,2.9316589694779,3.1242717702556,3.02207396632469,3.3925043343167,2.97543263463453,3.48170426057007,0.0397987542216265,1.69308252378809,0.877619392739097,1
"13292","PmetTSAr1.1-017954",2.78757252403137,3.2127714743138,2.69523485903613,2.80654921734825,2.94925290689518,2.82708694526392,2.40968135903501,2.26452309630574,-0.144494528158865,1.48751762338505,0.591240446432093,1
"13293","PmetTSAr1.1-017957",2.3829248995752,3.51025031452804,2.31695628232931,6.0102516258307,2.51232655031811,4.8343186764013,6.8728303109868,4.04783503464651,0.355456409166536,2.05075745535941,0.34263692141425,1
"13294","PmetTSAr1.1-017958",2.83253337119316,2.11209976552111,16.0768395100401,7.44000311391377,7.60980071038385,7.8593017078337,1.67630007585044,2.46266886723249,-0.537324994067789,2.59559426158881,0.359054100415801,1
"13295","PmetTSAr1.1-017959",12.4541546638176,18.7114190494758,8.74769208634535,14.5358067955112,9.21186401783308,16.0013121101938,21.4775947218338,17.0971493771083,0.227695903645105,3.89296220520311,0.506393271329173,1
"13296","PmetTSAr1.1-017960",9.486738751139,11.1852043920555,8.55855279799194,6.35445105814699,9.28468507726259,5.79552823779104,9.03106665864425,7.92583083707008,-0.151046226613205,3.08932923894839,0.627519745242568,1
"13297","PmetTSAr1.1-017964",7.41853978169638,4.16470376299937,3.49907683453814,2.85950297616615,4.00515826862308,2.94017042307448,2.09537509481305,2.77404079297453,-0.602222892752484,1.91221491223573,0.0782556107633889,1
"13298","PmetTSAr1.1-017965",6.56428368562225,8.09142445382735,7.14000813534134,5.58662155528756,6.88159011608875,6.75673779918077,6.85187656003867,5.40654889242995,-0.0799808739586276,2.74839280609828,0.78814713352139,1
"13299","PmetTSAr1.1-017966",3.14725930132574,3.09377993822811,4.30291881004014,5.00413020829076,5.64363210578707,4.29717215680116,6.32803278633541,3.39678464445861,0.337438812947425,2.15995751011853,0.277736165626928,1
"13300","PmetTSAr1.1-017967",6.47436199129866,6.39579506460618,4.72848220883532,6.14263602287543,6.08055846236413,4.89086041530658,4.08598143488545,5.74622735687581,-0.194727392461241,2.49240928003913,0.507816284209712,1
"13301","PmetTSAr1.1-017968",15.0618837992017,16.3018404437404,22.6494297803212,14.8005755896007,16.0570436042071,11.9585777784664,16.6582320037638,15.8516616741402,-0.184027319692378,4.019967975567,0.537634204347279,1
"13302","PmetTSAr1.1-017969",15.1518054935253,15.4688996911405,19.4340618783132,19.6193676420288,15.765759366489,15.4076238516884,17.3287520341039,15.9082747515478,-0.113191083293731,4.07225196415247,0.692138803414197,1
"13303","PmetTSAr1.1-017970",12.9487239825973,10.0250369152199,23.3587021116465,22.8495469299202,14.7462645344759,20.5529220920687,13.6199381162848,13.502218961723,-0.148188583144094,4.04514195391591,0.665720045561275,1
"13304","PmetTSAr1.1-017972",12.1843895808468,11.2744480441197,30.2150013144577,19.7252751596646,18.5329596248104,17.1038760188467,12.3417593084489,14.0400431970956,-0.242619763768606,4.08554852392012,0.491910479838984,1
"13305","PmetTSAr1.1-017973",11.5099768734198,10.8282297837984,20.3797583200802,11.0673355929393,13.1442012270267,9.01840735539191,6.55852404676485,9.45438392707645,-0.494422495507552,3.52848022384563,0.138460968995208,1
"13306","PmetTSAr1.1-017974",95.0472309000372,99.9231424279635,61.1865597823291,49.0881344241855,76.8626282278484,56.4851971663731,80.5252648936655,82.400334166825,-0.0429831831706994,6.23361319787615,0.915761538821865,1
"13307","PmetTSAr1.1-017976",11.4200551790962,11.6016747683554,9.78795817228912,9.39929219017576,8.92057978011504,7.60486388275995,7.24999782805315,7.89752429836626,-0.414940937056828,3.21576684388481,0.145284967347156,1
"13308","PmetTSAr1.1-017978",10.6107599301839,10.3522636394556,6.52530544819275,4.97765332888181,9.32109560697735,8.00065605509689,6.51661654486859,9.39777084966881,0.0338036327972952,3.04787308624098,0.921173361286248,1
"13309","PmetTSAr1.1-017983",12.7688805939501,16.7480587040618,11.3010724791164,13.9268385691055,12.051885335584,10.4602216974765,15.086700682654,14.0117366583917,-0.0857339085665346,3.73988130827741,0.774420368578129,1
"13310","PmetTSAr1.1-017984",2.74261167686957,2.40957860573535,3.30993754618473,3.38904056434506,2.94925290689518,2.40302390347433,1.57153132110979,2.63250809945542,-0.318351283154807,1.44916351794732,0.270913372840989,1
"13311","PmetTSAr1.1-017985",6.02475351968069,8.06167656980593,5.57960900642568,6.91046552573485,5.97132687321986,4.15581780953796,10.6445054816503,7.18986083077072,0.0735080285656571,2.78404039613842,0.828144067317953,1
"13312","PmetTSAr1.1-017986",4.99065403495938,9.10285251055577,7.09272331325299,6.98989616396169,6.15337952179364,9.86653343897108,12.2998518065526,8.03905699188537,0.367577978717885,3.02516829543054,0.257538679982387,1
"13313","PmetTSAr1.1-017989",16.77039599135,27.427549067753,29.5057289831324,23.5114689151439,21.0088756454138,22.4753412148482,21.0585197028712,24.9946736754746,-0.118810091353603,4.54874592970722,0.690878479986063,1
"13314","PmetTSAr1.1-017990",5.88987097819531,8.98386097447008,8.46398315381523,6.38092793755594,4.91542151149196,6.9263630158966,6.57947779771298,7.21816736947454,-0.211667174499671,2.8034021338223,0.482238573059948,1
"13315","PmetTSAr1.1-017991",3.28214184281112,4.46218260321361,3.40450719036143,3.28313304670928,4.07797932805259,2.26166955621114,4.50505645384806,4.27428734427708,0.0655796210802031,1.91009256912999,0.834465215132945,1
"13316","PmetTSAr1.1-017996",11.465016026258,12.6131028250838,13.0506108963855,9.55815346662943,11.3236747412889,11.1387225643398,11.1893030063017,10.2752735494873,-0.0869637056663519,3.50904149677282,0.760026002259888,1
"13317","PmetTSAr1.1-017997",2.3379640524134,2.64756167790674,1.60768395100401,4.05096254956871,1.92975807488203,4.09927607063268,4.69364021238123,2.46266886723249,0.302872705929288,1.61212435849122,0.386003501598692,1
"13318","PmetTSAr1.1-017999",4.63096725766501,6.57428236873473,1.65496877309236,6.40740481696488,3.24053714461322,2.82708694526392,5.09176148039571,6.28405159224842,-0.147956824526762,2.22138737359924,0.718425004834546,1
"13319","PmetTSAr1.1-018000",2.427885746737,1.93361246139257,1.56039912891566,2.70064169971247,2.00257913431154,2.14858607840058,2.43063510998314,1.72669886093312,-0.0579408903029832,1.12536112314807,0.844093366288094,1
"13320","PmetTSAr1.1-018001",29.8090416682709,28.3794813564386,29.6002986273091,21.5786567182908,30.3299712523911,25.8395746797122,29.1885750707458,27.5422621588185,0.0463859574590973,4.79918346636908,0.874082624543866,1
"13321","PmetTSAr1.1-018002",9.71154298694798,11.5421790003125,6.85629920281122,11.8616419752077,8.26519024524945,11.7606816922979,12.362713059397,10.3318866268949,0.0944360769370813,3.37954076068717,0.758594732290415,1
"13322","PmetTSAr1.1-018003",5.57514504806273,6.18755987645621,6.09974204939757,5.95729786701281,5.78927422464609,6.33267475739118,8.13005536787463,6.19913197613696,0.152599930776844,2.66671938312124,0.597292548066196,1
"13323","PmetTSAr1.1-018005",2.02323812228083,4.87865297951355,3.16808307991967,6.14263602287543,3.02207396632469,5.82379910724368,5.48988274841019,4.72719196353823,0.226620573153192,2.16589585518023,0.522979179427263,1
"13324","PmetTSAr1.1-018007",15.6014139651433,21.2102413072754,16.2186939763052,20.0694745919809,16.2390962527809,18.2347107969523,13.6827993691292,19.2201397798949,-0.118965831723743,4.13938722881013,0.687354813170634,1
"13325","PmetTSAr1.1-018008",24.8183876333115,32.7821681916094,14.7055796694779,24.3057752974122,21.5186230614204,30.5042681393977,33.6517240226976,21.7111151858313,0.152023050333836,4.6764787817481,0.641973893644305,1
"13326","PmetTSAr1.1-018009",9.35185620965362,8.86486943838438,7.2818626016064,5.95729786701281,8.33801130467896,7.15252997151772,8.77962164726668,7.44461967910511,0.0133568781286703,2.99205512065489,0.970079780136275,1
"13327","PmetTSAr1.1-018011",4.18135878604705,4.9381487475564,6.43073580401604,9.69053786367416,4.91542151149196,4.74950606804339,3.7088139178191,4.50073965390765,-0.502999522733106,2.44647579663006,0.120686871391101,1
"13328","PmetTSAr1.1-018014",6.96893131007841,10.3225157554342,10.6863697919678,12.5500408398403,10.6682852064233,8.82051126922343,9.76444794182881,8.63349430466562,-0.0994316855065972,3.30242334851258,0.745055907687875,1
"13329","PmetTSAr1.1-018015",24.2338966202082,17.9379740649187,42.698194345783,34.9759576992174,30.5484344306797,34.0381268209776,19.8851096497758,24.0605578982485,-0.142963214504866,4.83797445149562,0.674949222645097,1
"13330","PmetTSAr1.1-018016",17.5796912402623,24.3040212455035,14.0435921602409,18.8780150185784,15.8749909556333,19.6482542695842,21.0794734538193,20.8336124860128,0.049122153396817,4.25541515514366,0.869531611601178,1
"13331","PmetTSAr1.1-018017",4.94569318779758,5.32487123983491,10.3553760373494,8.04897134031952,6.84517958637399,3.76002563720101,2.89161763084201,4.10444811205415,-0.707345240496052,2.54373775832117,0.0464628443667522,1
"13332","PmetTSAr1.1-018018",11.1502900961255,5.89008103624197,33.4303692164657,13.8738848102876,12.5252222218758,11.280076911603,4.90317772186254,6.14251889872931,-0.884076087075657,3.63574526160955,0.0583406203413804,1
"13333","PmetTSAr1.1-018019",14.5223536332602,17.6107473406831,13.8544528718875,11.6498269399362,16.0206330744923,11.280076911603,11.9436380404344,13.8702039648726,-0.118633002749721,3.79720991088007,0.689850274500619,1
"13334","PmetTSAr1.1-018020",4.8108106463122,4.84890509549213,7.32914742369475,4.68640765538341,5.13388468978049,5.06048563202242,6.68424655245363,4.72719196353823,0.000996577677096419,2.4513045924239,1,1
"13335","PmetTSAr1.1-018021",12.9487239825973,17.1347811963403,2.60066521485943,6.40740481696488,7.93749547781665,6.55884171301229,28.2456562780799,12.1151985652357,0.488839005089757,3.56403699876862,0.350483005492476,1
"13336","PmetTSAr1.1-018022",10.6557207773457,9.72755807500568,5.8633179389558,6.35445105814699,8.88416925040029,7.0677173631598,7.81574910365268,10.2469670107835,0.061007406669914,3.06826936328606,0.849190793726616,1
"13337","PmetTSAr1.1-018023",3.41702438429651,4.16470376299937,4.3502036321285,5.18946836415338,5.64363210578707,4.09927607063268,3.64595266497471,4.84041811835351,0.083300617826057,2.16380892434591,0.773620013572533,1
"13338","PmetTSAr1.1-018025",1.57362965066287,1.36840266498551,2.17510181606425,4.65993077597446,2.22104231260007,1.92241912277947,1.40390131352474,1.67008578352548,-0.454904951438421,1.13000406821878,0.219872869870829,1
"13339","PmetTSAr1.1-018028",18.1641822533657,22.519148204218,14.4691555590361,18.5073387068531,16.1298646636366,21.1183394811215,19.6965258912427,15.0590785904332,-0.0333536856331529,4.19172415183778,0.912629390156853,1
"13340","PmetTSAr1.1-018031",36.5531687425403,50.7796380245709,5.20133042971886,15.647835730687,22.2104231260007,8.39644822743384,21.6033172275225,45.2621553874109,-0.150714493400403,4.68781975520461,0.78875335615368,1
"13341","PmetTSAr1.1-018035",9.486738751139,9.72755807500568,11.8684903441767,8.36669389322687,10.3770009687053,7.91584344673898,7.58525784322324,5.88776005039492,-0.31238910789189,3.16257015728282,0.302309600662564,1
"13342","PmetTSAr1.1-018036",8.99216943235925,8.98386097447008,11.6320662337349,8.76384708436106,10.9231589144266,9.52728300553941,11.1893030063017,8.40704199503505,0.0631076169082002,3.30185499043053,0.832244114407113,1
"13343","PmetTSAr1.1-018037",14.2076277031276,11.155456508034,24.8245315963854,15.7272663689138,16.8580752579317,15.0683734182567,13.7875681238699,10.5866454752293,-0.226332406036751,3.93805778977188,0.486104633566935,1
"13344","PmetTSAr1.1-018038",18.2990647948511,13.2080605055123,8.13298939919676,15.9390814041854,9.17545348811833,11.0821808254346,8.13005536787463,8.29381584021976,-0.600407063076541,3.5348272722411,0.0611663520789746,1
"13345","PmetTSAr1.1-018040",8.04799164196152,10.173776335327,10.308091215261,12.4441333222045,8.99340083954455,10.658117783645,11.0635805006129,10.0771277785605,-0.00739682956639691,3.36275039955704,0.983817848107684,1
"13346","PmetTSAr1.1-018041",9.66658213978619,7.31797946927033,19.2922074120481,18.7456306215336,13.3990749350299,16.2274790658149,10.3511529683765,10.9829370170828,-0.110736584971042,3.73392184984402,0.758117662609854,1
"13347","PmetTSAr1.1-018042",1.79843388647185,1.96336034541399,2.9316589694779,2.25053474976039,1.60206330744923,1.61143955880043,1.84393008343548,1.61347270611784,-0.41313387029287,1.00567421581867,0.122423846912192,1
"13348","PmetTSAr1.1-018043",7.82318740615254,9.60856653891998,7.51828671204816,11.1997199899841,7.20928488352154,11.8454943006558,10.3930604702727,8.77502699818473,0.0789599190553808,3.22748007346212,0.796388010828103,1
"13349","PmetTSAr1.1-018047",7.95806994763793,7.05024851307751,10.1189519269076,10.8025667988499,7.02723223494777,8.6508860525076,7.20809032615689,7.21816736947454,-0.255059531580869,3.05542308327082,0.387599636815499,1
"13350","PmetTSAr1.1-018048",5.44026250657734,5.26537547179207,3.26265272409637,4.42163886129395,3.56823191204602,3.64694215939046,3.49927640833779,3.39678464445861,-0.38412406211319,2.04337704995402,0.176465460640386,1
"13351","PmetTSAr1.1-018050",16.2758266725702,18.6816711654543,37.3550094497991,23.8556683474602,18.1324437979481,23.3800090373326,21.351872216145,17.5217474576656,-0.257631198418609,4.46754549256231,0.428701724529988,1
"13352","PmetTSAr1.1-018051",8.94720858519745,11.3339438121626,6.47802062610439,14.3239917602397,8.26519024524945,9.86653343897108,13.6827993691292,9.93559508504142,0.0212421883411571,3.38240466790749,0.948287149670905,1
"13353","PmetTSAr1.1-018053",11.9595853450378,12.4346155209553,9.97709746064253,15.1712519013259,11.1416220927151,10.4884925669291,9.80635544372507,12.0868920265319,-0.188902159164467,3.54798044386456,0.5171327282664,1
"13354","PmetTSAr1.1-018054",26.1672130481654,21.1507455392325,39.1991175112448,24.2528215385944,25.8514760974762,15.8882286323832,12.0693605461232,21.3714367213854,-0.559226356838736,4.54147687101042,0.093941777321073,1
"13355","PmetTSAr1.1-018055",5.39530165941555,8.3889032940416,6.14702687148592,9.02861587845052,5.09747416006574,8.87705300812871,7.85765660554894,6.36897120835989,-0.0404426363961588,2.85108220216241,0.906638960775548,1
"13356","PmetTSAr1.1-018056",2.20308151092802,2.11209976552111,2.74251968112449,3.8126706348882,3.13130555546895,1.86587738387419,1.86488383438361,2.32113617371338,-0.257584382409036,1.35949916353901,0.410858474262547,1
"13357","PmetTSAr1.1-018059",17.9393780175567,20.4070484386969,13.9017376939759,17.0511103393611,14.3093381778988,15.8599577629306,14.6257181617951,13.8985105035765,-0.240285375657043,4.00547645302998,0.403064712446313,1
"13358","PmetTSAr1.1-018061",20.9067939302352,20.9127624670611,16.596972553012,13.3443472221087,18.4237280356662,16.7080838465098,21.4985484727819,18.1444913091497,0.0601210910568516,4.19993204316436,0.841371570998509,1
"13359","PmetTSAr1.1-018062",7.05885300440201,10.1440284513056,3.78278576706826,6.16911290228437,5.24311627892476,4.21235954844324,5.13366898229197,6.93510198243632,-0.338453068275034,2.6204264064438,0.32143206590245,1
"13360","PmetTSAr1.1-018063",2.65268998254598,3.71848550267801,1.98596252771084,3.54790184079874,3.05848449603944,3.22287911760087,2.72398762325697,3.28355848964332,0.0320372096726856,1.62853045544547,0.904013753033744,1
"13361","PmetTSAr1.1-018064",10.9254858603165,10.7092382477127,10.7336546140562,9.00213899904157,11.5057273898627,10.0644295251396,10.3511529683765,7.75599160484715,-0.0598540612275301,3.34894903834552,0.837599856464373,1
"13362","PmetTSAr1.1-018066",14.2525885502894,24.1552818253964,3.87735541124497,10.9084743164857,9.10263242868882,6.2761330184859,3.68786016687097,5.15179004409555,-1.13835259825743,3.28326026871713,0.0121656240470489,1
"13363","PmetTSAr1.1-018067",5.30537996509196,6.24705564449906,5.76874829477909,5.6660521935144,4.87901098177721,6.84155040753869,5.88800401642467,6.34066466965606,0.0593335045713724,2.56832730174416,0.835593636305678,1
"13364","PmetTSAr1.1-018070",2.11315981660442,3.18302359029238,2.2223866381526,2.25053474976039,2.14822125317056,1.69625216715835,2.17919009860557,1.64177924482166,-0.355734366416677,1.16374991621574,0.198079799031167,1
"13365","PmetTSAr1.1-018072",26.706743214107,31.1757824544525,21.9401574489959,21.2609341653835,23.3755600768729,18.8283990554577,18.7745608495249,22.0507936502771,-0.284342746868324,4.52806379917418,0.329585534901237,1
"13366","PmetTSAr1.1-018073",1.48370795633928,1.30890689694266,10.0716671048192,3.1772255290735,5.38875839778378,1.97896086168474,1.21531755499157,0.962422315929938,-0.749431459676549,1.68925682818565,0.214836160620575,1
"13367","PmetTSAr1.1-018075",3.73175031442909,5.50335854396346,2.83708932530119,4.44811574070289,4.1508003874821,7.35042605768619,9.03106665864425,5.54808158594906,0.655520199220654,2.43411973587885,0.0476291259083133,1
"13368","PmetTSAr1.1-018076",3.32710268997292,4.46218260321361,2.55338039277107,1.2708902116294,4.00515826862308,4.89086041530658,3.08020138937518,3.93460887983122,0.454460114690396,1.80871842747143,0.193913162514594,1
"13369","PmetTSAr1.1-018077",10.4758773886985,6.15781199243479,13.9963073381526,14.2710380014218,8.70211660182651,7.40696779659147,3.52023015928592,5.74622735687581,-0.825177936255569,3.14249176434305,0.0232145189291948,1
"13370","PmetTSAr1.1-018078",6.47436199129866,9.90604537913423,3.30993754618473,4.84526893183708,4.95183204120672,7.12425910206508,6.76806155624615,5.49146850854141,-0.0138746702419502,2.62713246011937,0.974221808025147,1
"13371","PmetTSAr1.1-018079",4.22631963320885,3.92672069082798,6.76172955863451,5.16299148474443,5.75286369493133,3.44904607322198,2.99638638558266,3.67985003149682,-0.34078666945724,2.18418536285987,0.286418897759705,1
"13372","PmetTSAr1.1-018081",9.66658213978619,11.1257086240126,16.7861118413654,12.7353789957029,10.4498220281348,11.986848647919,13.6199381162848,8.77502699818473,-0.164884525209745,3.57922900177279,0.59102555694866,1
"13373","PmetTSAr1.1-018082",7.01389215724021,5.9198289202634,4.20834916586344,11.1467662311662,3.67746350119028,5.28665258764353,6.07658777495785,6.68034313410192,-0.38296007540028,2.66001471784719,0.270104602851991,1
"13374","PmetTSAr1.1-018083",10.9704467074783,18.5031838613258,6.5725902702811,9.24043091372208,9.6852009041249,11.5627856061294,13.976151882403,10.3035800881911,0.0064388388094456,3.51379071087102,0.985948935186817,1
"13375","PmetTSAr1.1-018084",4.36120217469423,6.15781199243479,4.96490631927709,6.51331233460067,5.42516892749854,6.55884171301229,6.07658777495785,9.56761008189174,0.325187853502896,2.64917552748947,0.288266004707903,1
"13376","PmetTSAr1.1-018086",4.36120217469423,4.40268683517077,4.77576703092368,3.09779489084666,4.4784951549149,5.00394389311714,5.00794647660319,3.93460887983122,0.152734589814635,2.15156845522352,0.602971447285868,1
"13377","PmetTSAr1.1-018087",8.3627175720941,6.72302178884185,47.3321069104416,19.6987982802557,17.112948965935,20.4681094837108,5.07080772944758,8.54857468855416,-0.681196248911262,4.06159654650573,0.21486505119978,1
"13378","PmetTSAr1.1-018089",17.7595346289095,22.935618580518,18.1573716819276,33.7315443669969,14.0544644698955,24.4260312070803,35.160394090963,20.8902255634204,0.0297403046063677,4.55246944009525,0.932392406622563,1
"13379","PmetTSAr1.1-018092",5.62010589522453,4.87865297951355,8.27484386546182,12.1793645281151,9.94007461212819,4.89086041530658,4.42124145005554,6.02929274391403,-0.296608305264218,2.82513276734252,0.424943405308055,1
"13380","PmetTSAr1.1-018094",5.57514504806273,6.12806410841336,3.12079825783131,3.09779489084666,4.62413727377392,3.92965085391685,5.19653023513636,4.86872465705734,0.055335492373253,2.21127456606954,0.86734981230638,1
"13381","PmetTSAr1.1-018095",2.83253337119316,3.27226724235665,2.50609557068272,2.91245673498404,2.69437919889189,3.27942085650615,2.76589512515323,2.71742771556688,-0.0127246750824657,1.5539316817545,0.975366501180031,1
"13382","PmetTSAr1.1-018096",4.36120217469423,14.4574716344121,1.65496877309236,4.28925446424922,4.95183204120672,4.52333911242227,0.754335034132698,2.26452309630574,-0.992933698339956,2.23914331902045,0.0888252471513525,1
"13383","PmetTSAr1.1-018097",4.7658497991504,5.26537547179207,2.08053217188754,5.85139034937702,8.41083236410847,7.88757257728634,1.445808815421,2.20791001889809,0.144659164150001,2.26305593885989,0.764140886535019,1
"13384","PmetTSAr1.1-018099",1.79843388647185,2.49882225779962,2.26967146024096,2.72711857912142,4.66054780348867,2.48783651183225,2.22109760050183,2.06637732537899,0.282157223822559,1.40735557898564,0.353696950407038,1
"13385","PmetTSAr1.1-018100",11.7797419563906,8.00218080176308,5.39046971807227,6.38092793755594,6.44466375951168,7.63313475221258,6.80996905814241,6.59542351799046,-0.197658138239217,2.89466828668234,0.536475834202476,1
"13386","PmetTSAr1.1-018101",3.86663285591448,3.92672069082798,3.30993754618473,3.99800879075082,3.93233720919357,4.72123519859075,4.52601020479619,4.64227234742676,0.237337817688782,2.06411776880471,0.375595588027384,1
"13387","PmetTSAr1.1-018103",5.17049742360657,3.53999819854947,20.8526065409638,6.19558978169332,12.0154748058692,5.06048563202242,2.51445011377566,2.83065387038217,-0.673526604783193,2.86748130640125,0.222869370308507,1
"13388","PmetTSAr1.1-018104",13.7580192315096,22.8761228124751,3.21536790200802,7.54591063154955,8.52006395325273,8.3681773579812,42.3265769152236,15.7101289806211,0.660482689120776,3.9430054042009,0.237916792946053,1
"13389","PmetTSAr1.1-018105",2.3379640524134,2.61781379388532,2.03324734979919,3.20370240848244,2.25745284231483,2.91189955362184,3.01734013653079,2.74573425427071,0.0939731448928869,1.43795672587864,0.733993959318803,1
"13390","PmetTSAr1.1-018106",12.4091938166558,17.4322600365545,2.36424110441766,7.8636331844569,7.13646382409203,5.14529824038033,26.2550499380075,12.0868920265319,0.337205931288329,3.51354576420208,0.529407764679721,1
"13391","PmetTSAr1.1-018107",3.32710268997292,3.48050243050662,1.84410806144578,3.23017928789139,2.7672002583214,2.742274336906,2.24205135144996,3.02879964130892,-0.150615843074026,1.53403861553385,0.617727709472177,1
"13392","PmetTSAr1.1-018108",4.18135878604705,3.48050243050662,2.45881074859437,5.90434410819491,3.45900032290175,5.68244475998048,5.99277277116532,5.01025735057644,0.325975059937015,2.20026901357577,0.32124274122855,1
"13393","PmetTSAr1.1-018109",6.65420537994584,10.2630199873913,6.80901438072287,7.89011006386585,7.90108494810189,9.47074126663413,9.17774291528116,8.09567006929301,0.129875013141298,3.06189314675697,0.658994281069082,1
"13394","PmetTSAr1.1-018111",46.7592810482681,59.6742553469767,38.9154085787147,47.1817991067414,50.7562784223688,46.4207676412336,57.4132775978776,64.8219736317517,0.188328014056532,5.68819409690455,0.563868828901919,1
"13395","PmetTSAr1.1-018112",10.9254858603165,9.7573059590271,5.95788758313251,13.8474079308787,9.79443249326917,5.14529824038033,3.39450765359714,9.53930354318792,-0.542850514826563,3.10488819962758,0.158392842751017,1
"13396","PmetTSAr1.1-018114",5.57514504806273,4.72991355940643,7.3764322457831,9.00213899904157,6.66312693780021,8.79224039977079,4.92413147281067,5.63300120206052,-0.0388331129005147,2.73289159640947,0.909884867609961,1
"13397","PmetTSAr1.1-018115",12.139428733685,12.6725985931267,15.6512761112449,15.0123906248723,15.474475128771,16.1992081963623,16.4067869923862,16.0781139837707,0.209894832482692,3.90865170998297,0.45683482138794,1
"13398","PmetTSAr1.1-018116",14.6572361747456,19.6930992221828,16.1241243321285,20.016520833163,19.5888649865383,20.1854007891844,20.4089534234791,19.8145770926752,0.181361690221729,4.23868192866127,0.521163418812825,1
"13399","PmetTSAr1.1-018119",4.40616302185603,6.75276967286327,3.83007058915661,1.9063353174441,1.67488436687874,1.01775130029501,4.27456519341862,4.16106118946179,-0.596440808522843,1.83283526300923,0.18089936910516,1
"13400","PmetTSAr1.1-018120",4.00151539739986,4.87865297951355,3.73550094497991,2.96541049380193,3.89592667947881,2.77054520635864,3.14306264221958,4.13275465075797,-0.161802916430736,1.90624789059973,0.576333248544547,1
"13401","PmetTSAr1.1-018124",4.58600641050321,4.40268683517077,2.17510181606425,2.51530354384985,2.4395054908886,2.51610738128489,4.77745521617375,2.20791001889809,-0.189636755027569,1.70794485889049,0.57957319960782,1
"13402","PmetTSAr1.1-018126",7.50846147601997,8.56739059817014,6.09974204939757,4.15687006720449,7.79185335895763,4.63642259023283,5.04985397849945,5.40654889242995,-0.203592144359163,2.63372690474176,0.531957956285129,1
"13403","PmetTSAr1.1-018127",11.5998985677434,15.5581433432048,17.1171055959839,16.5480496305911,10.41341149842,10.4884925669291,10.916904243976,9.87898200763378,-0.544837723199661,3.68624869514724,0.0590125053754555,1
"13404","PmetTSAr1.1-018128",5.44026250657734,7.10974428112036,5.24861525180721,6.08968226405753,6.33543217036742,6.58711258246493,6.60043154866111,7.64276545003186,0.182871472184244,2.68892306150784,0.518236424525896,1
"13405","PmetTSAr1.1-018129",7.46350062885817,8.41865117806302,12.7669019638554,22.5318243770129,7.71903229952812,9.44247039718149,5.17557648418823,9.14301200133441,-0.703581798761002,3.37779739940336,0.062143381732455,1
"13406","PmetTSAr1.1-018130",4.09143709172346,5.35461912385634,4.82305185301203,4.07743942897765,4.26003197662637,3.16633737869559,4.25361144247049,4.9536442731688,-0.141681876033531,2.14820125377303,0.623310991370937,1
"13407","PmetTSAr1.1-018131",2.3829248995752,2.05260399747826,1.74953841726907,2.01224283507988,1.89334754516727,1.49835608098988,1.65534632490231,1.16056808685669,-0.403983701034734,0.893286545421168,0.139719531199216,1
"13408","PmetTSAr1.1-018132",10.7906033188311,11.9586493766125,7.75471082248993,10.8819974370767,8.52006395325273,10.4884925669291,9.86921669656947,9.96390162374524,-0.0926653593405939,3.3353466510834,0.753642267988594,1
"13409","PmetTSAr1.1-018134",28.909824725035,24.7204916218034,30.2150013144577,33.3343911758628,29.2376553609485,32.1157076981981,27.9732575157542,33.3167960543982,0.0656822909664456,4.90880481500411,0.820561591623317,1
"13410","PmetTSAr1.1-018135",7.1487746987256,8.35915541002017,8.51126797590358,7.8636331844569,8.70211660182651,7.12425910206508,9.84826294562134,8.49196161114651,0.10010264319807,3.05655383412606,0.729699767482473,1
"13411","PmetTSAr1.1-018138",29.9888850569181,45.6927498569074,6.24159651566263,13.9003616896965,10.9959799738561,13.5417464678142,6.89378406193494,37.6476964760829,-0.472553886830156,4.3698974591102,0.393834466253192,1
"13412","PmetTSAr1.1-018140",3.23718099564933,2.76655321399244,1.89139288353413,3.23017928789139,2.4395054908886,2.14858607840058,2.40968135903501,3.0004931026051,-0.160379044866401,1.43475986551398,0.581285586497,1
"13413","PmetTSAr1.1-018141",21.1315981660442,28.3199855883957,15.4621368228915,33.0166686229554,20.2078439916892,29.3168916223869,27.7008587534285,22.8716832726879,0.0304654332247197,4.63378923774714,0.924004110474914,1
"13414","PmetTSAr1.1-018143",3.50694607862011,3.2127714743138,4.3502036321285,3.65380935843452,2.87643184746567,3.64694215939046,2.9544788836864,2.85896040908599,-0.250963515755937,1.78211180206392,0.350322270755907,1
"13415","PmetTSAr1.1-018144",15.3316488821725,20.0500738304398,13.7125984056224,14.2180842426039,15.5108856584857,13.7396425539827,15.1705156864465,14.8326262808026,-0.0963361006665564,3.94328831803269,0.739987818820419,1
"13416","PmetTSAr1.1-018145",29.8540025154327,31.0865388023882,23.4532717558232,22.0287636682429,28.1817499992206,28.1860568442813,32.7297589809798,25.7589502204778,0.110253295319275,4.79302708743027,0.707241831803937,1
"13417","PmetTSAr1.1-018146",7.05885300440201,7.10974428112036,12.577762675502,16.3891883541374,9.17545348811833,8.22682301071801,4.77745521617375,7.58615237262422,-0.537967791139017,3.19681726118259,0.130708503669599,1
"13418","PmetTSAr1.1-018147",8.13791333628512,10.3522636394556,9.12597066305217,8.02249446091058,7.93749547781665,6.07823693231743,6.76806155624615,8.29381584021976,-0.294458866778507,3.02632491745426,0.310889898152555,1
"13419","PmetTSAr1.1-018148",10.0712297642424,8.77562578632011,11.7739207,9.61110722544733,9.17545348811833,9.69690822225525,9.91112419846573,9.53930354318792,-0.0683335747080277,3.30415900710898,0.808998299043761,1
"13420","PmetTSAr1.1-018149",4.58600641050321,8.53764271414872,3.40450719036143,6.85751176691696,6.1897900515084,6.9263630158966,8.96820540579986,8.29381584021976,0.372138706897305,2.76494914441874,0.262842129421347,1
"13421","PmetTSAr1.1-018150",1.84339473363365,1.69562938922117,2.17510181606425,1.85338155862621,1.89334754516727,1.21564738646349,1.46676256636914,1.52855309000637,-0.310445007088446,0.818810155826391,0.2541668804752,1
"13422","PmetTSAr1.1-018153",24.7284659389879,22.4299045521538,31.3971218666665,34.9230039403995,26.7617393403451,34.3491063849566,29.0838063160051,32.2694541223568,0.109890402533334,4.88541744519145,0.7135464883497,1
"13423","PmetTSAr1.1-018154",2.78757252403137,2.55831802584247,7.66014117831322,4.18334694661344,4.62413727377392,3.44904607322198,1.80202258153922,2.71742771556688,-0.449087858439388,1.91310022621502,0.245364412392061,1
"13424","PmetTSAr1.1-018155",13.0836065240827,13.5650351137694,12.4831930313253,10.0347372959905,13.8724118213218,11.5910564755821,11.3778867648349,10.8414043235637,-0.0441421376535787,3.60453035850929,0.879740033107421,1
"13425","PmetTSAr1.1-018156",8.63248265506487,12.7023464771481,24.0679744429718,18.4543849480352,15.8021698962038,16.9907925410362,6.03468027306158,10.5300323978217,-0.372473016693075,3.8281217927717,0.341842134619477,1
"13426","PmetTSAr1.1-018157",18.8385949607926,18.4734359773044,21.0417458293172,17.607124806949,16.2026857230661,19.3938164445105,17.9154570606516,18.9653809315605,-0.0669972085952879,4.21833439649386,0.811108011385616,1
"13427","PmetTSAr1.1-018158",12.8588022882737,13.6542787658337,9.78795817228912,10.8555205576678,13.9088223510365,11.7606816922979,12.4465280631895,11.266002404121,0.065636526693828,3.60047196293581,0.820469283547287,1
"13428","PmetTSAr1.1-018160",8.81232604371206,6.99075274503466,6.00517240522086,11.9145957340256,5.02465310063623,10.1209712640448,9.68063293803629,9.87898200763378,0.0407998617000061,3.10840098605906,0.906017216637705,1
"13429","PmetTSAr1.1-018163",4.90073234063579,5.23562758777064,3.21536790200802,5.69252907292335,5.20670574921,4.77777693749603,4.00216643109293,5.40654889242995,0.0191835469151889,2.28382717562339,0.948411136034621,1
"13430","PmetTSAr1.1-018166",23.1548362883251,29.4504051812099,20.2851886759035,26.3444950119011,24.1765917305975,24.7370107710593,24.5997036131052,27.2308902330765,0.0209886957571102,4.64749687522861,0.941914965622484,1
"13431","PmetTSAr1.1-018167",6.47436199129866,6.12806410841336,5.53232418433733,7.01637304337064,6.88159011608875,6.36094562684382,7.08236782046811,7.02002159854779,0.119192968797921,2.7282642353634,0.675941024282581,1
"13432","PmetTSAr1.1-018169",29.5842374324619,39.564685748494,13.7598832277108,17.2629253746327,23.2299179580139,24.2846768598171,31.2839501655588,24.8248344432516,0.0486450917364076,4.67481280287412,0.890740131332515,1
"13433","PmetTSAr1.1-018170",3.46198523145831,5.681845848092,2.03324734979919,4.92469957006392,4.33285303605588,3.56212955103254,5.32225274082515,5.49146850854141,0.20812729118577,2.14585902249367,0.530476942864437,1
"13434","PmetTSAr1.1-018171",36.5082078953785,40.1596434289225,29.1747352285139,35.16129585508,37.2479718981946,33.1617298679458,36.1661741364732,35.411479918481,0.00968719894003559,5.14720158807803,0.974117064529903,1
"13435","PmetTSAr1.1-018172",6.38444029697506,10.4415072915199,3.92464023333332,9.79644538130995,9.57596931498064,9.24457431101302,9.68063293803629,6.51050390187899,0.19178447750831,3.04758108566877,0.573985509943738,1
"13436","PmetTSAr1.1-018173",11.465016026258,16.7183108200403,16.5496877309236,17.5276941687221,12.0882958652988,14.6443103764671,21.0585197028712,14.5778674324682,0.00278962553012107,3.9678296715714,0.995085355582127,1
"13437","PmetTSAr1.1-018174",6.87900961575482,7.25848370122748,6.47802062610439,8.02249446091058,7.9739060075314,7.63313475221258,8.00433286218585,7.10494121465925,0.0992661947412076,2.903814958496,0.725317490269956,1
"13438","PmetTSAr1.1-018176",13.8479409258332,11.7504141884625,9.504249239759,10.9879049547125,10.0128956715577,8.48126083579176,9.07297416054051,10.1337408559682,-0.290079986428966,3.39662401240662,0.315238465400475,1
"13439","PmetTSAr1.1-018177",4.22631963320885,5.38436700787776,4.25563398795179,5.24242212297127,4.1508003874821,4.9756730236645,5.84609651452841,4.64227234742676,0.0363916995014438,2.2951376646265,0.906491415793713,1
"13440","PmetTSAr1.1-018178",2.65268998254598,1.99310822943541,2.69523485903613,4.52754637892973,3.53182138233126,4.21235954844324,1.86488383438361,3.82138272501593,0.168620583734393,1.68975948727174,0.608095763674445,1
"13441","PmetTSAr1.1-018182",6.47436199129866,3.4507545464852,5.24861525180721,4.95117644947286,5.60722157607231,4.29717215680116,3.96025892919667,4.07614157335033,-0.164006689223032,2.26625738995931,0.58926887805961,1
"13442","PmetTSAr1.1-018183",22.3455410394127,34.0018314364877,15.4621368228915,18.6132462244889,23.4119706065876,24.369489468175,19.7803408950352,23.2396682758376,0.00497201918255002,4.50576758049216,0.987427752469613,1
"13443","PmetTSAr1.1-018184",10.4309165415367,15.7366306473333,5.10676078554215,11.5174425428914,9.13904295840357,5.51281954326464,10.916904243976,8.91655969170384,-0.313380061053701,3.28222979518586,0.387824641612547,1
"13444","PmetTSAr1.1-018186",13.1735282184063,14.3979758663693,9.78795817228912,15.4360206954154,10.8139273252823,15.4076238516884,17.978318313496,14.8609328195064,0.16121434400672,3.81282571011928,0.596211591841083,1
"13445","PmetTSAr1.1-018187",15.9161398952759,12.5238591730195,4.49205809839356,15.5948819718691,16.6396120796432,15.9164995018359,7.16618282426063,12.2001181813472,0.0950747671659906,3.65760067454622,0.809508502144967,1
"13446","PmetTSAr1.1-018189",8.81232604371206,14.0707491421336,7.32914742369475,13.3973009809266,10.0128956715577,12.0433903868243,14.1647356409362,12.5681031844968,0.159414334997843,3.53897308277874,0.610365071772734,1
"13447","PmetTSAr1.1-018191",15.3316488821725,17.3430163844902,21.5618788722891,15.0653443836902,18.1688543276629,21.0335268727636,16.3229719885937,14.8892393582102,0.0235221062597404,4.13115971227306,0.938858981551437,1
"13448","PmetTSAr1.1-018192",9.39681705681541,12.5833549410624,7.89656528875499,9.84939914012784,7.90108494810189,10.6015760447397,11.2521642591461,8.88825315300002,-0.0405365277075444,3.30209868280925,0.895293717053788,1
"13449","PmetTSAr1.1-018193",45.8600641050322,48.4593030708999,32.7683817072288,39.2916890428756,45.7316253217326,40.2294472311056,45.8048995726133,51.9708050602167,0.142962390064468,5.453821471496,0.642555316539576,1
"13450","PmetTSAr1.1-018194",12.0495070393614,11.8991536085696,14.8001493136546,13.5561622573802,17.112948965935,16.4819168908887,9.11488166243677,12.0019724104204,0.0638728348646986,3.74782748689372,0.836720453640932,1
"13451","PmetTSAr1.1-018195",9.5316995983008,9.45982711881286,8.18027422128511,10.2995060900799,7.71903229952812,11.1104516948872,10.0997079569989,8.74672045948091,0.00771924824148023,3.24164521478296,0.982100138062181,1
"13452","PmetTSAr1.1-018197",9.44177790397721,12.8213380132338,12.9560412522088,8.23430949618214,13.0349696378824,10.1492421334975,9.40823417571059,8.63349430466562,-0.0761767741126115,3.41156254191541,0.804947339358848,1
"13453","PmetTSAr1.1-018198",2.78757252403137,4.16470376299937,2.45881074859437,3.28313304670928,2.54873708003287,3.64694215939046,3.79262892161162,3.56662387668154,0.0901395890662687,1.7445053915926,0.758577067718001,1
"13454","PmetTSAr1.1-018199",3.14725930132574,3.09377993822811,2.36424110441766,3.20370240848244,3.34976873375749,2.54437825073753,2.40968135903501,2.6042015607516,-0.124487768690014,1.53606131050413,0.659526725711195,1
"13455","PmetTSAr1.1-018202",2.47284659389879,4.34319106712792,2.50609557068272,3.20370240848244,2.87643184746567,1.86587738387419,1.13150255119905,2.09468386408281,-0.672324757419389,1.38907850786728,0.0380899103331363,1
"13456","PmetTSAr1.1-018203",7.1038138515638,14.2194885622407,7.32914742369475,7.62534126977639,6.66312693780021,7.49178040494939,2.43063510998314,6.87848890502868,-0.632517034289313,2.91174427364667,0.0982160361427239,1
"13457","PmetTSAr1.1-018204",16.995200227159,19.4551161500114,195.901017912047,45.0106949952079,29.5289395986665,31.4089359618822,8.50722288494098,28.8160564004905,-1.49688327058952,5.55355476290918,0.0212539705665591,1
"13458","PmetTSAr1.1-018206",12.6339980524647,10.7389861317341,5.8633179389558,7.38704935509588,8.3016007749642,5.93688258505423,5.19653023513636,9.34115777226117,-0.349205234969643,3.04086816964569,0.303737952590133,1
"13459","PmetTSAr1.1-018210",4.58600641050321,3.68873761865659,29.316589694779,9.84939914012784,8.48365342353798,10.0644295251396,2.70303387230883,3.36847810575478,-0.945560411310824,3.17545033220356,0.100841968432235,1
"13460","PmetTSAr1.1-018211",2.51780744106059,2.52857014182105,2.97894379156625,1.85338155862621,1.82052648573776,1.49835608098988,2.97543263463453,1.50024655130255,-0.323397936797847,1.18036704008068,0.272200020927915,1
"13461","PmetTSAr1.1-018212",1.88835558079544,2.70705744594959,2.36424110441766,2.43587290562301,2.62155813946238,2.71400346745336,2.36777385713875,1.64177924482166,-0.015854409878724,1.26638093465331,0.971326120972653,1
"13462","PmetTSAr1.1-018216",1.97827727511903,2.43932648975678,2.50609557068272,2.27701162916934,2.29386337202958,3.56212955103254,2.97543263463453,2.40605578982485,0.29055239139217,1.39019563289169,0.290267569544582,1
"13463","PmetTSAr1.1-018217",1.57362965066287,1.90386457737114,2.64795003694778,1.40327460867413,2.33027390174434,1.83760651442155,2.07442134386492,1.64177924482166,0.0772316130636323,0.988082564258175,0.816123572594117,1
"13464","PmetTSAr1.1-018218",9.5316995983008,11.3934395802054,6.76172955863451,10.749613040032,8.3016007749642,13.8809969012458,14.4790419051582,10.7281781687484,0.30106242012152,3.43317127508514,0.337814321606734,1
"13465","PmetTSAr1.1-018220",9.80146468127158,5.41411489189919,53.9992668248994,27.1123245147605,13.6539486430332,15.4641655905936,2.59826511756818,5.8594535116911,-1.35823721787939,4.06734449059413,0.0277551955538989,1
"13466","PmetTSAr1.1-018221",1.97827727511903,1.99310822943541,1.98596252771084,2.59473418207669,2.14822125317056,1.9506899922321,1.57153132110979,2.66081463815924,-0.0502633296061309,1.11915921351817,0.888742894288067,1
"13467","PmetTSAr1.1-018222",1.84339473363365,3.30201512637807,1.79682323935742,3.68028623784347,2.65796866917713,4.07100520118004,3.85549017445601,3.14202579612421,0.35628018965005,1.64139517793554,0.244151560274044,1
"13468","PmetTSAr1.1-018223",29.2245506551675,38.8507365319799,45.8189926036143,2.91245673498404,20.681180877981,27.9881607581128,35.8518678722513,41.0727876592453,0.105379983053784,4.92385202269494,0.845387133368223,1
"13469","PmetTSAr1.1-018224",5.9348318253571,5.97932468830624,7.61285635622487,6.69865049046329,6.40825322979693,7.0677173631598,5.76228151073589,6.2557450535446,-0.0404357913433029,2.70577390153752,0.890312558642771,1
"13470","PmetTSAr1.1-018226",80.5698381139388,80.1110516696951,34.9907683453814,46.2551083274283,66.8497325562907,23.9171555569328,28.7904538027313,50.5554781250256,-0.508462713241756,5.68809861244944,0.220827604267332,1
"13471","PmetTSAr1.1-018227",6.56428368562225,7.4072231213346,4.53934292048191,5.90434410819491,5.17029521949525,4.09927607063268,5.09176148039571,4.9536442731688,-0.340327967806445,2.46653165792636,0.24512830538629,1
"13472","PmetTSAr1.1-018229",2.74261167686957,2.5880659098639,7.61285635622487,4.15687006720449,2.87643184746567,3.05325390088503,2.51445011377566,1.98145770926752,-0.708311707177499,1.80142204228586,0.0444068562381338,1
"13473","PmetTSAr1.1-018230",45.2755730919288,56.1937529164701,35.3690469220882,43.3691284718532,37.1751508387651,27.6489103246811,39.0368380163671,42.6579538266593,-0.298811763362991,5.35412812713864,0.341087845426197,1
"13474","PmetTSAr1.1-018231",4.54104556334142,4.55142625527789,3.78278576706826,4.20982382602238,4.98824257092147,4.01446346227477,4.00216643109293,5.23670966020702,0.0914447289840259,2.16269072551033,0.741443522838855,1
"13475","PmetTSAr1.1-018232",9.21697366816823,13.9220097220265,4.87033667510038,8.39317077263582,7.50056912123959,10.9973682170766,12.4255743122414,13.6720581939459,0.291136101454217,3.35035026724869,0.404868547385777,1
"13476","PmetTSAr1.1-018233",9.30689536249182,10.0547847992413,8.36941350963852,6.9369424051438,11.8334221572955,9.66863735280261,10.3930604702727,9.45438392707645,0.25428054001403,3.25764673362089,0.381495778865968,1
"13477","PmetTSAr1.1-018234",13.2184890655681,8.2699117579559,30.782419179518,12.3382258045687,18.7878333328137,8.82051126922343,5.9089577673728,7.86921775966244,-0.642544887602434,3.73135737081189,0.143046333898471,1
"13478","PmetTSAr1.1-018235",5.48522335373914,6.663526020799,7.09272331325299,7.04284992277958,5.97132687321986,5.484548673812,7.45953533753446,6.56711697928664,-0.0443308689166097,2.70808693007435,0.881971069913282,1
"13479","PmetTSAr1.1-018236",2.15812066376622,3.80772915474228,2.55338039277107,3.60085559961663,2.40309496117385,3.16633737869559,4.96603897470693,3.9063023411274,0.248898216031943,1.76349503222712,0.423715370866447,1
"13480","PmetTSAr1.1-018237",3.37206353713472,0.862688636621299,3.26265272409637,2.80654921734825,5.38875839778378,2.71400346745336,0.859103788873351,1.24548770296816,-0.0166628119531257,1.38181509233342,0.985566338261698,1
"13481","PmetTSAr1.1-018238",4.22631963320885,5.47361065994203,1.79682323935742,3.30960992611823,2.98566343660993,1.9506899922321,12.9913255878409,4.07614157335033,0.572249856042141,2.22879607696677,0.254964492631977,1
"13482","PmetTSAr1.1-018239",3.05733760700214,3.27226724235665,2.83708932530119,3.36256368493612,3.13130555546895,2.94017042307448,2.07442134386492,2.80234733167835,-0.204114175757391,1.58195529008441,0.458476667693866,1
"13483","PmetTSAr1.1-018242",5.21545827076836,7.4072231213346,14.7528644915662,8.07544821972847,6.40825322979693,5.39973606545409,5.48988274841019,5.26501619891084,-0.650156862632278,2.8677460315353,0.0566500973479878,1
"13484","PmetTSAr1.1-018243",12.7688805939501,18.1164613690473,10.308091215261,13.211962825064,9.94007461212819,16.5101877603413,15.0447931807577,15.7101289806211,0.0717066665957366,3.80948139065051,0.818650989288174,1
"13485","PmetTSAr1.1-018245",7.37357893453458,12.1073887967196,5.48503936224898,9.92882977835468,7.35492700238057,7.54832214385467,12.362713059397,9.11470546263059,0.0580911193671769,3.16727399302274,0.861247701815439,1
"13486","PmetTSAr1.1-018246",2.74261167686957,2.85579686605671,2.36424110441766,2.70064169971247,2.4395054908886,2.28994042566378,2.32586635524249,2.3494427124172,-0.185323234598003,1.36130509516659,0.475279750262512,1
"13487","PmetTSAr1.1-018247",6.11467521400429,9.48957500283429,2.50609557068272,11.4909656634825,6.29902164065266,10.1492421334975,13.012279338789,6.36897120835989,0.272087467800998,3.04644644685546,0.513195439157043,1
"13488","PmetTSAr1.1-018248",1.88835558079544,2.23109130160681,2.31695628232931,1.80042779980831,1.63847383716399,2.85535781471656,4.21170394057423,2.49097540593631,0.455324409009524,1.32237525488788,0.143799469019962,1
"13489","PmetTSAr1.1-018250",17.7595346289095,17.4322600365545,7.61285635622487,8.57850892849844,9.6852009041249,13.0611416871193,11.4617017686274,8.43534853373887,-0.26855488597025,3.56231406759065,0.44100916314888,1
"13490","PmetTSAr1.1-018251",6.42940114413686,8.59713848219156,9.45696441767065,10.4318904871246,8.99340083954455,9.18803257210774,9.28251167002181,7.58615237262422,0.00407177514011235,3.13917183043088,0.99064264013955,1
"13491","PmetTSAr1.1-018254",4.13639793888525,5.9198289202634,5.62689382851404,4.97765332888181,4.62413727377392,3.44904607322198,3.9183514273004,4.89703119576116,-0.293248417929512,2.24861974539672,0.310535200872246,1
"13492","PmetTSAr1.1-018258",18.5688298778218,20.0203259464184,47.0011131558231,25.6825730266774,23.3755600768729,21.5706733923637,21.3309184651969,18.6257024671147,-0.389410342750751,4.61887725643442,0.2500845633981,1
"13493","PmetTSAr1.1-018259",11.5549377205816,11.8991536085696,33.2885147502007,18.6397231038978,15.9842225447776,14.9835608098988,14.45808815421,13.7569778100574,-0.347930574382079,4.0763737068484,0.329169186119119,1
"13494","PmetTSAr1.1-018262",5.88987097819531,5.41411489189919,6.90358402489957,7.62534126977639,5.46157945721329,6.2761330184859,6.76806155624615,6.2557450535446,-0.0603731040577464,2.67516985352402,0.834090151644973,1
"13495","PmetTSAr1.1-018263",10.9254858603165,7.37747523731318,49.4599239044175,36.4057091873005,27.9268762912173,19.9592338335633,5.63655900504711,9.87898200763378,-0.716780666579264,4.39135258348314,0.197607544731406,1
"13496","PmetTSAr1.1-018268",10.8805250131547,15.8258742993976,11.7266358779116,10.7760899194409,10.122127260702,11.5627856061294,15.7991282148904,13.7852843487612,0.0595373031361489,3.65843162974115,0.845848112363408,1
"13497","PmetTSAr1.1-018269",10.0262689170806,11.8694057245482,32.8156665293171,9.69053786367416,11.0688010332856,13.4286629900036,17.7268733021184,16.9556166835892,-0.119352074485903,3.95399130650617,0.763300218535232,1
"13498","PmetTSAr1.1-018270",15.1068446463635,21.7159553356396,18.3465109702811,18.6661999833068,11.6149589790069,27.2531181523442,22.001438495537,20.5222405602707,0.140701412753924,4.28338723712547,0.662472346404706,1
"13499","PmetTSAr1.1-018272",23.9641315372374,25.2857014182105,17.6845234610441,22.452393738786,18.8606543922432,19.0545660110788,18.2926245777179,19.4182855508217,-0.241722009094215,4.37070237594786,0.396361425255059,1
"13500","PmetTSAr1.1-018273",11.3750943319344,4.55142625527789,11.8212055220883,11.7822113369809,8.01031653724616,5.7672573683384,2.87066387989388,4.10444811205415,-0.931578290252904,2.92151052560925,0.0169329384092915,1
"13501","PmetTSAr1.1-018274",6.65420537994584,9.19209616262005,7.2818626016064,7.28114183746009,7.86467441838714,7.01117562425452,7.96242536028959,7.04832813725161,-0.0264665950349162,2.92607344737137,0.931845967731212,1
"13502","PmetTSAr1.1-018276",18.5688298778218,20.6747793948897,16.5496877309236,14.5887605543291,17.0401279065055,11.9020360395611,13.9971056333512,17.2386820706274,-0.226287441739359,4.03361815822525,0.445326313722905,1
"13503","PmetTSAr1.1-018277",20.5021463057791,26.862339271346,13.7125984056224,15.4624975748243,20.82682299684,8.93359474703399,17.3706595360002,22.6735375017612,-0.133658580289255,4.19807252930026,0.705500630239415,1
"13504","PmetTSAr1.1-018278",4.85577149347399,6.57428236873473,4.63391256465862,5.0306070876997,4.62413727377392,4.57988085132755,4.84031646901815,4.27428734427708,-0.205908983108522,2.31879100799121,0.467751837282285,1
"13505","PmetTSAr1.1-018279",12.1843895808468,13.0890689694266,28.3236084309236,14.0327460867413,14.3457487076136,9.21630344156038,11.3359792629386,12.0868920265319,-0.524302858471729,3.8452182543265,0.122881394329434,1
"13506","PmetTSAr1.1-018280",6.56428368562225,6.99075274503466,7.51828671204816,5.0306070876997,6.84517958637399,3.59040042048518,3.33164640075275,3.9063023411274,-0.565497958946909,2.46455367764711,0.0782477526044829,1
"13507","PmetTSAr1.1-018281",12.9037631354355,15.5283954591834,10.6863697919678,14.4298992778755,10.7775167955676,15.3793529822357,17.978318313496,14.1532693519109,0.122087691782396,3.81247149569935,0.685429959129961,1
"13508","PmetTSAr1.1-018283",3.05733760700214,3.2127714743138,4.20834916586344,3.09779489084666,3.56823191204602,2.37475303402169,2.38872760808688,6.17082543743313,0.0957169242024564,1.83494594375955,0.784439482189973,1
"13509","PmetTSAr1.1-018284",2.74261167686957,3.68873761865659,19.1976377678714,5.90434410819491,4.69695833320343,5.484548673812,5.46892899746206,3.56662387668154,-0.710319562600052,2.67378447576725,0.145180057006394,1
"13510","PmetTSAr1.1-018285",4.18135878604705,5.23562758777064,3.02622861365461,3.36256368493612,3.60464244176077,4.01446346227477,4.81936271807002,3.53831733797771,0.015173083222999,2.01388763328593,0.968254621672351,1
"13511","PmetTSAr1.1-018287",4.85577149347399,5.59260219602773,3.30993754618473,2.70064169971247,4.18721091719686,3.76002563720101,4.16979643867797,4.24598080557326,-0.00795743567414574,2.0578265970113,0.98517967699103,1
"13512","PmetTSAr1.1-018288",3.73175031442909,6.45529083264903,2.69523485903613,4.05096254956871,4.22362144691161,3.84483824555893,4.84031646901815,4.07614157335033,-0.00184049162274108,2.10734557172547,1,1
"13513","PmetTSAr1.1-018292",3.77671116159088,4.10520799495653,5.34318489598392,6.24854354051121,5.46157945721329,6.78500866863341,4.90317772186254,4.24598080557326,0.132830617365151,2.37098507672829,0.660272031570896,1
"13514","PmetTSAr1.1-018293",5.44026250657734,6.5445344847133,7.14000813534134,4.44811574070289,5.64363210578707,4.49506824296963,6.20231028064663,6.14251889872931,-0.065172195151324,2.53986718847648,0.823173604966496,1
"13515","PmetTSAr1.1-018294",24.5935833975025,22.4894003201966,14.6582948473895,16.0185120424122,14.3457487076136,15.7186034156674,14.7933481693801,15.1723047452484,-0.37311907488523,4.11110958483308,0.213229660095288,1
"13516","PmetTSAr1.1-018296",8.58752180790308,8.18066810589163,4.58662774257026,5.05708396710865,5.82568475436084,5.79552823779104,4.88222397091441,5.57638812465288,-0.259211049901461,2.61330896357721,0.405652602468322,1
"13517","PmetTSAr1.1-018297",1.93331642795724,3.30201512637807,2.50609557068272,3.83914751429714,3.27694767432797,3.50558781212726,4.12788893678171,2.94388002519746,0.248217132741962,1.70111025502265,0.385919914219839,1
"13518","PmetTSAr1.1-018298",1.88835558079544,2.17159553356396,1.79682323935742,3.83914751429714,2.22104231260007,3.16633737869559,2.45158886093127,2.3494427124172,0.0562847770552088,1.35390774671376,0.854574592443828,1
"13519","PmetTSAr1.1-018299",6.60924453278405,5.71159373211343,5.62689382851404,4.60697701715657,5.17029521949525,4.09927607063268,4.54696395574432,4.61396580872294,-0.289501472490935,2.37227726552504,0.304621470159917,1
"13520","PmetTSAr1.1-018301",27.5160384630193,17.818982528833,14.5637252032128,20.4931046625241,17.2950016145088,10.8842847392661,19.7593871440871,17.776506306,-0.290390468259503,4.1954841428607,0.365553390238987,1
"13521","PmetTSAr1.1-018303",3.28214184281112,4.49193048723504,2.26967146024096,2.59473418207669,3.60464244176077,3.16633737869559,6.16040277875037,3.02879964130892,0.336638480505016,1.86673185814961,0.30492023575422,1
"13522","PmetTSAr1.1-018304",15.2866880350107,13.0890689694266,25.5338039277107,15.7802201277317,15.1831908910529,14.1919764652249,11.7550542819012,16.0781139837707,-0.283673256757843,3.99208366964842,0.36354576022781,1
"13523","PmetTSAr1.1-018305",2.83253337119316,3.42100666246377,2.64795003694778,2.93893361439298,2.73078972860665,2.28994042566378,2.15823634765744,2.12299040278663,-0.356874317520375,1.43380337814812,0.177266093677004,1
"13524","PmetTSAr1.1-018306",13.0386456769209,18.0569656010044,6.24159651566263,11.8616419752077,7.28210594295105,8.82051126922343,15.7991282148904,12.4265704909777,-0.150580482692233,3.55617883478823,0.681560675126749,1
"13525","PmetTSAr1.1-018307",2.20308151092802,1.87411669334972,4.96490631927709,2.11815035271566,2.25745284231483,2.31821129511641,2.57731136662005,2.03807078667516,-0.263470934347014,1.37480683469629,0.409824023123883,1
"13526","PmetTSAr1.1-018308",7.64334401750536,6.4255429486276,4.01920987751002,6.53978921400961,5.42516892749854,5.6259030210752,5.76228151073589,5.63300120206052,-0.135154017746878,2.57217214819467,0.656288468542409,1
"13527","PmetTSAr1.1-018311",11.0603684018019,9.96554114717707,27.1414878787148,15.9390814041854,15.6929383070595,14.3050599430354,7.24999782805315,9.14301200133441,-0.466541438001126,3.79247701623639,0.217969085706732,1
"13528","PmetTSAr1.1-018312",7.37357893453458,5.65209796407058,7.23457777951804,6.75160424928118,5.27952680863951,5.96515345450687,4.63077895953684,4.47243311520383,-0.407503220493011,2.57862097926422,0.152577327787954,1
"13529","PmetTSAr1.1-018314",6.38444029697506,3.15327570627095,4.82305185301203,12.5500408398403,11.1052115630004,11.2518060421504,1.25722505688783,4.78380504094587,0.0739290074116576,2.80186414760769,0.890167061285104,1
"13530","PmetTSAr1.1-018317",1.88835558079544,1.24941112889981,2.74251968112449,2.88597985557509,2.07540019374105,1.80933564496891,1.15245630214718,1.83992501574841,-0.35684461817441,1.00680742797713,0.266137283532105,1
"13531","PmetTSAr1.1-018318",11.0154075546401,13.0295732013838,8.41669833172688,9.63758410485627,9.6852009041249,7.18080084097036,11.0635805006129,9.56761008189174,-0.167472420732792,3.32372140417601,0.577787319367331,1
"13532","PmetTSAr1.1-018319",20.2323812228083,23.8280551011607,30.1677164923694,15.8861276453675,21.4093914722761,26.8855968494599,31.9125626940028,20.805305947309,0.166094733988835,4.58210661217405,0.597214623012325,1
"13533","PmetTSAr1.1-018322",13.7580192315096,12.9105816652981,13.1924653626506,14.1121767249681,14.7826750641906,12.5239951675192,15.2333769392909,13.021007803758,0.0417994727558763,3.78178120582718,0.884083122699635,1
"13534","PmetTSAr1.1-018323",13.5781758428625,21.4779722634682,13.3343198289156,12.0999338898882,16.2755067824956,10.1492421334975,22.0852534993295,17.946345538223,0.135532597971584,3.99424029827432,0.68304255576933,1
"13535","PmetTSAr1.1-018324",2.69765082970777,2.40957860573535,5.1540456076305,6.61921985223645,3.71387403090504,4.9756730236645,3.49927640833779,2.94388002519746,-0.160417628544514,2.02299446988984,0.654072670065785,1
"13536","PmetTSAr1.1-018325",1.57362965066287,1.57663785313548,4.20834916586344,3.57437872020768,2.29386337202958,1.92241912277947,1.11054880025092,1.3021007803758,-0.727945891519677,1.16633406645954,0.0483994744629615,1
"13537","PmetTSAr1.1-018326",14.2975493974512,14.6954547065835,13.1924653626506,9.92882977835468,12.7436854001643,10.5450343058344,20.0317859064128,13.021007803758,0.114298020664276,3.76777094540709,0.718277854273607,1
"13538","PmetTSAr1.1-018327",5.17049742360657,6.03882045634909,4.58662774257026,5.24242212297127,6.9180006458035,5.6259030210752,5.59465150315084,4.52904619261147,0.103863682585175,2.46626469772775,0.713705967474407,1
"13539","PmetTSAr1.1-018328",7.28365724021099,5.62235008004915,4.30291881004014,4.87174581124603,6.1897900515084,4.15581780953796,3.58309141213032,4.21767426686944,-0.28585882027909,2.34536284763142,0.354184728932543,1
"13540","PmetTSAr1.1-018330",10.1611514585659,11.5421790003125,10.1662367489959,9.29338467253998,11.1416220927151,8.25509388017065,12.2160368027601,12.3416508748663,0.0948819817009166,3.41991704709775,0.747475257141469,1
"13541","PmetTSAr1.1-018331",6.24955775548968,9.25159193066289,2.45881074859437,7.20171119923326,5.06106363035098,7.57659301330731,9.8901704475176,6.70864967280575,0.213601321332974,2.7818848054463,0.571384412542997,1
"13542","PmetTSAr1.1-018332",9.12705197384463,9.84654961109138,10.3553760373494,5.87786722878597,8.9569903098298,4.46679737351699,6.1813565296985,7.13324775336307,-0.396570101106549,2.96216642804431,0.220617272681803,1
"13543","PmetTSAr1.1-018333",9.26193451533002,7.97243291774166,7.09272331325299,6.6456967316454,10.6318746767085,10.4602216974765,9.82730919467321,10.3035800881911,0.413182435184306,3.18397952982317,0.14807483346617,1
"13544","PmetTSAr1.1-018334",6.74412707426943,7.02050062905609,5.72146347269074,5.21594524356232,5.82568475436084,4.72123519859075,8.57008413778538,6.6520365953981,0.0634788674845963,2.67204111495421,0.842734957736356,1
"13545","PmetTSAr1.1-018336",12.3192721223322,8.50789483012729,16.8333966634538,18.0042779980831,14.4913908264726,13.8244551623406,9.63872543614003,12.0019724104204,-0.156666225618497,3.72888622259375,0.629885371248639,1
"13546","PmetTSAr1.1-018338",8.49760011357949,8.77562578632011,12.0103448104417,10.723136160623,9.02981136925931,13.089412556572,12.6351118217227,10.0771277785605,0.1655990969164,3.41542073928802,0.580206521794257,1
"13547","PmetTSAr1.1-018339",2.427885746737,3.03428417018526,1.98596252771084,3.07131801143771,2.4395054908886,1.9506899922321,1.48771631731727,1.9531511705637,-0.44571833478294,1.23507043548618,0.117569553790415,1
"13548","PmetTSAr1.1-018340",6.29451860265147,3.03428417018526,27.1887727008031,5.00413020829076,7.71903229952812,3.3925043343167,1.57153132110979,2.85896040908599,-1.41772023329788,2.83652682453383,0.0181209199434952,1
"13549","PmetTSAr1.1-018341",2.02323812228083,3.03428417018526,3.02622861365461,4.36868510247606,1.89334754516727,2.65746172854809,4.96603897470693,3.99122195723886,0.116727135231057,1.73103304411257,0.740800437056448,1
"13550","PmetTSAr1.1-018342",6.24955775548968,6.27680352852048,6.76172955863451,5.48071403765178,6.77235852694448,4.57988085132755,6.3908940391798,4.3025938829809,-0.166917471440154,2.56288932674779,0.57452326074536,1
"13551","PmetTSAr1.1-018343",18.2091431005275,11.2744480441197,13.4761742951807,21.6580873565177,13.5811275836037,14.107163856867,5.65751275599524,12.6247162619045,-0.492877310974604,3.79471655484063,0.162251492818434,1
"13552","PmetTSAr1.1-018344",6.51932283846045,6.60403025275615,6.61987509236945,6.3014972993291,7.60980071038385,5.79552823779104,7.37572033374194,7.18986083077072,0.102973363858326,2.76845565898374,0.716795730543134,1
"13553","PmetTSAr1.1-018348",6.24955775548968,6.69327390482042,2.36424110441766,2.88597985557509,4.62413727377392,2.51610738128489,3.75072141971536,5.54808158594906,-0.148078497347773,2.13383127322633,0.698561050699367,1
"13554","PmetTSAr1.1-018349",10.4309165415367,10.4415072915199,4.3502036321285,11.4644887840735,10.559053617279,10.3188673502133,10.8330892401835,11.4924547137516,0.232887584328923,3.33012473207437,0.480209284973887,1
"13555","PmetTSAr1.1-018350",2.60772913538418,2.85579686605671,5.20133042971886,3.1772255290735,2.47591602060336,2.742274336906,1.88583758533175,2.12299040278663,-0.581300850115693,1.55220540853238,0.0518264640649446,1
"13556","PmetTSAr1.1-018352",16.2308658254084,6.48503871667045,11.5847814116465,16.6804340276359,13.3262538756004,11.7324108228453,4.08598143488545,9.9072885463376,-0.385951809887721,3.49877067468411,0.330066097259713,1
"13557","PmetTSAr1.1-018353",4.8108106463122,6.36604718058476,6.66715991445781,5.48071403765178,5.64363210578707,4.43852650406435,3.9183514273004,5.46316196983759,-0.26342157558663,2.4342802507023,0.366784202396919,1
"13558","PmetTSAr1.1-018354",6.74412707426943,7.22873581720606,6.76172955863451,8.26078637559109,6.51748481894119,7.66140562166522,9.19869666622929,6.2557450535446,0.0314088234892401,2.88658548886254,0.918369569185595,1
"13559","PmetTSAr1.1-018357",4.09143709172346,5.9198289202634,4.30291881004014,4.44811574070289,5.8620952840756,3.84483824555893,4.25361144247049,6.42558428576753,0.114785370847575,2.30934722538165,0.701315588180765,1
"13560","PmetTSAr1.1-018358",4.31624132753244,6.87176120894897,5.1540456076305,5.26889900238021,5.57081104635756,5.42800693490673,6.57947779771298,5.46316196983759,0.0903316586461711,2.49781803908728,0.753601558113994,1
"13561","PmetTSAr1.1-018361",7.05885300440201,10.0547847992413,7.09272331325299,10.5113211253515,8.19236918581994,10.0927003945922,11.8179155347456,10.954630478379,0.239793293149157,3.25461090578979,0.423948001476389,1
"13562","PmetTSAr1.1-018362",16.2308658254084,20.8532666990183,13.7598832277108,16.6804340276359,18.1324437979481,21.8816529563427,24.9140098773272,19.7013509378599,0.325215034196896,4.25472674020937,0.26518351852227,1
"13563","PmetTSAr1.1-018366",9.35185620965362,8.74587790229868,10.7809394361445,8.94918524022368,8.70211660182651,7.15252997151772,6.99855281667559,9.14301200133441,-0.241191768127336,3.13472420370471,0.400797378127175,1
"13564","PmetTSAr1.1-018367",5.03561488212118,6.24705564449906,2.69523485903613,4.63345389656552,4.04156879833783,4.77777693749603,6.85187656003867,5.26501619891084,0.167917526947221,2.32636793272636,0.604548260177018,1
"13565","PmetTSAr1.1-018370",6.33947944981327,6.12806410841336,11.1592180128514,15.3036362983707,8.92057978011504,8.70742779141287,6.49566279392046,2.83065387038217,-0.532236875673506,3.05209078672819,0.188985697026375,1
"13566","PmetTSAr1.1-018371",3.77671116159088,3.77798127072086,2.69523485903613,2.59473418207669,3.31335820404273,2.77054520635864,3.54118391023405,3.36847810575478,0.0183156694530951,1.71867183311331,0.958487041913941,1
"13567","PmetTSAr1.1-018372",2.60772913538418,2.64756167790674,3.30993754618473,3.60085559961663,2.94925290689518,1.92241912277947,1.27817880783596,2.00976424797134,-0.590730066289504,1.37484096690205,0.0503854966858097,1
"13568","PmetTSAr1.1-018373",32.9113401224348,48.9650170992641,17.7790931052208,21.8434255123803,26.2155813946238,35.1689615990832,34.8251340757929,30.6276748775351,0.0617174082221988,4.95933748596762,0.859430380806338,1
"13569","PmetTSAr1.1-018374",1.52866880350107,2.08235188149969,2.08053217188754,1.74747404099042,1.7112948965935,1.47008521153724,1.08959504930279,1.35871385778344,-0.41464185334461,0.756408616451465,0.137520538990146,1
"13570","PmetTSAr1.1-018376",6.51932283846045,5.14638393570637,4.16106434377508,6.5927429728275,5.78927422464609,5.82379910724368,5.97181902021719,5.57638812465288,0.0450240876574293,2.52655239094735,0.883408003874764,1
"13571","PmetTSAr1.1-018379",29.9439242097563,35.7569565937518,25.439234283534,33.4402986934985,28.2181605289353,26.8855968494599,38.7853930049896,36.7418872375606,0.0681873602015186,4.99862587615497,0.82050251250853,1
"13572","PmetTSAr1.1-018381",6.60924453278405,9.60856653891998,5.72146347269074,9.29338467253998,5.38875839778378,7.94411431619162,7.6271653451195,7.24647390817836,-0.149409784938779,2.90669367935793,0.633901415348992,1
"13573","PmetTSAr1.1-018382",2.20308151092802,3.62924185061374,1.89139288353413,2.67416482030353,1.89334754516727,2.48783651183225,2.53540386472379,2.94388002519746,-0.0848512688872843,1.37883339640415,0.788366755309822,1
"13574","PmetTSAr1.1-018384",2.3379640524134,2.20134341758538,2.78980450321284,3.1242717702556,1.89334754516727,3.13806650924295,2.59826511756818,2.23621655760192,-0.0808671291462221,1.38031455365142,0.766291798709299,1
"13575","PmetTSAr1.1-018386",10.2510731528895,17.045537544276,5.76874829477909,12.708902116294,10.559053617279,17.4148555828257,11.4617017686274,11.5773743298631,0.153599397779906,3.60539762100282,0.660055820255888,1
"13576","PmetTSAr1.1-018387",8.04799164196152,5.02739239962067,25.6283735718875,7.75772566682112,10.0493062012725,6.13477867122271,3.77167517066349,5.97267966650638,-0.840471838341598,3.18208510827532,0.069075936429574,1
"13577","PmetTSAr1.1-018388",3.86663285591448,2.64756167790674,8.32212868755017,6.03672850523964,4.76977939263294,4.21235954844324,2.26300510239809,2.32113617371338,-0.622456490911762,2.12095024428075,0.104617064072183,1
"13578","PmetTSAr1.1-018389",2.3379640524134,2.49882225779962,2.2223866381526,3.54790184079874,2.33027390174434,2.51610738128489,3.87644392540414,2.49097540593631,0.0774877243258011,1.48442519357747,0.792506316166947,1
"13579","PmetTSAr1.1-018390",15.4665314236579,17.7297388767688,12.719617141767,11.8616419752077,15.2560119504825,11.2518060421504,13.0332330897372,13.3323797295,-0.128506518000575,3.79603476707902,0.663622782375744,1
"13580","PmetTSAr1.1-018391",12.8588022882737,15.5581433432048,25.297379817269,16.3097577159106,15.7293488367743,15.0966442877093,13.0541868406853,12.8794751102389,-0.30241907876658,3.99103148002761,0.328110108027077,1
"13581","PmetTSAr1.1-018392",8.09295248912332,7.79394561361311,9.92981263855418,9.92882977835468,9.10263242868882,7.91584344673898,7.48048908848259,8.15228314670065,-0.131380939040857,3.1056968645573,0.648658210442296,1
"13582","PmetTSAr1.1-018393",3.46198523145831,3.27226724235665,5.10676078554215,4.63345389656552,3.38617926347224,7.18080084097036,4.88222397091441,3.53831733797771,0.207739121960359,2.1691403112122,0.531890175745116,1
"13583","PmetTSAr1.1-018395",8.67744350222667,11.0662128559698,4.20834916586344,8.26078637559109,5.75286369493133,9.52728300553941,11.5455167724199,10.162047394672,0.198200728501563,3.12504333538442,0.570985785948282,1
"13584","PmetTSAr1.1-018396",4.45112386901783,6.03882045634909,5.72146347269074,5.13651460533548,4.76977939263294,4.89086041530658,5.07080772944758,4.92533773446498,-0.119548748748195,2.37494520840345,0.672753440078844,1
"13585","PmetTSAr1.1-018398",36.8678946726729,41.4090545578223,46.3864104686745,37.8089837959746,41.508003874821,39.6074881031475,36.3757116459546,34.3641379864396,-0.0974686244257987,5.29825726499795,0.742832524142999,1
"13586","PmetTSAr1.1-018399",18.3440256420129,27.427549067753,6.19431169357427,17.8718936010384,16.3847383716399,16.2274790658149,19.5708033855539,18.1444913091497,0.00867543840648552,4.13693462407046,0.981361134941106,1
"13587","PmetTSAr1.1-018400",15.3766097293343,21.7754511036824,15.9822698658634,21.9493330300161,17.5862858522268,21.1183394811215,20.2622771668422,18.257717463965,0.0394011947821441,4.25600638661575,0.892025625977168,1
"13588","PmetTSAr1.1-018403",6.02475351968069,8.53764271414872,5.39046971807227,16.3627114747285,7.90108494810189,11.6193273450347,8.48626913399285,7.75599160484715,-0.0265183502851777,3.18346086457263,0.949739781939016,1
"13589","PmetTSAr1.1-018404",12.8588022882737,16.3018404437404,14.1381618044176,28.0919690528915,16.1298646636366,24.3977603376276,27.0512924740365,17.5500539963695,0.252657633215448,4.29581337875297,0.451162156142703,1
"13590","PmetTSAr1.1-018405",5.12553657644477,7.64520619350599,1.84410806144578,2.96541049380193,3.02207396632469,4.89086041530658,5.55274400125458,4.18936772816561,0.00498963423810621,2.16200312203005,0.994686038108045,1
"13591","PmetTSAr1.1-018406",1.79843388647185,1.27915901292124,2.64795003694778,4.20982382602238,2.91284237718042,3.92965085391685,2.24205135144996,2.3494427124172,0.1939514413346,1.45262496470439,0.582344610876657,1
"13592","PmetTSAr1.1-018407",4.58600641050321,5.47361065994203,5.62689382851404,3.94505503193292,4.66054780348867,4.55160998187491,5.88800401642467,4.10444811205415,-0.0277676476740781,2.29728301887298,0.921229930016103,1
"13593","PmetTSAr1.1-018408",2.20308151092802,3.30201512637807,2.69523485903613,3.65380935843452,2.51232655031811,3.78829650665365,3.96025892919667,3.22694541223568,0.181223689521579,1.69551891184192,0.525235225394427,1
"13594","PmetTSAr1.1-018409",15.2866880350107,23.917298753225,11.5847814116465,15.0123906248723,15.3652435396267,19.2807329666999,25.6683449114599,26.3250809945542,0.396153445770646,4.25771542474226,0.222823760955571,1
"13595","PmetTSAr1.1-018411",10.2510731528895,8.80537367034153,2.50609557068272,12.8942402721566,9.94007461212819,9.61209561389733,3.24783139696023,7.27478044688218,-0.200326470251178,3.023367276483,0.659465722594492,1
"13596","PmetTSAr1.1-018412",3.86663285591448,4.10520799495653,3.73550094497991,3.36256368493612,4.22362144691161,2.91189955362184,2.32586635524249,2.80234733167835,-0.303727914363558,1.79524646454459,0.290106632933839,1
"13597","PmetTSAr1.1-018413",12.1843895808468,14.3384800983264,16.2659787983935,19.8311826773004,11.5057273898627,14.5594977681092,19.2564971213319,18.3709436187803,0.0245396847173703,3.98708883335298,0.938569678182951,1
"13598","PmetTSAr1.1-018415",5.30537996509196,7.10974428112036,2.26967146024096,5.79843659055913,3.05848449603944,5.68244475998048,9.78540169277695,4.3025938829809,0.155675861708209,2.45769974947351,0.700997456711511,1
"13599","PmetTSAr1.1-018416",14.9270012577163,20.3773005546755,7.47100188995981,10.8555205576678,14.1636960590398,13.089412556572,20.4508609253754,15.2855309000637,0.231315451555862,3.87272305534057,0.499759716365468,1
"13600","PmetTSAr1.1-018417",10.7906033188311,9.31108769870574,7.47100188995981,7.36057247568693,8.629295542397,5.96515345450687,9.3453729228662,8.18058968540448,-0.119982940167868,3.07738886801991,0.691483820410621,1
"13601","PmetTSAr1.1-018419",5.71002758954812,6.33629929656333,5.91060276104415,5.21594524356232,4.98824257092147,3.02498303143239,4.27456519341862,5.2084031215032,-0.406042754147263,2.36158492523887,0.165047744481336,1
"13602","PmetTSAr1.1-018421",5.39530165941555,6.18755987645621,5.29590007389556,6.40740481696488,6.62671640808546,5.45627780435937,5.65751275599524,5.46316196983759,-0.00872368230838197,2.5543497940252,0.983074712746508,1
"13603","PmetTSAr1.1-018422",1.84339473363365,1.96336034541399,3.12079825783131,1.93281219685304,2.36668443145909,2.06377347004266,2.38872760808688,2.43436232852867,0.0737537316142975,1.21558787625068,0.808904186627904,1
"13604","PmetTSAr1.1-018424",7.59838317034356,11.2149522760769,4.82305185301203,4.07743942897765,6.66312693780021,3.44904607322198,5.09176148039571,6.53881044058282,-0.35207403155733,2.64163809185025,0.336792056926042,1
"13605","PmetTSAr1.1-018426",3.23718099564933,2.73680532997102,2.2223866381526,3.28313304670928,2.84002131775091,2.43129477292697,2.64017261946444,2.46266886723249,-0.151769731216639,1.48195838005844,0.585925446698846,1
"13606","PmetTSAr1.1-018427",1.93331642795724,2.08235188149969,1.74953841726907,2.46234978503196,2.33027390174434,2.51610738128489,2.26300510239809,1.89653809315605,0.118988902748357,1.15041984680155,0.655405221943586,1
"13607","PmetTSAr1.1-018428",6.65420537994584,9.22184404664147,1.65496877309236,4.23630070543133,3.38617926347224,4.3254430262538,20.1994159139978,7.04832813725161,0.683407395903271,2.84417038360441,0.207090233839216,1
"13608","PmetTSAr1.1-018429",6.38444029697506,7.88318926567739,5.53232418433733,7.44000311391377,7.60980071038385,5.31492345709617,7.60621159417137,6.05759928261785,-0.0378309097848953,2.76416273268746,0.90334042747999,1
"13609","PmetTSAr1.1-018430",1.61859049782466,1.69562938922117,1.65496877309236,1.66804340276359,1.7112948965935,1.24391825591612,1.19436380404344,1.38702039648726,-0.273444200559199,0.658988596729072,0.333658076739717,1
"13610","PmetTSAr1.1-018431",2.87749421835496,3.80772915474228,4.11377952168673,2.27701162916934,3.24053714461322,3.13806650924295,3.12210889127144,3.36847810575478,-0.0179617744499545,1.72287070581003,0.949515367182312,1
"13611","PmetTSAr1.1-018432",8.72240434938847,11.3339438121626,9.74067335020077,9.87587601953678,8.9569903098298,10.4319508280239,14.6466719127432,11.5207612524554,0.199970253294081,3.42259655637041,0.500929998408647,1
"13612","PmetTSAr1.1-018433",4.04647624456166,4.46218260321361,5.67417865060239,3.70676311725241,4.62413727377392,4.07100520118004,4.54696395574432,4.35920696038854,-0.0194945299864145,2.1680156971364,0.948275973813366,1
"13613","PmetTSAr1.1-018434",31.337710471772,38.999475952087,47.0483979779115,25.391327353179,24.5042864980303,21.5706733923637,24.5787498621571,27.5988752362262,-0.538599648426703,4.91547873097679,0.0807491440581446,1
"13614","PmetTSAr1.1-018435",4.7208889519886,5.29512335581349,6.38345098192769,6.14263602287543,5.64363210578707,4.86258954585394,4.56791770669245,4.16106118946179,-0.230828693016593,2.40057431216913,0.417524226438355,1
"13615","PmetTSAr1.1-018440",13.6231366900243,14.4872195184335,10.7809394361445,12.6294714780671,11.906243216725,12.2412864729928,11.9017305385381,11.9736658717166,-0.102098286909054,3.6444373320911,0.72026113966433,1
"13616","PmetTSAr1.1-018443",20.0974986813229,15.7961264153762,69.3668340036142,45.7520476186583,41.9085197016833,31.8612698731244,19.3822196270207,15.8516616741402,-0.470337402909982,5.02440345237988,0.300989161988401,1
"13617","PmetTSAr1.1-018444",4.31624132753244,7.34772735329175,11.3956421232931,6.22206666110226,6.26261111093791,5.00394389311714,6.1813565296985,7.04832813725161,-0.255494183800013,2.7606377984909,0.44393924311752,1
"13618","PmetTSAr1.1-018446",10.4309165415367,14.516967402455,8.0857045771084,11.3850581458467,11.5421379195774,12.8915164704035,15.4010069468759,13.2757666520924,0.256306873669242,3.61615333716112,0.393643405525105,1
"13619","PmetTSAr1.1-018449",5.21545827076836,8.2699117579559,3.6409313008032,4.20982382602238,3.49541085261651,4.12754694008532,5.80418901263215,4.58565927001912,-0.244390544080993,2.31774357927713,0.458471458707101,1
"13620","PmetTSAr1.1-018450",7.73326571182895,5.50335854396346,6.00517240522086,8.57850892849844,5.31593733835427,6.98290475480188,6.72615405434989,6.85018236632486,-0.104261113436688,2.76023119062902,0.724574416195537,1
"13621","PmetTSAr1.1-018451",6.92397046291662,9.07310462653435,8.65312244216864,8.71089332554317,7.35492700238057,10.2057838724028,6.91473781288307,6.99171505984396,-0.085561605059648,3.02955813418544,0.77618856576879,1
"13622","PmetTSAr1.1-018453",11.8247028035524,12.7320943611695,18.1100868598393,15.4624975748243,14.8190855939054,14.107163856867,13.0332330897372,13.7003647326497,-0.0625462364346019,3.83615534479085,0.831166320424287,1
"13623","PmetTSAr1.1-018455",7.91310910047614,9.31108769870574,6.47802062610439,9.29338467253998,13.1077906973119,8.48126083579176,6.45375529202419,5.88776005039492,0.0357305692132669,3.0748730517755,0.911471992848752,1
"13624","PmetTSAr1.1-018457",8.3627175720941,9.51932288685571,4.82305185301203,6.22206666110226,5.97132687321986,7.57659301330731,5.78323526168402,4.21767426686944,-0.298228048404025,2.7269309695283,0.358804481109597,1
"13625","PmetTSAr1.1-018458",5.62010589522453,6.30655141254191,3.40450719036143,4.92469957006392,5.13388468978049,4.09927607063268,5.59465150315084,5.12348350539173,-0.024536967638538,2.34797577002037,0.945051334192625,1
"13626","PmetTSAr1.1-018459",12.4541546638176,14.6954547065835,13.5707439393574,13.185485945655,13.2534328161709,9.04667822484454,15.1076544336021,13.1908470359809,-0.0912647971673006,3.71427444099453,0.75780484332929,1
"13627","PmetTSAr1.1-018460",5.21545827076836,5.38436700787776,11.915775166265,7.04284992277958,6.40825322979693,7.0677173631598,7.22904407710502,5.40654889242995,-0.175287443251632,2.81003700118038,0.593366007039857,1
"13628","PmetTSAr1.1-018462",34.4849697730977,6.90150909297039,33.7613629710842,21.022642250703,32.5510135649912,12.4674534286139,1.96965258912427,8.77502699818473,-0.786784846379461,4.24919885600846,0.197639384570894,1
"13629","PmetTSAr1.1-018464",22.6153061223835,26.4161210110246,12.1049144546184,10.8819974370767,21.1181072345581,12.1282029951822,26.2969574399038,16.7574709126625,0.0835172366662436,4.2175770713275,0.819972123401528,1
"13630","PmetTSAr1.1-018465",11.1952509432873,14.5467152864764,12.4831930313253,8.18135573736425,10.5226430875643,8.82051126922343,11.6083780252643,9.93559508504142,-0.181660607592848,3.45550027884782,0.545768852804339,1
"13631","PmetTSAr1.1-018467",12.4991155109794,15.2011687349477,2.17510181606425,7.33409559627799,11.8698326870102,6.86982127699133,11.4407480176793,14.7194001259873,0.26940202611027,3.36928638437987,0.552586300772364,1
"13632","PmetTSAr1.1-018471",17.3099261572915,19.2766288458828,19.5759163445782,16.8128184246806,17.3314121442235,21.4293190451005,21.4985484727819,16.8706970674777,0.0804739976806918,4.23467871834993,0.778228038702617,1
"13633","PmetTSAr1.1-018472",9.35185620965362,9.45982711881286,18.2519413261043,9.26690779313103,14.6734434750464,8.90532387758135,8.1091016169265,7.58615237262422,-0.237865574378244,3.42590807757954,0.490696286040552,1
"13634","PmetTSAr1.1-018473",14.6122753275838,10.6199945956484,26.1485066148593,20.8373040948403,16.4575594310694,20.920443394953,13.1170480935297,14.2098824293185,-0.157947609451512,4.10176993584578,0.641052693819048,1
"13635","PmetTSAr1.1-018474",8.27279587777051,4.64066990734216,13.0506108963855,10.4583673665336,8.92057978011504,11.0256390865293,6.01372652211345,6.99171505984396,-0.143499683077938,3.12498349271015,0.686387412027542,1
"13636","PmetTSAr1.1-018475",8.13791333628512,5.62235008004915,11.8684903441767,10.6966592812141,8.88416925040029,10.0927003945922,5.86705026547654,5.97267966650638,-0.237290274634487,3.07827214994853,0.479353564920154,1
"13637","PmetTSAr1.1-018477",3.10229845416394,4.55142625527789,1.79682323935742,2.06519659389777,3.64105297147553,2.00723173113738,3.24783139696023,3.0004931026051,0.0404112850904956,1.58063109918075,0.905342981916947,1
"13638","PmetTSAr1.1-018478",3.19222014848753,3.53999819854947,2.31695628232931,2.11815035271566,2.7672002583214,2.28994042566378,2.76589512515323,2.63250809945542,-0.0947384549780224,1.46636039298276,0.744473165389327,1
"13639","PmetTSAr1.1-018479",5.9348318253571,4.96789663157782,3.83007058915661,5.08356084651759,5.31593733835427,4.9756730236645,5.07080772944758,5.49146850854141,0.0722506417652279,2.36358599375424,0.797309543430239,1
"13640","PmetTSAr1.1-018480",7.1038138515638,4.31344318310649,6.76172955863451,12.4970870810224,3.27694767432797,5.6259030210752,3.14306264221958,8.66180084336944,-0.5682311499006,2.69689042364477,0.155957676887201,1
"13641","PmetTSAr1.1-018484",14.117706008804,25.1667098821248,4.25563398795179,7.65181814918534,12.4888116921611,8.6508860525076,17.9573645625478,17.7198932285924,0.149468983225412,3.76282314877702,0.740857525748583,1
"13642","PmetTSAr1.1-018486",4.94569318779758,7.88318926567739,2.88437414738955,6.43388169637383,5.09747416006574,7.15252997151772,9.3453729228662,7.69937852743951,0.399341346565369,2.70230149789574,0.247343110685928,1
"13643","PmetTSAr1.1-018488",13.4432933013771,12.5833549410624,14.7055796694779,19.3810757273483,13.6175381133185,16.7363547159624,15.6524519582535,14.8609328195064,0.0174215702824431,3.92483919048283,0.953720011831977,1
"13644","PmetTSAr1.1-018489",18.5688298778218,13.8327660699622,14.7528644915662,12.7883327545208,16.2026857230661,11.364889519961,10.7911817382872,11.9736658717166,-0.252077859463744,3.79039954068883,0.397817896068904,1
"13645","PmetTSAr1.1-018490",8.3177567249323,6.81226544090612,6.38345098192769,5.05708396710865,7.31851647266581,5.79552823779104,5.6994202578915,5.91606658909874,-0.10239441244068,2.69318795921782,0.728249900256731,1
"13646","PmetTSAr1.1-018491",3.32710268997292,2.67730956192817,11.5847814116465,8.41964765204476,5.31593733835427,8.82051126922343,5.40606774461767,3.93460887983122,-0.145955991608498,2.64174742748941,0.735857196042975,1
"13647","PmetTSAr1.1-018492",3.05733760700214,3.51025031452804,2.78980450321284,4.18334694661344,2.51232655031811,3.59040042048518,2.51445011377566,2.26452309630574,-0.322498623262615,1.63969725458535,0.257713564725403,1
"13648","PmetTSAr1.1-018493",1.88835558079544,1.63613362117833,3.40450719036143,2.03871971448883,2.29386337202958,1.92241912277947,1.84393008343548,1.38702039648726,-0.258728570623009,1.07261873815951,0.384911741662395,1
"13649","PmetTSAr1.1-018496",5.84491013103351,6.93125697699181,6.09974204939757,7.44000311391377,6.73594799722972,7.09598823261244,7.81574910365268,5.03856388928027,0.0186817366406535,2.74220638463154,0.952749235112013,1
"13650","PmetTSAr1.1-018504",20.4122246114555,28.4389771244814,17.7790931052208,16.9981565805432,15.9114014853481,16.8211673243203,23.5520160656987,22.390472114723,-0.0879120823567778,4.34718757167432,0.775633834237743,1
"13651","PmetTSAr1.1-018505",18.6137907249836,15.4094039230977,14.4218707369477,14.2445611220128,19.2247596893908,18.0368147107838,17.014445769882,16.4177924482166,0.173578789189286,4.0646878272284,0.543184218113194,1
"13652","PmetTSAr1.1-018506",7.1487746987256,7.76419772959169,8.0857045771084,4.71288453479235,7.02723223494777,6.4174873657491,5.9089577673728,5.63300120206052,-0.147456718362748,2.73155931404135,0.623571031191534,1
"13653","PmetTSAr1.1-018507",7.59838317034356,7.49646677339887,8.7949769084337,5.0306070876997,7.10005329437728,5.00394389311714,5.07080772944758,5.46316196983759,-0.351993790702369,2.6992662824837,0.246400928570385,1
"13654","PmetTSAr1.1-018510",9.39681705681541,10.2332721033699,9.40967959558229,7.91658694327479,10.7775167955676,10.7146595225503,11.2731180100942,9.56761008189174,0.196572577312259,3.31818435001779,0.489631435421968,1
"13655","PmetTSAr1.1-018511",9.08209112668284,10.4117594074984,9.26782512931723,12.4441333222045,9.28468507726259,10.7429303920029,11.6921930290568,11.3226154815287,0.0617639329792912,3.40578069398048,0.831283794288764,1
"13656","PmetTSAr1.1-018512",2.92245506551675,4.16470376299937,2.60066521485943,5.24242212297127,3.64105297147553,4.80604780694866,4.27456519341862,3.73646310890447,0.130877714699695,1.99838264122837,0.66288562054333,1
"13657","PmetTSAr1.1-018515",16.7254351441882,11.8991536085696,182.755837371485,42.4689145719491,17.1857700253645,35.8757333353991,4.69364021238123,37.8741487857135,-1.40814370804712,5.44953639256383,0.0517639776026163,1
"13658","PmetTSAr1.1-018516",10.8805250131547,11.6611705363982,8.46398315381523,7.5723875109585,8.99340083954455,8.00065605509689,6.1813565296985,8.46365507244269,-0.287178226705827,3.14285954890916,0.339199827366806,1
"13659","PmetTSAr1.1-018518",12.2293504280086,12.2561282168267,15.8404153995983,18.6397231038978,13.5083065241742,17.0473342799414,12.1531755499157,12.3982639522739,-0.0984442324271102,3.84004109384535,0.744871526424743,1
"13660","PmetTSAr1.1-018520",9.26193451533002,8.00218080176308,6.09974204939757,8.10192509913741,8.26519024524945,8.22682301071801,9.01011290769612,8.43534853373887,0.108644583517108,3.04259498372499,0.70860848360944,1
"13661","PmetTSAr1.1-018521",19.1083600437634,15.3201602710334,17.8736627493975,16.9452028217253,16.967306847076,9.951346047329,8.21387037166716,13.1908470359809,-0.520213605694585,3.88220375035006,0.0968785143903518,1
"13662","PmetTSAr1.1-018522",11.5099768734198,11.4231874642269,11.3483573012048,6.69865049046329,8.44724289382322,7.29388431878091,8.52817663588911,7.04832813725161,-0.385768527247412,3.18420048393219,0.20077389789658,1
"13663","PmetTSAr1.1-018523",7.1487746987256,8.80537367034153,4.63391256465862,6.46035857578278,5.64363210578707,4.15581780953796,2.87066387989388,6.62373005669428,-0.492384633122219,2.54853807444184,0.146183738990787,1
"13664","PmetTSAr1.1-018524",4.40616302185603,3.36151089442092,13.1451805405622,7.81067942563901,6.95441117551826,5.14529824038033,1.00578004551026,2.57589502204778,-0.875211564539417,2.48186333316836,0.088789896620445,1
"13665","PmetTSAr1.1-018525",5.08057572928297,4.99764451559925,20.474327964257,5.53366779646967,4.55131621434441,5.88034084614895,6.07658777495785,4.72719196353823,-0.759885593580389,2.84824934204025,0.0801219178695387,1
"13666","PmetTSAr1.1-018526",2.15812066376622,2.70705744594959,1.74953841726907,2.51530354384985,1.85693701545252,1.07429303920029,1.94869883817614,1.47194001259873,-0.53171375120771,0.997696380137458,0.0664823098502302,1
"13667","PmetTSAr1.1-018527",8.85728689087386,9.48957500283429,4.20834916586344,5.69252907292335,5.78927422464609,4.63642259023283,11.0635805006129,8.15228314670065,0.0705271308003892,2.86897628515274,0.847348870402221,1
"13668","PmetTSAr1.1-018528",3.86663285591448,4.58117413929931,4.16106434377508,3.33608680552717,4.18721091719686,2.8836286841692,4.08598143488545,3.82138272501593,-0.0894070436988174,1.97264425188615,0.747043282393099,1
"13669","PmetTSAr1.1-018530",4.27128048037064,2.88554475007814,2.1278169939759,1.98576595567094,1.92975807488203,1.24391825591612,1.69725382679857,2.40605578982485,-0.625748017230629,1.24403516610277,0.0477850772272499,1
"13670","PmetTSAr1.1-018531",6.96893131007841,9.63831442294141,11.915775166265,11.6763038193451,8.84775872068553,12.4109116897086,12.1531755499157,10.1903539333758,0.117290259950452,3.3980439919178,0.702389991900544,1
"13671","PmetTSAr1.1-018533",4.04647624456166,3.80772915474228,4.11377952168673,5.45423715824283,4.44208462520014,3.61867128993782,3.66690641592284,4.21767426686944,-0.132842946124907,2.08145124705849,0.639481721144241,1
"13672","PmetTSAr1.1-018535",8.40767841925589,9.04335674251293,6.43073580401604,5.08356084651759,8.48365342353798,3.70348389829574,3.01734013653079,7.24647390817836,-0.370545923361666,2.69535710477425,0.317218143579362,1
"13673","PmetTSAr1.1-018537",10.4758773886985,14.308732214305,5.81603311686745,7.14875744041537,7.82826388867238,9.13149083320246,13.158955595426,8.63349430466562,0.0377729070014831,3.267849054217,0.914734894643379,1
"13674","PmetTSAr1.1-018538",14.342510244613,14.0410012581122,9.26782512931723,12.8677633927477,11.8334221572955,11.67586908394,8.71676039442229,12.2567312587548,-0.185233696472493,3.57717271771472,0.536924701475641,1
"13675","PmetTSAr1.1-018539",4.94569318779758,9.0136088584915,5.39046971807227,11.3321043870288,4.62413727377392,8.76396953031815,12.048406795175,12.3133443361624,0.296505670576988,3.11009601923699,0.430848511246117,1
"13676","PmetTSAr1.1-018541",6.56428368562225,5.32487123983491,3.87735541124497,5.34832964060705,5.24311627892476,6.61538345191757,6.30707903538728,5.26501619891084,0.150312265578582,2.49397327959128,0.611682928901267,1
"13677","PmetTSAr1.1-018544",2.20308151092802,1.93361246139257,1.74953841726907,1.42975148808307,1.78411595602301,1.86587738387419,0.963872543614003,1.3021007803758,-0.311181873640475,0.771312097165932,0.301335793947577,1
"13678","PmetTSAr1.1-018546",8.3627175720941,9.66806230696283,7.56557153413652,8.55203204908949,8.44724289382322,7.91584344673898,7.98337911123772,8.46365507244269,-0.0591862534939185,3.07592386927011,0.83863868687481,1
"13679","PmetTSAr1.1-018547",2.56276828822238,2.5880659098639,2.50609557068272,3.78619375547925,1.96616860459678,2.45956564237961,2.24205135144996,2.83065387038217,-0.274909031027505,1.42303949497504,0.318006585196674,1
"13680","PmetTSAr1.1-018548",19.1533208909252,25.3749450702748,9.97709746064253,14.0856998455592,16.3483278419251,11.9303069090137,13.4523081086998,15.2855309000637,-0.267958327814232,3.97847116800232,0.420893726829878,1
"13681","PmetTSAr1.1-018549",3.10229845416394,3.24251935833523,2.55338039277107,3.33608680552717,2.73078972860665,3.16633737869559,2.76589512515323,2.63250809945542,-0.120165678698549,1.58693751500294,0.661476799924259,1
"13682","PmetTSAr1.1-018550",6.60924453278405,7.85344138165596,2.69523485903613,3.15074864966455,3.8231056200493,2.8836286841692,5.40606774461767,6.2557450535446,-0.14443260374839,2.29245114010325,0.705618515957555,1
"13683","PmetTSAr1.1-018552",2.65268998254598,4.84890509549213,1.93867770562248,5.374806520016,1.96616860459678,4.72123519859075,5.76228151073589,3.31186502834714,0.0845496945633882,1.96445879115081,0.827947179615321,1
"13684","PmetTSAr1.1-018553",7.23869639304919,5.74134161613485,5.91060276104415,5.98377474642175,7.17287435380679,6.36094562684382,6.55852404676485,6.39727774706371,0.0915175721972035,2.6961412937846,0.749416913716647,1
"13685","PmetTSAr1.1-018554",18.7936341136308,17.7297388767688,12.9560412522088,12.708902116294,13.3626644053152,12.2412864729928,11.0007192477685,12.539796645793,-0.339804847120407,3.80449069651632,0.248264971523967,1
"13686","PmetTSAr1.1-018556",18.2091431005275,13.5650351137694,25.297379817269,13.5032084985624,21.6642651802794,14.3898725513934,10.7702279873391,14.0117366583917,-0.21371492477011,4.04194195778419,0.521698697406504,1
"13687","PmetTSAr1.1-018558",2.29300320525161,2.94504051812099,2.36424110441766,4.97765332888181,2.29386337202958,3.25114998705351,1.32008630973222,1.16056808685669,-0.662283595476099,1.3998587148139,0.0710362543028188,1
"13688","PmetTSAr1.1-018559",3.14725930132574,3.62924185061374,2.2223866381526,3.25665616730033,1.96616860459678,2.62919085909545,4.16979643867797,2.68912117686306,-0.094867227413212,1.6007250593137,0.757216894908455,1
"13689","PmetTSAr1.1-018560",7.82318740615254,9.63831442294141,10.6390849698795,12.0469801310703,9.24827454754784,10.4884925669291,10.4140142212209,9.48269046578027,-0.0194986394243667,3.327302124071,0.95028772541275,1
"13690","PmetTSAr1.1-018561",1.75347303931005,1.24941112889981,1.56039912891566,1.35032084985624,1.49283171830497,1.41354347263196,1.92774508722801,1.52855309000637,0.126049062064403,0.674150927336312,0.698727843336317,1
"13691","PmetTSAr1.1-018562",3.28214184281112,4.37293895114934,1.98596252771084,2.93893361439298,2.00257913431154,1.9506899922321,4.21170394057423,4.64227234742676,0.0256428352474391,1.69788447217932,0.94280124635341,1
"13692","PmetTSAr1.1-018563",9.80146468127158,11.155456508034,8.36941350963852,9.1345233960863,9.57596931498064,10.8842847392661,11.6712392781087,9.08639892392677,0.0996838211891553,3.32557709710071,0.730177783143514,1
"13693","PmetTSAr1.1-018565",9.66658213978619,15.8853700674405,2.36424110441766,4.63345389656552,4.04156879833783,5.45627780435937,2.64017261946444,10.5866454752293,-0.519974148770246,2.80166725692687,0.310212612935987,1
"13694","PmetTSAr1.1-018566",2.69765082970777,3.92672069082798,3.21536790200802,3.57437872020768,3.96874773890832,2.82708694526392,3.75072141971536,3.34017156705096,0.0433184769236323,1.79794077514747,0.872381376465381,1
"13695","PmetTSAr1.1-018568",12.0944678865232,11.7801620724839,9.17325548514053,11.226196869393,11.760601097866,9.52728300553941,9.26155791907368,9.53930354318792,-0.14479371849953,3.40667772180198,0.616972717732504,1
"13696","PmetTSAr1.1-018569",3.95655455023807,4.37293895114934,2.55338039277107,2.80654921734825,3.53182138233126,2.62919085909545,2.82875637799762,3.51001079927389,-0.135502256738073,1.73704841489602,0.649708870446449,1
"13697","PmetTSAr1.1-018570",3.73175031442909,4.52167837125646,4.20834916586344,2.59473418207669,3.02207396632469,2.57264912019017,2.51445011377566,3.56662387668154,-0.364851364293665,1.76358416822776,0.202761845546419,1
"13698","PmetTSAr1.1-018571",4.7658497991504,5.97932468830624,4.4447732763052,2.99188737321088,5.35234786806902,3.33596259541143,3.26878514790836,3.56662387668154,-0.230812434026644,2.09336351867687,0.463698281668293,1
"13699","PmetTSAr1.1-018572",2.51780744106059,2.5880659098639,3.16808307991967,1.74747404099042,2.11181072345581,1.63971042825307,1.67630007585044,1.92484463185988,-0.439357642194172,1.15204361664741,0.112082047429459,1
"13700","PmetTSAr1.1-018573",1.66355134498646,2.26083918562823,1.5131143068273,1.03259829694889,1.96616860459678,1.3004599948214,1.52962381921353,1.92484463185988,0.0511492965305058,0.772881587721052,0.869103863037835,1
"13701","PmetTSAr1.1-018574",4.49608471617962,5.89008103624197,4.39748845421685,3.33608680552717,4.1508003874821,3.27942085650615,3.18497014411584,3.59493041538536,-0.352761521591863,2.03461643345106,0.220794154775316,1
"13702","PmetTSAr1.1-018575",2.83253337119316,4.13495587897795,3.02622861365461,1.80042779980831,3.49541085261651,2.17685694785322,2.11632884576118,2.37774925112102,-0.219051815270762,1.48537691817064,0.486666401403619,1
"13703","PmetTSAr1.1-018576",3.32710268997292,3.71848550267801,2.60066521485943,2.09167347330672,3.20412661489846,1.83760651442155,2.32586635524249,3.02879964130892,-0.177747001890678,1.49743591129531,0.553076439702692,1
"13704","PmetTSAr1.1-018580",11.9595853450378,14.9631856627763,15.5567064670682,12.4441333222045,12.5252222218758,13.5134755983615,13.9132906295587,15.3138374387675,0.00945840843871993,3.79028049736888,0.976691499500606,1
"13705","PmetTSAr1.1-018581",11.689820262067,13.5650351137694,13.2870350068273,10.4848442459425,13.1077906973119,7.91584344673898,8.8634366510592,12.4548770296816,-0.212223007335915,3.52058885341533,0.483253337060985,1
"13706","PmetTSAr1.1-018582",20.3672637642937,25.880659098639,21.5145940502007,19.036876295032,21.1545177642728,18.6587738387419,17.3706595360002,18.3426370800765,-0.201194915658733,4.34690424013187,0.480712315118288,1
"13707","PmetTSAr1.1-018583",5.12553657644477,6.5445344847133,8.18027422128511,7.83715630504796,5.64363210578707,8.17028127181273,9.51300293045125,6.56711697928664,0.112014718050289,2.8609644723532,0.717356027259521,1
"13708","PmetTSAr1.1-018585",6.65420537994584,9.81680172706995,8.13298939919676,10.5377980047604,5.64363210578707,8.14201040236009,11.4407480176793,9.11470546263059,-0.0333484858572637,3.13029763173689,0.919340912383891,1
"13709","PmetTSAr1.1-018586",4.49608471617962,3.89697280680656,5.76874829477909,4.79231517301919,4.51490568462965,3.02498303143239,3.08020138937518,2.88726694778981,-0.489908480151709,2.03866566622231,0.0915270938054229,1
"13710","PmetTSAr1.1-018587",5.30537996509196,5.32487123983491,4.63391256465862,11.5439194223004,9.53955878526588,8.67915692196024,5.61560525409897,5.3499358150223,0.116043875906724,2.8211172590291,0.743471082148206,1
"13711","PmetTSAr1.1-018588",9.62162129262439,8.12117233784878,6.47802062610439,11.8086882163898,10.1949483201315,9.47074126663413,5.02890022755132,9.22793161744588,-0.0907613974220484,3.13830601005177,0.788665502104287,1
"13712","PmetTSAr1.1-018590",1.79843388647185,3.12352782224953,2.83708932530119,2.88597985557509,2.65796866917713,2.14858607840058,2.57731136662005,2.20791001889809,-0.158305462317916,1.37447810661316,0.581266212038187,1
"13713","PmetTSAr1.1-018592",18.5688298778218,21.8051989877039,7.89656528875499,9.1345233960863,13.6175381133185,8.45298996633912,7.73193409986016,11.6622939459745,-0.470744732844078,3.63389638109238,0.206073266266919,1
"13714","PmetTSAr1.1-018593",11.1502900961255,13.3865478096408,16.7861118413654,11.7557344575719,12.9621485784529,9.27284518046566,14.0390131352474,12.0302789491242,-0.134900060940404,3.67025659978553,0.651554719101209,1
"13715","PmetTSAr1.1-018595",8.18287418344691,10.1142805672842,12.577762675502,9.82292226071889,9.17545348811833,11.3083477810557,6.34898653728354,10.8697108622675,-0.110687887518567,3.30116813835142,0.722507478136069,1
"13716","PmetTSAr1.1-018596",18.4789081834982,23.3520889568179,14.327301092771,16.0449889218212,17.8047490305153,16.1709373269096,22.797681031566,22.8433767339841,0.14071759244959,4.25132383878781,0.640181336354834,1
"13717","PmetTSAr1.1-018597",16.995200227159,23.4115847248608,17.4953841726907,18.9839225362141,19.5888649865383,19.2524620972473,23.0491260429436,20.8619190247166,0.105552462068774,4.32347520701909,0.712178273278321,1
"13718","PmetTSAr1.1-018599",8.49760011357949,4.31344318310649,7.94385011084334,10.0876910548083,7.10005329437728,5.51281954326464,1.48771631731727,6.70864967280575,-0.570440959333886,2.70151669642728,0.180526612705303,1
"13719","PmetTSAr1.1-018600",15.0618837992017,19.6633513381613,14.989288602008,11.4380119046646,13.5811275836037,11.3083477810557,23.4053398090618,18.3426370800765,0.124916154964342,4.00364934894193,0.703339636268309,1
"13720","PmetTSAr1.1-018601",6.87900961575482,8.29965964197732,5.1540456076305,6.32797417873805,6.48107428922644,5.28665258764353,8.52817663588911,7.07663467595543,0.0373337266978999,2.7699533047294,0.901568658807714,1
"13721","PmetTSAr1.1-018603",3.37206353713472,4.04571222691368,1.93867770562248,2.46234978503196,2.65796866917713,2.37475303402169,4.71459396332936,4.01952849594268,0.220858829698442,1.70865456177229,0.498044218445327,1
"13722","PmetTSAr1.1-018604",3.91159370307627,6.21730776047764,8.27484386546182,4.60697701715657,6.00773740293462,4.26890128734852,5.67846650694337,5.8594535116911,-0.0750508827473691,2.50084684970149,0.815494350503975,1
"13723","PmetTSAr1.1-018605",13.8479409258332,13.8327660699622,10.5918001477911,7.5723875109585,13.4354854647447,9.55555387499205,11.1683492553536,10.3601931655987,-0.0418712937854893,3.50491122403259,0.893830881161243,1
"13724","PmetTSAr1.1-018607",5.17049742360657,5.26537547179207,2.78980450321284,4.31573134365817,5.24311627892476,5.08875650147506,4.29551894436675,4.58565927001912,0.126439257113111,2.21989222351191,0.668604639020625,1
"13725","PmetTSAr1.1-018609",26.03233050668,26.2376337068961,34.6124897686746,43.2632209542174,27.3078972860665,36.752130288431,24.4530273564683,26.9761313847421,-0.172800569706788,4.94327338444971,0.579704486160397,1
"13726","PmetTSAr1.1-018610",1.75347303931005,1.99310822943541,1.89139288353413,2.03871971448883,2.14822125317056,2.54437825073753,3.39450765359714,1.78331193834077,0.365684451161621,1.17829020977641,0.195835347503536,1
"13727","PmetTSAr1.1-018611",8.67744350222667,10.3522636394556,6.80901438072287,8.36669389322687,7.79185335895763,7.49178040494939,8.04624036408211,8.57688122725798,-0.101897654540187,3.05789410843005,0.728546891807152,1
"13728","PmetTSAr1.1-018612",5.44026250657734,5.8008373841777,7.09272331325299,6.56626609341856,5.64363210578707,7.52005127440203,6.99855281667559,6.36897120835989,0.0928641026781336,2.69876626878769,0.749614430212298,1
"13729","PmetTSAr1.1-018613",5.03561488212118,4.34319106712792,3.83007058915661,3.41551744375401,5.24311627892476,4.52333911242227,5.34320649177328,4.67057888613058,0.253469267036696,2.20562196890946,0.371894970064356,1
"13730","PmetTSAr1.1-018614",6.42940114413686,6.00907257232767,9.22054030722888,11.252673748802,9.90366408241343,10.3754090891186,7.60621159417137,6.68034313410192,0.0687317327271933,3.08695595553631,0.830765874601263,1
"13731","PmetTSAr1.1-018617",6.47436199129866,7.64520619350599,3.21536790200802,4.92469957006392,4.4784951549149,4.89086041530658,5.84609651452841,5.03856388928027,-0.137583045161456,2.427614351485,0.668788127850914,1
"13732","PmetTSAr1.1-018618",3.28214184281112,4.84890509549213,2.69523485903613,3.44199432316295,2.47591602060336,2.77054520635864,2.9544788836864,3.45339772186625,-0.296490718687636,1.72452858591893,0.298043110503778,1
"13733","PmetTSAr1.1-018619",4.00151539739986,4.84890509549213,3.26265272409637,3.86562439370609,3.71387403090504,4.07100520118004,4.10693518583358,4.18936772816561,0.00639699833961506,2.02582274807151,0.991623395068419,1
"13734","PmetTSAr1.1-018620",3.86663285591448,4.61092202332074,1.79682323935742,2.43587290562301,1.92975807488203,2.57264912019017,2.7449413742051,2.46266886723249,-0.387961053519176,1.51867273605937,0.223636968798678,1
"13735","PmetTSAr1.1-018621",4.13639793888525,4.67041779136358,3.02622861365461,3.62733247902557,2.84002131775091,3.27942085650615,3.47832265738966,3.34017156705096,-0.257528493034523,1.8528366736831,0.345570883381095,1
"13736","PmetTSAr1.1-018624",5.03561488212118,7.02050062905609,5.43775454016062,5.93082098760386,6.99082170523301,6.58711258246493,5.28034523892889,5.8594535116911,0.073202623968577,2.60429948754177,0.800344332446049,1
"13737","PmetTSAr1.1-018625",3.82167200875268,3.42100666246377,2.41152592650602,3.44199432316295,2.62155813946238,2.82708694526392,3.75072141971536,2.66081463815924,-0.141233015674595,1.67076022817276,0.61349190072103,1
"13738","PmetTSAr1.1-018627",2.02323812228083,2.37983072171393,2.2223866381526,2.01224283507988,2.14822125317056,2.2333986867585,2.26300510239809,2.12299040278663,0.022100510338334,1.1620569832626,0.950115206230535,1
"13739","PmetTSAr1.1-018628",1.79843388647185,2.14184764954254,1.56039912891566,2.80654921734825,1.74770542630825,2.2333986867585,1.78106883059109,2.32113617371338,-0.0560745985029149,1.08134765596982,0.872610796404656,1
"13740","PmetTSAr1.1-018629",6.06971436684249,8.35915541002017,5.1540456076305,7.51943375214061,6.40825322979693,9.04667822484454,7.69002659796389,8.88825315300002,0.237986589612407,2.89959147847015,0.426397129174085,1
"13741","PmetTSAr1.1-018630",2.92245506551675,4.22419953104222,2.50609557068272,3.7597168760703,3.02207396632469,3.27942085650615,3.60404516307845,3.62323695408918,0.00477487995179846,1.78071832650298,0.980399972914818,1
"13742","PmetTSAr1.1-018631",10.1611514585659,12.4941112889981,9.88252781646583,9.95530665776362,9.61237984469539,10.4036799585712,11.1473955044054,10.2469670107835,-0.0374351871842169,3.39937235536464,0.897535387483336,1
"13743","PmetTSAr1.1-018632",14.117706008804,16.5695713999332,8.13298939919676,13.9797923279234,11.7241905681512,13.5700173372668,16.8468157622969,15.3138374387675,0.120896299916938,3.79205197780717,0.699461816212753,1
"13744","PmetTSAr1.1-018633",20.2773420699701,23.6198199130107,39.3882567995982,23.4055613975081,13.690359172748,12.382640820256,15.1495619354984,20.4373209441593,-0.7899877349823,4.3985803059189,0.013907669855419,1
"13745","PmetTSAr1.1-018635",9.35185620965362,10.0845326832628,11.4902117674698,10.4054136077157,10.122127260702,10.5167634363818,15.0028856788614,9.08639892392677,0.115365464396475,3.43600430682698,0.700722532691129,1
"13746","PmetTSAr1.1-018637",4.90073234063579,6.5445344847133,7.61285635622487,4.15687006720449,5.68004263550182,4.55160998187491,6.16040277875037,6.45389082447135,-0.0198415711885259,2.53996483370266,0.953080564822942,1
"13747","PmetTSAr1.1-018638",14.0277843144804,19.21713307784,12.3886233871485,10.0612141753994,11.0688010332856,6.50229997410702,7.45953533753446,12.5681031844968,-0.567984273685453,3.55038275179038,0.0868448909886519,1
"13748","PmetTSAr1.1-018639",13.3084107598917,13.0593210854052,12.5304778534136,12.7353789957029,11.9426537464397,13.8809969012458,14.5419031580026,13.021007803758,0.0487023093293179,3.72146282939384,0.865111582444041,1
"13749","PmetTSAr1.1-018640",18.2091431005275,14.3979758663693,23.6424110441766,16.4156652335464,18.751422803099,10.8842847392661,11.6921930290568,11.8604397169013,-0.450064937165472,3.97993467797341,0.151059649655412,1
"13750","PmetTSAr1.1-018641",19.198281738087,23.2925931887751,23.2168476453814,23.7497608298244,24.5042864980303,22.644966431564,23.0910335448398,21.8243413406465,0.0409682919405574,4.50799482383646,0.884173026147016,1
"13751","PmetTSAr1.1-018642",5.62010589522453,8.71613001827726,5.39046971807227,6.67217361105434,7.5733901806691,5.90861171560159,8.04624036408211,7.04832813725161,0.111087612878692,2.79485303878655,0.712557316707119,1
"13752","PmetTSAr1.1-018644",4.31624132753244,4.16470376299937,4.68119738674697,7.25466495805115,4.40567409548539,3.90137998446421,2.66112637041257,1.18887462556051,-0.754134537094742,2.04551988936748,0.0442753153533703,1
"13753","PmetTSAr1.1-018645",5.66506674238632,6.30655141254191,6.76172955863451,4.92469957006392,6.26261111093791,4.52333911242227,5.4270214955658,5.94437312780256,-0.093602629721957,2.53208753903584,0.746601057327699,1
"13754","PmetTSAr1.1-018646",2.3829248995752,2.70705744594959,3.26265272409637,2.43587290562301,3.27694767432797,2.51610738128489,2.51445011377566,2.12299040278663,-0.0490728084621213,1.43802443231574,0.858963627825658,1
"13755","PmetTSAr1.1-018648",15.4215705764961,6.60403025275615,31.0661281120481,29.3893361439298,29.601760658096,18.7435864470998,1.67630007585044,10.6715650913408,-0.443231603169123,4.16498162530129,0.465146521659822,1
"13756","PmetTSAr1.1-018649",7.1937355458874,7.67495407752742,6.80901438072287,10.6437055223962,5.75286369493133,6.4174873657491,7.10332157141624,5.68961427946816,-0.374272321299975,2.85295778081778,0.205523138779782,1
"13757","PmetTSAr1.1-018650",24.9982310219587,29.6586403693598,19.9069100991967,19.4340294861662,18.751422803099,13.5982882067195,29.4609738330715,27.8253275458567,-0.068135395683551,4.52476484369681,0.835433706896404,1
"13758","PmetTSAr1.1-018652",3.82167200875268,4.37293895114934,3.30993754618473,4.31573134365817,3.8231056200493,5.28665258764353,4.04407393298919,4.92533773446498,0.188435921415493,2.10572681236164,0.500606611143284,1
"13759","PmetTSAr1.1-018653",5.88987097819531,5.74134161613485,15.5567064670682,8.60498580790738,9.72161143383966,6.89809214644397,3.18497014411584,4.52904619261147,-0.557549719558022,2.91779842980635,0.17429682232709,1
"13760","PmetTSAr1.1-018656",17.8044954760713,24.6015000857177,13.2397501847389,20.5990121801598,18.7150122733842,18.489148622026,21.7919009860557,19.7013509378599,0.0444691620250928,4.28071204915821,0.881884374981269,1
"13761","PmetTSAr1.1-018657",5.44026250657734,4.78940932744928,4.3502036321285,4.65993077597446,4.29644250634112,5.28665258764353,4.16979643867797,3.651543492793,-0.144316306125399,2.21408065390194,0.61565398858929,1
"13762","PmetTSAr1.1-018658",11.7797419563906,18.1462092530687,6.09974204939757,11.8616419752077,11.8698326870102,15.4641655905936,16.3858332414381,15.0024655130255,0.292336298061283,3.74419832464298,0.389929260392018,1
"13763","PmetTSAr1.1-018659",12.0944678865232,19.990578062397,7.47100188995981,14.9329599866454,11.0688010332856,13.2590377732878,18.4183470834067,14.6910935872835,0.0745292145484951,3.81408379348811,0.826368019557112,1
"13764","PmetTSAr1.1-018660",3.82167200875268,10.1142805672842,1.60768395100401,3.20370240848244,4.44208462520014,4.55160998187491,6.8728303109868,5.83114697298727,0.206425580408786,2.35981976473648,0.63354666712691,1
"13765","PmetTSAr1.1-018662",24.3687791616936,22.9653664645394,23.5951262220883,17.8983704804474,23.8124864334499,16.9059799326782,14.4161806523138,18.4275566961879,-0.272299397670419,4.34699938998801,0.360762432228544,1
"13766","PmetTSAr1.1-018663",3.14725930132574,2.14184764954254,2.69523485903613,2.62121106148563,2.36668443145909,3.44904607322198,3.2268776460121,2.46266886723249,0.127427649884366,1.49874896409364,0.668968171618675,1
"13767","PmetTSAr1.1-018664",24.9532701747969,25.4344408383176,27.8034753879517,23.3526076386902,23.8488969631647,19.4503581834158,13.3894468558554,23.1547486597262,-0.347366891212059,4.50627374886539,0.246584979725163,1
"13768","PmetTSAr1.1-018665",2.427885746737,2.67730956192817,3.6409313008032,2.17110411153356,2.47591602060336,2.40302390347433,2.22109760050183,2.06637732537899,-0.244527736578381,1.35863039791456,0.36541881924429,1
"13769","PmetTSAr1.1-018666",7.41853978169638,8.56739059817014,8.46398315381523,6.83103488750802,7.86467441838714,6.81327953808605,6.32803278633541,5.63300120206052,-0.232245001155685,2.86717826282373,0.422514816050743,1
"13770","PmetTSAr1.1-018667",15.0169229520399,17.253772732426,21.6564485164658,19.036876295032,20.4263071699777,17.6410225384469,16.6582320037638,16.5310186030319,-0.0344686979564437,4.17685385921562,0.906931836656623,1
"13771","PmetTSAr1.1-018668",2.02323812228083,2.43932648975678,2.9316589694779,3.20370240848244,1.96616860459678,2.79881607581128,3.26878514790836,2.83065387038217,0.0380851278605234,1.45928320697426,0.914452145652676,1
"13772","PmetTSAr1.1-018669",1.57362965066287,2.32033495367108,3.02622861365461,2.01224283507988,3.16771608518371,2.79881607581128,2.61921886851631,2.40605578982485,0.300189280756883,1.35156181496549,0.286336750143801,1
"13773","PmetTSAr1.1-018670",7.28365724021099,9.31108769870574,7.66014117831322,10.749613040032,9.28468507726259,9.66863735280261,9.03106665864425,8.8599466142962,0.0709379452204813,3.17757759889672,0.804767745872895,1
"13774","PmetTSAr1.1-018672",3.64182862010549,5.62235008004915,3.78278576706826,3.68028623784347,3.27694767432797,3.36423346486407,4.27456519341862,3.73646310890447,-0.191770272712778,1.99511964047286,0.500959251780493,1
"13775","PmetTSAr1.1-018673",4.99065403495938,4.78940932744928,3.6409313008032,7.65181814918534,3.96874773890832,5.7672573683384,4.88222397091441,5.94437312780256,-0.0398231031374824,2.3987608161184,0.910425164911477,1
"13776","PmetTSAr1.1-018675",7.37357893453458,6.48503871667045,7.3764322457831,10.6172286429873,4.58772674405916,6.30440388793854,8.21387037166716,5.40654889242995,-0.376513443027885,2.82986539213729,0.226665582174523,1
"13777","PmetTSAr1.1-018676",4.04647624456166,4.99764451559925,3.92464023333332,5.34832964060705,4.33285303605588,4.91913128475922,5.17557648418823,5.26501619891084,0.100712421259952,2.26870974220394,0.723397887223487,1
"13778","PmetTSAr1.1-018678",9.66658213978619,9.07310462653435,7.94385011084334,7.06932680218853,11.9790642761545,9.8099917000658,11.713146780005,10.8980174009714,0.396241378688756,3.29765588483135,0.167794259384203,1
"13779","PmetTSAr1.1-018679",12.9487239825973,14.9334377787549,10.4972305036144,9.29338467253998,12.2339379841578,9.44247039718149,12.4884355650858,12.0019724104204,-0.0462630295978487,3.55961083575049,0.878348110015161,1
"13780","PmetTSAr1.1-018680",27.4261167686957,23.917298753225,19.2922074120481,14.0856998455592,23.7032548443057,16.3405625436255,12.3417593084489,17.3236016867389,-0.281683938347171,4.27455037004088,0.385415869790857,1
"13781","PmetTSAr1.1-018681",13.9828234673186,16.5398235159118,15.2257127124497,15.2771594189617,14.9283171830497,12.1564738646349,17.2449370303114,14.2381889680223,-0.0593174827973241,3.908059561122,0.836595502683327,1
"13782","PmetTSAr1.1-018682",5.08057572928297,5.77108950015627,5.8633179389558,3.09779489084666,5.02465310063623,5.17356910983297,6.78901530719428,3.96291541853504,0.0861362782368144,2.36619546710679,0.795299664614041,1
"13783","PmetTSAr1.1-018683",7.59838317034356,7.25848370122748,6.85629920281122,8.26078637559109,8.08313759667567,7.0677173631598,6.11849527685411,7.27478044688218,-0.0729031569302714,2.88264110408736,0.803241538469229,1
"13784","PmetTSAr1.1-018684",15.0169229520399,12.137136680741,25.8647976823292,13.9533154485144,15.328833009912,14.2485182041302,10.9588117458723,15.2855309000637,-0.261429677477177,3.94460635214352,0.41618083651747,1
"13785","PmetTSAr1.1-018685",3.05733760700214,2.91529263409956,2.74251968112449,2.32996538798723,3.27694767432797,3.42077520376934,2.84971012894575,2.46266886723249,0.122583709419309,1.55673828530981,0.650986795308599,1
"13786","PmetTSAr1.1-018686",6.69916622710764,5.74134161613485,13.4761742951807,16.0449889218212,12.1611169247283,24.1715933820065,4.31647269531488,7.13324775336307,0.186300700527629,3.49552104572493,0.695646222311466,1
"13787","PmetTSAr1.1-018688",6.47436199129866,8.41865117806302,4.58662774257026,7.70477190800323,6.55389534865595,8.42471909688648,9.28251167002181,8.52026814985034,0.267247135702118,2.91991807835305,0.38416938423435,1
"13788","PmetTSAr1.1-018689",25.1780744106059,18.7114190494758,20.9944610072288,17.9248473598563,25.8514760974762,16.3971042825307,10.0787542060508,15.5119832096943,-0.288426486107581,4.23873086094799,0.381728757760917,1
"13789","PmetTSAr1.1-018690",27.6509210045047,17.5512515726402,21.2308851176706,17.9513242392653,22.6473494825778,14.107163856867,10.6445054816503,14.5212543550605,-0.446968085149408,4.19647229190549,0.168089044166708,1
"13790","PmetTSAr1.1-018692",7.05885300440201,9.25159193066289,8.03841975502005,10.0612141753994,5.60722157607231,11.7606816922979,13.7456606219736,7.78429814355097,0.177317744421639,3.20738090617064,0.597981114638796,1
"13791","PmetTSAr1.1-018693",8.81232604371206,8.2699117579559,9.26782512931723,16.7333877864537,6.15337952179364,12.0999321257296,7.83670285460081,9.87898200763378,-0.26183781771352,3.31445850516876,0.442610449291017,1
"13792","PmetTSAr1.1-018694",3.05733760700214,3.56974608257089,1.79682323935742,2.35644226739618,5.24311627892476,2.40302390347433,2.78684887610136,2.29282963500956,0.228232475095162,1.58442576060787,0.494509857507533,1
"13793","PmetTSAr1.1-018697",21.401363249015,21.8349468717253,17.2589600622489,26.6092638059905,21.1181072345581,16.8777090632256,7.98337911123772,21.1732909504586,-0.377078467483449,4.27347335321653,0.270896332772416,1
"13794","PmetTSAr1.1-018698",15.9611007424377,19.8120907582685,16.9279663076305,12.0734570104793,8.9569903098298,13.3438503816457,10.602597979754,14.4363347389491,-0.451488790864703,3.81457507282796,0.140089697151444,1
"13795","PmetTSAr1.1-018699",8.3177567249323,11.8099099565054,5.95788758313251,7.44000311391377,6.1897900515084,4.74950606804339,12.5722505688783,10.8130977848599,0.0342374700662823,3.09633572334859,0.927847650447673,1
"13796","PmetTSAr1.1-018701",6.74412707426943,5.74134161613485,7.42371706787146,10.4318904871246,6.9180006458035,9.86653343897108,6.24421778254289,6.42558428576753,-0.0447640642148789,2.91413831031762,0.892530923453384,1
"13797","PmetTSAr1.1-018703",3.01237675984035,2.23109130160681,5.57960900642568,5.32185276119811,3.93233720919357,4.41025563461172,3.47832265738966,3.36847810575478,-0.0872874002348129,1.99094490218257,0.794953561076464,1
"13798","PmetTSAr1.1-018705",1.61859049782466,1.7253772732426,2.50609557068272,2.40939602621407,3.13130555546895,1.52662695044252,1.82297633248735,1.35871385778344,-0.0860100175143477,1.04886731814921,0.811271862547367,1
"13799","PmetTSAr1.1-018707",7.1487746987256,9.25159193066289,11.915775166265,10.5113211253515,6.22620058122315,10.7994721309082,13.3056318520629,8.80333353688855,0.0133295321932389,3.29456723413478,0.972460522403349,1
"13800","PmetTSAr1.1-018708",13.1735282184063,13.8327660699622,17.7318082831325,21.8699023917892,19.042707040817,19.4503581834158,15.4429144487722,16.8990036061816,0.0876075396754036,4.10802027269769,0.770656592819046,1
"13801","PmetTSAr1.1-018709",10.0712297642424,10.2035242193485,1.79682323935742,5.34832964060705,7.42774806181008,4.12754694008532,6.36994028823167,8.06736353058919,-0.0789409942667331,2.75286494705055,0.862823715791886,1
"13802","PmetTSAr1.1-018713",23.4246013712958,37.3633423309087,4.87033667510038,13.8209310514697,20.7175914076957,15.3510821127831,41.7608256396241,33.3734091318058,0.484025662849364,4.57986478308107,0.317863708518693,1
"13803","PmetTSAr1.1-018715",7.50846147601997,7.67495407752742,5.81603311686745,5.48071403765178,6.73594799722972,5.25838171819089,8.69580664347416,8.26550930151594,0.130344920216423,2.80606147557368,0.669861931088356,1
"13804","PmetTSAr1.1-018717",11.1053292489637,15.9448658354833,11.5374965895582,11.1732431105751,12.2339379841578,12.0999321257296,13.808521874818,11.2943089428249,-0.010001181491245,3.63971518235776,0.975572861631502,1
"13805","PmetTSAr1.1-018718",8.27279587777051,10.3225157554342,8.74769208634535,4.81879205242814,8.84775872068553,4.91913128475922,10.434967972169,8.74672045948091,0.0367585215797304,3.03542791980016,0.919262410152774,1
"13806","PmetTSAr1.1-018719",4.85577149347399,5.62235008004915,5.76874829477909,4.50106949952079,5.17029521949525,4.86258954585394,5.4270214955658,5.97267966650638,0.0484911764603385,2.41509565728993,0.869154392642384,1
"13807","PmetTSAr1.1-018723",2.51780744106059,3.03428417018526,1.5131143068273,2.03871971448883,1.92975807488203,2.40302390347433,2.17919009860557,1.92484463185988,-0.115198255981295,1.17431353617326,0.697040013536888,1
"13808","PmetTSAr1.1-018724",13.7580192315096,16.063857371569,7.3764322457831,15.9126045247764,8.77493766125602,16.5384586297939,22.3576522616552,15.9931943676593,0.260880461240275,3.87521162942898,0.461378950967833,1
"13809","PmetTSAr1.1-018726",4.94569318779758,5.53310642798488,2.17510181606425,4.1039163083866,2.73078972860665,2.85535781471656,5.48988274841019,6.85018236632486,0.0965017093637914,2.13975127928355,0.798862876632868,1
"13810","PmetTSAr1.1-018727",3.5519069257819,6.87176120894897,5.48503936224898,10.0612141753994,3.78669509033455,8.76396953031815,8.61199163968164,6.56711697928664,0.091906122355314,2.76333331310253,0.803402785969955,1
"13811","PmetTSAr1.1-018728",7.55342232318177,10.9472213198841,6.09974204939757,8.07544821972847,5.60722157607231,10.1209712640448,12.0274530442269,9.22793161744588,0.178283000378308,3.13430985850903,0.587059492822396,1
"13812","PmetTSAr1.1-018731",6.11467521400429,4.90840086353498,12.6723323196787,8.47260141086266,5.27952680863951,6.16304954067535,6.49566279392046,5.23670966020702,-0.469220382801704,2.80096426296252,0.161141060431814,1
"13813","PmetTSAr1.1-018732",8.04799164196152,8.09142445382735,5.62689382851404,5.56014467587862,6.37184270008217,5.23011084873825,5.76228151073589,5.94437312780256,-0.229763773071643,2.67523335752464,0.437476934599274,1
"13814","PmetTSAr1.1-018733",10.1611514585659,10.2332721033699,6.80901438072287,6.91046552573485,9.39391666640686,6.61538345191757,7.35476658279381,7.78429814355097,-0.132237065335663,3.0384283234072,0.665697722214887,1
"13815","PmetTSAr1.1-018734",6.15963606116608,8.98386097447008,2.50609557068272,5.0306070876997,3.93233720919357,3.36423346486407,7.35476658279381,5.40654889242995,-0.178116425016249,2.4365778632794,0.645123632500453,1
"13816","PmetTSAr1.1-018735",6.24955775548968,9.51932288685571,2.64795003694778,4.76583829361024,5.20670574921,5.23011084873825,6.11849527685411,5.63300120206052,-0.066475962078183,2.52106668295191,0.859999144848815,1
"13817","PmetTSAr1.1-018738",2.3379640524134,2.73680532997102,2.50609557068272,4.395161981885,2.94925290689518,2.96844129252712,2.03251384196866,2.17960348019427,-0.257130124419093,1.49924863856483,0.405786884499202,1
"13818","PmetTSAr1.1-018741",27.8307643931519,44.3243471919219,25.297379817269,24.7029284885464,21.7006757099941,32.4832290010824,71.6827819935544,37.5910833986752,0.420431360405358,5.16109981945841,0.272764826959125,1
"13819","PmetTSAr1.1-018745",12.2293504280086,12.4643634049767,8.93683137469876,8.47260141086266,8.33801130467896,8.02892692454953,8.08814786597837,7.5578458339204,-0.395050025315186,3.22048359317668,0.178035951806842,1
"13820","PmetTSAr1.1-018746",9.35185620965362,17.0157896602546,3.21536790200802,7.01637304337064,6.22620058122315,6.30440388793854,33.8403077812308,12.4548770296816,0.684209136937907,3.58734800468201,0.204362493312788,1
"13821","PmetTSAr1.1-018747",4.58600641050321,5.59260219602773,1.60768395100401,5.34832964060705,4.58772674405916,7.66140562166522,7.79479535270455,4.9536442731688,0.539568712439765,2.41825376667488,0.146824713568314,1
"13822","PmetTSAr1.1-018748",1.70851219214826,1.78487304128545,4.16106434377508,6.22206666110226,2.25745284231483,3.30769172595879,2.61921886851631,2.37774925112102,-0.397309120265024,1.64138900001563,0.305910702686339,1
"13823","PmetTSAr1.1-018749",10.2061123057277,12.4941112889981,4.96490631927709,7.28114183746009,10.267769379561,12.1847447340875,12.4674818141376,8.8599466142962,0.323769672073127,3.30899056463681,0.331231233379916,1
"13824","PmetTSAr1.1-018750",2.83253337119316,3.03428417018526,3.83007058915661,2.78007233793931,2.94925290689518,1.97896086168474,1.76011507964296,2.3494427124172,-0.468814072468975,1.45439199400438,0.0934892040204175,1
"13825","PmetTSAr1.1-018751",18.4789081834982,18.5924275133901,11.2065028349397,6.61921985223645,16.6032015499284,4.94740215421186,8.75866789631855,9.17131854003824,-0.476277431106572,3.56616484199963,0.242861850867213,1
"13826","PmetTSAr1.1-018754",5.08057572928297,4.75966144342786,5.29590007389556,3.68028623784347,5.13388468978049,2.26166955621114,3.33164640075275,3.51001079927389,-0.402904765823193,2.06414599398441,0.194194890687483,1
"13827","PmetTSAr1.1-018755",7.46350062885817,11.2744480441197,6.43073580401604,9.71701474308311,8.04672706696092,6.24786214903326,7.1452290733125,6.87848890502868,-0.304745338990933,2.99365306091847,0.318999084810778,1
"13828","PmetTSAr1.1-018756",22.6602669695453,23.4710804929036,20.3797583200802,25.2589429561343,24.249412790027,23.4648216456905,21.5404559746782,20.0693359410096,-0.0396895632641864,4.50456598338941,0.889747457927273,1
"13829","PmetTSAr1.1-018757",12.5440763581411,6.18755987645621,7.3764322457831,5.26889900238021,6.40825322979693,4.15581780953796,2.61921886851631,4.52904619261147,-0.825316914731717,2.62630400547775,0.023031490033706,1
"13830","PmetTSAr1.1-018759",3.23718099564933,2.4690743737782,3.59364647871485,4.07743942897765,3.67746350119028,3.05325390088503,3.12210889127144,3.84968926371975,0.0328090147431988,1.78473605894106,0.911889384759877,1
"13831","PmetTSAr1.1-018760",15.2866880350107,8.86486943838438,6.61987509236945,18.9044918979873,6.9180006458035,10.9125556087187,7.18713657520876,10.162047394672,-0.498997176258756,3.41549368620708,0.167557843182691,1
"13832","PmetTSAr1.1-018761",3.28214184281112,6.96100486101324,1.56039912891566,2.51530354384985,2.80361078803616,4.57988085132755,4.75650146522562,3.36847810575478,0.110705590788711,1.92702394762283,0.778409430869595,1
"13833","PmetTSAr1.1-018763",5.88987097819531,5.38436700787776,3.45179201244979,5.08356084651759,4.87901098177721,4.26890128734852,6.43280154107606,4.38751349909237,0.0113919663499734,2.33283878381952,0.975383549610871,1
"13834","PmetTSAr1.1-018764",16.2308658254084,6.57428236873473,15.4148520008032,18.4543849480352,16.4575594310694,9.72517909170788,3.41546140454527,6.79356928891721,-0.640930004262718,3.54557894718137,0.143710169229962,1
"13835","PmetTSAr1.1-018766",8.27279587777051,10.2035242193485,7.80199564457828,6.56626609341856,9.53955878526588,6.61538345191757,9.65967918708816,11.0678566331943,0.167193991811896,3.13408819362362,0.583932204129593,1
"13836","PmetTSAr1.1-018767",8.67744350222667,8.2699117579559,5.1540456076305,6.11615914346648,6.37184270008217,8.3681773579812,9.09392791148864,8.03905699188537,0.17659124602517,2.92177060706996,0.563701192826774,1
"13837","PmetTSAr1.1-018768",5.48522335373914,4.55142625527789,6.14702687148592,3.54790184079874,4.33285303605588,1.75279390606363,2.80780262704949,2.80234733167835,-0.753623201909559,1.98988045833604,0.0202373247077481,1
"13838","PmetTSAr1.1-018769",34.3950480787741,42.0635080062937,14.9420037799196,14.9064831072365,25.5601918597582,18.0650855802364,16.2810644866974,24.1454775143599,-0.339449593543138,4.57601083273877,0.365515319597638,1
"13839","PmetTSAr1.1-018772",8.04799164196152,5.681845848092,6.38345098192769,4.89822269065497,6.95441117551826,6.02169519341215,5.30129898987702,5.23670966020702,-0.0868621486674139,2.6133654111046,0.768069693384446,1
"13840","PmetTSAr1.1-018775",3.68678946726729,4.37293895114934,4.91762149718874,3.91857815252398,4.29644250634112,4.43852650406435,4.42124145005554,4.52904619261147,0.0674922773619143,2.1322232731603,0.813570234655053,1
"13841","PmetTSAr1.1-018776",3.91159370307627,3.3317630103995,9.55153406184735,5.79843659055913,6.33543217036742,2.00723173113738,3.35260015170088,4.47243311520383,-0.48273463233681,2.28977501066669,0.228584067274137,1
"13842","PmetTSAr1.1-018777",11.2851726376109,12.7320943611695,9.97709746064253,14.5358067955112,8.04672706696092,13.9658095096038,12.4674818141376,10.5300323978217,-0.109092971334139,3.55581349370262,0.721365792677239,1
"13843","PmetTSAr1.1-018778",3.82167200875268,3.4507545464852,3.78278576706826,3.1772255290735,3.49541085261651,2.34648216456905,2.32586635524249,4.64227234742676,-0.152425490044274,1.78054832477414,0.614415166909654,1
"13844","PmetTSAr1.1-018780",6.29451860265147,5.11663605168494,7.75471082248993,6.69865049046329,6.69953746751497,5.03221476256978,3.79262892161162,4.61396580872294,-0.362602516217016,2.53643287418733,0.231008623423245,1
"13845","PmetTSAr1.1-018781",34.2152046901269,30.164354397724,26.7159244799196,23.9880527445049,28.1089289397911,22.7015081704693,20.8070746914936,25.5324979108472,-0.244450787528182,4.73247295343778,0.402880032867419,1
"13846","PmetTSAr1.1-018784",40.9143709172346,38.2855267355728,44.8260113397589,27.6418621029394,31.094592376401,28.7797451027867,32.9602502414093,36.996646085895,-0.223625715423878,5.13919998058656,0.461821606845434,1
"13847","PmetTSAr1.1-018786",6.78908792143123,11.1257086240126,11.3010724791164,12.7883327545208,11.6877800384364,10.6863886530976,8.15100911882277,6.36897120835989,-0.189893848948352,3.3108723765216,0.56131083366263,1
"13848","PmetTSAr1.1-018787",11.7347811092288,9.31108769870574,10.9227939024096,18.2425699127637,11.7241905681512,15.0118316793514,10.3301992174283,11.0112435557866,-0.0643461830044267,3.62649116673935,0.84165055271072,1
"13849","PmetTSAr1.1-018788",10.1611514585659,11.363691696184,19.008498479518,14.5093299161023,10.4862325578495,13.8527260317932,11.8598230366419,10.5583389365255,-0.234247139022591,3.67605677000551,0.448045960936255,1
"13850","PmetTSAr1.1-018789",7.28365724021099,10.8877255518412,5.48503936224898,7.94306382268374,7.2456954132363,6.47402910465438,8.69580664347416,7.72768506614333,-0.070529989210237,2.96083072006126,0.825474444088174,1
"13851","PmetTSAr1.1-018790",2.51780744106059,3.53999819854947,2.69523485903613,4.13039318779555,2.87643184746567,3.78829650665365,4.69364021238123,3.76476964760829,0.22582958779001,1.83734436206821,0.433473286830861,1
"13852","PmetTSAr1.1-018792",3.19222014848753,3.68873761865659,1.98596252771084,3.36256368493612,3.67746350119028,3.16633737869559,2.80780262704949,2.77404079297453,0.0109422837613313,1.65368628475833,0.968526851003312,1
"13853","PmetTSAr1.1-018795",5.35034081225375,5.08688816766352,3.97192505542167,4.65993077597446,4.29644250634112,4.1840886789906,3.9812126801448,4.35920696038854,-0.182530056545295,2.18465768941807,0.512086615537766,1
"13854","PmetTSAr1.1-018796",9.89138637559517,10.2630199873913,12.0103448104417,13.8474079308787,8.22877971553469,8.19855214126537,1.46676256636914,8.97317276911148,-0.778524555872129,3.19540846652328,0.0716928303340465,1
"13855","PmetTSAr1.1-018798",6.11467521400429,5.02739239962067,5.39046971807227,6.19558978169332,5.82568475436084,5.6259030210752,6.49566279392046,5.74622735687581,0.0606447222535047,2.55225931911332,0.83653796344587,1
"13856","PmetTSAr1.1-018799",23.6494056071048,20.5855357428255,14.3745859148594,26.0797262178116,29.5653501283813,19.4786290528684,12.1531755499157,21.4846628762007,-0.0364038481908988,4.39099246378806,0.916752873465635,1
"13857","PmetTSAr1.1-018800",7.59838317034356,10.1440284513056,9.88252781646583,9.82292226071889,6.29902164065266,7.7179473605705,11.084534251561,9.9072885463376,-0.0960338676647277,3.18951184860373,0.752307077067026,1
"13858","PmetTSAr1.1-018801",5.84491013103351,6.39579506460618,11.111933190763,6.51331233460067,7.31851647266581,7.8593017078337,8.04624036408211,8.23720276281212,0.0784089716592054,2.94932148208294,0.806915609126642,1
"13859","PmetTSAr1.1-018803",85.830257231869,7.94268503372023,2.36424110441766,3.94505503193292,16.8944857876464,4.43852650406435,1.11054880025092,6.73695621150957,-1.77827730346063,4.01445192847106,0.0467278274925556,1
"13860","PmetTSAr1.1-018804",11.689820262067,11.0364649719483,13.9017376939759,13.3973009809266,11.7970116275807,11.7606816922979,11.3150255119905,11.5773743298631,-0.106798979360418,3.59916199756725,0.705249590735096,1
"13861","PmetTSAr1.1-018805",17.220004462968,19.2468809618614,16.4551180867469,14.165130483786,17.4406437333678,14.1637055957722,14.7933481693801,17.6632801511848,-0.0667819041203833,4.04023193441344,0.818146102969127,1
"13862","PmetTSAr1.1-018806",31.7423580962281,37.4823338669944,28.0871843204818,29.0716135910225,31.1674134358305,33.2465424763037,37.5072141971536,34.2509118316243,0.107571537522657,5.03934960041362,0.712975052304911,1
"13863","PmetTSAr1.1-018808",2.69765082970777,1.99310822943541,2.31695628232931,4.18334694661344,2.84002131775091,3.02498303143239,2.24205135144996,2.6042015607516,-0.0740631425143857,1.48620444109853,0.819009858905534,1
"13864","PmetTSAr1.1-018809",31.1578670831248,32.6631766555237,22.0347270931726,24.1998677797765,24.7955707357483,19.6199834001316,23.5520160656987,24.2303971304714,-0.255646021106378,4.66339997069591,0.384089829023003,1
"13865","PmetTSAr1.1-018810",4.00151539739986,3.68873761865659,2.64795003694778,3.78619375547925,3.53182138233126,3.33596259541143,3.20592389506397,4.24598080557326,0.0152021516404284,1.85545687181749,0.962314255403265,1
"13866","PmetTSAr1.1-018812",5.62010589522453,7.91293714969881,8.65312244216864,8.47260141086266,6.04414793264938,7.209071710423,11.2102567572498,7.5578458339204,0.0640177741693292,2.98248792201893,0.842814710994103,1
"13867","PmetTSAr1.1-018813",11.4200551790962,9.7573059590271,13.2397501847389,13.2649165838818,13.3262538756004,13.2307669038351,10.7492742363909,12.0585854878281,0.04977981951233,3.60768328997234,0.864568779368456,1
"13868","PmetTSAr1.1-018815",4.67592810482681,7.70470196154884,2.1278169939759,3.57437872020768,4.4784951549149,4.91913128475922,5.57369775220271,4.27428734427708,0.0857239638849234,2.2438631987422,0.809532029001942,1
"13869","PmetTSAr1.1-018816",3.28214184281112,3.92672069082798,3.40450719036143,4.58050013774762,3.16771608518371,5.39973606545409,5.07080772944758,5.66130774076434,0.342547510691114,2.1319592238777,0.24376073338142,1
"13870","PmetTSAr1.1-018817",16.6355134498646,24.6312479697392,9.83524299437747,15.0653443836902,16.7124331390727,16.849438193773,19.4869883817614,16.0498074450669,0.0613160018391648,4.085546691034,0.849590057601652,1
"13871","PmetTSAr1.1-018818",5.30537996509196,5.77108950015627,6.90358402489957,4.97765332888181,4.98824257092147,5.28665258764353,4.48410270289993,4.84041811835351,-0.226381973719397,2.42635457965681,0.420485992336964,1
"13872","PmetTSAr1.1-018819",3.23718099564933,3.4507545464852,2.78980450321284,4.02448567015976,2.4395054908886,3.6752130288431,3.10115514032331,3.34017156705096,-0.108329924495292,1.73237694919831,0.698625776178179,1
"13873","PmetTSAr1.1-018820",13.5781758428625,16.8075544721046,17.7790931052208,15.9920351630033,15.2560119504825,15.3510821127831,16.4906019961787,15.9082747515478,-0.0260528084995371,3.99615218881915,0.928065241359932,1
"13874","PmetTSAr1.1-018821",9.26193451533002,6.63377813677757,11.2537876570281,4.23630070543133,7.79185335895763,5.56936128216992,6.9356915638312,4.9536442731688,-0.309313669414076,2.83288989870964,0.364861666872893,1
"13875","PmetTSAr1.1-018822",5.88987097819531,7.91293714969881,3.12079825783131,2.5417804232588,3.67746350119028,3.50558781212726,2.89161763084201,3.99122195723886,-0.470612711084574,2.08685348675685,0.187651667516865,1
"13876","PmetTSAr1.1-018824",4.40616302185603,5.11663605168494,4.20834916586344,5.53366779646967,4.51490568462965,7.0677173631598,6.43280154107606,6.08590582132167,0.321164379873813,2.45709465035921,0.269130315164167,1
"13877","PmetTSAr1.1-018826",9.30689536249182,10.382011523477,11.111933190763,9.45224594899365,9.64879037441015,8.87705300812871,9.86921669656947,11.0678566331943,-0.0280911984338245,3.3255205269917,0.922749639117706,1
"13878","PmetTSAr1.1-018827",4.22631963320885,3.36151089442092,4.72848220883532,3.1772255290735,4.44208462520014,2.79881607581128,2.87066387989388,2.91557348649364,-0.24830474342947,1.85420420593789,0.392054270899757,1
"13879","PmetTSAr1.1-018828",6.92397046291662,10.4712551755413,8.46398315381523,8.8432777225879,7.79185335895763,8.73569866086551,9.93207794941386,8.77502699818473,0.0210761632649925,3.13891673582358,0.944502117529052,1
"13880","PmetTSAr1.1-018829",10.4758773886985,13.8625139539836,7.94385011084334,10.4318904871246,9.72161143383966,8.42471909688648,11.8388692856937,9.22793161744588,-0.124469826176777,3.36551745468099,0.682524599829562,1
"13881","PmetTSAr1.1-018833",4.04647624456166,4.67041779136358,3.68821612289155,5.0306070876997,5.06106363035098,5.23011084873825,6.41184779012793,4.89703119576116,0.305881741997902,2.3072016610718,0.27668677140605,1
"13882","PmetTSAr1.1-018834",7.37357893453458,9.8762974951128,1.79682323935742,12.1528876487061,7.68262176981336,3.90137998446421,3.56213766118219,32.1279214288376,0.597083870143208,3.30536553853227,0.342957539856631,1
"13883","PmetTSAr1.1-018835",5.62010589522453,8.47814694610587,4.3502036321285,5.79843659055913,5.82568475436084,5.31492345709617,5.88800401642467,5.77453389557963,-0.0924747043832054,2.57218253935024,0.765663991801078,1
"13884","PmetTSAr1.1-018838",7.73326571182895,10.4415072915199,4.4447732763052,8.65793956672528,6.00773740293462,6.67192519082285,7.35476658279381,9.17131854003824,-0.101743309101469,2.93157434304174,0.761409883242157,1
"13885","PmetTSAr1.1-018840",41.8135878604705,54.6171150633346,26.7632093020079,27.6418621029394,37.939771962775,32.285332914914,43.4580794664227,41.1860138140606,0.0379290215398706,5.25845249502164,0.909363659376053,1
"13886","PmetTSAr1.1-018841",10.5657990830221,7.31797946927033,5.72146347269074,8.55203204908949,9.83084302298392,8.00065605509689,6.34898653728354,7.72768506614333,-0.0131313389280604,3.01200041890564,0.972250277600029,1
"13887","PmetTSAr1.1-018844",6.65420537994584,7.46671888937745,6.90358402489957,6.91046552573485,5.57081104635756,6.64365432137021,8.27673162451155,7.04832813725161,-0.0190894652008196,2.80714242051027,0.949279717066319,1
"13888","PmetTSAr1.1-018845",6.24955775548968,6.12806410841336,10.4972305036144,9.61110722544733,8.99340083954455,7.15252997151772,4.60982520858871,4.58565927001912,-0.360573563991809,2.8640874279589,0.28604905977632,1
"13889","PmetTSAr1.1-018846",9.17201282100643,10.173776335327,8.88954655261041,8.92270836081473,9.28468507726259,6.10650780177007,7.87861035649707,9.05809238522295,-0.201966857198368,3.12838870669524,0.49038997668495,1
"13890","PmetTSAr1.1-018847",12.4091938166558,13.535287229748,22.7439994244979,13.1590090662461,13.1442012270267,9.83826256951844,12.7608343274115,11.7189070233822,-0.380476388125781,3.77766369799533,0.221049256570469,1
"13891","PmetTSAr1.1-018848",13.3533716070535,14.0707491421336,19.3394922341365,20.1224283507988,15.9114014853481,14.7573938542777,14.9819319279133,12.539796645793,-0.201289422497522,3.97216620965869,0.496535105646483,1
"13892","PmetTSAr1.1-018850",15.9161398952759,10.9174734358626,16.596972553012,9.16100027549525,11.8698326870102,8.19855214126537,9.51300293045125,10.7281781687484,-0.381678182284385,3.54342425284429,0.220101759343372,1
"13893","PmetTSAr1.1-018852",4.18135878604705,5.35461912385634,5.34318489598392,4.89822269065497,4.36926356577063,4.07100520118004,3.39450765359714,3.96291541853504,-0.327191254283412,2.17130524726235,0.238029375316616,1
"13894","PmetTSAr1.1-018854",3.14725930132574,3.56974608257089,3.6409313008032,4.42163886129395,3.31335820404273,4.21235954844324,4.58887145764058,3.62323695408918,0.0895531672372755,1.95674195468661,0.750459936840662,1
"13895","PmetTSAr1.1-018855",13.8029800786714,12.0181451446553,9.17325548514053,10.0082604165815,13.7995907618922,7.52005127440203,4.37933394815927,10.8697108622675,-0.301749611539333,3.35719963975728,0.39983794121439,1
"13896","PmetTSAr1.1-018860",3.77671116159088,3.27226724235665,2.55338039277107,7.41352623450482,4.66054780348867,3.3925043343167,2.13728259670931,4.24598080557326,-0.248678995284151,1.9987233095863,0.510834051362443,1
"13897","PmetTSAr1.1-018863",30.7082586115068,43.7591373955148,8.13298939919676,15.8066970071406,22.6837600122925,20.920443394953,34.5108278115709,36.8551133923759,0.224060311556608,4.74119147995537,0.605548641884858,1
"13898","PmetTSAr1.1-018864",11.0603684018019,12.7023464771481,6.85629920281122,7.99601758150163,7.39133753209532,5.31492345709617,13.8504293767143,13.7003647326497,0.0607802910372277,3.31144418995766,0.870406852503123,1
"13899","PmetTSAr1.1-018865",9.98130806991876,11.7206663044411,12.3886233871485,15.2242056601438,11.2144431521446,11.1104516948872,13.9551981314549,11.6906004846784,-0.0405032000797597,3.61193707066764,0.892229081851184,1
"13900","PmetTSAr1.1-018867",3.10229845416394,2.97478840214241,4.4447732763052,4.81879205242814,4.22362144691161,4.80604780694866,5.28034523892889,3.05710618001275,0.179536603577565,2.05456765191262,0.557172619275246,1
"13901","PmetTSAr1.1-018868",10.8805250131547,10.7389861317341,8.0857045771084,14.8005755896007,8.48365342353798,14.1919764652249,16.0086657243717,13.021007803758,0.215500146733363,3.59690410223784,0.499702433553098,1
"13902","PmetTSAr1.1-018869",17.4448086987769,19.3361246139257,68.137428629317,27.4035701882589,24.3222338494565,20.9769851338583,17.9573645625478,17.3236016867389,-0.714894226946575,4.73612000118273,0.0787589185177773,1
"13903","PmetTSAr1.1-018870",12.4991155109794,12.8808337812766,9.97709746064253,15.5154513336422,11.906243216725,13.400392120551,14.8771631731727,13.5588320391306,0.078066759172649,3.71643450143774,0.789002681823809,1
"13904","PmetTSAr1.1-018871",3.95655455023807,4.9381487475564,6.5725902702811,4.34220822306711,4.33285303605588,4.77777693749603,3.66690641592284,4.38751349909237,-0.205002849085002,2.22566625447541,0.481777850361945,1
"13905","PmetTSAr1.1-018872",2.51780744106059,2.11209976552111,2.69523485903613,1.50918212630991,2.22104231260007,1.47008521153724,2.09537509481305,1.81161847704459,-0.203059160776448,1.07513440211808,0.459394524513953,1
"13906","PmetTSAr1.1-018874",2.87749421835496,3.68873761865659,4.82305185301203,3.1242717702556,3.24053714461322,2.91189955362184,3.9183514273004,3.51001079927389,-0.0895371204780996,1.83624876067191,0.743722175935455,1
"13907","PmetTSAr1.1-018876",4.18135878604705,4.16470376299937,5.29590007389556,2.56825730266774,4.8061899223477,1.49835608098988,2.11632884576118,2.51928194464013,-0.569744015283622,1.78111198035099,0.115464581033301,1
"13908","PmetTSAr1.1-018878",33.3609485940528,42.4204826145508,38.4425603578312,31.0044257878755,29.4197080095223,40.0880928838424,60.367756481564,45.3470750035224,0.271313382518358,5.32646600409431,0.403788248840354,1
"13909","PmetTSAr1.1-018880",2.3379640524134,1.27915901292124,3.54636165662649,2.22405787035145,1.92975807488203,1.89414825332683,1.29913255878409,1.21718116426433,-0.557768548266245,1.00825472942142,0.0826950235503425,1
"13910","PmetTSAr1.1-018881",7.59838317034356,8.56739059817014,8.98411619678711,5.56014467587862,7.20928488352154,7.209071710423,7.75288785080829,8.63349430466562,0.00687482539613886,2.95381759311459,0.989075055045803,1
"13911","PmetTSAr1.1-018882",5.44026250657734,5.35461912385634,26.0066521485943,17.1570178569969,7.28210594295105,10.0644295251396,6.9356915638312,6.05759928261785,-0.829523104461947,3.40361139176519,0.0682614740767999,1
"13912","PmetTSAr1.1-018887",3.5519069257819,4.55142625527789,3.73550094497991,3.8126706348882,5.02465310063623,3.42077520376934,4.12788893678171,4.16106118946179,0.0917540634108864,2.03941494573063,0.741725977293844,1
"13913","PmetTSAr1.1-018888",10.6557207773457,13.5055393457265,17.3535297064256,19.5664138832109,16.6760226093579,21.5706733923637,24.1387210922463,18.1444913091497,0.398465514429754,4.15157847828055,0.198719526570061,1
"13914","PmetTSAr1.1-018889",2.29300320525161,3.09377993822811,4.25563398795179,3.62733247902557,2.54873708003287,3.73175476774837,5.07080772944758,4.44412657650001,0.256063566920541,1.88823420914273,0.416972088179216,1
"13915","PmetTSAr1.1-018893",1.70851219214826,1.39815054900693,2.50609557068272,1.5621358851278,1.42001065887546,1.49835608098988,2.05346759291679,1.55685962871019,-0.110010593281823,0.823800242868288,0.669100188856054,1
"13916","PmetTSAr1.1-018894",24.0090923843992,23.9767945212678,28.3708932530119,26.0797262178116,26.3612235134828,24.1998642514592,21.51950222373,21.7111151858313,-0.127341805385156,4.61977963617353,0.652540935083882,1
"13917","PmetTSAr1.1-018896",11.6448594149052,10.6497424796698,9.88252781646583,11.2791506282109,10.3041799092757,7.8593017078337,6.95664531477933,10.0488212398567,-0.306888594870385,3.3051656416436,0.294267403454304,1
"13918","PmetTSAr1.1-018897",5.71002758954812,4.55142625527789,3.97192505542167,5.90434410819491,3.96874773890832,3.19460824814823,3.14306264221958,3.87799580242358,-0.509662049580712,2.12015753405598,0.073419416957975,1
"13919","PmetTSAr1.1-018899",5.08057572928297,7.43697100535602,3.59364647871485,4.65993077597446,5.27952680863951,5.73898649888576,4.98699272565506,4.58565927001912,-0.0170655668503322,2.38841892673998,0.965025501899633,1
"13920","PmetTSAr1.1-018900",4.8108106463122,4.10520799495653,4.91762149718874,5.85139034937702,5.24311627892476,7.29388431878091,6.26517153349102,5.77453389557963,0.320059444942316,2.48530290427244,0.264180041019362,1
"13921","PmetTSAr1.1-018904",27.3361950743721,31.0865388023882,28.9855959401605,22.452393738786,29.5289395986665,28.836286841692,33.0650189961499,26.6930659977039,0.104986934204441,4.83592658982064,0.717425666353021,1
"13922","PmetTSAr1.1-018905",11.4200551790962,16.1233531396119,13.7598832277108,10.3259829694889,11.8698326870102,11.5627856061294,13.640891867233,14.4646412776529,-0.00216300381563628,3.69579287817748,0.99578848924648,1
"13923","PmetTSAr1.1-018907",7.23869639304919,6.93125697699181,3.26265272409637,8.92270836081473,6.22620058122315,7.94411431619162,9.45014167760686,7.27478044688218,0.226319582673423,2.8540304496051,0.499328585911559,1
"13924","PmetTSAr1.1-018908",2.3829248995752,1.24941112889981,1.60768395100401,1.87985843803515,2.11181072345581,2.12031520894794,1.90679133627988,1.9531511705637,0.191030761015838,0.971988304158106,0.50762873148368,1
"13925","PmetTSAr1.1-018909",3.28214184281112,2.73680532997102,5.34318489598392,8.07544821972847,4.18721091719686,5.99342432395951,4.33742644626301,3.22694541223568,-0.134334950717161,2.23663924131828,0.718170460877066,1
"13926","PmetTSAr1.1-018912",6.60924453278405,6.87176120894897,9.12597066305217,9.92882977835468,7.71903229952812,11.7041399533926,7.87861035649707,7.9541373757739,0.115163625638101,3.09390487429549,0.707851993399503,1
"13927","PmetTSAr1.1-018913",14.4773927860984,14.1599927941979,11.0646483686747,12.0999338898882,12.6708643407348,12.4109116897086,14.4790419051582,16.1064205224746,0.103938740747725,3.75463027116662,0.720336622642677,1
"13928","PmetTSAr1.1-018914",3.46198523145831,2.52857014182105,3.97192505542167,2.96541049380193,3.34976873375749,2.00723173113738,2.22109760050183,3.05710618001275,-0.279393967516244,1.58328346799968,0.336768285861492,1
"13929","PmetTSAr1.1-018916",3.68678946726729,4.70016567538501,2.60066521485943,3.20370240848244,2.73078972860665,3.36423346486407,5.13366898229197,3.28355848964332,0.0338122643746135,1.87075058748069,0.916280936881139,1
"13930","PmetTSAr1.1-018920",9.35185620965362,14.873942010712,3.87735541124497,7.8636331844569,5.78927422464609,8.59434431360232,9.6177716851919,8.01075045318155,-0.169389319794235,3.09905005595688,0.653521777836644,1
"13931","PmetTSAr1.1-018921",3.5968677729437,2.61781379388532,3.16808307991967,3.01836425261982,4.26003197662637,3.02498303143239,2.55635761567192,2.71742771556688,0.0160062979471179,1.66696558026902,0.968396438525652,1
"13932","PmetTSAr1.1-018922",3.23718099564933,3.00453628616383,4.30291881004014,5.58662155528756,3.67746350119028,3.84483824555893,3.85549017445601,4.13275465075797,-0.0595724398352931,2.00685893513539,0.849877062445323,1
"13933","PmetTSAr1.1-018924",2.56276828822238,1.75512515726402,4.25563398795179,5.29537588178916,3.71387403090504,4.49506824296963,2.51445011377566,2.68912117686306,-0.0522804704103676,1.79505027036893,0.89385055017173,1
"13934","PmetTSAr1.1-018926",5.26041911793016,4.87865297951355,3.45179201244979,7.01637304337064,2.87643184746567,3.76002563720101,4.29551894436675,5.49146850854141,-0.329439433228182,2.23124037332775,0.303879595181904,1
"13935","PmetTSAr1.1-018928",3.68678946726729,1.87411669334972,3.30993754618473,3.89210127311503,2.80361078803616,2.51610738128489,1.21531755499157,1.75500539963695,-0.629196687469518,1.42262415908473,0.0562241171106288,1
"13936","PmetTSAr1.1-018929",15.5114922708197,14.7549504746264,15.5094216449799,18.7191537421247,15.5472961882005,19.7613377473948,16.1553419810086,18.2294109252612,0.111388793710675,4.0736512267482,0.697353339451137,1
"13937","PmetTSAr1.1-018930",5.17049742360657,5.86033315222055,4.06649469959838,4.395161981885,7.68262176981336,5.20183997928561,3.93930517824853,3.48170426057007,0.053426821341618,2.33138653074711,0.868232093559,1
"13938","PmetTSAr1.1-018931",11.8247028035524,7.5262146574203,12.719617141767,9.26690779313103,9.02981136925931,6.89809214644397,5.02890022755132,9.08639892392677,-0.459856740881622,3.16496661400022,0.15033317168011,1
"13939","PmetTSAr1.1-018932",4.13639793888525,4.13495587897795,7.04543849116463,6.0102516258307,5.46157945721329,5.68244475998048,6.16040277875037,5.66130774076434,0.108821410808041,2.48503058530391,0.722355128654421,1
"13940","PmetTSAr1.1-018933",2.15812066376622,3.59949396659232,2.97894379156625,5.95729786701281,3.71387403090504,5.06048563202242,4.27456519341862,3.19863887353185,0.1351416617471,1.97853384777483,0.674860422705531,1
"13941","PmetTSAr1.1-018936",5.57514504806273,5.26537547179207,6.00517240522086,3.89210127311503,6.84517958637399,5.14529824038033,5.1546227332401,4.61396580872294,0.0713091233701873,2.42436523625905,0.812808721953411,1
"13942","PmetTSAr1.1-018937",1.48370795633928,2.67730956192817,3.83007058915661,3.1772255290735,1.78411595602301,3.13806650924295,3.85549017445601,2.71742771556688,0.0469562255610553,1.53628547283327,0.902341235867622,1
"13943","PmetTSAr1.1-018938",28.2803728647698,33.3473779880164,17.1643904180722,15.0388675042812,23.5576127254467,19.2807329666999,22.9024497863066,23.2962813532453,-0.0757479888820961,4.51848432077928,0.816339391565918,1
"13944","PmetTSAr1.1-018940",2.74261167686957,4.10520799495653,1.56039912891566,3.70676311725241,1.7112948965935,3.33596259541143,4.04407393298919,4.07614157335033,0.114710847857798,1.69435725522707,0.740392400776709,1
"13945","PmetTSAr1.1-018941",8.76736519655026,14.4277237503907,15.4621368228915,11.8086882163898,9.86725355269868,10.6015760447397,16.050573226268,13.4172993456115,-0.0141725045869455,3.65711717075512,0.964762594549282,1
"13946","PmetTSAr1.1-018943",8.40767841925589,5.86033315222055,12.1521992767068,10.6172286429873,17.2221805550792,10.5167634363818,4.65173271048497,4.75549850224205,0.00258084679009303,3.22056971544381,0.995917329472505,1
"13947","PmetTSAr1.1-018944",3.19222014848753,2.37983072171393,5.76874829477909,3.15074864966455,2.98566343660993,3.13806650924295,3.05924763842705,1.83992501574841,-0.384912978325229,1.69525127693412,0.228753801081793,1
"13948","PmetTSAr1.1-018945",2.3379640524134,3.89697280680656,4.20834916586344,3.04484113202877,3.31335820404273,3.50558781212726,2.80780262704949,3.79307618631211,-0.00894806771786208,1.77561443295881,0.990402173152861,1
"13949","PmetTSAr1.1-018947",8.3627175720941,13.0593210854052,6.24159651566263,6.46035857578278,8.52006395325273,7.94411431619162,14.1018743880918,11.8604397169013,0.313705011163933,3.26917320559518,0.354625578894393,1
"13950","PmetTSAr1.1-018948",3.10229845416394,2.91529263409956,2.9316589694779,2.67416482030353,2.7672002583214,2.96844129252712,3.47832265738966,2.46266886723249,0.012970195393999,1.57257338233724,0.97583132770722,1
"13951","PmetTSAr1.1-018949",8.67744350222667,7.2882315852489,15.6985609333333,7.99601758150163,10.9959799738561,8.14201040236009,2.28395885334622,15.0307720517293,-0.12141215738005,3.25694023864968,0.789834852322442,1
"13952","PmetTSAr1.1-018950",8.49760011357949,10.0547847992413,6.80901438072287,6.27502041992016,8.11954812639043,6.78500866863341,8.25577787356342,8.8599466142962,0.0171278267332517,3.00347619398924,0.957815584920757,1
"13953","PmetTSAr1.1-018951",4.04647624456166,4.0754601109351,4.3502036321285,6.19558978169332,5.09747416006574,6.33267475739118,4.00216643109293,4.98195081187262,0.123646756280214,2.30744598220849,0.674641895504671,1
"13954","PmetTSAr1.1-018952",16.2308658254084,18.9196542376257,13.8071680497991,20.4666277831151,16.8216647282169,20.3267551364476,20.5346759291679,20.012722863602,0.16138008200162,4.206258298661,0.577109976924773,1
"13955","PmetTSAr1.1-018955",16.3657483668938,17.3727642685117,9.59881888393571,14.3239917602397,14.3093381778988,15.435894721141,14.4790419051582,16.5876316804395,0.0756703923430643,3.89480041919417,0.80108768368431,1
"13956","PmetTSAr1.1-018956",9.03713027952104,8.83512155436296,11.0646483686747,8.04897134031952,10.6318746767085,7.43523866604411,7.71098034891202,9.28454469485352,-0.0766484190935487,3.17968159501306,0.795522325612814,1
"13957","PmetTSAr1.1-018957",4.18135878604705,3.53999819854947,2.74251968112449,6.03672850523964,6.88159011608875,4.04273433172741,0.775288785080829,3.62323695408918,-0.11556233454213,2.01227322450521,0.812925756395119,1
"13958","PmetTSAr1.1-018959",9.39681705681541,11.9883972606339,13.9017376939759,11.4909656634825,7.50056912123959,8.17028127181273,7.50144283943072,10.1903539333758,-0.487232917989156,3.33247981066546,0.0968741919816028,1
"13959","PmetTSAr1.1-018961",9.5766604454626,8.92436520642723,6.33616615983933,8.65793956672528,9.3575061366921,8.3681773579812,6.99855281667559,8.83164007559238,0.000333378691338292,3.07771789535267,0.999838539910102,1
"13960","PmetTSAr1.1-018962",8.72240434938847,9.72755807500568,7.32914742369475,13.185485945655,6.08055846236413,8.70742779141287,8.21387037166716,10.5017258591179,-0.219608124027252,3.19000268056558,0.485921247923692,1
"13961","PmetTSAr1.1-018964",2.47284659389879,5.32487123983491,1.98596252771084,2.46234978503196,1.74770542630825,2.99671216197976,3.39450765359714,2.54758848334395,-0.199162835530611,1.55443111986393,0.566830216890511,1
"13962","PmetTSAr1.1-018965",2.78757252403137,3.71848550267801,4.06649469959838,3.57437872020768,3.8231056200493,3.56212955103254,4.21170394057423,3.84968926371975,0.126780976854858,1.911910866857,0.642631835377463,1
"13963","PmetTSAr1.1-018967",3.46198523145831,4.64066990734216,2.36424110441766,3.07131801143771,3.67746350119028,4.01446346227477,4.29551894436675,3.39678464445861,0.179731914483672,1.88100667916737,0.529542057946139,1
"13964","PmetTSAr1.1-018969",3.91159370307627,5.0571402836421,7.56557153413652,5.82491346996808,5.5344005166428,5.7672573683384,7.54335034132698,6.45389082447135,0.180717117676869,2.5901504433735,0.561090751883125,1
"13965","PmetTSAr1.1-018970",22.5253844280599,23.4710804929036,21.9874422710843,26.9534632383068,23.2299179580139,27.1965764134389,27.617043749636,22.6452309630574,0.0845963051893403,4.61583339901338,0.76578072938274,1
"13966","PmetTSAr1.1-018971",5.03561488212118,6.4255429486276,4.06649469959838,5.53366779646967,6.66312693780021,6.38921649629646,6.95664531477933,5.97267966650638,0.298850569019946,2.57265006490983,0.295181856023731,1
"13967","PmetTSAr1.1-018974",22.0308151092802,23.0843580006251,22.9804235349397,27.1388013941694,23.2663284877286,30.1932885754187,28.4551937875612,22.0224871115733,0.125991854493397,4.64169950137574,0.66300123501514,1
"13968","PmetTSAr1.1-018975",5.03561488212118,7.43697100535602,4.16106434377508,5.58662155528756,4.87901098177721,4.49506824296963,3.9183514273004,4.52904619261147,-0.324238515065829,2.34130068805508,0.272156065909851,1
"13969","PmetTSAr1.1-018976",4.27128048037064,3.59949396659232,2.36424110441766,3.23017928789139,2.4395054908886,2.54437825073753,2.84971012894575,2.46266886723249,-0.385627887625519,1.59909881268215,0.166566034113222,1
"13970","PmetTSAr1.1-018978",6.96893131007841,7.2882315852489,4.49205809839356,6.5927429728275,5.42516892749854,8.22682301071801,6.68424655245363,7.13324775336307,0.114741056731964,2.73737756068066,0.703232695919358,1
"13971","PmetTSAr1.1-018979",6.24955775548968,5.35461912385634,6.38345098192769,8.02249446091058,5.24311627892476,9.66863735280261,6.76806155624615,7.58615237262422,0.169972869852055,2.8023484248579,0.584568546147407,1
"13972","PmetTSAr1.1-018980",18.6587515721454,22.2216693640038,16.6915421971887,13.8209310514697,14.8919066533349,11.4497021283189,22.8395885334622,17.1254559158121,-0.105720786179631,4.11066038313147,0.738790382425766,1
"13973","PmetTSAr1.1-018981",5.79994928387171,5.41411489189919,4.63391256465862,3.28313304670928,4.40567409548539,4.86258954585394,6.89378406193494,5.46316196983759,0.182586094446483,2.36682250031037,0.556646918999122,1
"13974","PmetTSAr1.1-018982",8.58752180790308,8.95411309044865,5.76874829477909,7.5723875109585,7.35492700238057,4.9756730236645,9.76444794182881,8.18058968540448,-0.028729242017604,2.94679927194352,0.930755336078085,1
"13975","PmetTSAr1.1-018983",6.06971436684249,6.78251755688469,7.18729295742969,8.92270836081473,8.629295542397,6.67192519082285,5.59465150315084,8.43534853373887,0.0144624402490508,2.87741663115275,0.960764721031778,1
"13976","PmetTSAr1.1-018984",5.84491013103351,6.96100486101324,7.80199564457828,9.84939914012784,7.68262176981336,6.04996606286479,5.59465150315084,8.29381584021976,-0.144511810010231,2.87213629249182,0.643671792211473,1
"13977","PmetTSAr1.1-018985",29.7191199739473,32.544185119438,35.9837496092368,29.9718274909266,26.179170864909,41.6712615731902,31.3887189202995,31.0805794967962,0.0237861654527842,5.01698910557097,0.937586478536867,1
"13978","PmetTSAr1.1-018986",6.83404876859303,7.05024851307751,22.4602904919678,7.70477190800323,8.41083236410847,6.64365432137021,5.99277277116532,6.14251889872931,-0.69373382273463,3.16061730229787,0.0787761045077251,1
"13979","PmetTSAr1.1-018988",10.8805250131547,15.4391518071191,8.18027422128511,9.16100027549525,10.0493062012725,12.4109116897086,14.1856893918844,11.8321331781975,0.150398790497041,3.53434195982501,0.627002305024442,1
"13980","PmetTSAr1.1-018989",13.5781758428625,16.837302356126,10.4499456815261,9.95530665776362,12.343169573302,10.262325611308,11.6502855271606,11.6622939459745,-0.146938844073677,3.60323966250779,0.624991984570625,1
"13981","PmetTSAr1.1-018990",3.46198523145831,3.09377993822811,2.88437414738955,4.20982382602238,3.27694767432797,3.59040042048518,3.24783139696023,3.36847810575478,-0.0227727762246842,1.78894686291166,0.949300429460939,1
"13982","PmetTSAr1.1-018991",11.4200551790962,13.4757914617051,10.308091215261,8.97566211963263,12.7436854001643,8.87705300812871,9.82730919467321,11.435841636344,-0.0438082805445666,3.45179891447364,0.88567126187124,1
"13983","PmetTSAr1.1-018992",8.27279587777051,8.24016387393447,8.84226173052206,12.0999338898882,9.21186401783308,12.382640820256,9.70158668898442,8.35042891762741,0.080509165786596,3.2785202255417,0.78866547168938,1
"13984","PmetTSAr1.1-018993",3.77671116159088,4.78940932744928,2.69523485903613,2.96541049380193,4.51490568462965,2.12031520894794,3.12210889127144,3.48170426057007,-0.110641174988076,1.80451767267976,0.737917744199697,1
"13985","PmetTSAr1.1-018995",6.74412707426943,6.93125697699181,5.53232418433733,4.44811574070289,7.79185335895763,5.68244475998048,7.83670285460081,6.79356928891721,0.249772222660437,2.70764617758727,0.405814171579613,1
"13986","PmetTSAr1.1-018998",25.4028786464149,29.6288924853384,27.3306271670682,27.0593707559426,27.1986656969222,23.4365507762379,18.5021620871992,23.8624121273217,-0.235311049998015,4.66448957319341,0.413852284347302,1
"13987","PmetTSAr1.1-018999",5.17049742360657,6.663526020799,12.0103448104417,4.65993077597446,6.95441117551826,5.08875650147506,5.48988274841019,7.44461967910511,-0.187363711201464,2.7515994510245,0.587746365136785,1
"13988","PmetTSAr1.1-019000",17.9843388647185,30.7890599621739,10.4026608594377,12.3911795633866,14.7826750641906,19.8178794863001,20.1156009102053,17.776506306,0.0178699099955739,4.17607182822069,0.960541040585866,1
"13989","PmetTSAr1.1-019002",15.8262182009523,22.3109130160681,10.4499456815261,14.0592229661502,10.704695736138,8.70742779141287,20.387999672531,19.3050593960064,-0.0839228728886967,3.93440763010795,0.815787329762937,1
"13990","PmetTSAr1.1-019009",3.95655455023807,3.3317630103995,2.55338039277107,3.38904056434506,4.36926356577063,4.1840886789906,4.60982520858871,3.70815657020064,0.34926315879334,1.93692860354931,0.204578144846293,1
"13991","PmetTSAr1.1-019010",5.66506674238632,5.53310642798488,2.97894379156625,2.99188737321088,4.58772674405916,6.16304954067535,3.7088139178191,6.82187582762103,0.309229115073177,2.28373200025597,0.359043885474698,1
"13992","PmetTSAr1.1-019011",6.33947944981327,5.681845848092,5.57960900642568,7.65181814918534,5.20670574921,6.4174873657491,10.8749967420797,2.54758848334395,-0.0100460497540833,2.66837807885072,0.980867114588494,1
"13993","PmetTSAr1.1-019013",8.45263926641769,3.71848550267801,22.0347270931726,33.5726830905433,16.4575594310694,22.5884246926587,2.89161763084201,7.64276545003186,-0.451990872304507,3.88027807875888,0.455493946385112,1
"13994","PmetTSAr1.1-019014",10.6557207773457,14.2492364462621,6.99815366907628,13.9797923279234,11.7241905681512,14.5594977681092,12.530343066982,12.2567312587548,0.151757357611436,3.60764312258775,0.625194518372648,1
"13995","PmetTSAr1.1-019015",1.48370795633928,1.6063857371569,3.45179201244979,1.13850581458467,2.0389896640263,1.63971042825307,1.2362713059397,1.24548770296816,-0.30592369256923,0.82816600711439,0.380962940679003,1
"13996","PmetTSAr1.1-019017",4.90073234063579,3.30201512637807,3.73550094497991,3.09779489084666,4.8061899223477,2.54437825073753,3.31069264980462,3.67985003149682,-0.0663673962691252,1.89746532490139,0.832441466507664,1
"13997","PmetTSAr1.1-019020",5.12553657644477,5.74134161613485,9.03140101887547,9.16100027549525,4.62413727377392,5.14529824038033,5.6994202578915,6.11421236002549,-0.428298017182884,2.67569858037445,0.166219763059286,1
"13998","PmetTSAr1.1-019023",3.32710268997292,4.9381487475564,2.83708932530119,4.23630070543133,4.26003197662637,2.8836286841692,3.58309141213032,3.76476964760829,-0.091801471924047,1.92374242964851,0.773022709295812,1
"13999","PmetTSAr1.1-019024",8.54256096074128,6.57428236873473,22.8385690686746,16.1773733188659,10.6682852064233,10.2905964807607,8.23482412261529,8.09567006929301,-0.536984631047139,3.52051090068454,0.154188192038284,1
"14000","PmetTSAr1.1-019025",8.04799164196152,8.98386097447008,5.72146347269074,3.91857815252398,3.96874773890832,4.91913128475922,13.808521874818,9.28454469485352,0.265175561576303,2.88818259156732,0.517282882178706,1
"14001","PmetTSAr1.1-019026",2.69765082970777,4.0754601109351,2.55338039277107,3.89210127311503,2.51232655031811,3.47731694267462,4.35838019721114,4.50073965390765,0.162934568839976,1.84031422039721,0.584657535175701,1
"14002","PmetTSAr1.1-019027",1.48370795633928,1.63613362117833,2.83708932530119,1.53565900571886,1.23795801030168,1.49835608098988,0.942918792665873,2.17960348019427,-0.345372120528334,0.782806144275487,0.279446133865677,1
"14003","PmetTSAr1.1-019029",2.47284659389879,2.85579686605671,3.54636165662649,2.35644226739618,2.47591602060336,2.51610738128489,1.92774508722801,3.34017156705096,-0.127810649819897,1.45542659100268,0.65617177701585,1
"14004","PmetTSAr1.1-019032",19.0184383494398,19.4848640340328,15.6985609333333,17.2364484952237,15.6565277773448,13.2024960343825,12.6141580707746,17.2386820706274,-0.283726705134828,4.02916859854101,0.326726381554086,1
"14005","PmetTSAr1.1-019033",6.15963606116608,5.38436700787776,12.6723323196787,7.8636331844569,7.02723223494777,7.01117562425452,7.87861035649707,6.0009862052102,-0.196996151687061,2.91712632097951,0.547377848039348,1
"14006","PmetTSAr1.1-019034",13.6680975371861,17.6107473406831,4.49205809839356,19.5928907626199,20.0986124025449,13.089412556572,3.96025892919667,12.3133443361624,-0.165657911318498,3.71884604970913,0.728169713438692,1
"14007","PmetTSAr1.1-019035",1.66355134498646,2.23109130160681,3.59364647871485,3.73323999666136,3.56823191204602,1.92241912277947,1.88583758533175,2.09468386408281,-0.255702262124249,1.40238050019751,0.454620133660127,1
"14008","PmetTSAr1.1-019038",14.6572361747456,15.5283954591834,10.970078724498,21.6051335976998,13.7267697024627,17.6410225384469,21.4356872199375,16.1064205224746,0.133756628909686,4.04714738112815,0.669917291638455,1
"14009","PmetTSAr1.1-019042",7.23869639304919,7.88318926567739,5.95788758313251,6.11615914346648,7.75544282924287,5.31492345709617,6.57947779771298,6.28405159224842,-0.070079087565468,2.74445268321971,0.811879096909185,1
"14010","PmetTSAr1.1-019043",23.6494056071048,25.4939366063604,24.4462530196786,24.5440672120928,25.1596760328959,21.9099238257954,22.5252822692403,21.428049798793,-0.108821953249456,4.56709021030926,0.696706648976321,1
"14011","PmetTSAr1.1-019044",3.01237675984035,3.06403205420668,39.1518326891565,3.83914751429714,4.44208462520014,4.55160998187491,2.59826511756818,3.99122195723886,-1.65249172834867,3.01531559319812,0.0144374579835387,1
"14012","PmetTSAr1.1-019045",4.7208889519886,6.09831622439194,3.73550094497991,3.57437872020768,5.31593733835427,4.55160998187491,5.36416024272141,5.49146850854141,0.191206095104945,2.29905625124475,0.513022447220659,1
"14013","PmetTSAr1.1-019046",12.4541546638176,14.6062110545192,12.6723323196787,10.749613040032,14.9647277127644,11.9585777784664,14.2695043956769,11.6056808685669,0.0646645544742913,3.69726350119391,0.82468362655899,1
"14014","PmetTSAr1.1-019047",2.15812066376622,2.08235188149969,2.60066521485943,3.33608680552717,3.20412661489846,2.40302390347433,2.34682010619062,2.37774925112102,0.0107420541342867,1.39253588423499,0.973920449555285,1
"14015","PmetTSAr1.1-019048",18.6137907249836,24.482508549632,12.719617141767,23.0084082063739,20.6083598185515,19.9592338335633,26.6741249569701,22.0507936502771,0.178697478062563,4.3982467363355,0.560254656470312,1
"14016","PmetTSAr1.1-019049",11.465016026258,14.6359589385407,7.23457777951804,11.0938124723483,9.83084302298392,10.6863886530976,18.7955146004731,14.8609328195064,0.285556403832084,3.63220968674458,0.387965285276786,1
"14017","PmetTSAr1.1-019052",14.8370795633928,5.77108950015627,28.6546021855421,23.9880527445049,26.2155813946238,16.5384586297939,1.19436380404344,10.5017258591179,-0.428524293566449,4.00017849447338,0.490266260424046,1
"14018","PmetTSAr1.1-019053",9.5316995983008,11.6314226523768,12.2467689208835,16.3891883541374,10.267769379561,14.418143420846,10.8330892401835,10.1054343172644,-0.127725387786423,3.58411537109126,0.676868267147041,1
"14019","PmetTSAr1.1-019054",7.68830486466715,8.21041598991305,5.53232418433733,7.2281880786422,5.64363210578707,5.20183997928561,7.6271653451195,7.35970006299365,-0.14989405461702,2.7815568310176,0.6185523647634,1
"14020","PmetTSAr1.1-019055",2.427885746737,2.4690743737782,2.88437414738955,1.80042779980831,1.7112948965935,2.28994042566378,3.31069264980462,2.37774925112102,0.034673621007289,1.30514755953775,0.933661925194083,1
"14021","PmetTSAr1.1-019058",9.12705197384463,9.60856653891998,7.84928046666664,6.22206666110226,8.92057978011504,7.32215518823355,7.22904407710502,7.44461967910511,-0.085623767832428,3.00409815337093,0.773495551403658,1
"14022","PmetTSAr1.1-019060",6.29451860265147,5.14638393570637,19.5286315224899,4.58050013774762,7.35492700238057,4.38198476515908,3.62499891402658,3.53831733797771,-0.909461854470909,2.77259984673749,0.0427612706752335,1
"14023","PmetTSAr1.1-019062",36.8229338255111,23.6495677970322,19.5286315224899,13.4767316191534,23.8853074928795,15.8599577629306,10.7283204854428,16.8140839900701,-0.47433461372721,4.33195607505475,0.188501781572583,1
"14024","PmetTSAr1.1-019063",21.9858542621184,25.6129281424461,18.5829350807228,19.4869832449841,22.9022231905811,16.2840208047202,17.0353995208301,17.776506306,-0.212180055709637,4.32314457487407,0.46774716527142,1
"14025","PmetTSAr1.1-019064",8.04799164196152,11.6909184204197,2.97894379156625,6.11615914346648,5.97132687321986,9.07494909429718,14.7514406674839,9.19962507874206,0.434493267300569,3.09729948491376,0.277672517578523,1
"14026","PmetTSAr1.1-019065",9.21697366816823,7.94268503372023,8.55855279799194,6.06320538464859,8.15595865610518,5.6259030210752,6.6632928015055,7.07663467595543,-0.20609965249127,2.90038805299484,0.485567465830905,1
"14027","PmetTSAr1.1-019066",15.6463748123051,16.3018404437404,7.04543849116463,7.17523431982431,10.0493062012725,7.63313475221258,6.36994028823167,9.53930354318792,-0.459893209818032,3.32540488678867,0.195861743506189,1
"14028","PmetTSAr1.1-019067",18.2541039476893,23.4413326088822,13.6653135835341,15.4889744542333,16.7488436687874,21.627215131269,22.2738372578627,20.635466715086,0.19789715152868,4.25438102066076,0.508632798448831,1
"14029","PmetTSAr1.1-019068",11.8696636507142,10.173776335327,11.6793510558232,11.0938124723483,12.1611169247283,13.2024960343825,16.4067869923862,11.5207612524554,0.251306206099732,3.62393218538472,0.383722593385982,1
"14030","PmetTSAr1.1-019070",2.3829248995752,1.90386457737114,1.70225359518072,1.98576595567094,1.82052648573776,1.89414825332683,0.81719628697709,2.20791001889809,-0.252462475750147,0.921926819717732,0.438233452176793,1
"14031","PmetTSAr1.1-019072",3.5968677729437,5.83058526819912,4.58662774257026,6.98989616396169,4.11438985776735,5.17356910983297,5.19653023513636,5.40654889242995,-0.0833778533623273,2.37327233725561,0.789084583275979,1
"14032","PmetTSAr1.1-019073",8.09295248912332,12.0181451446553,3.92464023333332,7.33409559627799,8.33801130467896,9.55555387499205,11.7550542819012,9.48269046578027,0.316435017119192,3.15161588732686,0.35534693885235,1
"14033","PmetTSAr1.1-019074",15.6463748123051,14.4872195184335,15.131143068273,13.2384397044729,15.8021698962038,13.8809969012458,11.4617017686274,14.3797216615414,-0.0755490042394459,3.83895599232642,0.79259416290398,1
"14034","PmetTSAr1.1-019075",7.82318740615254,9.9952890311985,4.53934292048191,5.00413020829076,6.69953746751497,6.33267475739118,8.59103788873351,7.9541373757739,0.111771716988682,2.8448269960198,0.733723961267352,1
"14035","PmetTSAr1.1-019077",7.86814825331434,2.82604898203529,6.71444473654616,3.38904056434506,7.46415859152483,2.51610738128489,2.36777385713875,2.20791001889809,-0.514988661999132,2.15475527001529,0.242619667566145,1
"14036","PmetTSAr1.1-019081",14.0277843144804,15.5878912272262,15.3202823566264,11.6233500605272,12.2703485138725,10.5167634363818,13.326585603011,12.5114901070892,-0.217129906281892,3.72309239348767,0.449220597277972,1
"14037","PmetTSAr1.1-019082",2.06819896944263,2.52857014182105,2.17510181606425,2.56825730266774,1.92975807488203,1.69625216715835,2.7449413742051,1.61347270611784,-0.224807204179177,1.15702108697933,0.417931610854644,1
"14038","PmetTSAr1.1-019083",3.32710268997292,3.03428417018526,2.55338039277107,5.00413020829076,2.51232655031811,4.07100520118004,3.45736890644153,3.82138272501593,-0.0112992106968424,1.82438340904615,0.982415309131127,1
"14039","PmetTSAr1.1-019084",3.19222014848753,3.30201512637807,19.4813467004015,6.67217361105434,7.31851647266581,6.75673779918077,1.36199381162848,4.98195081187262,-0.676429174675713,2.73649428307613,0.225713293636703,1
"14040","PmetTSAr1.1-019085",6.92397046291662,8.59713848219156,13.9963073381526,10.1935985724441,8.629295542397,7.80275996892842,7.45953533753446,7.81260468225479,-0.324308121461217,3.16694266805985,0.292910827743713,1
"14041","PmetTSAr1.1-019086",3.37206353713472,3.51025031452804,3.12079825783131,5.374806520016,3.8231056200493,4.12754694008532,4.33742644626301,4.01952849594268,0.078054272339528,2.01048562576635,0.776383291631916,1
"14042","PmetTSAr1.1-019087",7.68830486466715,7.55596254144172,5.20133042971886,9.84939914012784,7.39133753209532,6.64365432137021,4.79840896712189,6.42558428576753,-0.267387633264103,2.8086534304567,0.394021870028907,1
"14043","PmetTSAr1.1-019088",21.401363249015,28.5877165445886,9.40967959558229,15.621358851278,20.8632335265548,18.0650855802364,23.2377098014767,22.8150701952803,0.178931577008221,4.326931492746,0.602883765178339,1
"14044","PmetTSAr1.1-019089",2.83253337119316,3.03428417018526,3.45179201244979,3.4684712025719,2.7672002583214,1.66798129770571,2.84971012894575,2.57589502204778,-0.37493337870965,1.53076403314653,0.177013265839122,1
"14045","PmetTSAr1.1-019090",3.73175031442909,3.3317630103995,4.58662774257026,4.52754637892973,3.89592667947881,2.06377347004266,2.89161763084201,2.94388002519746,-0.458621976201455,1.82808843516042,0.113698543258367,1
"14046","PmetTSAr1.1-019094",12.8138414411119,9.28133981468432,6.80901438072287,8.92270836081473,6.29902164065266,6.21959127958062,4.14884268772984,8.03905699188537,-0.615479298332012,2.9761805001268,0.0567640566495334,1
"14047","PmetTSAr1.1-019095",2.3379640524134,2.20134341758538,2.17510181606425,1.69452028217253,1.92975807488203,1.41354347263196,1.82297633248735,1.9531511705637,-0.233394203443887,0.998020810205087,0.379882193926485,1
"14048","PmetTSAr1.1-019096",7.91310910047614,8.86486943838438,10.2135215710843,8.41964765204476,10.6682852064233,7.35042605768619,8.75866789631855,8.6051877659618,-0.00142899653089727,3.15508535140667,0.999720416396378,1
"14049","PmetTSAr1.1-019097",3.32710268997292,3.42100666246377,6.14702687148592,5.18946836415338,4.4784951549149,3.98619259282213,3.60404516307845,3.51001079927389,-0.215272884067542,2.09221787149646,0.476335540460525,1
"14050","PmetTSAr1.1-019098",11.7797419563906,8.65663425023441,5.1540456076305,8.86975460199684,9.90366408241343,5.56936128216992,0.83815003792522,6.31235813095224,-0.610385910175753,2.84464471220633,0.225607256954858,1
"14051","PmetTSAr1.1-019099",6.78908792143123,6.90150909297039,6.09974204939757,5.69252907292335,6.48107428922644,4.35371389570644,5.2174839860845,5.12348350539173,-0.268161266681447,2.55796569432486,0.350519129455898,1
"14052","PmetTSAr1.1-019102",14.7471578690692,12.6725985931267,34.4233504803212,26.9005094794889,23.9217180225942,16.3405625436255,6.70520030340176,15.2855309000637,-0.512244136743263,4.24182391293804,0.211878870888987,1
"14053","PmetTSAr1.1-019103",6.83404876859303,8.89461732240581,10.4499456815261,7.36057247568693,8.33801130467896,7.60486388275995,7.39667408469007,7.69937852743951,-0.111253052850849,3.02323183528964,0.704215597079155,1
"14054","PmetTSAr1.1-019105",5.53018420090094,7.73444984557027,1.65496877309236,4.79231517301919,4.18721091719686,3.92965085391685,4.12788893678171,4.92533773446498,-0.204264171017627,2.22600878054549,0.592110495105937,1
"14055","PmetTSAr1.1-019107",9.486738751139,9.28133981468432,8.93683137469876,5.74548283174124,9.3575061366921,5.65417389052784,5.11271523134384,10.2752735494873,-0.138093092506433,3.00602227478025,0.680565198229333,1
"14056","PmetTSAr1.1-019108",11.3750943319344,20.5557878588041,2.60066521485943,7.83715630504796,5.20670574921,5.65417389052784,2.49349636282753,20.4656274828631,-0.326432496951706,3.26167388041632,0.58229916682596,1
"14057","PmetTSAr1.1-019109",5.79994928387171,7.64520619350599,4.01920987751002,4.18334694661344,5.75286369493133,5.06048563202242,6.60043154866111,4.89703119576116,0.0423962454505593,2.47506597164272,0.892607108141351,1
"14058","PmetTSAr1.1-019110",11.2851726376109,10.590246711627,12.5304778534136,15.2771594189617,10.7411062658528,10.4036799585712,8.15100911882277,11.3792285589363,-0.290059728224528,3.50505698986793,0.323853018846114,1
"14059","PmetTSAr1.1-019112",3.73175031442909,6.39579506460618,1.89139288353413,4.42163886129395,4.73336886291819,5.00394389311714,9.1358354133849,4.89703119576116,0.526876478067754,2.35244841447655,0.15463384098599,1
"14060","PmetTSAr1.1-019113",2.60772913538418,2.43932648975678,2.78980450321284,5.0306070876997,2.69437919889189,2.51610738128489,3.08020138937518,3.70815657020064,-0.108149247563082,1.6670347744533,0.735354518129765,1
"14061","PmetTSAr1.1-019115",22.2556193450891,28.1414982842672,11.1592180128514,18.6661999833068,18.2416753870924,20.3267551364476,30.4667538785818,22.9566028887994,0.197075891077505,4.43291496696673,0.556664375273374,1
"14062","PmetTSAr1.1-019117",2.78757252403137,3.95646857484941,2.69523485903613,3.44199432316295,2.80361078803616,2.57264912019017,4.4631489519518,3.22694541223568,0.0189854762387384,1.72798212415786,0.951056849642612,1
"14063","PmetTSAr1.1-019118",3.28214184281112,3.51025031452804,2.26967146024096,2.93893361439298,2.7672002583214,2.14858607840058,3.08020138937518,2.37774925112102,-0.212658225448468,1.51563939661639,0.442375769525728,1
"14064","PmetTSAr1.1-019119",5.08057572928297,6.663526020799,5.95788758313251,7.14875744041537,5.24311627892476,8.90532387758135,9.63872543614003,7.16155429206689,0.316189021131557,2.81704996136174,0.305072952257428,1
"14065","PmetTSAr1.1-019120",12.9936848297591,12.0181451446553,11.3956421232931,11.226196869393,11.9426537464397,9.97961691678164,10.5187829759615,14.0683497357994,-0.0345007788553299,3.56404930100534,0.906498569763611,1
"14066","PmetTSAr1.1-019121",3.37206353713472,4.64066990734216,2.78980450321284,4.81879205242814,3.64105297147553,4.24063041789588,5.51083649935832,4.16106118946179,0.162919551427544,2.07700617827504,0.581669047301543,1
"14067","PmetTSAr1.1-019122",17.6246520874241,17.3430163844902,16.4078332646586,12.4176564427956,17.9139806196596,10.7429303920029,14.8143019203283,15.7384355193249,-0.107279430305109,3.9477954263497,0.721667853067064,1
"14068","PmetTSAr1.1-019123",4.99065403495938,6.72302178884185,3.83007058915661,2.91245673498404,4.36926356577063,4.21235954844324,6.60043154866111,6.53881044058282,0.236491381854982,2.34748921879988,0.475474961587004,1
"14069","PmetTSAr1.1-019124",3.5968677729437,3.00453628616383,1.84410806144578,3.73323999666136,2.62155813946238,2.51610738128489,3.26878514790836,3.51001079927389,-0.035738900357738,1.62222230200779,0.917391322915136,1
"14070","PmetTSAr1.1-019125",1.52866880350107,1.13041959281412,1.89139288353413,2.30348850857828,1.7112948965935,2.34648216456905,2.03251384196866,1.78331193834077,0.19986257243119,0.930598304956102,0.499475689439701,1
"14071","PmetTSAr1.1-019127",6.38444029697506,13.0295732013838,2.60066521485943,5.95729786701281,5.89850581379035,7.54832214385467,10.4978292250134,7.44461967910511,0.163680378366669,2.9063984320078,0.68714613628951,1
"14072","PmetTSAr1.1-019128",40.0601148211604,38.4640140397014,38.820838934538,40.9597324456392,40.5249195725226,45.6291832965597,38.6806242502489,45.3187684648186,0.104064843111906,5.36176012042993,0.723969589059578,1
"14073","PmetTSAr1.1-019129",6.60924453278405,5.74134161613485,7.80199564457828,7.20171119923326,6.1897900515084,4.60815172078019,5.38511399366954,5.91606658909874,-0.30735859876352,2.64089012408794,0.282788461463859,1
"14074","PmetTSAr1.1-019130",12.0045461921996,11.0067170879269,11.8212055220883,10.3259829694889,10.7411062658528,8.39644822743384,8.48626913399285,9.39777084966881,-0.286631120696912,3.36837602971008,0.312109699086708,1
"14075","PmetTSAr1.1-019131",14.6572361747456,15.7366306473333,10.8755090803212,11.0408587135304,13.1077906973119,12.2130156035401,13.3684931049073,13.2757666520924,-0.0097016946910577,3.71109385702045,0.975687338096565,1
"14076","PmetTSAr1.1-019133",8.54256096074128,11.7801620724839,7.09272331325299,9.02861587845052,6.66312693780021,9.92307517787636,10.6864129835466,8.2088962241083,-0.0391016348231889,3.17937680024332,0.901613912206826,1
"14077","PmetTSAr1.1-019134",21.5362457905004,15.855622183419,24.8245315963854,30.6337494761503,26.3248129837681,24.1150516431012,14.1437818899881,16.5593251417357,-0.195358543751696,4.44660841091103,0.551291297459485,1
"14078","PmetTSAr1.1-019135",21.850971720633,27.6060363718816,14.6582948473895,21.6051335976998,25.1960865626106,14.8422064626356,16.2601107357493,16.8423905287739,-0.230656373243829,4.31603274373708,0.467116725063871,1
"14079","PmetTSAr1.1-019136",6.69916622710764,5.65209796407058,6.38345098192769,4.44811574070289,7.64621124009861,4.57988085132755,5.72037400883963,5.46316196983759,0.0156900502204475,2.55555207652256,0.963254692564073,1
"14080","PmetTSAr1.1-019138",2.83253337119316,2.23109130160681,3.73550094497991,2.70064169971247,2.40309496117385,2.34648216456905,2.53540386472379,4.01952849594268,-0.0161587303992077,1.53987695621388,0.955952946703528,1
"14081","PmetTSAr1.1-019139",5.84491013103351,4.87865297951355,6.99815366907628,4.52754637892973,6.73594799722972,4.63642259023283,3.20592389506397,3.99122195723886,-0.26145796129647,2.364742923854,0.414522975347773,1
"14082","PmetTSAr1.1-019140",12.1843895808468,14.6657068225621,9.12597066305217,19.3281219685304,10.3770009687053,14.9552899404461,16.1134344791124,15.6818224419172,0.0451963317806177,3.8203711995502,0.887705675007472,1
"14083","PmetTSAr1.1-019141",3.41702438429651,2.32033495367108,2.17510181606425,1.24441333222045,3.20412661489846,2.20512781730586,1.69725382679857,2.09468386408281,0.0116569168753941,1.22978396295959,1,1
"14084","PmetTSAr1.1-019143",4.63096725766501,5.38436700787776,3.26265272409637,4.07743942897765,3.67746350119028,4.3254430262538,4.63077895953684,3.99122195723886,-0.0632665589261609,2.10853341623206,0.833252905848451,1
"14085","PmetTSAr1.1-019146",5.08057572928297,4.67041779136358,5.1540456076305,5.90434410819491,4.26003197662637,4.86258954585394,3.96025892919667,4.47243311520383,-0.246639699786908,2.27945389724036,0.373334834188207,1
"14086","PmetTSAr1.1-019147",4.8108106463122,1.84436880932829,5.43775454016062,5.53366779646967,3.75028456061979,3.3925043343167,1.59248507205792,1.9531511705637,-0.724282275101838,1.84180667827281,0.0556817695343427,1
"14087","PmetTSAr1.1-019148",19.4680468210578,24.0362902893107,32.3428183084336,23.4849920357349,23.8488969631647,20.920443394953,27.5960899986879,24.6266886723249,-0.0338043073953401,4.62061830779224,0.909463246820174,1
"14088","PmetTSAr1.1-019149",5.9797926725189,7.43697100535602,5.72146347269074,6.77808112869012,6.5903058783707,6.70019606027549,6.47470904297233,6.34066466965606,0.00795643240686857,2.71525639651498,0.980004334150629,1
"14089","PmetTSAr1.1-019150",14.9270012577163,14.2789843302836,13.9963073381526,24.0410065033228,17.2221805550792,18.2064399274996,12.8656030821521,16.2479532159937,-0.0610663555988292,4.04768824670233,0.846841353976224,1
"14090","PmetTSAr1.1-019152",2.11315981660442,3.18302359029238,1.60768395100401,2.22405787035145,2.73078972860665,3.33596259541143,2.72398762325697,2.57589502204778,0.303780167311492,1.39547864075913,0.269772959043149,1
"14091","PmetTSAr1.1-019153",15.7362965066287,16.837302356126,23.4059869337349,17.8454167216295,17.4406437333678,46.7882889441179,18.0411795663404,16.1064205224746,0.414561296441717,4.43225848507855,0.263455852094965,1
"14092","PmetTSAr1.1-019154",1.84339473363365,2.11209976552111,2.17510181606425,2.01224283507988,1.56565277773448,1.32873086427404,1.46676256636914,1.67008578352548,-0.434629171440455,0.871020206324985,0.0986702406413265,1
"14093","PmetTSAr1.1-019158",5.88987097819531,5.32487123983491,5.57960900642568,4.63345389656552,7.02723223494777,5.06048563202242,4.77745521617375,4.92533773446498,0.0237282829412128,2.44855199319709,0.940817188859329,1
"14094","PmetTSAr1.1-019163",9.486738751139,11.4231874642269,7.04543849116463,7.01637304337064,8.70211660182651,7.77448909947578,11.6921930290568,11.4641481750478,0.1807159299929,3.23148453861828,0.562158262270893,1
"14095","PmetTSAr1.1-019164",6.24955775548968,6.60403025275615,3.54636165662649,5.50719091706073,5.97132687321986,4.24063041789588,5.09176148039571,5.37824235372613,-0.087086011962881,2.42937077701216,0.78597593627534,1
"14096","PmetTSAr1.1-019165",5.79994928387171,6.63377813677757,6.90358402489957,9.18747715490419,4.66054780348867,8.73569866086551,7.43858158658633,7.64276545003186,-0.00304294498841145,2.84665659146421,1,1
"14097","PmetTSAr1.1-019166",17.6696129345859,24.7204916218034,19.2449225899598,15.1182981425081,18.2780859168071,17.8389186246153,19.8851096497758,20.635466715086,-0.00213003919816714,4.26575416015449,0.99557081370321,1
"14098","PmetTSAr1.1-019168",4.63096725766501,2.91529263409956,3.68821612289155,7.01637304337064,2.98566343660993,4.63642259023283,4.60982520858871,3.56662387668154,-0.208925405546573,2.11188502577492,0.523031938569925,1
"14099","PmetTSAr1.1-019173",8.04799164196152,4.99764451559925,23.2641324674698,8.31374013440898,14.3093381778988,10.4036799585712,1.82297633248735,6.85018236632486,-0.41835941021225,3.29028424434945,0.431725996392837,1
"14100","PmetTSAr1.1-019174",2.65268998254598,4.72991355940643,1.60768395100401,2.22405787035145,2.54873708003287,2.54437825073753,6.26517153349102,5.74622735687581,0.605819612828811,1.85572014922663,0.121360318393849,1
"14101","PmetTSAr1.1-019178",15.2417271878489,7.76419772959169,7.9911349329317,7.2281880786422,10.4498220281348,8.05719779400217,6.51661654486859,8.15228314670065,-0.203306366873278,3.16583629573699,0.539773447355697,1
"14102","PmetTSAr1.1-019179",1.84339473363365,1.75512515726402,3.45179201244979,2.93893361439298,2.94925290689518,2.28994042566378,1.17341005309531,1.38702039648726,-0.365595801064286,1.18554237201042,0.29879274778406,1
"14103","PmetTSAr1.1-019180",3.01237675984035,2.94504051812099,3.54636165662649,4.05096254956871,3.13130555546895,3.70348389829574,3.56213766118219,3.96291541853504,0.0821836478714107,1.82930791139457,0.767651460626448,1
"14104","PmetTSAr1.1-019183",14.3874710917748,16.6588150519975,14.4218707369477,13.9268385691055,12.8529169893086,12.2130156035401,16.1343882300605,11.9453593330128,-0.159938674720518,3.82064407634075,0.575951887087906,1
"14105","PmetTSAr1.1-019184",2.92245506551675,3.86722492278513,2.08053217188754,3.86562439370609,3.34976873375749,3.56212955103254,3.62499891402658,4.33090042168472,0.212700021373351,1.81592639156578,0.451525272844601,1
"14106","PmetTSAr1.1-019185",5.9348318253571,8.2699117579559,7.94385011084334,6.83103488750802,6.29902164065266,5.73898649888576,10.0158929532064,6.68034313410192,-0.0105244530090743,2.8638912537161,0.974134130039211,1
"14107","PmetTSAr1.1-019186",31.8772406377135,33.2878822199736,25.2028101730923,28.0125384146647,33.4248662781453,22.4470703453955,21.9176234917445,28.0517798554873,-0.162230498689283,4.81175772221853,0.588190497523275,1
"14108","PmetTSAr1.1-019188",14.9719621048781,17.5512515726402,8.18027422128511,14.0327460867413,10.5954641469938,15.9164995018359,17.1611220265189,11.1527762493058,0.00185189042857975,3.78295483036196,0.996883120245792,1
"14109","PmetTSAr1.1-019190",1.43874710917748,2.08235188149969,1.56039912891566,1.77395092039937,1.49283171830497,1.32873086427404,2.22109760050183,1.9531511705637,0.0272741514712599,0.847031769861319,0.943152476234156,1
"14110","PmetTSAr1.1-019191",9.03713027952104,8.35915541002017,6.5725902702811,8.26078637559109,7.31851647266581,7.77448909947578,8.6538991415779,8.46365507244269,-0.000941279774609043,3.02127714151494,1,1
"14111","PmetTSAr1.1-019192",16.77039599135,12.1668845647625,10.8755090803212,14.9859137454633,11.4693168601479,9.49901213608677,12.6560655726708,14.8043197420988,-0.178121427917685,3.69644034572639,0.555467297796599,1
"14112","PmetTSAr1.1-019193",3.05733760700214,2.82604898203529,2.1278169939759,4.50106949952079,2.40309496117385,4.09927607063268,5.78323526168402,5.43485543113377,0.498461586931221,1.94739057238032,0.139627393889966,1
"14113","PmetTSAr1.1-019194",1.52866880350107,2.55831802584247,5.24861525180721,2.17110411153356,1.31077906973119,2.96844129252712,2.30491260429436,1.89653809315605,-0.426817332206404,1.35085164093895,0.247745801926517,1
"14114","PmetTSAr1.1-019196",13.2184890655681,9.43007923479144,3.54636165662649,52.0270680385785,7.53697965095434,7.26561344932828,3.72976766876723,27.4573425427071,-0.767330780671696,3.96407553962469,0.252143871621655,1
"14115","PmetTSAr1.1-019201",2.78757252403137,2.94504051812099,2.9316589694779,3.4684712025719,2.73078972860665,3.50558781212726,2.97543263463453,3.11371925742039,0.0197329408328049,1.64217340862721,0.942528396682978,1
"14116","PmetTSAr1.1-019202",4.04647624456166,3.98621645887083,3.40450719036143,3.1772255290735,4.36926356577063,2.71400346745336,4.02312018204106,3.96291541853504,0.0443673033640247,1.91489620626338,0.884648953993635,1
"14117","PmetTSAr1.1-019203",14.1626668559658,15.1416729669049,11.5847814116465,11.5439194223004,14.0908749996103,10.1492421334975,9.93207794941386,13.4739124230191,-0.139205692658431,3.65166201005558,0.639635735727204,1
"14118","PmetTSAr1.1-019204",7.86814825331434,7.88318926567739,4.58662774257026,3.41551744375401,6.9180006458035,2.17685694785322,3.79262892161162,5.06687042798409,-0.405638548807586,2.39617690634797,0.293606814799367,1
"14119","PmetTSAr1.1-019205",2.06819896944263,3.89697280680656,1.98596252771084,2.30348850857828,2.47591602060336,1.9506899922321,2.55635761567192,2.29282963500956,-0.155049225720381,1.3259490981901,0.604273993139635,1
"14120","PmetTSAr1.1-019206",40.2849190569694,53.5461912385634,23.6424110441766,18.08370863631,23.5212021957319,15.124915157162,72.0809032615689,31.6184037321689,0.070955176403007,5.12145171572256,0.878601441345834,1
"14121","PmetTSAr1.1-019207",12.0045461921996,14.4872195184335,12.6250474975903,11.8881188546167,13.6539486430332,8.22682301071801,7.27095157900128,12.0868920265319,-0.308663105922415,3.53424076083873,0.318954731818905,1
"14122","PmetTSAr1.1-019208",28.8648638778732,31.8897316709666,19.1976377678714,22.452393738786,27.0166130483484,24.369489468175,28.0151650176505,29.4954133293822,0.0883694746575397,4.72667274045443,0.766655819888934,1
"14123","PmetTSAr1.1-019209",2.24804235808981,3.27226724235665,2.64795003694778,2.75359545853036,2.07540019374105,2.17685694785322,3.68786016687097,3.05710618001275,0.0122758524838987,1.48947214325006,0.976567645770201,1
"14124","PmetTSAr1.1-019210",2.74261167686957,2.88554475007814,3.30993754618473,4.15687006720449,2.22104231260007,2.96844129252712,4.44219520100367,3.11371925742039,-0.0358121711090198,1.7217229808284,0.904367976432446,1
"14125","PmetTSAr1.1-019211",13.4882541485389,11.7504141884625,13.7598832277108,14.668191192556,13.7631802321775,13.7396425539827,14.6676256636914,13.502218961723,0.0531721112744549,3.77922176380674,0.852531999649784,1
"14126","PmetTSAr1.1-019212",8.3177567249323,12.1073887967196,10.0716671048192,11.0673355929393,11.0323905035708,12.6653495147824,14.9609781769652,11.4924547137516,0.270099929147045,3.52784594708845,0.35338875033109,1
"14127","PmetTSAr1.1-019213",6.60924453278405,6.21730776047764,3.97192505542167,4.89822269065497,5.60722157607231,5.54109041271728,5.19653023513636,6.0009862052102,0.0412266164083507,2.47703844708516,0.886043680697727,1
"14128","PmetTSAr1.1-019214",5.57514504806273,8.29965964197732,5.48503936224898,6.9369424051438,6.26261111093791,6.81327953808605,10.7073667344947,8.94486623040766,0.314329770140024,2.89748246507087,0.310686597653746,1
"14129","PmetTSAr1.1-019215",8.27279587777051,5.8008373841777,14.0435921602409,12.4970870810224,10.6318746767085,8.67915692196024,5.19653023513636,7.64276545003186,-0.338070821031332,3.19314881493274,0.336544109431628,1
"14130","PmetTSAr1.1-019216",6.60924453278405,8.83512155436296,11.8212055220883,8.23430949618214,8.15595865610518,8.70742779141287,6.8728303109868,8.54857468855416,-0.136498073814748,3.09253822100688,0.651899477938793,1
"14131","PmetTSAr1.1-019217",13.3533716070535,13.0593210854052,17.1171055959839,17.0246334599521,9.97648514184294,9.951346047329,8.63294539062977,7.41631314040129,-0.751460159189264,3.59919467035738,0.0100948975356768,1
"14132","PmetTSAr1.1-019219",21.7610500263094,34.299310276702,10.5918001477911,16.097942680639,19.188349159676,24.6239272932487,42.3475306661717,26.1269352236274,0.439985544740091,4.61223101122341,0.246992162376316,1
"14133","PmetTSAr1.1-019220",3.64182862010549,4.22419953104222,1.98596252771084,4.42163886129395,4.4784951549149,3.19460824814823,1.86488383438361,3.08541271871657,-0.191826654811613,1.77561348901451,0.586367639429752,1
"14134","PmetTSAr1.1-019221",4.09143709172346,3.92672069082798,11.4429269453815,5.18946836415338,5.75286369493133,5.14529824038033,1.5086700682654,5.63300120206052,-0.44988835534353,2.42682801120199,0.301719252973652,1
"14135","PmetTSAr1.1-019223",2.29300320525161,2.40957860573535,1.70225359518072,2.8330260967572,2.73078972860665,1.92241912277947,1.29913255878409,1.3021007803758,-0.371392373823063,1.08402715049956,0.247617822069997,1
"14136","PmetTSAr1.1-019224",9.62162129262439,12.553607057041,7.61285635622487,13.0531015486103,9.79443249326917,21.7120277396269,19.9689246535684,13.502218961723,0.599519751042544,3.76084243751208,0.0751046524438082,1
"14137","PmetTSAr1.1-019225",4.8108106463122,6.87176120894897,9.26782512931723,13.5032084985624,5.49798998692805,9.10321996374982,4.4631489519518,6.42558428576753,-0.437445231253417,2.91768123010007,0.228783465537913,1
"14138","PmetTSAr1.1-019226",7.86814825331434,13.5650351137694,4.25563398795179,5.85139034937702,5.68004263550182,8.00065605509689,8.40245413020033,7.41631314040129,-0.0979704637615144,2.94475599885686,0.789751079151153,1
"14139","PmetTSAr1.1-019227",9.12705197384463,8.98386097447008,3.12079825783131,12.1793645281151,10.9231589144266,7.68967649111786,2.64017261946444,8.35042891762741,-0.17936060933281,2.9890450918466,0.689879432802168,1
"14140","PmetTSAr1.1-019229",8.67744350222667,6.30655141254191,16.5496877309236,7.2281880786422,7.75544282924287,4.91913128475922,2.78684887610136,5.51977504724523,-0.885521024785414,2.90727322036361,0.0223016009707687,1
"14141","PmetTSAr1.1-019230",12.4991155109794,15.2309166189691,10.0716671048192,10.4054136077157,13.9088223510365,9.92307517787636,13.0541868406853,12.1151985652357,0.0226894127915083,3.61043873215906,0.940328940623201,1
"14142","PmetTSAr1.1-019232",2.3829248995752,1.93361246139257,3.12079825783131,3.7597168760703,2.54873708003287,2.2333986867585,1.88583758533175,2.20791001889809,-0.342027699355471,1.35997035349562,0.236557603999437,1
"14143","PmetTSAr1.1-019234",12.5890372053029,16.0936052555904,12.8614716080321,15.621358851278,12.4888116921611,13.6831008150774,15.736266962046,14.4929478163567,-0.0200751940726357,3.83411925718455,0.946943183385417,1
"14144","PmetTSAr1.1-019237",3.01237675984035,3.06403205420668,1.65496877309236,2.35644226739618,2.4395054908886,2.37475303402169,5.34320649177328,3.51001079927389,0.440656141973932,1.60572304503962,0.181553248580993,1
"14145","PmetTSAr1.1-019238",11.0154075546401,13.3567999256194,7.14000813534134,16.2038501982748,11.1052115630004,11.3366186505083,11.6921930290568,12.9927012650542,-0.0207611450160206,3.57596812459426,0.953415182245915,1
"14146","PmetTSAr1.1-019240",9.89138637559517,12.8808337812766,11.6793510558232,9.66406098426522,11.0323905035708,7.63313475221258,10.4978292250134,10.3884997043026,-0.157751308078769,3.3947639907367,0.591696907741631,1
"14147","PmetTSAr1.1-019242",17.3998478516151,18.5924275133901,14.989288602008,15.5948819718691,15.8021698962038,18.0085438413312,23.0281722919954,21.116677873051,0.228029548912811,4.18061828128212,0.432777863589351,1
"14148","PmetTSAr1.1-019243",3.23718099564933,3.71848550267801,3.30993754618473,2.09167347330672,3.78669509033455,1.89414825332683,3.37355390264901,3.14202579612421,-0.0163062987243509,1.64471038910703,0.96037645053636,1
"14149","PmetTSAr1.1-019244",11.5998985677434,12.137136680741,9.74067335020077,8.79032396377001,11.9426537464397,7.57659301330731,9.1358354133849,9.08639892392677,-0.164165005045721,3.33028951389666,0.582415749868457,1
"14150","PmetTSAr1.1-019247",1.88835558079544,2.11209976552111,2.1278169939759,2.67416482030353,1.96616860459678,2.12031520894794,1.36199381162848,1.44363347389491,-0.368156487236213,1.01505146955338,0.189548538674961,1
"14151","PmetTSAr1.1-019249",7.41853978169638,6.93125697699181,5.01219114136544,5.63957531410546,8.01031653724616,6.72846692972813,6.30707903538728,5.66130774076434,0.0936251211044431,2.70583684326692,0.753640168748884,1
"14152","PmetTSAr1.1-019253",1.70851219214826,2.17159553356396,1.93867770562248,2.06519659389777,2.7672002583214,1.66798129770571,1.55057757016166,1.72669886093312,-0.0502175162044061,1.00616334334804,0.898993895081468,1
"14153","PmetTSAr1.1-019254",18.1641822533657,24.690743737782,17.7318082831325,13.3178703426997,18.1324437979481,12.3260990813507,22.6090972730328,19.531511705637,-0.0253385225697687,4.19973160954155,0.937227442984921,1
"14154","PmetTSAr1.1-019255",1.84339473363365,3.15327570627095,2.64795003694778,3.44199432316295,3.0948950257542,3.10979563979031,2.53540386472379,2.49097540593631,0.00475740745781686,1.51369940092155,0.976649715468975,1
"14155","PmetTSAr1.1-019256",12.6339980524647,13.8327660699622,11.0646483686747,9.69053786367416,12.9621485784529,10.5167634363818,10.3930604702727,13.3323797295,-0.000963061512177909,3.5683511754346,1,1
"14156","PmetTSAr1.1-019258",2.56276828822238,2.11209976552111,2.55338039277107,2.40939602621407,2.14822125317056,2.31821129511641,2.91257138179014,2.66081463815924,0.0688525785646396,1.33461221583346,0.828247368738768,1
"14157","PmetTSAr1.1-019260",6.20459690832788,5.59260219602773,9.07868584096382,6.24854354051121,7.06364276466252,6.75673779918077,6.97759906572746,6.99171505984396,0.0380409142587516,2.79111572474504,0.908973573598175,1
"14158","PmetTSAr1.1-019262",15.1068446463635,18.8899063536043,10.308091215261,13.4767316191534,13.3626644053152,11.1952643032451,10.120661707947,13.3606862682038,-0.268178131476928,3.73209928537721,0.380839096646899,1
"14159","PmetTSAr1.1-019263",4.40616302185603,6.15781199243479,4.87033667510038,5.95729786701281,4.1508003874821,6.9263630158966,5.99277277116532,5.15179004409555,0.0532608491996752,2.46465505648699,0.864687485621349,1
"14160","PmetTSAr1.1-019267",1.88835558079544,2.40957860573535,1.89139288353413,3.44199432316295,1.67488436687874,3.02498303143239,2.93352513273827,2.66081463815924,0.0878855090908432,1.35781952344612,0.769974100696436,1
"14161","PmetTSAr1.1-019268",15.6913356594669,22.6976355083466,9.78795817228912,14.4034223984665,15.474475128771,18.3760651442155,17.9154570606516,17.6915866898886,0.149134006795231,4.05087014506416,0.637519733362716,1
"14162","PmetTSAr1.1-019269",4.54104556334142,4.58117413929931,6.28888133775098,4.34220822306711,5.82568475436084,4.43852650406435,4.37933394815927,4.35920696038854,-0.0545206417190786,2.29270056994568,0.855687772192324,1
"14163","PmetTSAr1.1-019270",5.30537996509196,5.8008373841777,3.40450719036143,7.41352623450482,4.22362144691161,6.89809214644397,4.4631489519518,4.67057888613058,-0.119344878263444,2.41698433922364,0.718495552137175,1
"14164","PmetTSAr1.1-019271",11.7797419563906,11.3934395802054,8.55855279799194,7.73124878741217,9.28468507726259,9.32938691937094,12.8027418293077,11.2943089428249,0.115650596372773,3.36954892171146,0.70334952279684,1
"14165","PmetTSAr1.1-019273",1.66355134498646,1.57663785313548,1.98596252771084,2.09167347330672,2.18463178288532,2.12031520894794,2.11632884576118,2.03807078667516,0.206702144179376,1.0254237908676,0.426680400125342,1
"14166","PmetTSAr1.1-019274",3.5968677729437,4.10520799495653,2.36424110441766,3.62733247902557,3.34976873375749,2.62919085909545,3.47832265738966,2.80234733167835,-0.165613359385739,1.72613703731744,0.56009724293029,1
"14167","PmetTSAr1.1-019279",4.67592810482681,6.87176120894897,3.73550094497991,7.54591063154955,5.24311627892476,8.25509388017065,9.97398545131012,5.63300120206052,0.346876106399766,2.71578076482125,0.302690302731344,1
"14168","PmetTSAr1.1-019283",5.84491013103351,6.57428236873473,4.96490631927709,7.70477190800323,8.26519024524945,5.7672573683384,3.83453642350788,6.87848890502868,-0.0264491838567449,2.6531437757677,0.944643219088369,1
"14169","PmetTSAr1.1-019284",3.5519069257819,2.3500828376925,9.74067335020077,7.62534126977639,6.37184270008217,4.38198476515908,2.59826511756818,3.31186502834714,-0.483057263001961,2.33278673346556,0.258063422080866,1
"14170","PmetTSAr1.1-019287",9.5316995983008,10.6199945956484,8.74769208634535,9.61110722544733,8.99340083954455,12.4957242980665,11.6712392781087,11.7755201007898,0.222491075815965,3.3920263207066,0.438736496299381,1
"14171","PmetTSAr1.1-019288",8.04799164196152,5.86033315222055,14.7055796694779,16.2303270776838,14.9283171830497,24.0302390347433,4.75650146522562,7.07663467595543,0.178730446318581,3.58643522811624,0.701390026208,1
"14172","PmetTSAr1.1-019289",3.86663285591448,4.40268683517077,5.20133042971886,6.75160424928118,4.95183204120672,5.51281954326464,5.23843773703263,4.18936772816561,-0.02689870515072,2.34469311299851,0.931997290153611,1
"14173","PmetTSAr1.1-019291",4.63096725766501,6.27680352852048,2.55338039277107,3.57437872020768,3.27694767432797,4.15581780953796,4.00216643109293,4.01952849594268,-0.143463456295985,2.04509651314605,0.652269228928455,1
"14174","PmetTSAr1.1-019292",3.10229845416394,3.24251935833523,2.31695628232931,1.72099716158148,2.0389896640263,1.75279390606363,1.9906063400724,1.72669886093312,-0.462871673706506,1.19605566924281,0.100788204352389,1
"14175","PmetTSAr1.1-019293",2.96741591267855,2.82604898203529,2.55338039277107,1.64156652335464,2.91284237718042,2.57264912019017,2.45158886093127,2.63250809945542,0.0876703565461057,1.39354697759455,0.768122056129535,1
"14176","PmetTSAr1.1-019294",6.20459690832788,7.31797946927033,5.10676078554215,4.31573134365817,5.20670574921,3.47731694267462,5.11271523134384,5.40654889242995,-0.256692405322585,2.41330582411064,0.396598778128265,1
"14177","PmetTSAr1.1-019295",1.70851219214826,2.85579686605671,1.56039912891566,2.8330260967572,1.89334754516727,1.13083477810557,2.09537509481305,1.41532693519109,-0.469090339529676,1.00226507347898,0.134758194892123,1
"14178","PmetTSAr1.1-019296",12.4091938166558,10.0250369152199,11.4429269453815,20.1224283507988,11.2144431521446,11.8737651701085,10.4559217231171,11.6056808685669,-0.259921449289326,3.63891850296685,0.404795133215998,1
"14179","PmetTSAr1.1-019297",14.117706008804,18.8304105855615,8.22755904337346,15.8861276453675,12.7072748704496,16.3688334130781,26.5903099531776,19.4465920895255,0.395637975764631,4.0530841245389,0.247898405152771,1
"14180","PmetTSAr1.1-019299",2.65268998254598,3.09377993822811,2.69523485903613,3.60085559961663,3.31335820404273,2.85535781471656,2.61921886851631,2.6042015607516,-0.0912674220615692,1.58110289211717,0.754925679975125,1
"14181","PmetTSAr1.1-019300",6.56428368562225,5.59260219602773,5.01219114136544,9.769968501901,5.89850581379035,8.53780257469704,6.99855281667559,6.68034313410192,0.0587195729399473,2.7971114860539,0.852636066428718,1
"14182","PmetTSAr1.1-019302",3.77671116159088,3.2127714743138,4.68119738674697,3.65380935843452,3.78669509033455,3.30769172595879,3.03829388747892,3.17033233482803,-0.201474659678457,1.86111162364922,0.458100808046285,1
"14183","PmetTSAr1.1-019303",6.20459690832788,7.85344138165596,3.83007058915661,5.74548283174124,5.49798998692805,5.28665258764353,7.08236782046811,7.02002159854779,0.0722779884485594,2.61672469948297,0.816620025663399,1
"14184","PmetTSAr1.1-019304",1.93331642795724,2.29058706964966,10.4026608594377,3.52142496138979,2.73078972860665,3.59040042048518,1.445808815421,2.83065387038217,-0.771808607272679,1.85950837380454,0.0979487495710838,1
"14185","PmetTSAr1.1-019305",16.9052785328354,15.0226814308192,12.2467689208835,11.4115350252556,16.7124331390727,8.53780257469704,11.0007192477685,13.9834301196879,-0.146609182429037,3.73145840418528,0.643961278316834,1
"14186","PmetTSAr1.1-019308",1.57362965066287,1.54688996911405,2.50609557068272,2.38291914680512,1.89334754516727,2.91189955362184,3.01734013653079,1.81161847704459,0.273459493985152,1.18418827686391,0.369989743200906,1
"14187","PmetTSAr1.1-019310",2.87749421835496,3.80772915474228,4.49205809839356,3.83914751429714,3.49541085261651,3.59040042048518,3.7088139178191,2.85896040908599,-0.13669348082699,1.86563910207044,0.630233319181027,1
"14188","PmetTSAr1.1-019311",6.15963606116608,7.34772735329175,4.87033667510038,9.55815346662943,6.55389534865595,7.54832214385467,8.02528661313398,7.303086985586,0.0712494796550028,2.85630453295445,0.813737831968308,1
"14189","PmetTSAr1.1-019313",4.54104556334142,4.55142625527789,4.25563398795179,5.87786722878597,4.11438985776735,5.00394389311714,6.3908940391798,5.18009658279937,0.105416552103253,2.3385682545025,0.719662301703614,1
"14190","PmetTSAr1.1-019316",9.30689536249182,12.345371868891,2.60066521485943,5.71900595233229,7.60980071038385,7.09598823261244,11.8179155347456,11.3226154815287,0.335112404058953,3.09612073845579,0.411331961059383,1
"14191","PmetTSAr1.1-019318",13.5781758428625,19.00889788969,17.8736627493975,22.5318243770129,15.3652435396267,17.9237312329733,19.1307746156431,16.4744055256242,-0.0841156871874333,4.15401053227311,0.777727706073047,1
"14192","PmetTSAr1.1-019320",12.364232969494,15.5878912272262,10.308091215261,11.2791506282109,10.41341149842,10.0361586556869,11.9855455423306,14.3797216615414,-0.0821126928040694,3.59791143415479,0.784467334119448,1
"14193","PmetTSAr1.1-019324",13.2184890655681,11.7206663044411,17.1171055959839,14.9329599866454,17.1857700253645,17.3583138439205,12.3836668103451,11.2943089428249,0.0307953535565573,3.85386812142735,0.920549987981609,1
"14194","PmetTSAr1.1-019326",3.41702438429651,2.3500828376925,3.54636165662649,6.16911290228437,4.33285303605588,6.38921649629646,1.82297633248735,1.50024655130255,-0.146322942583548,1.90730799699881,0.740480076668166,1
"14195","PmetTSAr1.1-019327",5.08057572928297,7.10974428112036,4.58662774257026,6.24854354051121,4.62413727377392,5.71071562943312,10.602597979754,7.67107198873568,0.312827771583087,2.70701576947747,0.342942100157187,1
"14196","PmetTSAr1.1-019329",16.2308658254084,10.173776335327,34.8961987012047,33.202006778818,24.395054908886,25.5851368546385,14.5419031580026,12.0868920265319,-0.303047822964367,4.42233258109299,0.455541529692497,1
"14197","PmetTSAr1.1-019330",17.8494563232331,22.0134341758538,7.75471082248993,14.3239917602397,13.690359172748,14.107163856867,26.1502811832669,18.9087678541529,0.233774884224965,4.08100183395085,0.515730150503524,1
"14198","PmetTSAr1.1-019334",4.40616302185603,5.59260219602773,1.70225359518072,3.28313304670928,3.422589793187,2.65746172854809,4.33742644626301,5.18009658279937,0.0541931624017812,1.96037495789424,0.879547927385208,1
"14199","PmetTSAr1.1-019335",15.9611007424377,21.4482243794468,2.69523485903613,12.0734570104793,10.0857167309872,15.4924364600463,21.5614097256263,22.0507936502771,0.406179994783369,3.9307600148475,0.383816229577276,1
"14200","PmetTSAr1.1-019336",15.0169229520399,13.1485647374695,16.4551180867469,25.1265585590896,19.7345071053974,16.7928964548677,9.59681793424377,16.8140839900701,-0.150143518697021,4.05706151419303,0.653626706585246,1
"14201","PmetTSAr1.1-019337",5.26041911793016,5.26537547179207,3.59364647871485,4.81879205242814,4.76977939263294,5.51281954326464,8.67485289252603,4.72719196353823,0.323692507597995,2.43283697449877,0.300718048884121,1
"14202","PmetTSAr1.1-019342",1.88835558079544,1.10067170879269,2.2223866381526,3.99800879075082,2.11181072345581,3.3925043343167,1.7182075777467,1.64177924482166,-0.0636531828844037,1.21647318562467,0.879560072793474,1
"14203","PmetTSAr1.1-019343",3.28214184281112,3.53999819854947,3.59364647871485,10.9084743164857,4.44208462520014,9.83826256951844,5.04985397849945,4.98195081187262,0.183362163795338,2.53133194504211,0.658976417348631,1
"14204","PmetTSAr1.1-019344",3.5519069257819,3.71848550267801,2.31695628232931,3.09779489084666,3.53182138233126,2.94017042307448,2.6820801213607,3.48170426057007,-0.0132269908177221,1.69018693575819,0.978952227284216,1
"14205","PmetTSAr1.1-019345",21.4463240961768,24.1255339413749,20.6634672526104,21.3933185624282,22.2104231260007,20.2702133975423,19.1726821175394,22.0507936502771,-0.066623322650664,4.42474776138271,0.813369882603392,1
"14206","PmetTSAr1.1-019346",7.91310910047614,12.1073887967196,33.6667933269075,48.6645043536424,17.5862858522268,35.2255033379884,14.7514406674839,13.0493143424618,-0.344961284336285,4.51951391142934,0.4843428030517,1
"14207","PmetTSAr1.1-019348",4.54104556334142,4.84890509549213,4.3502036321285,3.62733247902557,4.07797932805259,2.99671216197976,4.9450852237588,4.61396580872294,-0.0590686500106228,2.10805890526487,0.842134593213833,1
"14208","PmetTSAr1.1-019349",3.91159370307627,5.32487123983491,2.69523485903613,6.0102516258307,4.36926356577063,4.72123519859075,6.28612528443915,4.78380504094587,0.161965459519682,2.2740526760333,0.60454377684502,1
"14209","PmetTSAr1.1-019350",3.28214184281112,3.92672069082798,6.14702687148592,4.97765332888181,3.96874773890832,6.07823693231743,3.93930517824853,3.79307618631211,-0.0430943835493219,2.1934172489873,0.895595420503755,1
"14210","PmetTSAr1.1-019353",6.92397046291662,6.69327390482042,2.41152592650602,5.13651460533548,4.66054780348867,2.99671216197976,7.50144283943072,5.77453389557963,-0.0161681994035791,2.41447782958258,0.972027816970741,1
"14211","PmetTSAr1.1-019355",5.03561488212118,7.07999639709894,5.39046971807227,4.79231517301919,5.09747416006574,4.46679737351699,5.65751275599524,6.08590582132167,-0.0660946380020695,2.46298412555347,0.826843331978143,1
"14212","PmetTSAr1.1-019356",9.93634722275697,10.173776335327,3.40450719036143,6.35445105814699,9.02981136925931,6.75673779918077,6.13944902780224,5.83114697298727,-0.108720405225009,2.86083479465614,0.768774936314786,1
"14213","PmetTSAr1.1-019359",2.24804235808981,2.52857014182105,1.93867770562248,2.35644226739618,3.05848449603944,2.06377347004266,2.4725426118794,1.86823155445223,0.0503697255095191,1.25053892142484,0.854195592639503,1
"14214","PmetTSAr1.1-019360",8.45263926641769,10.2630199873913,3.78278576706826,5.58662155528756,7.02723223494777,4.94740215421186,12.0064992932788,9.45438392707645,0.251279679323486,2.95643018445623,0.502088462461135,1
"14215","PmetTSAr1.1-019361",4.7208889519886,7.88318926567739,3.68821612289155,4.44811574070289,5.68004263550182,4.09927607063268,7.24999782805315,5.88776005039492,0.141139936132813,2.46646434660519,0.665057242470458,1
"14216","PmetTSAr1.1-019364",2.3829248995752,2.85579686605671,4.11377952168673,2.8330260967572,2.4395054908886,2.31821129511641,3.16401639316771,2.00976424797134,-0.285770853702619,1.49673647626568,0.309093688943323,1
"14217","PmetTSAr1.1-019367",9.486738751139,11.8991536085696,8.18027422128511,7.89011006386585,9.17545348811833,6.70019606027549,5.32225274082515,8.6051877659618,-0.332347719122665,3.08126664989355,0.285399328606806,1
"14218","PmetTSAr1.1-019368",7.55342232318177,7.37747523731318,18.3465109702811,16.5745265100001,9.64879037441015,12.8349747314982,9.19869666622929,8.63349430466562,-0.305998111598573,3.50177684993244,0.392071789711206,1
"14219","PmetTSAr1.1-019369",14.8370795633928,12.345371868891,11.4902117674698,10.0876910548083,13.3990749350299,12.0433903868243,10.4140142212209,13.3040731907962,0.0121614408178455,3.62027395391839,0.969766267437379,1
"14220","PmetTSAr1.1-019370",3.19222014848753,3.15327570627095,4.39748845421685,3.7597168760703,2.80361078803616,2.79881607581128,4.12788893678171,3.17033233482803,-0.161489115065865,1.80160636703819,0.552399688612392,1
"14221","PmetTSAr1.1-019375",2.51780744106059,1.93361246139257,4.39748845421685,2.59473418207669,3.75028456061979,2.8836286841692,2.4725426118794,1.86823155445223,-0.0551868264058556,1.51267099808958,0.867128536418461,1
"14222","PmetTSAr1.1-019376",2.78757252403137,3.4507545464852,1.70225359518072,1.40327460867413,2.40309496117385,1.69625216715835,3.16401639316771,2.00976424797134,-0.00764574398403481,1.25748103676736,0.987962370791192,1
"14223","PmetTSAr1.1-019377",2.11315981660442,1.63613362117833,1.84410806144578,2.1975809909425,1.82052648573776,2.12031520894794,2.30491260429436,1.89653809315605,0.0684095804318005,1.03932019738519,0.82451489103634,1
"14224","PmetTSAr1.1-019380",30.2586501398889,37.5418296350372,23.1695628232931,23.1937463622365,28.3638026477944,23.9171555569328,34.7203653210522,35.2982537636657,0.099261638269569,4.88866861448054,0.748582658421737,1
"14225","PmetTSAr1.1-019381",17.8944171703949,8.21041598991305,14.8474341357429,11.0408587135304,17.6226963819416,7.63313475221258,4.31647269531488,8.57688122725798,-0.447614498502904,3.49912720956155,0.269610313045359,1
"14226","PmetTSAr1.1-019382",20.5920680001027,8.1509202218702,15.0365734240963,11.9145957340256,18.8242438625285,7.77448909947578,3.26878514790836,8.57688122725798,-0.535836115182706,3.56117186290691,0.23034893247936,1
"14227","PmetTSAr1.1-019383",4.90073234063579,4.52167837125646,3.02622861365461,4.36868510247606,3.53182138233126,4.3254430262538,3.79262892161162,3.87799580242358,-0.11712134420667,2.03774861362821,0.684931813293552,1
"14228","PmetTSAr1.1-019384",7.1937355458874,9.07310462653435,5.1540456076305,9.16100027549525,7.10005329437728,8.67915692196024,8.13005536787463,8.46365507244269,0.078714208244023,2.98892517383204,0.793541154168919,1
"14229","PmetTSAr1.1-019386",12.6339980524647,12.7618422451909,8.0857045771084,10.3524598488978,11.7970116275807,7.8593017078337,5.99277277116532,9.36946431096499,-0.326727063187791,3.30923490323989,0.306638341870097,1
"14230","PmetTSAr1.1-019387",3.23718099564933,3.56974608257089,5.8633179389558,6.72512736987223,3.85951614976406,7.52005127440203,5.28034523892889,4.58565927001912,0.130873967163944,2.36376167576256,0.701949670998146,1
"14231","PmetTSAr1.1-019388",10.0712297642424,10.6497424796698,19.1976377678714,28.1184459323004,14.127285529325,19.4220873139631,15.4010069468759,13.3040731907962,-0.129037118310655,4.03146747901227,0.721370985910107,1
"14232","PmetTSAr1.1-019389",2.69765082970777,3.77798127072086,1.60768395100401,2.22405787035145,3.27694767432797,2.94017042307448,2.80780262704949,2.94388002519746,0.204844162910111,1.51146292199625,0.483345988109816,1
"14233","PmetTSAr1.1-019390",2.69765082970777,3.03428417018526,2.1278169939759,1.98576595567094,2.40309496117385,1.63971042825307,1.82297633248735,3.05710618001275,-0.146223356376483,1.26582745423647,0.634764610689574,1
"14234","PmetTSAr1.1-019391",5.21545827076836,6.15781199243479,8.22755904337346,10.246552331262,6.73594799722972,9.07494909429718,9.38728042476247,8.80333353688855,0.18696072235335,3.00902316879965,0.552642808193054,1
"14235","PmetTSAr1.1-019392",4.7658497991504,5.56285431200631,4.3502036321285,4.7393614142013,5.42516892749854,5.06048563202242,3.79262892161162,4.50073965390765,-0.0529733497621058,2.27351008912375,0.864133385459901,1
"14236","PmetTSAr1.1-019393",9.12705197384463,11.8099099565054,13.2397501847389,15.9920351630033,8.99340083954455,14.5029560292039,13.2218168482703,14.2381889680223,0.0220118401268613,3.66770672104501,0.94503375713663,1
"14237","PmetTSAr1.1-019394",9.486738751139,8.35915541002017,9.03140101887547,7.17523431982431,7.06364276466252,6.13477867122271,6.9356915638312,6.36897120835989,-0.35970595472885,2.93045804942078,0.203737887690451,1
"14238","PmetTSAr1.1-019396",8.13791333628512,9.16234827859862,4.68119738674697,6.14263602287543,7.64621124009861,8.00065605509689,9.01011290769612,8.03905699188537,0.216129786765812,2.93921380593521,0.484899116606016,1
"14239","PmetTSAr1.1-019397",5.66506674238632,2.85579686605671,4.25563398795179,8.47260141086266,4.87901098177721,4.9756730236645,1.55057757016166,3.42509118316243,-0.52478688045839,2.1907881493345,0.195042135673682,1
"14240","PmetTSAr1.1-019399",15.0169229520399,19.9310822943541,12.1049144546184,21.7904717535624,16.7488436687874,17.6127516689942,19.1307746156431,21.9658740341657,0.130666988780818,4.17859283911863,0.667311755102761,1
"14241","PmetTSAr1.1-019401",2.02323812228083,1.63613362117833,18.204656504016,7.91658694327479,4.55131621434441,5.45627780435937,1.80202258153922,1.38702039648726,-1.17330052198287,2.43331848739,0.0616773019118607,1
"14242","PmetTSAr1.1-019404",8.00303079479973,7.70470196154884,4.25563398795179,4.95117644947286,7.50056912123959,5.37146519600145,7.10332157141624,6.36897120835989,0.0798307384107313,2.69366296982724,0.801580123232749,1
"14243","PmetTSAr1.1-019405",1.79843388647185,2.17159553356396,2.03324734979919,1.82690467921726,2.18463178288532,1.92241912277947,1.88583758533175,2.06637732537899,0.0371876324923239,1.03368339275699,0.891410386323363,1
"14244","PmetTSAr1.1-019406",17.7145737817477,17.8784782968759,12.5304778534136,17.3158791334506,16.0934541339218,14.3898725513934,10.3721067193246,16.5310186030319,-0.191069998695176,3.94606607626248,0.526898493547605,1
"14245","PmetTSAr1.1-019407",4.40616302185603,7.37747523731318,4.91762149718874,7.81067942563901,5.02465310063623,6.67192519082285,5.88800401642467,4.6988854248344,-0.142096051831432,2.56518762574498,0.656569070555429,1
"14246","PmetTSAr1.1-019409",4.7208889519886,4.22419953104222,7.14000813534134,4.68640765538341,5.27952680863951,3.92965085391685,3.20592389506397,3.17033233482803,-0.414073039350393,2.1994826085616,0.182300768658935,1
"14247","PmetTSAr1.1-019412",10.6107599301839,14.4277237503907,4.82305185301203,7.65181814918534,7.93749547781665,8.05719779400217,25.5635761567192,18.1161847704459,0.669456542628575,3.61249241480828,0.117971468757866,1
"14248","PmetTSAr1.1-019413",4.31624132753244,1.87411669334972,2.2223866381526,2.35644226739618,3.75028456061979,1.52662695044252,1.80202258153922,0.905809238522295,-0.434405966089479,1.25687978519085,0.276250951286678,1
"14249","PmetTSAr1.1-019414",1.88835558079544,2.82604898203529,1.89139288353413,2.30348850857828,2.29386337202958,3.05325390088503,2.55635761567192,1.78331193834077,0.1117555301311,1.25802426532602,0.683862291605299,1
"14250","PmetTSAr1.1-019415",5.75498843670992,5.83058526819912,3.73550094497991,4.20982382602238,5.06106363035098,4.26890128734852,2.51445011377566,4.13275465075797,-0.295080931289193,2.16796278919086,0.349197320446498,1
"14251","PmetTSAr1.1-019416",2.96741591267855,5.62235008004915,4.4447732763052,3.97153191134187,3.71387403090504,5.17356910983297,5.13366898229197,4.67057888613058,0.134915873569858,2.17955345313704,0.653938604295952,1
"14252","PmetTSAr1.1-019417",3.37206353713472,3.65898973463516,1.65496877309236,2.85950297616615,2.87643184746567,2.91189955362184,2.55635761567192,2.6042015607516,-0.0852093808583636,1.52394642151786,0.789707315260198,1
"14253","PmetTSAr1.1-019418",4.45112386901783,6.30655141254191,1.70225359518072,3.25665616730033,2.94925290689518,4.35371389570644,4.98699272565506,4.01952849594268,0.0508468998576033,2.026706701612,0.886438365987675,1
"14254","PmetTSAr1.1-019419",5.30537996509196,2.67730956192817,5.62689382851404,7.38704935509588,7.42774806181008,5.20183997928561,1.69725382679857,3.67985003149682,-0.22628771885777,2.30052475107366,0.593079226555931,1
"14255","PmetTSAr1.1-019420",5.88987097819531,8.83512155436296,3.78278576706826,7.49295687273166,5.13388468978049,7.54832214385467,10.120661707947,8.83164007559238,0.280244986240196,2.86413331369368,0.406794671958353,1
"14256","PmetTSAr1.1-019421",23.2447579826487,23.0248622325823,21.5145940502007,18.7191537421247,23.5576127254467,22.0230073036059,23.447247310958,22.8999898113918,0.0880526737805458,4.48316237610846,0.754262783605634,1
"14257","PmetTSAr1.1-019422",5.9348318253571,6.00907257232767,7.75471082248993,10.6701824018052,5.75286369493133,6.67192519082285,5.53179025030645,7.61445891132804,-0.250296631357969,2.81868731712009,0.422882612148614,1
"14258","PmetTSAr1.1-019423",20.5471071529409,22.6083918562823,23.6424110441766,16.6539571482269,20.8632335265548,15.4076238516884,19.6127108874501,21.428049798793,-0.109772407024736,4.33288696271218,0.706855628240773,1
"14259","PmetTSAr1.1-019426",20.951754777397,21.6564595675967,25.6756583939758,25.0471279208627,23.6304337848762,23.7192594707643,24.1806285941426,21.9375674954618,0.00214103953613347,4.54914228143241,0.995439098995252,1
"14260","PmetTSAr1.1-019427",12.2293504280086,12.7915901292124,8.74769208634535,11.1202893517572,10.267769379561,10.5450343058344,10.0368467041545,12.2567312587548,-0.0594839881671197,3.46758133372563,0.840378091686377,1
"14261","PmetTSAr1.1-019428",9.5766604454626,10.5307509435841,8.65312244216864,6.80455800809907,7.9739060075314,7.66140562166522,8.02528661313398,6.85018236632486,-0.220276882699807,3.05608016398358,0.449945629523281,1
"14262","PmetTSAr1.1-019430",5.66506674238632,5.53310642798488,14.0435921602409,7.30761871686904,7.5733901806691,7.77448909947578,5.76228151073589,4.89703119576116,-0.32141851702607,2.88117084622859,0.36468100476479,1
"14263","PmetTSAr1.1-019432",14.0277843144804,8.83512155436296,16.7861118413654,14.1386536043771,14.8554961236202,11.0256390865293,10.1416154588952,10.0205147011529,-0.223908396038294,3.64735871005078,0.472878938060478,1
"14264","PmetTSAr1.1-019433",5.88987097819531,6.90150909297039,5.29590007389556,6.98989616396169,5.82568475436084,7.15252997151772,7.31285908089755,6.76526275021339,0.107787277369417,2.71901508984089,0.707294590911247,1
"14265","PmetTSAr1.1-019435",18.748673266469,24.0362902893107,13.7598832277108,17.2364484952237,17.5134647927973,14.0788929874143,14.7514406674839,18.4275566961879,-0.189096161618643,4.11945131720866,0.532157558151895,1
"14266","PmetTSAr1.1-019436",7.01389215724021,6.663526020799,9.31510995140559,12.4970870810224,10.122127260702,11.0256390865293,6.76806155624615,6.6520365953981,-0.0406439814625651,3.14058570374874,0.906923979109258,1
"14267","PmetTSAr1.1-019437",10.0712297642424,9.45982711881286,6.33616615983933,6.27502041992016,7.9739060075314,5.42800693490673,7.4176278356382,7.89752429836626,-0.162400697825979,2.9384136747135,0.600718275029693,1
"14268","PmetTSAr1.1-019438",5.62010589522453,6.00907257232767,3.83007058915661,4.20982382602238,4.62413727377392,3.42077520376934,3.52023015928592,3.70815657020064,-0.368379716816382,2.14562464030321,0.206868450627582,1
"14269","PmetTSAr1.1-019439",4.27128048037064,5.23562758777064,1.89139288353413,2.78007233793931,4.1508003874821,1.97896086168474,2.78684887610136,4.07614157335033,-0.13259703916482,1.78973786208887,0.715541107450465,1
"14270","PmetTSAr1.1-019440",7.55342232318177,7.94268503372023,10.308091215261,12.7883327545208,10.3405904389905,9.72517909170788,11.6293317762124,11.1527762493058,0.149818669305807,3.35707827283274,0.617243647177324,1
"14271","PmetTSAr1.1-019443",2.11315981660442,2.79630109801387,2.83708932530119,3.36256368493612,3.05848449603944,2.91189955362184,4.65173271048497,3.36847810575478,0.330616565620894,1.6818571096938,0.249852016120852,1
"14272","PmetTSAr1.1-019444",13.7130583843478,18.5329317453472,9.83524299437747,15.3036362983707,13.8724118213218,15.3510821127831,18.1878558229773,18.2860240026688,0.193822734653224,3.95011428054937,0.524375699838899,1
"14273","PmetTSAr1.1-019445",10.7456424716693,12.4643634049767,8.65312244216864,7.99601758150163,10.8867483847118,8.5095317052444,8.50722288494098,9.9072885463376,-0.0771772582926567,3.2880610846596,0.798218431950206,1
"14274","PmetTSAr1.1-019446",1.61859049782466,1.90386457737114,2.2223866381526,2.01224283507988,2.22104231260007,1.55489781989516,2.01156009102053,1.44363347389491,-0.103960033294049,0.9510509783557,0.716538439923995,1
"14275","PmetTSAr1.1-019447",3.82167200875268,3.86722492278513,2.03324734979919,2.88597985557509,3.60464244176077,2.79881607581128,3.01734013653079,3.0004931026051,-0.0274986570437105,1.67391831754205,0.938783758128751,1
"14276","PmetTSAr1.1-019449",38.4864851704976,42.7774572228079,68.0901438072287,43.8457123012142,52.3583417298181,37.8829650665365,36.5852491554359,44.2714265327772,-0.175172217366464,5.51064065481698,0.591004898735651,1
"14277","PmetTSAr1.1-019450",12.0045461921996,20.0203259464184,6.05245722730921,8.79032396377001,8.26519024524945,13.8244551623406,14.2485506447287,12.1718116426433,0.0488480571930136,3.58425967345688,0.895791634767574,1
"14278","PmetTSAr1.1-019451",10.1611514585659,12.6428507091052,11.915775166265,11.729257578163,9.6852009041249,13.5134755983615,15.5895907054091,11.4075350976402,0.112605074703617,3.60263767565218,0.703975605050782,1
"14279","PmetTSAr1.1-019452",12.7688805939501,12.1668845647625,10.1189519269076,12.6294714780671,11.5057273898627,13.7961842928879,11.4197942667311,14.8326262808026,0.111880861833036,3.640270437911,0.697542660164478,1
"14280","PmetTSAr1.1-019453",9.71154298694798,10.5010030595627,4.96490631927709,6.80455800809907,7.50056912123959,4.69296432913811,7.29190532994942,11.6056808685669,-0.0419027549473109,2.99050251120231,0.909737809857365,1
"14281","PmetTSAr1.1-019455",10.6107599301839,16.6290671679761,22.9331387128513,12.5765177192493,13.8724118213218,12.693620384235,10.7702279873391,12.7379424167198,-0.32510292404267,3.82328120572023,0.306177156674761,1
"14282","PmetTSAr1.1-019456",9.62162129262439,12.5238591730195,12.5304778534136,13.688546654425,11.9790642761545,15.4076238516884,15.3590994449797,11.747213562086,0.171639580113385,3.69206609765774,0.557761779588758,1
"14283","PmetTSAr1.1-019457",1.43874710917748,3.30201512637807,1.5131143068273,1.77395092039937,2.22104231260007,1.15910564755821,2.93352513273827,1.64177924482166,-0.0211620555763035,1.04807865836119,0.973526756727842,1
"14284","PmetTSAr1.1-019461",5.57514504806273,6.69327390482042,6.33616615983933,5.0306070876997,6.08055846236413,4.1840886789906,5.57369775220271,4.61396580872294,-0.208577927901964,2.47730973647155,0.472811635043545,1
"14285","PmetTSAr1.1-019462",7.46350062885817,9.66806230696283,3.26265272409637,4.26277758484027,5.64363210578707,7.43523866604411,8.71676039442229,7.35970006299365,0.241065276112868,2.76487303349094,0.500527985485384,1
"14286","PmetTSAr1.1-019464",8.18287418344691,9.34083558272717,11.2537876570281,11.6498269399362,9.64879037441015,8.39644822743384,7.35476658279381,8.01075045318155,-0.276673329635836,3.21534178341409,0.344554220167218,1
"14287","PmetTSAr1.1-019466",23.9191706900756,21.5672159155325,12.577762675502,18.057231756901,14.8554961236202,15.3793529822357,11.9855455423306,21.4563563374969,-0.258137848398333,4.13209277478323,0.421515012843383,1
"14288","PmetTSAr1.1-019467",2.74261167686957,3.62924185061374,1.93867770562248,1.35032084985624,1.82052648573776,1.61143955880043,2.07442134386492,2.00976424797134,-0.359051678681246,1.14121524369988,0.256167770140673,1
"14289","PmetTSAr1.1-019468",7.68830486466715,8.59713848219156,5.62689382851404,5.69252907292335,8.15595865610518,4.29717215680116,3.64595266497471,4.89703119576116,-0.399479531372908,2.61543144777403,0.23083328922343,1
"14290","PmetTSAr1.1-019469",9.03713027952104,6.21730776047764,6.99815366907628,4.89822269065497,6.69953746751497,5.23011084873825,4.69364021238123,6.76526275021339,-0.21302988374018,2.67087954327814,0.488272954202084,1
"14291","PmetTSAr1.1-019472",4.09143709172346,2.43932648975678,3.16808307991967,3.30960992611823,2.40309496117385,2.17685694785322,1.42485506447287,2.29282963500956,-0.650860258303805,1.43962748613847,0.0239074639781294,1
"14292","PmetTSAr1.1-019473",13.8479409258332,12.6725985931267,20.1433342096385,20.1489052302078,23.8853074928795,16.2840208047202,14.1856893918844,17.7198932285924,0.108520015727808,4.12260982584265,0.729348228657469,1
"14293","PmetTSAr1.1-019475",9.486738751139,7.46671888937745,5.39046971807227,7.83715630504796,7.71903229952812,6.86982127699133,2.66112637041257,8.26550930151594,-0.245359628542729,2.81087280854472,0.501480111560968,1
"14294","PmetTSAr1.1-019478",3.86663285591448,3.06403205420668,3.26265272409637,2.48882666444091,3.71387403090504,3.6752130288431,3.05924763842705,2.71742771556688,0.0587043324985169,1.71711917601299,0.845455823854058,1
"14295","PmetTSAr1.1-019479",6.87900961575482,9.51932288685571,7.84928046666664,8.81680084317895,6.5903058783707,9.27284518046566,8.82152914916294,8.37873545633123,-0.000842538857560398,3.05875722353397,1,1
"14296","PmetTSAr1.1-019480",16.995200227159,19.21713307784,17.4480993506023,14.4298992778755,19.5888649865383,17.6127516689942,18.0411795663404,14.8609328195064,0.0420864494484627,4.11558183345361,0.885295329257892,1
"14297","PmetTSAr1.1-019483",6.65420537994584,7.34772735329175,9.17325548514053,8.44612453145371,8.04672706696092,8.00065605509689,7.69002659796389,8.18058968540448,0.0133636617894717,3.00062767717261,0.966634211472824,1
"14298","PmetTSAr1.1-019485",3.32710268997292,4.67041779136358,3.16808307991967,1.40327460867413,2.36668443145909,2.20512781730586,3.47832265738966,3.28355848964332,-0.142560987635877,1.60768522041227,0.677175446044677,1
"14299","PmetTSAr1.1-019486",16.095983283923,13.327052041598,13.6180287614457,11.4909656634825,12.9257380487381,13.9375386401511,14.4999956561063,14.5778674324682,0.0382026056796275,3.79377490203791,0.897440892468461,1
"14300","PmetTSAr1.1-019488",8.81232604371206,9.19209616262005,12.1049144546184,6.91046552573485,9.24827454754784,7.54832214385467,7.24999782805315,6.59542351799046,-0.27131156422798,3.08901006046705,0.369683666656136,1
"14301","PmetTSAr1.1-019489",2.3829248995752,2.14184764954254,3.6409313008032,3.83914751429714,4.07797932805259,2.82708694526392,1.02673379645839,1.83992501574841,-0.307790320522798,1.47166659986491,0.42574549787768,1
"14302","PmetTSAr1.1-019490",4.13639793888525,1.93361246139257,13.0506108963855,5.79843659055913,3.93233720919357,4.35371389570644,5.30129898987702,1.33040731907962,-0.734908033678588,2.32760134386106,0.138394625046234,1
"14303","PmetTSAr1.1-019491",3.32710268997292,3.12352782224953,3.30993754618473,4.26277758484027,3.60464244176077,2.48783651183225,2.97543263463453,4.18936772816561,-0.0864878941626277,1.79557595359774,0.77335773522423,1
"14304","PmetTSAr1.1-019492",18.7936341136308,25.4344408383176,14.8474341357429,22.3200093417413,18.8242438625285,24.1715933820065,24.5787498621571,22.8999898113918,0.15161933987929,4.42989295381585,0.610823208652357,1
"14305","PmetTSAr1.1-019493",7.50846147601997,7.16924004916321,12.3413385650602,10.1141679342173,9.10263242868882,7.52005127440203,6.99855281667559,6.85018236632486,-0.285165119612734,3.08824855851156,0.351890284290103,1
"14306","PmetTSAr1.1-019495",10.1611514585659,4.87865297951355,6.28888133775098,11.1202893517572,12.197527454443,14.2202473346775,2.40968135903501,6.17082543743313,0.106985630923533,3.08518464262269,0.815104173279467,1
"14307","PmetTSAr1.1-019496",1.70851219214826,1.66588150519975,2.08053217188754,1.98576595567094,1.52924224801972,1.55489781989516,1.94869883817614,1.86823155445223,-0.100692642255752,0.890717920005823,0.712336383682642,1
"14308","PmetTSAr1.1-019498",12.8138414411119,14.9631856627763,15.4621368228915,11.2791506282109,12.4159906327315,9.97961691678164,10.7283204854428,12.3699574135701,-0.260780681271751,3.65043459891767,0.366252684442702,1
"14309","PmetTSAr1.1-019499",3.46198523145831,2.76655321399244,3.87735541124497,1.95928907626199,2.47591602060336,2.65746172854809,1.84393008343548,2.63250809945542,-0.318852576781505,1.46378026569101,0.267197336913085,1
"14310","PmetTSAr1.1-019500",5.12553657644477,3.74823338669944,9.74067335020077,8.36669389322687,7.79185335895763,5.51281954326464,2.78684887610136,3.34017156705096,-0.476111652074583,2.54810573370257,0.22648087136477,1
"14311","PmetTSAr1.1-019501",28.8648638778732,32.0087232070523,23.9261199767067,34.1286975581311,29.601760658096,26.3767211993124,26.7160324588664,28.3631517812294,-0.0995715815070292,4.84859595478582,0.731068323997857,1
"14312","PmetTSAr1.1-019502",10.1611514585659,10.9472213198841,6.99815366907628,11.8351650957988,9.86725355269868,8.73569866086551,10.8121354892353,11.6056808685669,0.0363792638549318,3.34875560424439,0.903041798364009,1
"14313","PmetTSAr1.1-019503",1.93331642795724,1.39815054900693,1.56039912891566,3.83914751429714,1.89334754516727,2.40302390347433,1.76011507964296,2.40605578982485,-0.060125262370363,1.14879614339322,0.884587565636836,1
"14314","PmetTSAr1.1-019504",6.96893131007841,10.1440284513056,11.3483573012048,7.49295687273166,7.75544282924287,8.56607344414968,9.1358354133849,9.42607738837263,-0.0421696555517937,3.15626178405724,0.888269573561798,1
"14315","PmetTSAr1.1-019505",10.2960340000513,9.93579326315565,8.98411619678711,9.39929219017576,10.7775167955676,8.39644822743384,9.6177716851919,8.80333353688855,-0.039177631520449,3.26099666248311,0.893223301886344,1
"14316","PmetTSAr1.1-019506",4.13639793888525,4.01596434289225,5.10676078554215,3.94505503193292,5.06106363035098,3.6752130288431,3.68786016687097,3.93460887983122,-0.0724677160008949,2.08784531961762,0.796742446837143,1
"14317","PmetTSAr1.1-019507",9.08209112668284,9.81680172706995,9.31510995140559,9.50519970781154,9.97648514184294,9.44247039718149,8.61199163968164,8.12397660799683,-0.0621165930599539,3.21640377812019,0.829120512881861,1
"14318","PmetTSAr1.1-019508",11.6448594149052,10.3225157554342,15.8877002216867,15.5948819718691,13.6539486430332,12.2695573424454,6.57947779771298,8.40704199503505,-0.387253988322815,3.56647226312932,0.237037976517454,1
"14319","PmetTSAr1.1-019510",2.24804235808981,2.5880659098639,1.93867770562248,2.70064169971247,2.0389896640263,2.91189955362184,1.69725382679857,1.89653809315605,-0.160735119846633,1.21115999863991,0.580604529237065,1
"14320","PmetTSAr1.1-019512",7.1937355458874,8.18066810589163,7.09272331325299,5.56014467587862,7.50056912123959,6.33267475739118,6.8728303109868,6.28405159224842,-0.0540300091286344,2.79413051435892,0.852702618699992,1
"14321","PmetTSAr1.1-019513",5.39530165941555,6.60403025275615,6.14702687148592,5.00413020829076,4.69695833320343,4.01446346227477,3.7088139178191,6.96340852114014,-0.256947229838142,2.42593495294043,0.400576924429727,1
"14322","PmetTSAr1.1-019515",3.77671116159088,2.70705744594959,3.68821612289155,5.26889900238021,4.55131621434441,3.90137998446421,2.34682010619062,2.97218656390128,-0.172927479262173,1.89114616953509,0.591340607047403,1
"14323","PmetTSAr1.1-019517",2.74261167686957,2.61781379388532,3.78278576706826,3.62733247902557,3.89592667947881,4.12754694008532,3.14306264221958,3.22694541223568,0.17099909527403,1.78938009893561,0.537805453258599,1
"14324","PmetTSAr1.1-019518",1.75347303931005,1.7253772732426,2.55338039277107,2.09167347330672,1.20154748058692,1.32873086427404,2.05346759291679,1.61347270611784,-0.371489170314885,0.886662913889008,0.182981604496093,1
"14325","PmetTSAr1.1-019519",11.7347811092288,9.8762974951128,7.18729295742969,8.10192509913741,7.20928488352154,8.53780257469704,10.5606904778578,8.8599466142962,-0.067636328832056,3.18128068586418,0.822368498523692,1
"14326","PmetTSAr1.1-019521",9.03713027952104,9.43007923479144,3.6409313008032,6.19558978169332,6.80876905665924,7.32215518823355,9.15678916433303,9.9072885463376,0.228972352868028,2.95540036958982,0.502211416024043,1
"14327","PmetTSAr1.1-019523",10.2960340000513,7.4072231213346,10.0716671048192,13.1060553074282,10.9959799738561,17.1038760188467,12.9284643349965,13.2757666520924,0.409428824442096,3.58086772595224,0.181482926925497,1
"14328","PmetTSAr1.1-019524",10.8355641659929,10.7984818997769,15.8877002216867,6.32797417873805,8.59288501268224,7.12425910206508,9.28251167002181,10.9263239396752,-0.284307026492887,3.32506331184338,0.387463807662185,1
"14329","PmetTSAr1.1-019526",4.22631963320885,8.35915541002017,5.53232418433733,5.18946836415338,6.22620058122315,7.63313475221258,7.92051785839333,6.0009862052102,0.251110258844198,2.69056377686595,0.416050192734092,1
"14330","PmetTSAr1.1-019527",5.88987097819531,8.35915541002017,5.39046971807227,7.49295687273166,5.75286369493133,5.85206997669631,5.72037400883963,7.04832813725161,-0.158435796699123,2.70121936763366,0.592622992881715,1
"14331","PmetTSAr1.1-019528",3.50694607862011,4.22419953104222,7.89656528875499,3.86562439370609,4.04156879833783,4.49506824296963,3.39450765359714,3.93460887983122,-0.292404895635573,2.16038292841421,0.360112907934757,1
"14332","PmetTSAr1.1-019529",23.379640524134,25.3749450702748,22.4602904919678,26.397448770719,26.179170864909,25.5568659851858,37.7586592085312,25.0512867528822,0.230812662088871,4.73273974609088,0.432337866236285,1
"14333","PmetTSAr1.1-019531",2.69765082970777,1.63613362117833,3.92464023333332,3.65380935843452,4.26003197662637,2.79881607581128,1.32008630973222,2.23621655760192,-0.172260267966096,1.51892970190194,0.654245105223901,1
"14334","PmetTSAr1.1-019532",9.93634722275697,9.54907077087713,7.3764322457831,11.0673355929393,10.0128956715577,8.5095317052444,8.06719411503024,8.94486623040766,-0.0966676177313377,3.20871471495312,0.744707386195066,1
"14335","PmetTSAr1.1-019533",7.28365724021099,6.72302178884185,8.36941350963852,11.3321043870288,9.32109560697735,6.50229997410702,4.1907501896261,6.39727774706371,-0.356374780105733,2.92051140696405,0.282178894568637,1
"14336","PmetTSAr1.1-019534",3.95655455023807,5.681845848092,2.88437414738955,7.5723875109585,4.8061899223477,9.8099917000658,13.8504293767143,8.69010738207327,0.882092261473281,2.85666648551076,0.0203911646073492,1
"14337","PmetTSAr1.1-019535",14.2525885502894,16.272092559719,13.5707439393574,17.8454167216295,13.4354854647447,16.0013121101938,18.1249945701329,16.3894859095128,0.0455827120975577,3.98221681472767,0.875126527160352,1
"14338","PmetTSAr1.1-019536",5.30537996509196,6.39579506460618,36.5511674742971,14.2975148808307,10.704695736138,11.9585777784664,7.69002659796389,6.17082543743313,-0.774976122598773,3.63460039717231,0.120004295824138,1
"14339","PmetTSAr1.1-019538",5.26041911793016,3.00453628616383,5.01219114136544,6.0102516258307,6.26261111093791,4.63642259023283,1.19436380404344,2.77404079297453,-0.380907461607076,2.11022109179987,0.364483618120184,1
"14340","PmetTSAr1.1-019539",13.892901772995,4.67041779136358,25.0136708847389,22.7965931711023,22.4288863042892,14.3898725513934,1.2362713059397,8.35042891762741,-0.517102288086254,3.82140434895311,0.399491828386208,1
"14341","PmetTSAr1.1-019540",1.66355134498646,1.81462092530687,1.65496877309236,3.09779489084666,1.63847383716399,2.51610738128489,2.4725426118794,2.15129694149045,0.0823368210989629,1.1356307276811,0.783559174719929,1
"14342","PmetTSAr1.1-019541",15.2417271878489,13.6542787658337,8.18027422128511,10.246552331262,11.1780326224299,7.94411431619162,10.8330892401835,10.3884997043026,-0.230429096344837,3.46172482163112,0.458079185626209,1
"14343","PmetTSAr1.1-019543",11.5549377205816,9.25159193066289,16.7861118413654,12.8677633927477,13.6175381133185,13.9658095096038,11.7760080328493,10.0205147011529,-0.0301740334805689,3.6480000235259,0.921903131153999,1
"14344","PmetTSAr1.1-019544",9.486738751139,9.84654961109138,6.5725902702811,9.4787228284026,9.50314825555113,7.29388431878091,9.6177716851919,10.0205147011529,0.0404540321306905,3.17673405182607,0.891737889291575,1
"14345","PmetTSAr1.1-019545",3.05733760700214,4.49193048723504,2.78980450321284,2.96541049380193,3.16771608518371,3.16633737869559,3.18497014411584,3.56662387668154,-0.0292168624517265,1.74977065474934,0.939231690331362,1
"14346","PmetTSAr1.1-019548",5.79994928387171,6.51478660069188,4.4447732763052,7.44000311391377,6.11696899207889,7.29388431878091,7.31285908089755,5.15179004409555,0.0933193203296279,2.66179576809174,0.754512369758727,1
"14347","PmetTSAr1.1-019550",10.1161906114042,7.94268503372023,8.22755904337346,9.18747715490419,5.46157945721329,9.78172083061316,8.27673162451155,9.99220816244907,-0.0803749182337438,3.11860403417193,0.792904577919868,1
"14348","PmetTSAr1.1-019551",1.97827727511903,1.99310822943541,2.2223866381526,4.65993077597446,3.31335820404273,3.10979563979031,0.754335034132698,1.83992501574841,-0.283677760595342,1.34742274732894,0.514327237098679,1
"14349","PmetTSAr1.1-019553",4.54104556334142,4.01596434289225,4.25563398795179,3.1772255290735,4.18721091719686,4.21235954844324,4.27456519341862,3.45339772186625,0.0174018289833851,2.02609435355122,0.958357394217228,1
"14350","PmetTSAr1.1-019554",3.73175031442909,3.65898973463516,5.62689382851404,3.38904056434506,3.60464244176077,3.30769172595879,3.16401639316771,3.22694541223568,-0.296922731674951,1.91299206260985,0.284981644129141,1
"14351","PmetTSAr1.1-019559",7.73326571182895,8.80537367034153,9.97709746064253,8.86975460199684,9.57596931498064,8.90532387758135,8.88439040200733,9.68083623670703,0.0660186842967254,3.1882874136969,0.817453606207168,1
"14352","PmetTSAr1.1-019560",5.9348318253571,7.76419772959169,5.62689382851404,12.3382258045687,7.86467441838714,9.32938691937094,11.6921930290568,7.98244391447772,0.216025605115261,3.11140572120112,0.51253861324945,1
"14353","PmetTSAr1.1-019561",1.84339473363365,3.2127714743138,2.1278169939759,2.06519659389777,2.25745284231483,1.75279390606363,2.22109760050183,1.98145770926752,-0.179934037477118,1.16723022701618,0.542722034189221,1
"14354","PmetTSAr1.1-019562",7.64334401750536,4.43243471919219,4.39748845421685,14.9329599866454,4.22362144691161,7.09598823261244,3.39450765359714,4.44412657650001,-0.716475924061248,2.67488603980026,0.0798011040666169,1
"14355","PmetTSAr1.1-019564",6.65420537994584,6.48503871667045,8.700407264257,5.61309843469651,6.66312693780021,6.36094562684382,9.24060416812555,5.83114697298727,0.0379320283896959,2.80809511425624,0.908506398827,1
"14356","PmetTSAr1.1-019565",1.79843388647185,2.20134341758538,2.97894379156625,3.60085559961663,1.60206330744923,2.57264912019017,2.11632884576118,2.83065387038217,-0.216468728623989,1.33730075681355,0.484107333948838,1
"14357","PmetTSAr1.1-019566",8.81232604371206,9.57881865489856,23.1222780012047,13.8474079308787,10.559053617279,10.969097347624,7.6271653451195,7.67107198873568,-0.587350587565059,3.53231361929261,0.0939831196569652,1
"14358","PmetTSAr1.1-019567",4.58600641050321,4.52167837125646,3.16808307991967,2.78007233793931,4.29644250634112,3.16633737869559,2.6820801213607,3.2552519509395,-0.171181075785067,1.85291733372419,0.572135168164022,1
"14359","PmetTSAr1.1-019568",12.4991155109794,9.16234827859862,18.2992261481927,8.65793956672528,11.0688010332856,7.66140562166522,7.06141406951998,6.99171505984396,-0.567023997150859,3.35286247335636,0.0876724709008869,1
"14360","PmetTSAr1.1-019569",4.31624132753244,6.99075274503466,6.80901438072287,5.24242212297127,4.8061899223477,4.74950606804339,8.63294539062977,6.34066466965606,0.0729891453611942,2.59766567343715,0.828047713074045,1
"14361","PmetTSAr1.1-019570",2.65268998254598,3.27226724235665,2.69523485903613,4.02448567015976,2.54873708003287,3.16633737869559,3.01734013653079,3.11371925742039,-0.101283293010111,1.64520785104761,0.729815239064881,1
"14362","PmetTSAr1.1-019572",4.36120217469423,5.47361065994203,6.90358402489957,6.0102516258307,5.75286369493133,6.02169519341215,9.32441917191807,7.72768506614333,0.34358014530153,2.703916744177,0.264061708016401,1
"14363","PmetTSAr1.1-019573",2.83253337119316,3.3317630103995,3.68821612289155,3.1242717702556,3.53182138233126,3.56212955103254,5.00794647660319,3.73646310890447,0.291820921998166,1.87517181760808,0.296547038558543,1
"14364","PmetTSAr1.1-019574",2.74261167686957,3.42100666246377,1.56039912891566,2.88597985557509,2.69437919889189,3.05325390088503,4.6726864614331,4.35920696038854,0.472331206148818,1.69990105596522,0.129204564537534,1
"14365","PmetTSAr1.1-019575",20.0525378341611,5.56285431200631,5.20133042971886,21.8169486329713,17.8047490305153,15.74687428512,5.92991151832093,10.7564847074523,-0.0687737609153131,3.69126302442301,0.887816174743409,1
"14366","PmetTSAr1.1-019577",7.68830486466715,6.78251755688469,11.7266358779116,10.0082604165815,7.60980071038385,8.31163561907593,6.28612528443915,8.74672045948091,-0.225505170993249,3.07903419120894,0.46030450794596,1
"14367","PmetTSAr1.1-019579",10.9254858603165,9.90604537913423,12.1521992767068,14.1121767249681,8.41083236410847,12.6088077758771,10.3092454664802,13.502218961723,-0.0709690593641331,3.53030253849718,0.813801538292858,1
"14368","PmetTSAr1.1-019580",1.48370795633928,2.14184764954254,1.5131143068273,1.32384397044729,1.49283171830497,1.78106477551627,1.69725382679857,1.52855309000637,0.00647406448805105,0.751737043368308,1,1
"14369","PmetTSAr1.1-019581",3.37206353713472,4.1944516470208,3.87735541124497,1.95928907626199,2.73078972860665,3.22287911760087,4.06502768393732,3.51001079927389,0.0225329384679177,1.7769928335671,0.963755722235941,1
"14370","PmetTSAr1.1-019582",5.71002758954812,3.65898973463516,13.6653135835341,5.34832964060705,7.46415859152483,8.5095317052444,4.37933394815927,4.61396580872294,-0.181659636754042,2.74668411727879,0.653527037852619,1
"14371","PmetTSAr1.1-019583",3.14725930132574,2.64756167790674,5.57960900642568,4.89822269065497,3.53182138233126,2.17685694785322,1.73916132869483,2.71742771556688,-0.683552119075811,1.74557752568889,0.0372613287436372,1
"14372","PmetTSAr1.1-019584",3.73175031442909,4.84890509549213,2.26967146024096,3.65380935843452,3.60464244176077,3.19460824814823,3.05924763842705,3.19863887353185,-0.160706335571612,1.81119897702338,0.596122514089015,1
"14373","PmetTSAr1.1-019585",4.40616302185603,4.49193048723504,4.63391256465862,3.41551744375401,4.04156879833783,5.11702737092769,8.02528661313398,5.94437312780256,0.454751054439123,2.34448221949738,0.141084236975995,1
"14374","PmetTSAr1.1-019586",5.62010589522453,6.96100486101324,5.29590007389556,6.91046552573485,6.00773740293462,5.88034084614895,6.60043154866111,5.8594535116911,-0.0284977099093626,2.6340196145119,0.926314728386997,1
"14375","PmetTSAr1.1-019587",8.63248265506487,10.0845326832628,7.84928046666664,6.77808112869012,6.08055846236413,5.56936128216992,5.92991151832093,8.69010738207327,-0.3438649901967,2.90867495777151,0.254445854590504,1
"14376","PmetTSAr1.1-019589",3.23718099564933,3.4507545464852,3.02622861365461,3.91857815252398,3.13130555546895,3.90137998446421,4.96603897470693,3.2552519509395,0.162253899747832,1.87963469379123,0.56814126784812,1
"14377","PmetTSAr1.1-019591",3.77671116159088,3.80772915474228,2.88437414738955,2.67416482030353,3.24053714461322,2.57264912019017,3.49927640833779,3.08541271871657,-0.0818205646507436,1.70176142041273,0.770772687904566,1
"14378","PmetTSAr1.1-019592",7.32861808737279,5.32487123983491,7.2818626016064,5.90434410819491,7.71903229952812,6.78500866863341,6.41184779012793,5.63300120206052,0.0411202565172528,2.7235544679517,0.894381072246869,1
"14379","PmetTSAr1.1-019593",20.8168722359117,9.40033135077002,38.5371300020079,12.4970870810224,23.0842758391548,11.7606816922979,8.13005536787463,11.4075350976402,-0.578669569569003,4.0861069848514,0.186948647118421,1
"14380","PmetTSAr1.1-019594",3.82167200875268,2.49882225779962,2.31695628232931,1.24441333222045,2.58514760974762,1.66798129770571,1.61343882300605,1.83992501574841,-0.352396486220273,1.16704693075564,0.283294189789178,1
"14381","PmetTSAr1.1-019596",12.9936848297591,14.1897406782193,14.0435921602409,15.7007894895049,12.9257380487381,9.3011160499183,9.84826294562134,10.8697108622675,-0.408108995694952,3.64861016087358,0.155313288638403,1
"14382","PmetTSAr1.1-019597",2.87749421835496,3.03428417018526,3.45179201244979,3.30960992611823,3.53182138233126,4.52333911242227,3.66690641592284,3.48170426057007,0.262791235251142,1.82738510593811,0.322594471519632,1
"14383","PmetTSAr1.1-019599",1.57362965066287,1.75512515726402,1.74953841726907,1.2708902116294,1.67488436687874,1.3004599948214,1.25722505688783,1.38702039648726,-0.176630332325602,0.634390843584202,0.550143133442759,1
"14384","PmetTSAr1.1-019600",2.74261167686957,3.62924185061374,3.97192505542167,4.50106949952079,4.66054780348867,5.85206997669631,7.31285908089755,4.64227234742676,0.59635489104284,2.24420483882768,0.0467935077996989,1
"14385","PmetTSAr1.1-019602",5.75498843670992,9.69781019098426,6.47802062610439,8.57850892849844,6.44466375951168,7.94411431619162,8.69580664347416,7.24647390817836,-0.010843465952362,2.9400614540141,0.978170786790399,1
"14386","PmetTSAr1.1-019603",2.65268998254598,3.71848550267801,1.93867770562248,2.93893361439298,1.74770542630825,3.50558781212726,4.96603897470693,3.36847810575478,0.272125235363896,1.66920156590291,0.416703061188291,1
"14387","PmetTSAr1.1-019605",8.72240434938847,7.46671888937745,6.19431169357427,10.3789367283068,6.73594799722972,5.56936128216992,3.66690641592284,5.09517696668791,-0.641947591720661,2.76230037006733,0.04113085345224,1
"14388","PmetTSAr1.1-019606",1.93331642795724,3.15327570627095,2.69523485903613,3.38904056434506,2.14822125317056,3.33596259541143,3.56213766118219,2.40605578982485,0.0325669028531708,1.53497194934956,0.911558195949733,1
"14389","PmetTSAr1.1-019608",5.26041911793016,6.39579506460618,4.25563398795179,5.63957531410546,6.00773740293462,5.28665258764353,4.08598143488545,6.17082543743313,-0.00567700831890737,2.44637141142684,1,1
"14390","PmetTSAr1.1-019610",8.00303079479973,9.34083558272717,6.5725902702811,8.18135573736425,8.55647448296749,8.05719779400217,7.31285908089755,9.6525296980032,0.0626189680140243,3.04849892801813,0.82852432986276,1
"14391","PmetTSAr1.1-019613",7.28365724021099,7.07999639709894,12.719617141767,6.75160424928118,7.64621124009861,6.58711258246493,4.98699272565506,6.93510198243632,-0.369738750981074,2.91578441325813,0.247484012596996,1
"14392","PmetTSAr1.1-019617",21.5812066376622,29.8371276734884,10.0716671048192,18.0307548774921,18.751422803099,21.231422958932,30.4667538785818,21.7677282632389,0.213091200341099,4.42899805406275,0.539649929792267,1
"14393","PmetTSAr1.1-019618",6.42940114413686,1.96336034541399,31.8226852654617,19.8311826773004,8.629295542397,18.2912525358576,1.84393008343548,4.16106118946179,-0.866636239880601,3.54328983558908,0.207767498856666,1
"14394","PmetTSAr1.1-019619",17.4897695459387,22.9058706964966,21.5145940502007,28.9392291939778,22.5017073637188,28.8080159722393,25.0606861339641,22.7867636565765,0.125347616089045,4.57404468538561,0.670184827169062,1
"14395","PmetTSAr1.1-019620",8.72240434938847,8.18066810589163,9.03140101887547,7.49295687273166,7.13646382409203,6.53057084355966,8.00433286218585,6.87848890502868,-0.225461066364238,2.96431441496476,0.424470915347879,1
"14396","PmetTSAr1.1-019621",7.41853978169638,7.49646677339887,8.700407264257,11.9940263722524,7.75544282924287,10.8277430003608,10.5187829759615,9.28454469485352,0.107392268082266,3.21997103344645,0.724561750897068,1
"14397","PmetTSAr1.1-019624",4.49608471617962,6.15781199243479,7.32914742369475,4.50106949952079,5.09747416006574,3.05325390088503,4.27456519341862,5.26501619891084,-0.344932046500727,2.34357195094976,0.264613345738816,1
"14398","PmetTSAr1.1-019626",1.57362965066287,3.53999819854947,2.1278169939759,2.14462723212461,1.78411595602301,2.40302390347433,4.50505645384806,2.32113617371338,0.230940107714597,1.39241628619047,0.499789373536634,1
"14399","PmetTSAr1.1-019627",9.17201282100643,10.7687340157555,8.700407264257,8.4990782902716,8.55647448296749,8.90532387758135,8.90534415295546,8.2088962241083,-0.103508500367522,3.17408807041606,0.715601142391734,1
"14400","PmetTSAr1.1-019628",12.364232969494,8.24016387393447,17.0225359518072,17.5276941687221,10.8139273252823,26.8290551105546,12.1322217989676,9.76575585281849,0.110838293126384,3.8478891655916,0.772062695403094,1
"14401","PmetTSAr1.1-019630",7.82318740615254,8.12117233784878,5.29590007389556,6.5927429728275,7.02723223494777,7.66140562166522,11.9436380404344,8.77502699818473,0.347818871613196,2.99567304992658,0.2591261735837,1
"14402","PmetTSAr1.1-019635",8.49760011357949,10.0845326832628,7.09272331325299,7.30761871686904,9.79443249326917,7.26561344932828,11.2102567572498,11.3226154815287,0.263077650488153,3.19195292603622,0.380832168665656,1
"14403","PmetTSAr1.1-019636",5.30537996509196,8.3889032940416,6.85629920281122,4.7393614142013,4.22362144691161,4.86258954585394,8.59103788873351,7.18986083077072,-0.0213535147470913,2.66349805067762,0.947037824284039,1
"14404","PmetTSAr1.1-019637",9.486738751139,11.6909184204197,11.8212055220883,12.9736709103834,11.7970116275807,12.382640820256,13.326585603011,13.0493143424618,0.13635325886693,3.60074459908376,0.631167270900512,1
"14405","PmetTSAr1.1-019638",2.56276828822238,3.03428417018526,3.87735541124497,3.97153191134187,3.8231056200493,3.19460824814823,3.2268776460121,3.05710618001275,-0.0200493738806457,1.76755435551367,0.959876218210753,1
"14406","PmetTSAr1.1-019640",9.66658213978619,9.63831442294141,8.7949769084337,7.36057247568693,11.0688010332856,9.55555387499205,6.53757029581672,8.49196161114651,0.00682154068923407,3.16117630166724,0.984021267389737,1
"14407","PmetTSAr1.1-019642",4.22631963320885,8.18066810589163,1.5131143068273,4.84526893183708,3.93233720919357,5.42800693490673,8.54913038683724,5.6046946633567,0.321268049371319,2.42384900854805,0.437976162976103,1
"14408","PmetTSAr1.1-019644",2.87749421835496,3.15327570627095,2.45881074859437,3.09779489084666,2.40309496117385,2.40302390347433,2.32586635524249,1.9531511705637,-0.356890071063862,1.40300752489547,0.170286774472773,1
"14409","PmetTSAr1.1-019648",13.5781758428625,15.5283954591834,11.0173635465863,12.9471940309745,12.0154748058692,14.0788929874143,19.5708033855539,15.7101289806211,0.209922316239893,3.84552073623696,0.481972965817838,1
"14410","PmetTSAr1.1-019649",5.79994928387171,6.87176120894897,6.5725902702811,5.93082098760386,5.68004263550182,4.15581780953796,6.6632928015055,5.66130774076434,-0.182977996144945,2.57958793297284,0.527553531078552,1
"14411","PmetTSAr1.1-019650",1.66355134498646,5.14638393570637,3.02622861365461,2.22405787035145,1.78411595602301,3.64694215939046,6.91473781288307,4.84041811835351,0.511061095320901,1.90141129199197,0.215707790990754,1
"14412","PmetTSAr1.1-019652",5.62010589522453,2.02285611345684,22.1292967373493,3.28313304670928,5.68004263550182,2.00723173113738,1.21531755499157,2.51928194464013,-1.5328687526954,2.47660286617003,0.0138695429717863,1
"14413","PmetTSAr1.1-019653",11.2402117904491,13.6245308818122,11.6320662337349,12.232318286933,14.3093381778988,13.1176834260246,14.1856893918844,14.29480204543,0.197394264069423,3.71640893868042,0.481581515404696,1
"14414","PmetTSAr1.1-019654",3.32710268997292,4.55142625527789,3.16808307991967,5.0306070876997,3.16771608518371,4.1840886789906,6.01372652211345,4.84041811835351,0.176522178845079,2.12395257022084,0.562962584989406,1
"14415","PmetTSAr1.1-019655",8.99216943235925,13.6542787658337,6.52530544819275,10.5377980047604,9.53955878526588,10.2340547418554,16.1343882300605,11.8604397169013,0.265013484099671,3.46066652949012,0.413232087440956,1
"14416","PmetTSAr1.1-019656",10.1161906114042,7.13949216514178,8.27484386546182,11.252673748802,7.5733901806691,10.4602216974765,15.1286081845502,10.1903539333758,0.238460078897808,3.33441967633962,0.453795055335087,1
"14417","PmetTSAr1.1-019657",7.1487746987256,9.54907077087713,6.00517240522086,10.5642748841694,8.26519024524945,9.18803257210774,9.03106665864425,8.12397660799683,0.0533827408732573,3.09659406324676,0.85747880434235,1
"14418","PmetTSAr1.1-019659",7.59838317034356,8.80537367034153,8.46398315381523,7.14875744041537,5.49798998692805,8.79224039977079,7.96242536028959,8.12397660799683,-0.0740047375196411,2.97479538154616,0.801877800921217,1
"14419","PmetTSAr1.1-019662",9.5766604454626,10.5604988276056,12.8614716080321,11.0143818341215,10.0128956715577,12.693620384235,16.3648794904899,10.6715650913408,0.178221352530191,3.55896970921076,0.553847717323147,1
"14420","PmetTSAr1.1-019668",22.3905018865745,25.3451971862533,27.1887727008031,22.7701162916934,23.1570968985844,17.6692934078995,20.7861209405455,25.079593291586,-0.172355514912284,4.53020591996074,0.547912869028396,1
"14421","PmetTSAr1.1-019669",2.15812066376622,2.14184764954254,2.83708932530119,3.83914751429714,2.51232655031811,2.48783651183225,1.7182075777467,2.03807078667516,-0.338017834230653,1.33703988330991,0.248816869653958,1
"14422","PmetTSAr1.1-019671",10.8355641659929,8.80537367034153,7.09272331325299,10.4583673665336,8.70211660182651,12.5805369064244,16.6372782528156,10.162047394672,0.371154981763032,3.42376759966796,0.239884143520587,1
"14423","PmetTSAr1.1-019672",2.47284659389879,2.49882225779962,3.16808307991967,4.20982382602238,2.91284237718042,3.98619259282213,2.84971012894575,2.09468386408281,-0.0656538567119049,1.62667717193434,0.839155745655698,1
"14424","PmetTSAr1.1-019673",14.8820404105546,16.0043616035262,11.5374965895582,10.6437055223962,15.62011724763,10.1775130029501,12.4255743122414,10.7847912461561,-0.115426868696955,3.68004470403266,0.704591653648501,1
"14425","PmetTSAr1.1-019674",6.29451860265147,6.06856834037052,6.90358402489957,5.95729786701281,4.84260045206245,4.41025563461172,4.56791770669245,6.0009862052102,-0.346490007948186,2.50750821129599,0.218362973475069,1
"14426","PmetTSAr1.1-019675",3.32710268997292,4.61092202332074,3.16808307991967,3.89210127311503,4.26003197662637,2.71400346745336,4.1907501896261,2.06637732537899,-0.185814190425256,1.84480260694383,0.551376765558284,1
"14427","PmetTSAr1.1-019679",13.8479409258332,14.3682279823478,12.7669019638554,11.4380119046646,11.2872642115741,9.38592865827622,8.27673162451155,12.0019724104204,-0.356803248594299,3.551703782372,0.219220231451692,1
"14428","PmetTSAr1.1-019680",2.06819896944263,2.76655321399244,2.03324734979919,2.14462723212461,2.98566343660993,2.31821129511641,3.35260015170088,3.48170426057007,0.424573334894702,1.43948247966581,0.115907433844219,1
"14429","PmetTSAr1.1-019682",11.7797419563906,12.8213380132338,12.4359082092369,8.68441644613422,11.8334221572955,11.8172234312032,11.9436380404344,10.0205147011529,-0.0022382218283334,3.52053330988992,0.994739873814837,1
"14430","PmetTSAr1.1-019683",6.47436199129866,9.48957500283429,3.68821612289155,5.18946836415338,5.46157945721329,4.77777693749603,5.99277277116532,6.11421236002549,-0.155490667711021,2.57635764711353,0.643315802976038,1
"14431","PmetTSAr1.1-019686",5.88987097819531,6.21730776047764,6.80901438072287,8.15487885795531,6.29902164065266,10.1492421334975,13.158955595426,10.7564847074523,0.576641258486905,3.0881983261579,0.0677084365742939,1
"14432","PmetTSAr1.1-019687",10.5208382358603,14.7846983586478,2.64795003694778,16.2568039570927,13.5811275836037,5.28665258764353,4.6726864614331,50.2724127379874,0.737806350563786,3.890335515773,0.252553891010636,1
"14433","PmetTSAr1.1-019689",9.30689536249182,9.84654961109138,10.8755090803212,11.9940263722524,10.9595694441413,8.28336474962329,7.81574910365268,9.99220816244907,-0.183562192764088,3.313671408844,0.530791660110909,1
"14434","PmetTSAr1.1-019690",26.3470564368126,34.3588060447448,30.2150013144577,35.2936802521248,28.3638026477944,29.6561420558185,29.0418988141089,33.0054241286561,-0.072517702641931,4.94717203509788,0.803032305895308,1
"14435","PmetTSAr1.1-019691",2.15812066376622,3.2127714743138,1.56039912891566,1.29736709103834,1.56565277773448,1.52662695044252,2.97543263463453,2.43436232852867,0.0518800678430579,1.11047214623616,0.895634775245329,1
"14436","PmetTSAr1.1-019692",7.28365724021099,9.28133981468432,12.4831930313253,7.70477190800323,6.40825322979693,4.94740215421186,7.50144283943072,9.56761008189174,-0.368465653882769,3.03595991423306,0.251047060443721,1
"14437","PmetTSAr1.1-019693",5.21545827076836,6.33629929656333,2.78980450321284,7.89011006386585,6.26261111093791,4.09927607063268,6.85187656003867,3.84968926371975,-0.0834238434626567,2.45495089857492,0.823532195139901,1
"14438","PmetTSAr1.1-019694",9.486738751139,13.2080605055123,9.31510995140559,17.104064098179,7.5733901806691,13.0328708176667,19.0260058609025,11.1244697106019,0.0468858127147843,3.65078231176552,0.893702030191595,1
"14439","PmetTSAr1.1-019695",4.7208889519886,7.37747523731318,5.10676078554215,8.28726325500003,3.75028456061979,6.72846692972813,9.36632667381433,6.28405159224842,0.0346351457858799,2.70659174100258,0.921160153693846,1
"14440","PmetTSAr1.1-019696",4.13639793888525,7.13949216514178,3.92464023333332,8.36669389322687,3.89592667947881,6.86982127699133,9.09392791148864,5.66130774076434,0.111886959267022,2.63560476876298,0.752731275229044,1
"14441","PmetTSAr1.1-019698",9.98130806991876,9.90604537913423,8.84226173052206,22.6906856534666,12.7072748704496,8.48126083579176,6.8728303109868,17.2386820706274,-0.185882597133387,3.60372240550853,0.634830145758177,1
"14442","PmetTSAr1.1-019699",2.92245506551675,5.02739239962067,4.01920987751002,4.65993077597446,4.36926356577063,6.89809214644397,7.16618282426063,5.49146850854141,0.521708887575804,2.36281815791195,0.0870801642400874,1
"14443","PmetTSAr1.1-019700",6.42940114413686,8.24016387393447,3.26265272409637,2.99188737321088,5.27952680863951,3.90137998446421,2.87066387989388,4.9536442731688,-0.302762521377937,2.26230114707512,0.414164443857582,1
"14444","PmetTSAr1.1-019706",8.45263926641769,9.37058346674859,6.95086884698793,16.4421421129553,7.75544282924287,11.3083477810557,13.8713831276624,13.9834301196879,0.18478158386159,3.47157206558373,0.589138749707289,1
"14445","PmetTSAr1.1-019707",7.55342232318177,9.60856653891998,5.91060276104415,5.16299148474443,5.46157945721329,5.7672573683384,7.6271653451195,8.54857468855416,-0.0421735956817819,2.81124943881213,0.896359149021201,1
"14446","PmetTSAr1.1-019708",4.54104556334142,5.26537547179207,6.14702687148592,6.03672850523964,4.4784951549149,6.02169519341215,6.24421778254289,5.97267966650638,0.0481132474830204,2.4990859431306,0.874846583109254,1
"14447","PmetTSAr1.1-019713",3.01237675984035,4.58117413929931,2.08053217188754,3.09779489084666,2.47591602060336,3.87310911501157,2.70303387230883,2.68912117686306,-0.128934114516799,1.64651179112753,0.683505177652485,1
"14448","PmetTSAr1.1-019714",17.1300827686444,17.2240248484046,12.3413385650602,8.41964765204476,16.1662751933513,6.19132041012799,8.04624036408211,14.0683497357994,-0.310252337804637,3.6436956775499,0.399988521860393,1
"14449","PmetTSAr1.1-019715",3.68678946726729,2.64756167790674,3.97192505542167,3.07131801143771,4.04156879833783,2.85535781471656,2.4725426118794,2.83065387038217,-0.131882918183031,1.70020494657668,0.645745678583837,1
"14450","PmetTSAr1.1-019716",7.73326571182895,10.0845326832628,10.6390849698795,14.5358067955112,8.44724289382322,8.39644822743384,9.28251167002181,7.61445891132804,-0.351264374341096,3.27135573416246,0.246580323544195,1
"14451","PmetTSAr1.1-019718",8.09295248912332,8.80537367034153,5.62689382851404,6.46035857578278,8.92057978011504,6.44575823520174,8.23482412261529,7.75599160484715,0.111966420909494,2.92718433753651,0.708001303286215,1
"14452","PmetTSAr1.1-019722",15.7362965066287,15.8853700674405,6.09974204939757,12.6029945986582,10.5226430875643,8.99013648593927,10.4978292250134,13.813590887465,-0.200813435054477,3.56472350681966,0.557982195941579,1
"14453","PmetTSAr1.1-019723",1.61859049782466,1.78487304128545,1.70225359518072,4.60697701715657,2.62155813946238,4.3254430262538,1.73916132869483,2.97218656390128,0.246872893847558,1.45584795112701,0.502353350216842,1
"14454","PmetTSAr1.1-019724",12.364232969494,12.8808337812766,11.8684903441767,10.273029210671,14.0180539401808,9.41419952772885,12.1741293008638,11.4924547137516,-0.00884800822149304,3.56921851948112,0.978056461803051,1
"14455","PmetTSAr1.1-019725",4.36120217469423,4.8191572114707,5.48503936224898,6.24854354051121,5.64363210578707,6.4174873657491,6.72615405434989,4.75549850224205,0.169802907964972,2.49146215002067,0.557336935191327,1
"14456","PmetTSAr1.1-019726",13.9378626201568,12.8213380132338,12.2940537429718,10.0612141753994,7.39133753209532,9.55555387499205,18.1669020720291,14.8892393582102,0.0284073838521862,3.6386609617235,0.937430264578118,1
"14457","PmetTSAr1.1-019727",3.64182862010549,3.06403205420668,3.54636165662649,3.73323999666136,3.93233720919357,2.91189955362184,2.03251384196866,2.63250809945542,-0.288423066363381,1.69634873337781,0.318263737879328,1
"14458","PmetTSAr1.1-019728",3.19222014848753,2.43932648975678,2.55338039277107,5.0306070876997,2.65796866917713,3.19460824814823,3.64595266497471,3.02879964130892,-0.0815714945916895,1.71627211492131,0.794290539785587,1
"14459","PmetTSAr1.1-019729",3.5968677729437,4.28369529908507,3.54636165662649,3.44199432316295,3.8231056200493,2.68573259800072,2.22109760050183,2.15129694149045,-0.459166682716464,1.71073761816186,0.109734347896682,1
"14460","PmetTSAr1.1-019730",5.30537996509196,6.21730776047764,2.55338039277107,3.99800879075082,2.98566343660993,2.26166955621114,2.84971012894575,3.59493041538536,-0.631991825818774,1.91848784814973,0.0479501971319243,1
"14461","PmetTSAr1.1-019731",4.18135878604705,3.74823338669944,2.64795003694778,2.91245673498404,3.89592667947881,1.63971042825307,3.05924763842705,2.88726694778981,-0.235009246097163,1.66828231796282,0.459068967434917,1
"14462","PmetTSAr1.1-019732",3.19222014848753,2.37983072171393,5.91060276104415,3.4684712025719,4.84260045206245,2.96844129252712,2.24205135144996,2.77404079297453,-0.220161290506993,1.81512260692665,0.52587412196291,1
"14463","PmetTSAr1.1-019733",5.53018420090094,8.59713848219156,4.53934292048191,7.09580368159747,5.60722157607231,5.96515345450687,6.80996905814241,7.04832813725161,-0.0225287277286396,2.69341103857778,0.948391150041542,1
"14464","PmetTSAr1.1-019734",9.5766604454626,13.5947829977908,6.47802062610439,13.9268385691055,10.122127260702,13.9375386401511,18.4812083362511,13.5305255004268,0.361672978554436,3.64774784540942,0.276500517356069,1
"14465","PmetTSAr1.1-019735",15.3766097293343,12.0776409126982,14.8001493136546,15.7537432483228,15.0739593019087,8.70742779141287,5.40606774461767,11.2943089428249,-0.521037197633456,3.62765758807993,0.123277782559342,1
"14466","PmetTSAr1.1-019737",1.61859049782466,2.85579686605671,4.30291881004014,2.5417804232588,2.91284237718042,3.05325390088503,2.97543263463453,2.46266886723249,0.0150984674144521,1.53587447775976,0.9683306824672,1
"14467","PmetTSAr1.1-019738",3.77671116159088,3.68873761865659,1.93867770562248,3.70676311725241,3.38617926347224,3.59040042048518,2.59826511756818,3.08541271871657,-0.0600489550260738,1.71594720632364,0.864264692829165,1
"14468","PmetTSAr1.1-019741",7.59838317034356,6.96100486101324,8.55855279799194,5.79843659055913,6.9180006458035,5.45627780435937,4.12788893678171,9.02978584651913,-0.179029357205496,2.77786442991285,0.579748877638952,1
"14469","PmetTSAr1.1-019742",10.9254858603165,9.7573059590271,18.204656504016,14.7211449513739,9.57596931498064,8.56607344414968,9.38728042476247,8.91655969170384,-0.555640944412507,3.49936523062246,0.0685821526356269,1
"14470","PmetTSAr1.1-019744",6.78908792143123,8.68638213425584,3.97192505542167,6.35445105814699,5.97132687321986,6.86982127699133,7.81574910365268,8.91655969170384,0.194360721852672,2.80572495682524,0.541447264023172,1
"14471","PmetTSAr1.1-019746",4.18135878604705,10.0845326832628,1.93867770562248,2.70064169971247,4.11438985776735,4.69296432913811,6.22326403159476,5.29332273761466,0.100979978636365,2.31553069654836,0.81345179482398,1
"14472","PmetTSAr1.1-019747",5.57514504806273,7.07999639709894,5.10676078554215,9.16100027549525,6.29902164065266,6.67192519082285,6.07658777495785,7.04832813725161,-0.0500667771175789,2.74313508610439,0.88124146668729,1
"14473","PmetTSAr1.1-019748",2.29300320525161,1.99310822943541,2.41152592650602,2.48882666444091,2.29386337202958,3.02498303143239,1.73916132869483,2.26452309630574,0.0181700093752075,1.24687022550566,0.956064169325121,1
"14474","PmetTSAr1.1-019749",13.9378626201568,21.4779722634682,10.308091215261,11.8616419752077,10.559053617279,14.7573938542777,17.182075777467,16.0781139837707,0.0242675030787689,3.86686577643377,0.941783771393621,1
"14475","PmetTSAr1.1-019751",4.49608471617962,3.89697280680656,4.58662774257026,5.18946836415338,4.8061899223477,4.80604780694866,4.6726864614331,4.33090042168472,0.0342385309613238,2.22034665527626,0.905679556431137,1
"14476","PmetTSAr1.1-019753",4.94569318779758,6.39579506460618,3.12079825783131,4.395161981885,5.20670574921,4.43852650406435,7.1452290733125,7.18986083077072,0.344195075668316,2.43987397073191,0.278360124842649,1
"14477","PmetTSAr1.1-019754",1.48370795633928,1.57663785313548,1.5131143068273,1.93281219685304,1.49283171830497,2.12031520894794,2.09537509481305,1.75500539963695,0.19511803871586,0.859100582762407,0.474316660657384,1
"14478","PmetTSAr1.1-019755",5.9797926725189,6.33629929656333,4.53934292048191,5.85139034937702,5.02465310063623,5.37146519600145,6.89378406193494,5.68961427946816,0.0169925352533393,2.53032442679183,0.960813977477122,1
"14479","PmetTSAr1.1-019757",3.32710268997292,2.82604898203529,3.12079825783131,3.1242717702556,2.69437919889189,4.69296432913811,4.88222397091441,3.59493041538536,0.362221226265432,1.84843811369006,0.207034608007569,1
"14480","PmetTSAr1.1-019758",11.5549377205816,13.2080605055123,6.14702687148592,13.2913934632908,10.2313588498462,16.142666457457,19.109820864695,13.8702039648726,0.423840930672214,3.70279280214741,0.205198645314889,1
"14481","PmetTSAr1.1-019759",13.2184890655681,11.6611705363982,2.74251968112449,5.74548283174124,5.93491634350511,3.6752130288431,7.81574910365268,17.2103755319236,0.0537906996686093,3.09856977655739,0.914962432471786,1
"14482","PmetTSAr1.1-019760",29.7191199739473,33.0498991478022,24.6826771301204,28.4626453646167,28.4366237072239,27.6206394552285,26.9465237192958,26.3250809945542,-0.0847903885199253,4.81851826981932,0.767500103974794,1
"14483","PmetTSAr1.1-019761",3.95655455023807,4.40268683517077,4.58662774257026,5.93082098760386,4.07797932805259,6.33267475739118,6.34898653728354,5.37824235372613,0.228833120817861,2.37759810771827,0.437335613740239,1
"14484","PmetTSAr1.1-019762",1.43874710917748,1.16016747683554,2.60066521485943,7.06932680218853,2.00257913431154,3.64694215939046,1.34104006068035,2.40605578982485,-0.393837589428234,1.47423019826346,0.417932510108655,1
"14485","PmetTSAr1.1-019763",6.51932283846045,6.60403025275615,5.95788758313251,6.14263602287543,5.13388468978049,5.39973606545409,8.73771414537042,5.8594535116911,-0.00257451540920646,2.66899985290245,0.990211528319161,1
"14486","PmetTSAr1.1-019764",11.8247028035524,16.272092559719,11.5374965895582,7.28114183746009,13.1077906973119,9.66863735280261,11.2102567572498,10.5583389365255,-0.0748905229694432,3.52241832640467,0.814439630901068,1
"14487","PmetTSAr1.1-019765",14.342510244613,12.553607057041,23.0749931791164,11.4380119046646,13.2898433458857,8.17028127181273,6.30707903538728,9.45438392707645,-0.722277559657747,3.62862787004357,0.034071110452519,1
"14488","PmetTSAr1.1-019766",7.59838317034356,10.5604988276056,8.41669833172688,8.2078326167732,6.99082170523301,9.52728300553941,13.808521874818,10.3035800881911,0.225053402248167,3.2475374185313,0.46934935010925,1
"14489","PmetTSAr1.1-019767",2.47284659389879,4.0754601109351,2.69523485903613,2.11815035271566,2.69437919889189,2.03550260059002,2.45158886093127,2.3494427124172,-0.257894175340707,1.41769870604345,0.374910163444505,1
"14490","PmetTSAr1.1-019768",8.72240434938847,11.1257086240126,8.13298939919676,6.83103488750802,8.11954812639043,7.43523866604411,6.62138529960924,6.08590582132167,-0.301779265308035,2.98941165595122,0.311294182687238,1
"14491","PmetTSAr1.1-019770",17.1750436158062,14.516967402455,12.3886233871485,11.7557344575719,10.8867483847118,6.9263630158966,9.47109542855499,11.9736658717166,-0.50792932059931,3.57769002977349,0.0960820921364089,1
"14492","PmetTSAr1.1-019771",2.06819896944263,2.91529263409956,1.70225359518072,2.51530354384985,1.89334754516727,1.86587738387419,2.72398762325697,2.26452309630574,-0.0791492761908992,1.2090571909111,0.797291018294252,1
"14493","PmetTSAr1.1-019775",5.48522335373914,7.02050062905609,6.66715991445781,6.43388169637383,6.1897900515084,7.66140562166522,9.03106665864425,6.22743851484078,0.185709563943748,2.78805256479321,0.526860559246368,1
"14494","PmetTSAr1.1-019776",15.1518054935253,18.4139402092615,18.7720743690762,17.3423560128595,16.5303804904989,16.453646021436,22.2738372578627,19.1069136250797,0.0942723788249113,4.17558778791697,0.745199525900078,1
"14495","PmetTSAr1.1-019779",4.7658497991504,5.86033315222055,3.87735541124497,6.91046552573485,5.57081104635756,4.80604780694866,7.27095157900128,5.3499358150223,0.098837680830356,2.49114416841615,0.744103260878999,1
"14496","PmetTSAr1.1-019780",9.71154298694798,9.8762974951128,12.719617141767,7.33409559627799,13.3262538756004,4.80604780694866,5.28034523892889,9.82236893022614,-0.2552319527738,3.19480681452277,0.484720119088215,1
"14497","PmetTSAr1.1-019781",27.3811559215339,28.5282207765457,28.6546021855421,27.6153852235305,29.601760658096,18.1498981885944,17.2239832793633,25.8438698365892,-0.305457974011075,4.6684212380862,0.310922614315782,1
"14498","PmetTSAr1.1-019782",3.91159370307627,4.55142625527789,3.87735541124497,3.20370240848244,4.76977939263294,4.07100520118004,4.54696395574432,4.24598080557326,0.182181235071622,2.07366760672975,0.507358674994972,1
"14499","PmetTSAr1.1-019783",6.92397046291662,8.50789483012729,4.4447732763052,9.05509275785946,5.35234786806902,7.66140562166522,7.64811909606763,5.80284043428345,-0.131210940717412,2.80621734602685,0.684429474487231,1
"14500","PmetTSAr1.1-019784",10.0262689170806,12.8808337812766,4.4447732763052,10.9879049547125,7.79185335895763,10.9125556087187,21.9804847445889,12.1435051039395,0.461494142758379,3.52079431030972,0.234014900172399,1
"14501","PmetTSAr1.1-019788",3.32710268997292,3.80772915474228,4.06649469959838,1.45622836749202,3.56823191204602,2.28994042566378,2.51445011377566,2.80234733167835,-0.174732918204567,1.59910469853082,0.593714589359188,1
"14502","PmetTSAr1.1-019794",3.86663285591448,4.25394741506365,2.88437414738955,4.79231517301919,2.22104231260007,4.1840886789906,3.33164640075275,3.48170426057007,-0.259599215224552,1.88485701305868,0.384829481630925,1
"14503","PmetTSAr1.1-019795",2.96741591267855,3.09377993822811,1.74953841726907,4.95117644947286,2.91284237718042,2.43129477292697,2.22109760050183,3.0004931026051,-0.287584045113307,1.57668407170618,0.383775761914984,1
"14504","PmetTSAr1.1-019796",2.69765082970777,3.48050243050662,3.16808307991967,4.13039318779555,2.69437919889189,2.31821129511641,1.9906063400724,2.6042015607516,-0.499907304978672,1.55833143224327,0.0677692269037682,1
"14505","PmetTSAr1.1-019797",8.49760011357949,8.92436520642723,10.0716671048192,8.15487885795531,7.39133753209532,5.17356910983297,6.32803278633541,7.27478044688218,-0.445777675415669,2.95991809343463,0.125339298381512,1
"14506","PmetTSAr1.1-019799",6.51932283846045,9.81680172706995,8.32212868755017,11.3585812664377,5.60722157607231,10.1775130029501,14.940024426017,9.00147930781531,0.141450757000157,3.25445889562452,0.681420487375858,1
"14507","PmetTSAr1.1-019800",4.85577149347399,3.68873761865659,3.59364647871485,4.76583829361024,4.36926356577063,4.43852650406435,3.01734013653079,3.08541271871657,-0.185171387792698,2.01248022443129,0.532245668992058,1
"14508","PmetTSAr1.1-019802",23.0649145940015,25.6426760264676,20.5688976084337,27.5094777058947,23.5940232551614,26.5746172854808,24.1177673412982,22.390472114723,-0.00232611759186692,4.59978550748843,0.995660152115382,1
"14509","PmetTSAr1.1-019803",3.41702438429651,3.77798127072086,2.69523485903613,3.09779489084666,4.22362144691161,2.2333986867585,2.57731136662005,2.57589502204778,-0.171281697106575,1.64738993755071,0.570128181597691,1
"14510","PmetTSAr1.1-019804",3.19222014848753,5.11663605168494,2.36424110441766,3.49494808198085,4.18721091719686,4.29717215680116,4.06502768393732,3.42509118316243,0.164182001877319,1.93979189126162,0.572718137383878,1
"14511","PmetTSAr1.1-019805",6.60924453278405,10.7984818997769,4.30291881004014,2.8330260967572,4.18721091719686,2.54437825073753,12.6560655726708,6.48219736317517,0.0778435293381255,2.672403109995,0.872188485213929,1
"14512","PmetTSAr1.1-019806",5.84491013103351,7.07999639709894,5.91060276104415,5.53366779646967,4.8061899223477,4.3254430262538,5.78323526168402,5.2084031215032,-0.275247695178475,2.49109059950425,0.33238998036658,1
"14513","PmetTSAr1.1-019807",4.8108106463122,5.47361065994203,5.01219114136544,5.24242212297127,4.87901098177721,5.56936128216992,6.53757029581672,5.77453389557963,0.148663923779363,2.45382555319697,0.597692608086422,1
"14514","PmetTSAr1.1-019809",2.65268998254598,2.91529263409956,19.7177708108433,4.65993077597446,4.1508003874821,4.29717215680116,2.2001438495537,4.10444811205415,-1.01838617355913,2.48861692269613,0.055675191707387,1
"14515","PmetTSAr1.1-019810",4.99065403495938,6.663526020799,1.5131143068273,3.36256368493612,2.07540019374105,2.57264912019017,5.76228151073589,4.9536442731688,-0.105053399295695,2.02136583786629,0.807886893907358,1
"14516","PmetTSAr1.1-019811",4.04647624456166,5.0571402836421,3.83007058915661,5.50719091706073,4.62413727377392,4.01446346227477,3.33164640075275,3.79307618631211,-0.234876278693981,2.11688770211573,0.415245730503484,1
"14517","PmetTSAr1.1-019812",31.6524364019045,35.8164523617946,32.7210968851404,51.762299244489,30.0022764849583,24.7935525099646,33.1907415018387,40.0254457272039,-0.247835351478589,5.13179542817418,0.433030365134592,1
"14518","PmetTSAr1.1-019813",2.56276828822238,4.31344318310649,2.08053217188754,3.78619375547925,2.29386337202958,2.37475303402169,4.10693518583358,3.73646310890447,-0.0319767893861257,1.69148599436069,0.936704276794998,1
"14519","PmetTSAr1.1-019814",5.03561488212118,3.89697280680656,5.53232418433733,6.14263602287543,5.60722157607231,3.92965085391685,4.08598143488545,4.44412657650001,-0.19205030405732,2.29020372683415,0.513067484805347,1
"14520","PmetTSAr1.1-019815",38.0368766988796,44.5028344960504,26.8577789461846,34.181651316949,26.2884024540533,19.6199834001316,48.3822109392333,40.2518980368345,-0.0936010336752616,5.12239068820649,0.787713469841946,1
"14521","PmetTSAr1.1-019817",4.36120217469423,5.56285431200631,2.55338039277107,1.95928907626199,3.93233720919357,1.24391825591612,1.19436380404344,2.77404079297453,-0.667170150280571,1.58338145879003,0.110337154577823,1
"14522","PmetTSAr1.1-019818",3.32710268997292,4.58117413929931,3.30993754618473,3.70676311725241,3.27694767432797,2.34648216456905,4.60982520858871,3.99122195723886,-0.0698889758339571,1.89136942562656,0.821979149397826,1
"14523","PmetTSAr1.1-019819",1.57362965066287,3.48050243050662,2.78980450321284,1.37679772926518,2.84002131775091,2.03550260059002,2.11632884576118,2.29282963500956,0.00637284779270097,1.24635439810485,1,1
"14524","PmetTSAr1.1-019820",4.90073234063579,3.89697280680656,3.54636165662649,4.79231517301919,5.8620952840756,4.41025563461172,4.25361144247049,5.83114697298727,0.244747483290279,2.2476995639828,0.393303171678466,1
"14525","PmetTSAr1.1-019823",7.50846147601997,6.78251755688469,5.8633179389558,4.63345389656552,5.38875839778378,5.37146519600145,7.81574910365268,6.99171505984396,0.0486712993412655,2.66817125412162,0.879746457151621,1
"14526","PmetTSAr1.1-019824",8.99216943235925,7.94268503372023,12.0103448104417,5.6660521935144,8.26519024524945,5.54109041271728,6.62138529960924,7.72768506614333,-0.294966085127188,2.98078441359496,0.351321575031693,1
"14527","PmetTSAr1.1-019825",8.40767841925589,8.74587790229868,12.9560412522088,6.98989616396169,8.55647448296749,5.23011084873825,6.07658777495785,7.67107198873568,-0.428923409707963,3.02278546096583,0.176567902791668,1
"14528","PmetTSAr1.1-019826",14.5223536332602,17.4025121525331,13.0978957184738,10.723136160623,14.3457487076136,11.364889519961,12.9913255878409,12.1435051039395,-0.132898870942317,3.74230421143191,0.653619337068636,1
"14529","PmetTSAr1.1-019828",4.7658497991504,5.0571402836421,2.03324734979919,2.48882666444091,4.33285303605588,1.86587738387419,1.88583758533175,2.97218656390128,-0.383422466375359,1.6911149734933,0.307778078467782,1
"14530","PmetTSAr1.1-019831",6.60924453278405,7.34772735329175,12.2467689208835,8.89623148140579,7.13646382409203,6.81327953808605,6.70520030340176,6.11421236002549,-0.389564056708068,2.96112670415691,0.20123688721765,1
"14531","PmetTSAr1.1-019832",10.0262689170806,10.0250369152199,10.308091215261,13.2384397044729,9.79443249326917,11.2518060421504,13.5989843653367,9.14301200133441,0.00619484667230086,3.45808055791536,0.986086651978521,1
"14532","PmetTSAr1.1-019834",5.62010589522453,7.4072231213346,12.1049144546184,5.6660521935144,6.1897900515084,5.54109041271728,6.03468027306158,6.34066466965606,-0.35014988489411,2.78948204988066,0.27604660263229,1
"14533","PmetTSAr1.1-019839",12.5890372053029,13.8625139539836,15.5567064670682,15.8066970071406,12.0882958652988,11.7606816922979,11.9645917913825,12.7662489554236,-0.251349888793908,3.73972574453473,0.373896681906567,1
"14534","PmetTSAr1.1-019840",8.54256096074128,8.77562578632011,7.89656528875499,11.3321043870288,8.88416925040029,9.47074126663413,8.73771414537042,9.14301200133441,-0.0144852189809522,3.19577334448031,0.965671752917148,1
"14535","PmetTSAr1.1-019841",6.92397046291662,6.87176120894897,4.63391256465862,6.24854354051121,6.5903058783707,5.54109041271728,5.97181902021719,5.8594535116911,-0.0449139726713041,2.61884150050062,0.879920962349835,1
"14536","PmetTSAr1.1-019842",3.01237675984035,4.67041779136358,2.03324734979919,3.33608680552717,2.47591602060336,3.6752130288431,4.33742644626301,3.76476964760829,0.122293900906197,1.80147945421995,0.697479309671542,1
"14537","PmetTSAr1.1-019843",2.15812066376622,1.75512515726402,3.16808307991967,2.75359545853036,2.25745284231483,2.96844129252712,1.59248507205792,1.98145770926752,-0.160070673831549,1.25400159708436,0.601711881826242,1
"14538","PmetTSAr1.1-019844",2.02323812228083,1.6063857371569,3.16808307991967,2.46234978503196,2.54873708003287,2.82708694526392,1.48771631731727,1.55685962871019,-0.137121305719787,1.17851366562585,0.67560896475631,1
"14539","PmetTSAr1.1-019845",11.5549377205816,9.16234827859862,8.22755904337346,7.70477190800323,11.3236747412889,5.73898649888576,6.30707903538728,7.33139352428982,-0.256792743512719,3.08246372242357,0.42372589513858,1
"14540","PmetTSAr1.1-019846",13.9828234673186,19.6633513381613,23.1222780012047,19.9635670743451,17.2950016145088,20.3267551364476,20.2203696649459,20.3524013280478,0.0273499706407635,4.28015420974345,0.927211524079315,1
"14541","PmetTSAr1.1-019847",12.3192721223322,14.0707491421336,10.4972305036144,9.02861587845052,12.1247063950135,8.45298996633912,11.6293317762124,10.2186604720796,-0.114071829692465,3.47276697277306,0.70299953616127,1
"14542","PmetTSAr1.1-019849",5.57514504806273,5.71159373211343,3.26265272409637,4.26277758484027,4.11438985776735,3.3925043343167,5.80418901263215,6.68034313410192,0.0878783458632852,2.297771674073,0.791112810646832,1
"14543","PmetTSAr1.1-019850",1.75347303931005,1.36840266498551,1.56039912891566,1.58861276453675,1.85693701545252,1.13083477810557,1.00578004551026,1.33040731907962,-0.248309124640535,0.588440362305345,0.416327582437753,1
"14544","PmetTSAr1.1-019851",4.27128048037064,6.75276967286327,9.45696441767065,12.1264107692972,5.57081104635756,16.6232712381519,13.6827993691292,9.00147930781531,0.46008272447926,3.28725982657408,0.243690129622448,1
"14545","PmetTSAr1.1-019852",3.19222014848753,4.10520799495653,3.92464023333332,3.33608680552717,4.69695833320343,3.36423346486407,3.79262892161162,4.13275465075797,0.132281033813545,1.95582985357398,0.625963435452928,1
"14546","PmetTSAr1.1-019854",15.7812573537905,18.7709148175186,13.0506108963855,12.5500408398403,12.7436854001643,14.7856647237303,18.5440695890955,15.6252093645096,0.0371195630252173,3.93515891409098,0.902911903239055,1
"14547","PmetTSAr1.1-019855",2.60772913538418,3.15327570627095,3.07351343574296,4.02448567015976,2.80361078803616,4.46679737351699,3.26878514790836,3.76476964760829,0.148398865691053,1.7919645241762,0.605110783431963,1
"14548","PmetTSAr1.1-019856",2.29300320525161,2.73680532997102,2.83708932530119,4.02448567015976,3.13130555546895,3.36423346486407,3.16401639316771,3.67985003149682,0.156859199349003,1.68763223503185,0.562014756557588,1
"14549","PmetTSAr1.1-019857",2.02323812228083,2.05260399747826,2.50609557068272,3.91857815252398,2.40309496117385,2.82708694526392,2.55635761567192,2.49097540593631,-0.0403171429163716,1.41339759318007,0.913985640730877,1
"14550","PmetTSAr1.1-019858",4.27128048037064,3.15327570627095,3.02622861365461,6.0102516258307,3.56823191204602,2.77054520635864,2.05346759291679,3.34017156705096,-0.498590088634734,1.84128398370388,0.114497230441089,1
"14551","PmetTSAr1.1-019860",4.04647624456166,4.87865297951355,6.14702687148592,4.36868510247606,4.00515826862308,3.76002563720101,5.07080772944758,5.29332273761466,-0.0966535662973861,2.24974613185885,0.742018571916093,1
"14552","PmetTSAr1.1-019861",3.05733760700214,5.35461912385634,2.55338039277107,3.28313304670928,3.71387403090504,2.62919085909545,3.31069264980462,3.79307618631211,-0.0924281127450872,1.81866493829568,0.783468093498493,1
"14553","PmetTSAr1.1-019862",15.7362965066287,17.9082261808973,4.53934292048191,7.78420254623007,6.88159011608875,4.09927607063268,5.36416024272141,11.8604397169013,-0.705492268456828,3.22170420389877,0.106415928585615,1
"14554","PmetTSAr1.1-019863",6.83404876859303,9.22184404664147,3.92464023333332,4.63345389656552,8.22877971553469,5.34319432654881,6.89378406193494,6.36897120835989,0.121608947822295,2.69943844392981,0.71501207075301,1
"14555","PmetTSAr1.1-019864",3.91159370307627,3.68873761865659,1.70225359518072,3.25665616730033,2.18463178288532,1.9506899922321,2.99638638558266,3.17033233482803,-0.287118107138158,1.54697743540885,0.36512838508969,1
"14556","PmetTSAr1.1-019865",5.9797926725189,6.5445344847133,6.47802062610439,8.94918524022368,5.57081104635756,6.50229997410702,6.80996905814241,7.9541373757739,-0.060426772534275,2.78964998429479,0.846911719094894,1
"14557","PmetTSAr1.1-019866",3.91159370307627,5.0571402836421,2.78980450321284,4.50106949952079,3.60464244176077,5.42800693490673,5.9089577673728,4.86872465705734,0.281451902189187,2.19582741416646,0.350675558075248,1
"14558","PmetTSAr1.1-019871",2.51780744106059,4.34319106712792,2.50609557068272,3.8126706348882,3.05848449603944,3.47731694267462,3.60404516307845,4.50073965390765,0.142156505420878,1.82706548362714,0.619305759053959,1
"14559","PmetTSAr1.1-019872",40.4647624456166,37.3335944468872,32.6738120630521,24.5440672120928,30.7304870792534,16.3971042825307,19.1726821175394,33.9112333671784,-0.430175479710972,4.88038084777014,0.196367547458131,1
"14560","PmetTSAr1.1-019874",5.53018420090094,7.76419772959169,10.6390849698795,15.4889744542333,8.92057978011504,15.3228112433304,20.2203696649459,15.9931943676593,0.615746455414702,3.6512704405042,0.0929049809779925,1
"14561","PmetTSAr1.1-019875",3.50694607862011,3.56974608257089,2.31695628232931,4.05096254956871,4.00515826862308,4.3254430262538,3.66690641592284,3.62323695408918,0.207722560566092,1.887676520238,0.446831408505121,1
"14562","PmetTSAr1.1-019876",10.2061123057277,9.96554114717707,8.41669833172688,7.01637304337064,8.04672706696092,7.7179473605705,8.25577787356342,7.04832813725161,-0.195399777889361,3.06896825227455,0.500158519874299,1
"14563","PmetTSAr1.1-019877",1.75347303931005,2.20134341758538,2.41152592650602,2.51530354384985,2.07540019374105,1.72452303661099,1.29913255878409,1.3021007803758,-0.487981854632631,0.975749941783983,0.0862404845969812,1
"14564","PmetTSAr1.1-019878",13.1735282184063,14.100497026155,10.9227939024096,13.1060553074282,11.6877800384364,16.1709373269096,16.3858332414381,13.7569778100574,0.177003863841518,3.77933619857702,0.542740535235789,1
"14565","PmetTSAr1.1-019879",34.3950480787741,6.78251755688469,27.2833423449798,10.6172286429873,15.7293488367743,5.17356910983297,0.942918792665873,9.14301200133441,-1.35203292048867,3.78376410396836,0.0307684203406738,1
"14566","PmetTSAr1.1-019880",7.01389215724021,5.9198289202634,15.0365734240963,7.44000311391377,8.33801130467896,7.94411431619162,7.33381283184568,6.45389082447135,-0.232628007438035,3.04154792658502,0.492069225752794,1
"14567","PmetTSAr1.1-019881",1.93331642795724,1.69562938922117,2.31695628232931,2.03871971448883,2.91284237718042,2.71400346745336,2.11632884576118,2.03807078667516,0.292127608353476,1.18965510411791,0.285375520684473,1
"14568","PmetTSAr1.1-019882",1.70851219214826,1.33865478096408,1.98596252771084,2.09167347330672,2.11181072345581,2.742274336906,1.21531755499157,1.01903539333758,-0.0138961472362949,0.875156517910165,0.984219826540223,1
"14569","PmetTSAr1.1-019884",3.01237675984035,3.12352782224953,2.55338039277107,3.04484113202877,3.05848449603944,2.54437825073753,2.51445011377566,2.3494427124172,-0.171910579261848,1.50348022961476,0.521001061145373,1
"14570","PmetTSAr1.1-019886",4.27128048037064,2.02285611345684,4.63391256465862,1.74747404099042,3.93233720919357,2.00723173113738,2.2001438495537,2.20791001889809,-0.284414390439164,1.54530962925419,0.433657384705764,1
"14571","PmetTSAr1.1-019890",13.5781758428625,14.7846983586478,10.4972305036144,10.8555205576678,12.197527454443,10.8842847392661,10.6445054816503,12.5681031844968,-0.103557737196642,3.59233197192906,0.722520339544563,1
"14572","PmetTSAr1.1-019891",10.5208382358603,12.7023464771481,10.3553760373494,13.2913934632908,11.6513695087217,11.67586908394,11.7969617837975,12.9077816489427,0.0337536058796263,3.57630462691455,0.905700052032251,1
"14573","PmetTSAr1.1-019892",1.52866880350107,1.93361246139257,2.88437414738955,3.1772255290735,2.80361078803616,3.08152477033767,1.9906063400724,2.32113617371338,0.0890526836808216,1.33775600294514,0.766630467518592,1
"14574","PmetTSAr1.1-019894",13.3084107598917,12.9700774333409,11.5847814116465,11.729257578163,10.9595694441413,15.3510821127831,15.3590994449797,12.4265704909777,0.126283271427706,3.70333761226525,0.664096087808071,1
"14575","PmetTSAr1.1-019895",2.02323812228083,1.81462092530687,2.55338039277107,2.67416482030353,2.98566343660993,2.62919085909545,2.22109760050183,2.43436232852867,0.174554543465407,1.30920976072906,0.519261286507926,1
"14576","PmetTSAr1.1-019896",20.2773420699701,31.3840176426024,8.65312244216864,16.9452028217253,16.2390962527809,16.5101877603413,23.9920448356094,20.635466715086,0.00138456268223365,4.27809981577848,0.997313402963662,1
"14577","PmetTSAr1.1-019897",1.79843388647185,1.96336034541399,1.98596252771084,2.27701162916934,1.23795801030168,1.66798129770571,2.2001438495537,2.37774925112102,-0.0954197712745861,1.00287083514153,0.75116007685008,1
"14578","PmetTSAr1.1-019898",4.45112386901783,5.02739239962067,5.67417865060239,12.232318286933,4.33285303605588,8.11373953290745,5.40606774461767,4.5573527313153,-0.292702254115915,2.65410428646473,0.432831817018958,1
"14579","PmetTSAr1.1-019899",16.9502393799972,15.1119250828834,18.204656504016,16.8922490629074,14.4549802967578,12.4391825591612,10.7283204854428,15.2289178226561,-0.345864364734322,3.91222599224671,0.227390962058807,1
"14580","PmetTSAr1.1-019900",6.78908792143123,6.69327390482042,6.66715991445781,9.4787228284026,6.73594799722972,6.58711258246493,2.40968135903501,8.43534853373887,-0.297826762330461,2.76177768245701,0.416858969420837,1
"14581","PmetTSAr1.1-019901",6.83404876859303,9.69781019098426,2.69523485903613,9.08156963726841,5.42516892749854,9.1597617026551,16.4067869923862,8.54857468855416,0.479968257060622,3.09856976219393,0.246257610810224,1
"14582","PmetTSAr1.1-019902",7.59838317034356,10.5604988276056,7.80199564457828,8.18135573736425,7.13646382409203,10.262325611308,12.677019323619,9.31285123355734,0.206514774069806,3.21127581074043,0.498891841541797,1
"14583","PmetTSAr1.1-019905",3.77671116159088,3.4507545464852,4.06649469959838,4.395161981885,4.40567409548539,3.98619259282213,2.4725426118794,2.94388002519746,-0.190306769329589,1.90436606471646,0.512222757110705,1
"14584","PmetTSAr1.1-019911",4.13639793888525,4.78940932744928,4.4447732763052,4.02448567015976,3.56823191204602,5.6259030210752,4.40028769910741,3.31186502834714,-0.039474570326461,2.12104132167911,0.888461602523695,1
"14585","PmetTSAr1.1-019913",1.61859049782466,2.14184764954254,1.56039912891566,2.35644226739618,1.96616860459678,3.25114998705351,2.76589512515323,1.81161847704459,0.341562408641491,1.17350978749299,0.239181365763988,1
"14586","PmetTSAr1.1-019914",14.2525885502894,17.7297388767688,16.2186939763052,10.3789367283068,10.41341149842,10.6015760447397,9.72254043993255,13.2757666520924,-0.411809935081862,3.6868628483287,0.171395338979076,1
"14587","PmetTSAr1.1-019916",6.24955775548968,5.89008103624197,9.17325548514053,6.77808112869012,5.93491634350511,6.33267475739118,5.07080772944758,6.08590582132167,-0.260393672983881,2.698991195592,0.371999191787082,1
"14588","PmetTSAr1.1-019917",6.42940114413686,7.67495407752742,6.52530544819275,6.67217361105434,6.84517958637399,8.22682301071801,7.06141406951998,6.51050390187899,0.0682799681657885,2.81904111011281,0.81149968808678,1
"14589","PmetTSAr1.1-019919",4.67592810482681,6.75276967286327,6.19431169357427,8.18135573736425,4.33285303605588,5.85206997669631,4.73554771427749,3.87799580242358,-0.459821093906735,2.49527065588456,0.129616529577369,1
"14590","PmetTSAr1.1-019920",10.6557207773457,11.6016747683554,7.47100188995981,11.4380119046646,7.06364276466252,12.8067038620456,10.5816442288059,9.85067546892996,-0.0312527774956613,3.35774851192199,0.922796924899261,1
"14591","PmetTSAr1.1-019921",10.0262689170806,8.71613001827726,7.18729295742969,9.18747715490419,9.06622189897406,8.00065605509689,8.98915915674799,7.35970006299365,-0.0722871538416874,3.10905701573784,0.805042132507159,1
"14592","PmetTSAr1.1-019922",30.0338459040799,33.4961174081235,15.8404153995983,22.0552405476519,17.2950016145088,13.1459542954772,37.7586592085312,32.9205045125447,-0.0040542991107165,4.66609220295339,0.992117130080552,1
"14593","PmetTSAr1.1-019923",5.66506674238632,6.84201332492754,6.43073580401604,8.36669389322687,5.5344005166428,9.32938691937094,9.65967918708816,7.33139352428982,0.221779951859222,2.9003614356109,0.472663887989856,1
"14594","PmetTSAr1.1-019924",2.02323812228083,2.17159553356396,1.93867770562248,2.40939602621407,2.58514760974762,1.83760651442155,1.69725382679857,1.72669886093312,-0.138962822112824,1.07617718357939,0.628063258644186,1
"14595","PmetTSAr1.1-019926",3.10229845416394,3.68873761865659,2.2223866381526,2.93893361439298,2.65796866917713,2.65746172854809,2.72398762325697,2.74573425427071,-0.154269381311483,1.53882088539589,0.575457644449584,1
"14596","PmetTSAr1.1-019928",7.23869639304919,7.79394561361311,6.00517240522086,5.50719091706073,4.76977939263294,4.69296432913811,9.82730919467321,7.67107198873568,0.0256045570775204,2.75591860141789,0.945690637829715,1
"14597","PmetTSAr1.1-019929",7.46350062885817,7.37747523731318,6.52530544819275,6.11615914346648,4.91542151149196,5.51281954326464,10.2882917155321,7.92583083707008,0.0630872809005794,2.82419799750529,0.852728543091369,1
"14598","PmetTSAr1.1-019935",2.83253337119316,3.15327570627095,2.64795003694778,2.8330260967572,2.87643184746567,2.28994042566378,1.15245630214718,3.93460887983122,-0.170010069912933,1.47090990427617,0.624800976197038,1
"14599","PmetTSAr1.1-019937",27.9206860874755,36.7088888824373,11.3483573012048,22.8495469299202,20.8632335265548,26.4898046771229,33.5469552679569,24.8531409819555,0.0972439076501753,4.68060400799501,0.784710730615913,1
"14600","PmetTSAr1.1-019938",1.61859049782466,2.20134341758538,1.89139288353413,2.22405787035145,2.40309496117385,2.51610738128489,2.2001438495537,2.32113617371338,0.237717029603723,1.16226591755036,0.358152964979638,1
"14601","PmetTSAr1.1-019939",2.3379640524134,4.22419953104222,2.97894379156625,3.94505503193292,1.85693701545252,4.07100520118004,5.11271523134384,4.41582003779619,0.195217855486469,1.88479193287034,0.558650935039942,1
"14602","PmetTSAr1.1-019941",5.21545827076836,4.1944516470208,2.97894379156625,3.7597168760703,3.45900032290175,3.5338586815799,3.39450765359714,3.99122195723886,-0.167347240058697,1.95434100614908,0.554003350675594,1
"14603","PmetTSAr1.1-019942",7.41853978169638,8.59713848219156,12.3413385650602,7.44000311391377,8.84775872068553,9.07494909429718,6.83092280909054,8.06736353058919,-0.123996345419789,3.1095934797324,0.683433267337622,1
"14604","PmetTSAr1.1-019943",10.2510731528895,6.21730776047764,20.9471761851405,18.7985843803515,7.06364276466252,6.72846692972813,1.27817880783596,13.0776208811656,-0.998390848180422,3.40443145086862,0.0570715059958927,1
"14605","PmetTSAr1.1-019944",11.1952509432873,17.5512515726402,16.596972553012,30.6602263555592,12.8893275190234,17.5562099300889,15.5476832035128,10.6715650913408,-0.424944387048078,4.05766130554989,0.219501901751002,1
"14606","PmetTSAr1.1-019945",4.22631963320885,5.14638393570637,4.30291881004014,4.84526893183708,4.07797932805259,4.49506824296963,5.02890022755132,4.21767426686944,-0.0566758782918382,2.20388115379511,0.839547273863761,1
"14607","PmetTSAr1.1-019950",2.60772913538418,3.53999819854947,3.68821612289155,4.81879205242814,2.62155813946238,5.39973606545409,5.2174839860845,3.53831733797771,0.193957773774877,2.00038768122916,0.545255711479362,1
"14608","PmetTSAr1.1-019953",21.401363249015,27.5465406038387,16.596972553012,20.4931046625241,20.7540019374105,22.3905286064902,23.3424785562174,19.2767528573026,-0.00521622894342614,4.42901221564315,0.987970083667217,1
"14609","PmetTSAr1.1-019958",1.88835558079544,2.94504051812099,2.55338039277107,2.27701162916934,2.0389896640263,5.82379910724368,7.54335034132698,2.85896040908599,0.920665739772313,1.83722014276809,0.0155897440037514,1
"14610","PmetTSAr1.1-019959",4.63096725766501,3.71848550267801,7.94385011084334,7.12228056100642,5.06106363035098,5.20183997928561,1.65534632490231,3.9063023411274,-0.568215955723327,2.30843650912346,0.133691092455578,1
"14611","PmetTSAr1.1-019961",5.08057572928297,5.74134161613485,9.26782512931723,4.58050013774762,4.55131621434441,4.12754694008532,4.4631489519518,5.32162927631848,-0.413422690119531,2.44405762625892,0.181841577948127,1
"14612","PmetTSAr1.1-019964",1.88835558079544,2.79630109801387,2.17510181606425,3.83914751429714,2.36668443145909,2.96844129252712,3.9183514273004,2.63250809945542,0.143525866329594,1.53443379416418,0.628536806448038,1
"14613","PmetTSAr1.1-019966",8.09295248912332,7.58571042546314,8.13298939919676,7.54591063154955,8.59288501268224,9.72517909170788,9.68063293803629,8.88825315300002,0.235461353074544,3.10338080862381,0.401794490473448,1
"14614","PmetTSAr1.1-019968",16.6804742970264,19.9310822943541,22.1765815594377,18.6661999833068,19.7345071053974,18.884940794363,19.3403121251245,18.1161847704459,-0.0258086527758506,4.26691432240134,0.928084227868033,1
"14615","PmetTSAr1.1-019969",4.54104556334142,4.16470376299937,3.30993754618473,4.79231517301919,3.8231056200493,4.15581780953796,4.96603897470693,4.72719196353823,0.0711410456072389,2.1297501577328,0.80365279137723,1
"14616","PmetTSAr1.1-019972",2.47284659389879,2.40957860573535,1.79682323935742,1.45622836749202,1.92975807488203,1.15910564755821,1.27817880783596,1.21718116426433,-0.547823436025899,0.821193110298529,0.0647006993671284,1
"14617","PmetTSAr1.1-019974",4.09143709172346,3.74823338669944,4.11377952168673,9.1345233960863,4.69695833320343,8.48126083579176,4.77745521617375,2.46266886723249,-0.0508080852389018,2.39448772200524,0.90712922676981,1
"14618","PmetTSAr1.1-019976",4.36120217469423,5.65209796407058,5.24861525180721,3.94505503193292,4.98824257092147,4.86258954585394,4.27456519341862,4.64227234742676,-0.0337348864029528,2.26487185197642,0.910599468342691,1
"14619","PmetTSAr1.1-019977",15.0618837992017,15.7068827633119,19.3867770562248,19.3016450891215,15.0739593019087,12.6370786453297,7.58525784322324,11.2943089428249,-0.577704479335508,3.86373021734815,0.0616669320376427,1
"14620","PmetTSAr1.1-019979",4.27128048037064,6.33629929656333,2.64795003694778,5.71900595233229,4.40567409548539,5.17356910983297,11.0426267496648,7.07663467595543,0.542613599487025,2.56461081020428,0.138575104489602,1
"14621","PmetTSAr1.1-019980",2.427885746737,2.17159553356396,2.36424110441766,5.32185276119811,3.38617926347224,4.69296432913811,1.94869883817614,3.87799580242358,0.16669875579513,1.74065765975978,0.637615271617339,1
"14622","PmetTSAr1.1-019981",14.9270012577163,12.2263803328053,7.9911349329317,7.91658694327479,10.9595694441413,8.82051126922343,9.84826294562134,10.8980174009714,-0.0870184082337017,3.39314435825627,0.78264212569815,1
"14623","PmetTSAr1.1-019984",16.1409441310848,17.6107473406831,16.0768395100401,11.9410726134346,11.9790642761545,11.67586908394,20.0946471592572,14.4929478163567,-0.0830657642172957,3.9130060691219,0.78545409590542,1
"14624","PmetTSAr1.1-019987",7.59838317034356,9.16234827859862,6.95086884698793,9.71701474308311,8.08313759667567,10.1209712640448,9.82730919467321,7.47292621780893,0.085096496746736,3.1184521098991,0.772488761299125,1
"14625","PmetTSAr1.1-019990",5.57514504806273,6.99075274503466,4.53934292048191,5.82491346996808,5.71645316521658,7.32215518823355,6.03468027306158,7.02002159854779,0.183453027361237,2.63112056121286,0.526513663628596,1
"14626","PmetTSAr1.1-019991",25.6726437293856,22.0134341758538,30.4987102469878,30.5807957173324,26.179170864909,31.7481863953138,23.0491260429436,22.1640198050924,-0.0766128416400798,4.73048609067994,0.795888363610534,1
"14627","PmetTSAr1.1-019993",51.7499350832275,69.3423176539396,38.820838934538,40.3242873398245,46.5326569754572,34.1794811682408,42.4522994209124,45.6867534679683,-0.246200781991679,5.52972263006618,0.45259733678715,1
"14628","PmetTSAr1.1-019994",7.50846147601997,6.06856834037052,6.61987509236945,9.34633843135787,7.79185335895763,9.58382474444469,3.85549017445601,8.49196161114651,0.00582213094711057,2.90079222945584,0.98623919835251,1
"14629","PmetTSAr1.1-019995",12.8588022882737,16.4208319798261,9.69338852811241,12.3117489251598,12.4524011624463,11.7889525617505,12.0903142970713,11.7189070233822,-0.0954391630079149,3.6416483282331,0.748161437202771,1
"14630","PmetTSAr1.1-019996",5.75498843670992,5.62235008004915,3.97192505542167,7.8636331844569,3.96874773890832,5.14529824038033,5.13366898229197,5.29332273761466,-0.251485930417581,2.43590067380287,0.409412285896566,1
"14631","PmetTSAr1.1-019997",5.21545827076836,3.68873761865659,16.7861118413654,11.4115350252556,8.66570607211175,9.24457431101302,1.63439257395418,4.86872465705734,-0.604545223889654,2.95063134642326,0.238503358619748,1
"14632","PmetTSAr1.1-020000",3.68678946726729,3.98621645887083,3.49907683453814,4.36868510247606,3.78669509033455,3.27942085650615,3.39450765359714,3.59493041538536,-0.150233329610231,1.91124142405531,0.577870114849576,1
"14633","PmetTSAr1.1-020001",1.93331642795724,1.04117594074984,3.87735541124497,2.78007233793931,2.40309496117385,2.54437825073753,1.02673379645839,1.16056808685669,-0.433059095458515,1.09920993503112,0.27901350112145,1
"14634","PmetTSAr1.1-020002",10.2061123057277,14.9631856627763,2.08053217188754,4.52754637892973,3.8231056200493,4.09927607063268,2.01156009102053,10.4451127817102,-0.642347995419975,2.71812898994103,0.236227675987655,1
"14635","PmetTSAr1.1-020004",33.1361443582438,29.390909413167,83.126717231325,37.7560300371567,36.592582363329,31.0696855284505,23.8663223299206,26.2401613784427,-0.638721064360803,5.23601009422197,0.0854672243298487,1
"14636","PmetTSAr1.1-020005",7.68830486466715,8.62688636621299,6.19431169357427,8.63146268731633,8.11954812639043,9.10321996374982,11.4407480176793,9.31285123355734,0.285113745255786,3.12268670112891,0.330631040280005,1
"14637","PmetTSAr1.1-020006",10.7006816245075,16.4208319798261,2.78980450321284,7.28114183746009,8.37442183439371,7.23734257987564,15.5476832035128,11.1810827880096,0.185957896259004,3.32448313745126,0.670819623127473,1
"14638","PmetTSAr1.1-020009",2.20308151092802,1.93361246139257,2.03324734979919,3.52142496138979,1.85693701545252,3.13806650924295,2.30491260429436,2.83065387038217,0.0562701490307649,1.34796786410659,0.850385244633573,1
"14639","PmetTSAr1.1-020010",2.65268998254598,2.3500828376925,1.56039912891566,3.89210127311503,1.67488436687874,2.0920443394953,2.72398762325697,2.6042015607516,-0.207065715308278,1.32960681263557,0.514951629750162,1
"14640","PmetTSAr1.1-020011",4.40616302185603,4.10520799495653,4.06649469959838,4.20982382602238,4.33285303605588,2.742274336906,3.08020138937518,2.91557348649364,-0.365067449439567,1.92125177351261,0.186303462947033,1
"14641","PmetTSAr1.1-020012",18.0292997118803,19.7525949902256,16.1241243321285,14.9064831072365,17.549875322512,15.0401025488041,28.5390087913537,21.3431301826816,0.261990626278919,4.24631552849722,0.393630699741618,1
"14642","PmetTSAr1.1-020013",4.09143709172346,5.62235008004915,4.82305185301203,5.40128339942494,4.66054780348867,4.66469345968547,4.98699272565506,4.78380504094587,-0.0651585702887876,2.3055656874938,0.824862619776178,1
"14643","PmetTSAr1.1-020015",4.49608471617962,4.87865297951355,4.53934292048191,4.58050013774762,4.58772674405916,3.56212955103254,4.29551894436675,4.64227234742676,-0.115485354151425,2.17253238868191,0.682739912876014,1
"14644","PmetTSAr1.1-020016",5.21545827076836,6.60403025275615,5.81603311686745,8.23430949618214,5.09747416006574,8.87705300812871,7.87861035649707,5.74622735687581,0.0917543220213067,2.75568592087815,0.770139263124851,1
"14645","PmetTSAr1.1-020017",2.69765082970777,2.5880659098639,1.56039912891566,2.56825730266774,2.11181072345581,2.00723173113738,1.88583758533175,2.23621655760192,-0.202149972571003,1.18217126313434,0.477882542272469,1
"14646","PmetTSAr1.1-020018",2.47284659389879,3.2127714743138,2.97894379156625,3.52142496138979,2.84002131775091,2.94017042307448,3.49927640833779,3.59493041538536,0.0754378435132236,1.67770454158609,0.78337631172459,1
"14647","PmetTSAr1.1-020021",4.27128048037064,4.52167837125646,4.16106434377508,3.99800879075082,4.18721091719686,3.78829650665365,4.21170394057423,3.22694541223568,-0.137041316373497,2.03764717675397,0.619317796609888,1
"14648","PmetTSAr1.1-020022",11.7797419563906,14.9929335467977,6.05245722730921,14.1121767249681,9.83084302298392,7.63313475221258,9.74349419088068,13.1908470359809,-0.218924832537518,3.4574302533067,0.522011444271907,1
"14649","PmetTSAr1.1-020023",5.57514504806273,6.87176120894897,4.20834916586344,3.73323999666136,5.46157945721329,3.84483824555893,8.3815003792522,5.83114697298727,0.20768489911539,2.47407657908209,0.533263249643876,1
"14650","PmetTSAr1.1-020024",7.41853978169638,4.96789663157782,5.62689382851404,9.05509275785946,4.8061899223477,7.77448909947578,12.0064992932788,8.09567006929301,0.273249526667527,2.91493846814617,0.426655996273788,1
"14651","PmetTSAr1.1-020025",4.40616302185603,3.36151089442092,2.88437414738955,3.86562439370609,3.56823191204602,3.64694215939046,4.48410270289993,3.28355848964332,0.0472387916205497,1.90746911357677,0.874382525598687,1
"14652","PmetTSAr1.1-020028",5.03561488212118,5.71159373211343,6.43073580401604,5.374806520016,6.00773740293462,4.74950606804339,4.4631489519518,5.18009658279937,-0.146000947111618,2.43992115787028,0.609007594958896,1
"14653","PmetTSAr1.1-020029",11.2402117904491,9.34083558272717,26.4795003694778,10.5907517635783,16.1662751933513,7.77448909947578,8.42340788114846,10.7564847074523,-0.418010464909234,3.65950084755194,0.276347799584563,1
"14654","PmetTSAr1.1-020030",12.8588022882737,13.6840266498551,10.0243822827309,9.4257690695847,12.5980432813053,11.986848647919,10.2463842136358,9.99220816244907,-0.0377331438637752,3.51240750286327,0.900379422884411,1
"14655","PmetTSAr1.1-020033",6.56428368562225,7.58571042546314,8.18027422128511,6.35445105814699,8.33801130467896,11.4497021283189,7.29190532994942,8.37873545633123,0.306212029168583,3.01443689072145,0.302595419512696,1
"14656","PmetTSAr1.1-020034",4.8108106463122,4.55142625527789,5.48503936224898,4.71288453479235,7.06364276466252,7.54832214385467,5.34320649177328,8.71841392077709,0.55209351486273,2.60716019924399,0.0591912120259393,1
"14657","PmetTSAr1.1-020036",3.50694607862011,3.77798127072086,7.42371706787146,4.26277758484027,5.27952680863951,4.49506824296963,3.28973889885649,3.87799580242358,-0.161410225615158,2.18275049033896,0.621401679295746,1
"14658","PmetTSAr1.1-020039",5.17049742360657,8.06167656980593,5.53232418433733,8.94918524022368,5.46157945721329,7.60486388275995,8.82152914916294,7.41631314040129,0.077750521558704,2.84798708181753,0.801058524707414,1
"14659","PmetTSAr1.1-020040",8.04799164196152,9.9952890311985,4.49205809839356,5.77195971115018,7.79185335895763,7.03944649370716,11.084534251561,8.88825315300002,0.297298412257107,2.99263444413863,0.367594288375973,1
"14660","PmetTSAr1.1-020041",2.427885746737,2.23109130160681,3.6409313008032,3.23017928789139,2.40309496117385,2.2333986867585,2.03251384196866,2.80234733167835,-0.28292238508126,1.42291827932014,0.306148049365492,1
"14661","PmetTSAr1.1-020043",7.1487746987256,8.35915541002017,14.9420037799196,8.39317077263582,8.70211660182651,5.34319432654881,1.92774508722801,10.7281781687484,-0.541596514777825,3.04208305537883,0.215770609319099,1
"14662","PmetTSAr1.1-020044",10.5208382358603,13.1485647374695,5.81603311686745,8.07544821972847,11.3600852710036,6.86982127699133,7.45953533753446,7.9541373757739,-0.161947790094713,3.16369381450682,0.629625195855677,1
"14663","PmetTSAr1.1-020046",4.99065403495938,4.87865297951355,3.59364647871485,4.26277758484027,3.0948950257542,4.3254430262538,2.15823634765744,2.71742771556688,-0.53155828702648,1.92918631450688,0.0737946263883091,1
"14664","PmetTSAr1.1-020050",6.96893131007841,8.29965964197732,9.83524299437747,6.5927429728275,8.629295542397,6.07823693231743,4.88222397091441,6.02929274391403,-0.30832232336613,2.85120279339956,0.316622529477814,1
"14665","PmetTSAr1.1-020051",11.5998985677434,8.09142445382735,8.46398315381523,9.90235289894573,9.83084302298392,9.44247039718149,7.98337911123772,8.57688122725798,-0.0870439893941171,3.21634399184709,0.766814752892994,1
"14666","PmetTSAr1.1-020052",4.40616302185603,4.37293895114934,4.4447732763052,4.95117644947286,2.4395054908886,5.73898649888576,5.9089577673728,5.46316196983759,0.108499747962782,2.25828901506822,0.743568014660862,1
"14667","PmetTSAr1.1-020053",4.13639793888525,3.51025031452804,4.01920987751002,3.54790184079874,3.45900032290175,4.3254430262538,4.12788893678171,3.70815657020064,0.0433799785545246,1.96905167733849,0.884401567041619,1
"14668","PmetTSAr1.1-020054",5.9797926725189,5.02739239962067,5.34318489598392,4.52754637892973,4.95183204120672,5.28665258764353,6.09754152590598,5.3499358150223,0.0590874415453976,2.42795063723338,0.846037560997751,1
"14669","PmetTSAr1.1-020055",5.66506674238632,4.99764451559925,3.68821612289155,4.95117644947286,4.95183204120672,5.79552823779104,6.01372652211345,5.74622735687581,0.221239714492692,2.40395745988627,0.437639370745439,1
"14670","PmetTSAr1.1-020056",2.3379640524134,2.49882225779962,2.03324734979919,1.61508964394569,2.62155813946238,3.25114998705351,3.37355390264901,2.85896040908599,0.519402272651323,1.40106354450814,0.0549119131498949,1
"14671","PmetTSAr1.1-020057",14.6572361747456,12.6428507091052,8.84226173052206,12.8148096339298,12.6708643407348,8.56607344414968,9.84826294562134,8.54857468855416,-0.306317533811182,3.47665310582731,0.313498914638125,1
"14672","PmetTSAr1.1-020061",5.79994928387171,4.1944516470208,6.95086884698793,5.71900595233229,9.83084302298392,5.82379910724368,1.27817880783596,2.51928194464013,-0.223919302255443,2.40825498042628,0.641768723119023,1
"14673","PmetTSAr1.1-020064",1.43874710917748,2.61781379388532,1.93867770562248,1.5621358851278,1.45642118859021,2.71400346745336,2.05346759291679,1.75500539963695,0.0777490374874694,1.00583855045504,0.811310782617854,1
"14674","PmetTSAr1.1-020067",10.2510731528895,12.5833549410624,9.12597066305217,9.4787228284026,11.1416220927151,9.13149083320246,12.844649331204,12.1718116426433,0.127747924947478,3.44712945077803,0.662869758292543,1
"14675","PmetTSAr1.1-020068",2.20308151092802,3.06403205420668,2.36424110441766,2.14462723212461,2.11181072345581,2.06377347004266,2.26300510239809,2.29282963500956,-0.164970634630815,1.24795634425676,0.540112299658607,1
"14676","PmetTSAr1.1-020069",7.1038138515638,8.59713848219156,7.09272331325299,9.10804651667735,5.49798998692805,8.73569866086551,9.59681793424377,8.01075045318155,-0.0027371064205186,3.00656182267023,0.996200931613402,1
"14677","PmetTSAr1.1-020071",2.65268998254598,3.77798127072086,2.45881074859437,4.95117644947286,2.36668443145909,4.3254430262538,3.9812126801448,5.23670966020702,0.193720092386382,1.92340785567191,0.552186831607597,1
"14678","PmetTSAr1.1-020072",10.9704467074783,12.7915901292124,10.4026608594377,13.3178703426997,10.4498220281348,12.2412864729928,13.8294756257661,14.124962813207,0.0923424449737131,3.62452501144329,0.749420556878446,1
"14679","PmetTSAr1.1-020073",4.31624132753244,5.53310642798488,3.35722236827308,5.26889900238021,3.31335820404273,3.64694215939046,4.29551894436675,3.93460887983122,-0.285973011091502,2.0956424433969,0.318445952930725,1
"14680","PmetTSAr1.1-020074",4.94569318779758,4.37293895114934,3.07351343574296,5.98377474642175,4.98824257092147,5.37146519600145,5.4270214955658,5.6046946633567,0.214372177572806,2.33333757748571,0.466961148546342,1
"14681","PmetTSAr1.1-020076",7.1038138515638,5.02739239962067,5.0594759634538,9.1345233960863,5.97132687321986,5.96515345450687,3.52023015928592,4.27428734427708,-0.420824754479961,2.53984913290576,0.193233901454208,1
"14682","PmetTSAr1.1-020079",3.68678946726729,5.56285431200631,2.60066521485943,2.78007233793931,3.20412661489846,2.26166955621114,4.27456519341862,3.22694541223568,-0.175134550356187,1.81352580095787,0.588542443411467,1
"14683","PmetTSAr1.1-020081",5.66506674238632,7.82369349763454,6.19431169357427,4.60697701715657,5.57081104635756,6.13477867122271,6.78901530719428,6.36897120835989,0.0348335565862317,2.63394163161889,0.913862058066167,1
"14684","PmetTSAr1.1-020082",7.28365724021099,9.0136088584915,6.61987509236945,6.24854354051121,7.20928488352154,6.89809214644397,5.4270214955658,6.28405159224842,-0.177944281913867,2.79323494717413,0.546499034531286,1
"14685","PmetTSAr1.1-020083",8.63248265506487,6.27680352852048,20.7107520746987,11.5174425428914,7.90108494810189,8.62261518305496,9.11488166243677,7.75599160484715,-0.494346525806615,3.3382334017368,0.167938701774272,1
"14686","PmetTSAr1.1-020084",15.3316488821725,10.3225157554342,10.4499456815261,7.5723875109585,8.22877971553469,7.0677173631598,10.9378579949241,10.2752735494873,-0.255336012908574,3.33305992551717,0.419157128331468,1
"14687","PmetTSAr1.1-020086",1.93331642795724,1.90386457737114,4.30291881004014,3.4684712025719,3.85951614976406,2.51610738128489,2.26300510239809,2.49097540593631,-0.0633175026007828,1.53457211764878,0.852347745787419,1
"14688","PmetTSAr1.1-020088",3.37206353713472,3.27226724235665,1.93867770562248,1.05907517635783,1.63847383716399,1.35700173372668,2.24205135144996,2.29282963500956,-0.345978379393024,1.13896503154237,0.324671512357628,1
"14689","PmetTSAr1.1-020089",3.73175031442909,6.18755987645621,4.01920987751002,7.01637304337064,3.71387403090504,5.23011084873825,7.24999782805315,4.78380504094587,-0.00130626881992633,2.41031263482096,1,1
"14690","PmetTSAr1.1-020092",20.3223029171319,25.4939366063604,20.7580368967871,19.5134601243931,22.6837600122925,21.4010481756479,21.1213809557155,22.1074067276848,0.0200157205679562,4.44210155452867,0.944249915548994,1
"14691","PmetTSAr1.1-020096",2.427885746737,1.78487304128545,2.31695628232931,1.29736709103834,1.92975807488203,1.3004599948214,1.11054880025092,1.50024655130255,-0.416022060835087,0.812171001683991,0.164896667791334,1
"14692","PmetTSAr1.1-020097",1.75347303931005,1.24941112889981,7.75471082248993,2.8330260967572,4.29644250634112,2.62919085909545,1.40390131352474,1.98145770926752,-0.395898055824049,1.59636319891686,0.418461592021025,1
"14693","PmetTSAr1.1-020099",3.95655455023807,3.03428417018526,7.09272331325299,9.45224594899365,6.9180006458035,8.73569866086551,2.72398762325697,4.47243311520383,-0.0460479015089584,2.55023904077355,0.916652647144916,1
"14694","PmetTSAr1.1-020100",4.63096725766501,5.86033315222055,5.34318489598392,4.36868510247606,3.56823191204602,4.3254430262538,5.28034523892889,6.28405159224842,-0.0515284688974425,2.32789020608875,0.863247373483539,1
"14695","PmetTSAr1.1-020102",3.86663285591448,5.35461912385634,3.21536790200802,3.97153191134187,4.84260045206245,3.70348389829574,4.23265769152236,3.36847810575478,-0.0294605986025006,2.04732537517595,0.937412430512643,1
"14696","PmetTSAr1.1-020104",2.3379640524134,1.4873942010712,3.30993754618473,2.46234978503196,2.47591602060336,1.47008521153724,0.984826294562134,0.877502699818473,-0.731903842670495,0.977727220077918,0.0387486814264328,1
"14697","PmetTSAr1.1-020105",4.85577149347399,3.89697280680656,2.31695628232931,4.20982382602238,4.1508003874821,2.57264912019017,2.38872760808688,3.0004931026051,-0.343906601020414,1.79968022150986,0.27412564556125,1
"14698","PmetTSAr1.1-020106",2.83253337119316,3.68873761865659,3.83007058915661,5.87786722878597,5.24311627892476,3.95792172336949,1.82297633248735,3.17033233482803,-0.20516778499166,1.9496064343763,0.572089510657331,1
"14699","PmetTSAr1.1-020107",19.5579685153814,12.2858761008482,8.13298939919676,11.7557344575719,14.0180539401808,8.00065605509689,8.33959287735594,9.87898200763378,-0.363476888928619,3.52963853836381,0.283542509285753,1
"14700","PmetTSAr1.1-020109",5.9348318253571,8.50789483012729,12.1049144546184,6.48683545519172,6.88159011608875,5.59763215162256,6.34898653728354,7.69937852743951,-0.314584814569495,2.90655678752213,0.322871098405301,1
"14701","PmetTSAr1.1-020112",4.00151539739986,6.15781199243479,5.48503936224898,4.68640765538341,4.51490568462965,3.81656737610629,7.12427532236437,4.04783503464651,-0.0578262643403953,2.33483877873441,0.85845004092294,1
"14702","PmetTSAr1.1-020113",6.11467521400429,7.97243291774166,9.78795817228912,8.41964765204476,7.79185335895763,8.02892692454953,8.19291662071903,8.35042891762741,0.00324485483648571,3.02577781177971,0.995322281467537,1
"14703","PmetTSAr1.1-020116",6.24955775548968,7.5262146574203,4.25563398795179,6.14263602287543,5.78927422464609,6.30440388793854,7.43858158658633,6.59542351799046,0.110046546733096,2.66813312972249,0.712016934527286,1
"14704","PmetTSAr1.1-020117",5.12553657644477,6.33629929656333,4.11377952168673,7.73124878741217,4.36926356577063,4.66469345968547,4.60982520858871,5.3499358150223,-0.300512651675607,2.42060223934535,0.320311473926604,1
"14705","PmetTSAr1.1-020123",2.56276828822238,2.11209976552111,1.79682323935742,2.72711857912142,2.0389896640263,2.37475303402169,3.60404516307845,2.09468386408281,0.140014226611885,1.31201033640637,0.642893863000213,1
"14706","PmetTSAr1.1-020124",11.9595853450378,8.86486943838438,35.4163317441766,13.211962825064,13.5811275836037,8.05719779400217,6.24421778254289,7.303086985586,-0.980553441156739,3.71256073458864,0.0210895345761957,1
"14707","PmetTSAr1.1-020126",5.53018420090094,4.78940932744928,4.39748845421685,4.92469957006392,5.64363210578707,4.74950606804339,4.79840896712189,4.41582003779619,-0.00383194042834624,2.31214518658468,1,1
"14708","PmetTSAr1.1-020128",18.1641822533657,19.6930992221828,21.7983029827308,18.1896161539458,20.4991282294072,20.2984842669949,17.0563532717782,19.2767528573026,-0.0133185551517843,4.28027195862836,0.9637036215301,1
"14709","PmetTSAr1.1-020130",3.32710268997292,4.70016567538501,2.55338039277107,3.15074864966455,3.96874773890832,3.6752130288431,4.31647269531488,3.84968926371975,0.197765868454597,1.91088794397875,0.48057775675129,1
"14710","PmetTSAr1.1-020133",4.58600641050321,5.8008373841777,8.22755904337346,4.63345389656552,5.20670574921,5.71071562943312,7.12427532236437,5.26501619891084,0.00865461459255275,2.55553231611904,0.989728119471156,1
"14711","PmetTSAr1.1-020135",19.3781251267342,19.5146119180542,10.970078724498,17.3158791334506,18.3509069762367,20.9769851338583,26.3179111908519,22.390472114723,0.389611791747215,4.28343531394645,0.202317085203108,1
"14712","PmetTSAr1.1-020136",4.13639793888525,5.11663605168494,16.3605484425702,20.042997712572,8.41083236410847,16.8777090632256,7.20809032615689,5.77453389557963,-0.255270132656543,3.39964225434082,0.59853403773227,1
"14713","PmetTSAr1.1-020137",4.40616302185603,6.09831622439194,5.01219114136544,4.68640765538341,4.66054780348867,5.00394389311714,5.53179025030645,4.04783503464651,-0.0704316920846201,2.32029935410084,0.810963619981299,1
"14714","PmetTSAr1.1-020139",3.10229845416394,3.15327570627095,1.60768395100401,1.64156652335464,1.78411595602301,2.06377347004266,3.9812126801448,2.57589502204778,0.139060065882348,1.35447905546001,0.699093682746495,1
"14715","PmetTSAr1.1-020140",6.11467521400429,8.71613001827726,2.88437414738955,4.15687006720449,6.55389534865595,5.37146519600145,8.54913038683724,6.11421236002549,0.27948012069542,2.61555618218921,0.430009077048678,1
"14716","PmetTSAr1.1-020141",3.5519069257819,4.72991355940643,2.41152592650602,3.83914751429714,2.87643184746567,4.04273433172741,5.23843773703263,4.10444811205415,0.159653529192481,1.97144644730779,0.605323678015729,1
"14717","PmetTSAr1.1-020142",2.11315981660442,2.43932648975678,2.41152592650602,3.33608680552717,2.00257913431154,4.1840886789906,3.08020138937518,3.22694541223568,0.274205307998734,1.54574946159392,0.353619262708454,1
"14718","PmetTSAr1.1-020146",7.28365724021099,7.67495407752742,7.75471082248993,7.89011006386585,9.13904295840357,6.84155040753869,8.67485289252603,9.39777084966881,0.153411134968817,3.02594525280293,0.591949016707557,1
"14719","PmetTSAr1.1-020148",6.87900961575482,4.10520799495653,14.0908769823293,11.8086882163898,9.97648514184294,10.9408264781714,5.02890022755132,6.42558428576753,-0.188396455738949,3.12236183069765,0.63680756316629,1
"14720","PmetTSAr1.1-020149",3.05733760700214,6.36604718058476,2.69523485903613,4.42163886129395,3.60464244176077,5.06048563202242,6.62138529960924,4.61396580872294,0.26166369784253,2.21154898764049,0.435940297014673,1
"14721","PmetTSAr1.1-020150",6.42940114413686,4.10520799495653,7.09272331325299,10.3259829694889,11.3600852710036,6.86982127699133,1.96965258912427,4.44412657650001,-0.186111385187864,2.72824897007455,0.680024711184654,1
"14722","PmetTSAr1.1-020153",11.1502900961255,11.155456508034,12.3413385650602,9.98178353717257,14.7462645344759,12.693620384235,11.7341005309531,11.2093893267134,0.175126104318216,3.57726158070233,0.540387249240508,1
"14723","PmetTSAr1.1-020154",1.97827727511903,4.13495587897795,1.74953841726907,3.25665616730033,2.91284237718042,2.99671216197976,3.47832265738966,2.97218656390128,0.138487298940588,1.58880825260645,0.64787939623782,1
"14724","PmetTSAr1.1-020156",2.47284659389879,2.76655321399244,4.39748845421685,2.43587290562301,1.7112948965935,3.13806650924295,2.26300510239809,1.52855309000637,-0.470534091704363,1.40148399412606,0.127412608886277,1
"14725","PmetTSAr1.1-020157",2.65268998254598,4.31344318310649,4.77576703092368,9.10804651667735,3.8231056200493,5.37146519600145,5.13366898229197,4.04783503464651,-0.187066159775655,2.31472514197043,0.610461272444474,1
"14726","PmetTSAr1.1-020161",10.2061123057277,11.0364649719483,6.80901438072287,10.3524598488978,10.1949483201315,9.38592865827622,9.76444794182881,9.73744931411467,0.0231011324389986,3.28556228840396,0.937313295734231,1
"14727","PmetTSAr1.1-020164",9.44177790397721,10.2332721033699,7.9911349329317,9.08156963726841,8.04672706696092,6.98290475480188,6.95664531477933,6.93510198243632,-0.347068782205759,3.04740057922612,0.221431339482008,1
"14728","PmetTSAr1.1-020167",8.63248265506487,3.83747703876371,13.9017376939759,11.9940263722524,9.79443249326917,10.4319508280239,4.12788893678171,4.50073965390765,-0.411367626967438,3.07882902403172,0.329612854699682,1
"14729","PmetTSAr1.1-020169",20.8168722359117,24.1255339413749,18.1573716819276,23.1143157240097,18.3873175059514,18.9980242721735,19.8432021478796,23.8624121273217,-0.0889873901585615,4.39076328401496,0.75677257620724,1
"14730","PmetTSAr1.1-020170",10.3859556943749,12.8213380132338,10.2135215710843,7.49295687273166,11.3236747412889,11.1104516948872,18.7116995966805,12.6247162619045,0.39571270407775,3.57344916430455,0.208523410670925,1
"14731","PmetTSAr1.1-020172",3.28214184281112,3.95646857484941,3.83007058915661,4.36868510247606,3.78669509033455,4.3254430262538,4.84031646901815,4.44412657650001,0.170759156448803,2.0605395373942,0.536166124969528,1
"14732","PmetTSAr1.1-020173",7.59838317034356,5.65209796407058,6.43073580401604,8.89623148140579,8.99340083954455,6.75673779918077,3.45736890644153,5.63300120206052,-0.206568189134822,2.75108569697916,0.545179957007562,1
"14733","PmetTSAr1.1-020174",4.09143709172346,3.92672069082798,2.36424110441766,3.25665616730033,4.40567409548539,3.25114998705351,3.28973889885649,3.22694541223568,0.0492100613558004,1.822972449334,0.870656130521477,1
"14734","PmetTSAr1.1-020175",4.7658497991504,4.31344318310649,10.0243822827309,6.32797417873805,5.82568475436084,5.20183997928561,2.49349636282753,3.2552519509395,-0.601098514670912,2.41148319577353,0.0991939810884305,1
"14735","PmetTSAr1.1-020176",5.71002758954812,9.72755807500568,4.72848220883532,11.4115350252556,4.87901098177721,9.66863735280261,12.1322217989676,7.92583083707008,0.129709740956319,3.06222824827351,0.724964323971493,1
"14736","PmetTSAr1.1-020177",3.23718099564933,4.84890509549213,3.78278576706826,3.30960992611823,3.02207396632469,4.74950606804339,3.93930517824853,4.44412657650001,0.0897717777119725,1.9935560586012,0.75906312988119,1
"14737","PmetTSAr1.1-020179",7.55342232318177,7.10974428112036,5.1540456076305,6.19558978169332,5.93491634350511,7.60486388275995,8.88439040200733,8.49196161114651,0.25001893157185,2.84475968763804,0.401550615437517,1
"14738","PmetTSAr1.1-020183",20.1874203756465,15.6176391112477,17.1643904180722,23.6968070710065,18.8606543922432,18.7153155776472,14.7933481693801,17.3519082254427,-0.137831920721133,4.19837491318244,0.639307000714203,1
"14739","PmetTSAr1.1-020186",4.7208889519886,4.52167837125646,3.26265272409637,2.91245673498404,4.44208462520014,4.07100520118004,3.93930517824853,3.76476964760829,0.0736414032556545,2.00515123654101,0.805139087995084,1
"14740","PmetTSAr1.1-020187",5.30537996509196,7.43697100535602,4.49205809839356,3.97153191134187,4.95183204120672,4.38198476515908,4.90317772186254,4.64227234742676,-0.169070078667907,2.34251567799985,0.573483111143451,1
"14741","PmetTSAr1.1-020188",6.24955775548968,8.03192868578451,6.5725902702811,9.16100027549525,6.69953746751497,4.80604780694866,7.37572033374194,8.52026814985034,-0.133842873875265,2.8565356275235,0.667981525077885,1
"14742","PmetTSAr1.1-020189",9.35185620965362,10.173776335327,10.4499456815261,9.26690779313103,9.6852009041249,8.02892692454953,6.53757029581672,6.68034313410192,-0.344735692621512,3.14182184952221,0.235992541330892,1
"14743","PmetTSAr1.1-020190",5.08057572928297,6.39579506460618,5.29590007389556,5.71900595233229,5.89850581379035,6.50229997410702,5.84609651452841,6.39727774706371,0.129598020750422,2.57453470944546,0.644299538312417,1
"14744","PmetTSAr1.1-020191",2.96741591267855,1.99310822943541,2.83708932530119,1.48270524690096,2.65796866917713,3.02498303143239,1.5086700682654,0.962422315929938,-0.180723293377124,1.15541309543387,0.624897941815828,1
"14745","PmetTSAr1.1-020195",15.3316488821725,14.6359589385407,14.1381618044176,11.9940263722524,12.9257380487381,11.7889525617505,8.59103788873351,9.62422315929938,-0.386532674726129,3.63591419723561,0.187559722685351,1
"14746","PmetTSAr1.1-020196",5.66506674238632,5.0571402836421,7.61285635622487,6.96341928455275,6.88159011608875,4.57988085132755,2.99638638558266,4.24598080557326,-0.439545108479547,2.47263973447548,0.175598917540015,1
"14747","PmetTSAr1.1-020197",2.96741591267855,6.48503871667045,4.16106434377508,3.41551744375401,2.47591602060336,2.2333986867585,10.6864129835466,6.17082543743313,0.342687590642772,2.29399150300138,0.453061799584154,1
"14748","PmetTSAr1.1-020198",3.05733760700214,5.50335854396346,2.55338039277107,4.36868510247606,3.89592667947881,2.51610738128489,2.66112637041257,3.56662387668154,-0.305646179551279,1.84005246159352,0.339531420380014,1
"14749","PmetTSAr1.1-020199",5.9348318253571,3.89697280680656,3.6409313008032,2.11815035271566,4.22362144691161,3.50558781212726,2.28395885334622,3.51001079927389,-0.202224414851082,1.88259802865669,0.549824710092271,1
"14750","PmetTSAr1.1-020200",8.3627175720941,7.22873581720606,4.39748845421685,8.55203204908949,6.29902164065266,6.04996606286479,5.65751275599524,6.2557450535446,-0.237416965922818,2.73620980460036,0.44181511569577,1
"14751","PmetTSAr1.1-020205",9.80146468127158,13.4162956936623,9.07868584096382,7.54591063154955,9.13904295840357,9.78172083061316,18.5231158381474,11.0961631718981,0.286124787635336,3.47494534433368,0.387885404600199,1
"14752","PmetTSAr1.1-020208",15.2417271878489,19.1576373097971,14.9420037799196,16.2568039570927,15.6929383070595,15.4924364600463,12.4674818141376,13.4456058843153,-0.201457543877208,3.94460847922966,0.481767896388022,1
"14753","PmetTSAr1.1-020213",23.9191706900756,19.990578062397,36.1256040755019,27.5359545853036,19.8437386945416,15.4924364600463,11.566470523368,21.8809544180542,-0.645240930235007,4.46541203384978,0.0450238953534523,1
"14754","PmetTSAr1.1-020214",7.55342232318177,9.57881865489856,4.11377952168673,7.36057247568693,6.22620058122315,6.84155040753869,8.40245413020033,6.70864967280575,-0.0238988637561181,2.84144661953634,0.947594557471318,1
"14755","PmetTSAr1.1-020216",3.5519069257819,4.70016567538501,3.07351343574296,4.1039163083866,3.16771608518371,3.98619259282213,4.44219520100367,4.67057888613058,0.0731200205814805,2.01095970900412,0.798842602699337,1
"14756","PmetTSAr1.1-020217",2.69765082970777,3.03428417018526,2.45881074859437,3.23017928789139,2.54873708003287,2.82708694526392,2.66112637041257,3.79307618631211,0.0446994072823977,1.57122185621995,0.871678330811724,1
"14757","PmetTSAr1.1-020219",8.58752180790308,6.00907257232767,12.4359082092369,7.96954070209269,7.06364276466252,7.43523866604411,5.55274400125458,7.67107198873568,-0.333860010975674,2.97998149818314,0.28782224558577,1
"14758","PmetTSAr1.1-020221",10.2510731528895,7.88318926567739,6.80901438072287,9.24043091372208,9.79443249326917,7.88757257728634,3.18497014411584,9.73744931411467,-0.162325338782807,3.02738688882472,0.655514340521943,1
"14759","PmetTSAr1.1-020226",2.92245506551675,3.71848550267801,2.83708932530119,2.93893361439298,3.24053714461322,3.50558781212726,3.35260015170088,3.02879964130892,0.0768594775544212,1.70366494897344,0.772443508994871,1
"14760","PmetTSAr1.1-020227",22.5703452752217,33.2283864519307,58.7277490337347,22.0287636682429,24.9048023248926,25.5285951157332,32.3944989658098,22.701844040465,-0.370782213285915,4.92175420090779,0.295894902203527,1
"14761","PmetTSAr1.1-020228",8.58752180790308,10.5604988276056,7.09272331325299,7.17523431982431,8.81134819097078,9.8099917000658,10.7911817382872,10.4168062430064,0.25296801920093,3.20519016377506,0.387940045282039,1
"14762","PmetTSAr1.1-020232",3.5519069257819,4.04571222691368,3.02622861365461,4.95117644947286,2.80361078803616,4.86258954585394,7.24999782805315,4.21767426686944,0.296532258313579,2.14230913707766,0.367331709198132,1
"14763","PmetTSAr1.1-020233",4.27128048037064,5.35461912385634,2.88437414738955,3.38904056434506,2.84002131775091,4.94740215421186,4.73554771427749,3.67985003149682,0.0277833100390516,2.02868539397575,0.933509379468685,1
"14764","PmetTSAr1.1-020234",5.88987097819531,4.75966144342786,4.20834916586344,7.46647999332272,5.64363210578707,6.84155040753869,7.22904407710502,5.29332273761466,0.161592065326434,2.58140265662603,0.595013059355526,1
"14765","PmetTSAr1.1-020235",3.10229845416394,3.86722492278513,22.5075753140561,9.37281531076681,6.11696899207889,7.09598823261244,2.91257138179014,4.18936772816561,-0.934286970772388,2.89324191659938,0.0705288331400993,1
"14766","PmetTSAr1.1-020238",5.79994928387171,5.11663605168494,2.83708932530119,5.11003772592654,4.69695833320343,4.63642259023283,3.93930517824853,4.64227234742676,-0.0788672517292728,2.22037539032559,0.809906267102182,1
"14767","PmetTSAr1.1-020239",4.67592810482681,6.96100486101324,4.72848220883532,5.42776027883389,5.97132687321986,4.86258954585394,5.04985397849945,5.77453389557963,-0.0137674305380407,2.4582332375089,0.976552168230304,1
"14768","PmetTSAr1.1-020240",8.18287418344691,16.8670502401475,2.60066521485943,9.10804651667735,5.09747416006574,11.3366186505083,33.6726777736457,18.2011043865574,0.892629729297185,3.72555146232841,0.0942219220384801,1
"14769","PmetTSAr1.1-020244",1.61859049782466,3.56974608257089,1.70225359518072,3.62733247902557,1.85693701545252,3.02498303143239,2.28395885334622,3.48170426057007,0.00284109812160382,1.44314589879754,0.989696305039667,1
"14770","PmetTSAr1.1-020247",4.7208889519886,3.80772915474228,2.60066521485943,3.30960992611823,2.65796866917713,1.78106477551627,2.03251384196866,2.63250809945542,-0.668589497656905,1.58313429807994,0.0209480307793006,1
"14771","PmetTSAr1.1-020250",5.35034081225375,3.36151089442092,6.09974204939757,6.32797417873805,4.95183204120672,3.30769172595879,3.35260015170088,1.78331193834077,-0.659908671573126,2.12651592398671,0.0542716620374501,1
"14772","PmetTSAr1.1-020251",3.46198523145831,5.65209796407058,3.12079825783131,8.23430949618214,3.27694767432797,8.82051126922343,8.23482412261529,7.38800660169747,0.432556113114452,2.61014435041933,0.260239254708479,1
"14773","PmetTSAr1.1-020252",7.46350062885817,8.21041598991305,6.19431169357427,6.61921985223645,7.64621124009861,7.32215518823355,6.60043154866111,7.38800660169747,0.0219795992472282,2.85645043867037,0.941544024479969,1
"14774","PmetTSAr1.1-020253",4.00151539739986,3.95646857484941,3.68821612289155,2.78007233793931,2.51232655031811,2.14858607840058,2.05346759291679,2.37774925112102,-0.664392846354317,1.58048822206935,0.0130355300161306,1
"14775","PmetTSAr1.1-020254",7.95806994763793,7.5262146574203,6.71444473654616,8.10192509913741,7.28210594295105,9.24457431101302,9.63872543614003,9.5109970044841,0.235722208394001,3.05558458371202,0.411481104950335,1
"14776","PmetTSAr1.1-020255",2.06819896944263,2.40957860573535,2.31695628232931,2.51530354384985,2.69437919889189,1.97896086168474,2.17919009860557,2.71742771556688,0.0308791046882623,1.27617361529907,0.910464413101199,1
"14777","PmetTSAr1.1-020257",3.73175031442909,2.82604898203529,11.3956421232931,4.50106949952079,6.22620058122315,10.9408264781714,10.6654592325984,8.01075045318155,0.680818945918041,2.87787518446313,0.0987222120076946,1
"14778","PmetTSAr1.1-020258",5.44026250657734,6.4255429486276,5.62689382851404,3.49494808198085,4.98824257092147,4.57988085132755,4.54696395574432,4.75549850224205,-0.151482809191248,2.33306801548901,0.608054105140989,1
"14779","PmetTSAr1.1-020259",2.3829248995752,3.4507545464852,3.16808307991967,1.98576595567094,2.18463178288532,3.22287911760087,3.20592389506397,2.57589502204778,0.0336990907168811,1.5032966499049,0.93047295636562,1
"14780","PmetTSAr1.1-020261",13.8029800786714,17.6999909927473,12.0576296325301,15.7007894895049,13.2898433458857,14.8139355931829,20.4718146763235,18.0029586156306,0.167493390714632,3.98187760542873,0.574984122571209,1
"14781","PmetTSAr1.1-020262",19.6029293625432,17.6702431087259,12.8614716080321,16.5745265100001,15.5472961882005,9.92307517787636,7.6271653451195,13.7003647326497,-0.513254018124935,3.83205071920221,0.10949624845283,1
"14782","PmetTSAr1.1-020263",4.94569318779758,4.1944516470208,9.69338852811241,6.67217361105434,6.88159011608875,7.49178040494939,5.80418901263215,6.2557450535446,0.0539387303490255,2.71114026707939,0.878474915637771,1
"14783","PmetTSAr1.1-020265",3.5968677729437,3.98621645887083,5.81603311686745,4.20982382602238,3.38617926347224,3.08152477033767,3.24783139696023,3.08541271871657,-0.45677521856322,1.94664347247697,0.0985886451502509,1
"14784","PmetTSAr1.1-020266",5.30537996509196,7.70470196154884,3.87735541124497,6.08968226405753,6.15337952179364,6.70019606027549,7.87861035649707,6.82187582762103,0.258159003176207,2.67537313875894,0.396677455713763,1
"14785","PmetTSAr1.1-020269",2.20308151092802,3.39125877844235,3.73550094497991,3.28313304670928,3.85951614976406,2.68573259800072,4.52601020479619,3.28355848964332,0.186063680432028,1.78100208106688,0.525105822367642,1
"14786","PmetTSAr1.1-020271",4.63096725766501,3.2127714743138,6.19431169357427,8.71089332554317,6.62671640808546,6.98290475480188,2.55635761567192,3.651543492793,-0.203468608401123,2.42699672029164,0.603899194654349,1
"14787","PmetTSAr1.1-020272",2.02323812228083,2.64756167790674,2.69523485903613,3.38904056434506,2.00257913431154,2.91189955362184,3.9812126801448,2.51928194464013,0.0867747445564108,1.50682332677935,0.779239970949878,1
"14788","PmetTSAr1.1-020274",2.29300320525161,2.3500828376925,1.74953841726907,1.87985843803515,1.82052648573776,1.49835608098988,2.28395885334622,2.06637732537899,-0.105467779342783,1.0392101259321,0.698325932003041,1
"14789","PmetTSAr1.1-020275",2.24804235808981,2.23109130160681,1.84410806144578,2.22405787035145,2.65796866917713,1.97896086168474,2.07442134386492,2.09468386408281,0.0332612420119203,1.1574005641144,0.902563455943461,1
"14790","PmetTSAr1.1-020277",6.56428368562225,11.363691696184,1.98596252771084,4.65993077597446,5.13388468978049,5.20183997928561,10.3721067193246,9.79406239152231,0.309808102719024,2.79955395028704,0.481594169076369,1
"14791","PmetTSAr1.1-020279",11.1053292489637,11.4231874642269,9.78795817228912,10.9879049547125,12.343169573302,8.87705300812871,10.4978292250134,10.5866454752293,-0.0348760298686118,3.42788788834698,0.90671825092673,1
"14792","PmetTSAr1.1-020280",6.47436199129866,4.64066990734216,15.6985609333333,7.38704935509588,8.44724289382322,7.43523866604411,3.28973889885649,4.67057888613058,-0.519685904672186,2.86679898835981,0.202636437441477,1
"14793","PmetTSAr1.1-020281",4.00151539739986,3.89697280680656,2.83708932530119,3.89210127311503,3.13130555546895,2.82708694526392,3.77167517066349,3.42509118316243,-0.154292488498912,1.8222369410226,0.572890185390997,1
"14794","PmetTSAr1.1-020283",2.47284659389879,2.29058706964966,2.60066521485943,3.1772255290735,3.05848449603944,1.80933564496891,1.67630007585044,2.00976424797134,-0.31560223072703,1.28877358283322,0.287120266632821,1
"14795","PmetTSAr1.1-020285",3.41702438429651,5.17613181972779,5.72146347269074,4.65993077597446,4.62413727377392,3.87310911501157,6.83092280909054,5.32162927631848,0.124045186503163,2.32744882236412,0.692639442825718,1
"14796","PmetTSAr1.1-020289",11.8247028035524,16.0936052555904,7.32914742369475,10.0347372959905,9.43032719612162,9.97961691678164,24.0549060884538,17.8048128447039,0.43618351233203,3.74380243090243,0.239090081441136,1
"14797","PmetTSAr1.1-020290",1.75347303931005,1.78487304128545,3.16808307991967,1.61508964394569,1.63847383716399,1.13083477810557,1.02673379645839,1.72669886093312,-0.585208078742289,0.829676299409399,0.0578080304916318,1
"14798","PmetTSAr1.1-020291",7.28365724021099,8.1509202218702,6.76172955863451,8.8432777225879,8.37442183439371,11.6475982144874,10.0578004551026,7.18986083077072,0.262436830147112,3.1055447831644,0.376937866244522,1
"14799","PmetTSAr1.1-020292",11.6448594149052,13.327052041598,12.8141867859437,11.7822113369809,13.690359172748,11.3366186505083,10.3511529683765,11.3226154815287,-0.0869096155998055,3.59601101952107,0.762076668375376,1
"14800","PmetTSAr1.1-020293",27.8307643931519,43.2831712511721,30.4987102469878,33.3873449346807,23.5576127254467,43.4805972181591,38.4082254879232,34.4773641412549,0.0515586380244582,5.10578302575765,0.871438096702287,1
"14801","PmetTSAr1.1-020294",1.93331642795724,1.6063857371569,2.03324734979919,1.77395092039937,2.18463178288532,1.63971042825307,1.94869883817614,2.26452309630574,0.13471134984547,0.987533216178073,0.629588907335322,1
"14802","PmetTSAr1.1-020295",1.57362965066287,2.14184764954254,14.185446626506,2.70064169971247,2.47591602060336,2.96844129252712,5.04985397849945,2.74573425427071,-0.629563696411935,2.09304114962575,0.250931884971454,1
"14803","PmetTSAr1.1-020300",7.32861808737279,8.68638213425584,8.55855279799194,9.84939914012784,8.629295542397,9.10321996374982,8.06719411503024,9.02978584651913,0.0151372953471426,3.12436190444647,0.95881955601144,1
"14804","PmetTSAr1.1-020303",7.1487746987256,3.4507545464852,1.5131143068273,3.83914751429714,6.55389534865595,3.84483824555893,1.55057757016166,3.99122195723886,-0.005083814513862,2.01372121151657,0.999999999999999,1
"14805","PmetTSAr1.1-020304",3.68678946726729,4.58117413929931,4.53934292048191,6.38092793755594,2.98566343660993,5.71071562943312,5.07080772944758,4.04783503464651,-0.108294214198712,2.23075141914532,0.732219230765382,1
"14806","PmetTSAr1.1-020305",9.17201282100643,3.98621645887083,2.97894379156625,2.1975809909425,5.71645316521658,1.61143955880043,1.96965258912427,2.63250809945542,-0.621037875128668,1.93362171736319,0.176047035554837,1
"14807","PmetTSAr1.1-020307",5.66506674238632,4.67041779136358,4.53934292048191,3.30960992611823,4.29644250634112,2.742274336906,2.55635761567192,3.70815657020064,-0.451303951153365,1.99463756429659,0.133979230296515,1
"14808","PmetTSAr1.1-020309",2.87749421835496,2.82604898203529,4.58662774257026,3.99800879075082,2.7672002583214,4.15581780953796,4.06502768393732,3.70815657020064,0.0459772800841486,1.88204172763435,0.886539427387106,1
"14809","PmetTSAr1.1-020310",10.7006816245075,9.37058346674859,16.0295546879517,12.2587951663419,12.5252222218758,13.1459542954772,9.95303170036199,10.2752735494873,-0.0745811754557526,3.56532949718122,0.805647886388575,1
"14810","PmetTSAr1.1-020311",2.3379640524134,3.53999819854947,2.50609557068272,2.99188737321088,2.51232655031811,3.19460824814823,3.12210889127144,2.6042015607516,0.00154247930294982,1.54502454848475,1,1
"14811","PmetTSAr1.1-020312",3.10229845416394,2.55831802584247,7.94385011084334,5.13651460533548,5.5344005166428,3.27942085650615,1.78106883059109,2.66081463815924,-0.501966982241306,2.01533595842088,0.216822807938917,1
"14812","PmetTSAr1.1-020313",4.8108106463122,3.4507545464852,3.97192505542167,3.23017928789139,3.16771608518371,2.48783651183225,1.7182075777467,2.54758848334395,-0.642034849173384,1.68717407992756,0.0264645549416368,1
"14813","PmetTSAr1.1-020314",1.75347303931005,1.42789843302836,1.60768395100401,1.2708902116294,1.42001065887546,1.04602216974765,1.42485506447287,1.21718116426433,-0.23225180480184,0.53800506504712,0.39882425296963,1
"14814","PmetTSAr1.1-020315",9.71154298694798,11.1257086240126,6.38345098192769,5.74548283174124,8.55647448296749,5.79552823779104,5.53179025030645,6.6520365953981,-0.314937993694535,2.90557421105261,0.332508245160416,1
"14815","PmetTSAr1.1-020316",9.93634722275697,17.8487304128545,7.56557153413652,9.10804651667735,10.5226430875643,8.05719779400217,14.940024426017,16.361179370809,0.164837195921358,3.56850305719662,0.640222968459895,1
"14816","PmetTSAr1.1-020320",6.96893131007841,7.19898793318463,5.91060276104415,5.40128339942494,6.26261111093791,4.91913128475922,6.07658777495785,5.26501619891084,-0.177572206084822,2.5990808813089,0.536289732905129,1
"14817","PmetTSAr1.1-020321",11.7347811092288,10.173776335327,8.36941350963852,8.57850892849844,6.51748481894119,6.4174873657491,5.76228151073589,7.75599160484715,-0.554488859376861,3.03868601556312,0.0585817724556514,1
"14818","PmetTSAr1.1-020322",8.76736519655026,11.2447001600983,7.94385011084334,10.5642748841694,6.44466375951168,10.5167634363818,8.33959287735594,10.0488212398567,-0.125065851593437,3.2171958775627,0.682008729716054,1
"14819","PmetTSAr1.1-020324",2.92245506551675,4.96789663157782,2.41152592650602,2.38291914680512,3.34976873375749,2.94017042307448,3.66690641592284,3.19863887353185,0.0476872385473348,1.72083629676737,0.878365398061292,1
"14820","PmetTSAr1.1-020325",3.50694607862011,4.67041779136358,1.93867770562248,2.56825730266774,3.34976873375749,3.3925043343167,3.45736890644153,3.42509118316243,0.0976715516681534,1.74627486060024,0.746679511407955,1
"14821","PmetTSAr1.1-020331",8.13791333628512,5.86033315222055,8.0857045771084,10.4583673665336,9.39391666640686,9.72517909170788,4.25361144247049,6.14251889872931,-0.14360201244106,2.96596496814944,0.677735401232808,1
"14822","PmetTSAr1.1-020332",6.96893131007841,7.94268503372023,4.3502036321285,6.88398864632591,6.9180006458035,5.65417389052784,8.71676039442229,8.32212237892358,0.177454639540019,2.81532956350715,0.56914775922105,1
"14823","PmetTSAr1.1-020333",4.31624132753244,7.02050062905609,2.41152592650602,3.07131801143771,3.8231056200493,3.56212955103254,3.85549017445601,5.8594535116911,0.0194663760633786,2.10664960137728,0.956760625128122,1
"14824","PmetTSAr1.1-020336",3.73175031442909,2.49882225779962,6.09974204939757,3.73323999666136,3.78669509033455,2.28994042566378,1.40390131352474,1.9531511705637,-0.770703336114105,1.69028878339113,0.0299278473624093,1
"14825","PmetTSAr1.1-020337",7.50846147601997,12.7320943611695,9.59881888393571,9.74349162249205,7.5733901806691,14.8422064626356,11.084534251561,10.2752735494873,0.144518638854169,3.39076931174716,0.64905985578467,1
"14826","PmetTSAr1.1-020338",4.22631963320885,3.36151089442092,3.30993754618473,2.99188737321088,3.0948950257542,2.54437825073753,2.38872760808688,2.54758848334395,-0.392363740266894,1.63750292280044,0.143417778872974,1
"14827","PmetTSAr1.1-020345",4.36120217469423,5.02739239962067,6.47802062610439,3.70676311725241,6.04414793264938,4.89086041530658,6.47470904297233,5.40654889242995,0.225663707481827,2.42196926169378,0.452408183478412,1
"14828","PmetTSAr1.1-020350",5.12553657644477,6.06856834037052,5.39046971807227,6.40740481696488,6.88159011608875,8.31163561907593,9.17774291528116,6.53881044058282,0.425629786767677,2.76728842450174,0.139823460276657,1
"14829","PmetTSAr1.1-020353",4.49608471617962,6.60403025275615,6.52530544819275,6.80455800809907,5.13388468978049,5.85206997669631,4.86127021996628,4.92533773446498,-0.236548855488139,2.51398576722979,0.415275217107348,1
"14830","PmetTSAr1.1-020355",7.86814825331434,8.24016387393447,6.99815366907628,5.87786722878597,7.2456954132363,6.58711258246493,6.49566279392046,6.51050390187899,-0.110633594868718,2.8147817909513,0.698612137614186,1
"14831","PmetTSAr1.1-020356",8.04799164196152,7.46671888937745,7.42371706787146,8.94918524022368,9.28468507726259,11.2518060421504,11.1893030063017,9.28454469485352,0.362651375444377,3.19851176353174,0.203056233462699,1
"14832","PmetTSAr1.1-020358",2.47284659389879,1.66588150519975,4.3502036321285,3.97153191134187,2.94925290689518,4.77777693749603,3.2268776460121,5.29332273761466,0.385836147421807,1.86879207601152,0.26270505673143,1
"14833","PmetTSAr1.1-020359",4.49608471617962,7.5262146574203,6.09974204939757,7.06932680218853,4.91542151149196,8.00065605509689,8.27673162451155,7.10494121465925,0.16646682019417,2.75643193236702,0.590919779785819,1
"14834","PmetTSAr1.1-020360",4.18135878604705,5.62235008004915,2.36424110441766,2.40939602621407,4.51490568462965,2.79881607581128,3.2268776460121,2.6042015607516,-0.154774380627981,1.81761701040873,0.656279628253832,1
"14835","PmetTSAr1.1-020364",5.08057572928297,7.55596254144172,2.74251968112449,6.67217361105434,3.8231056200493,6.38921649629646,7.22904407710502,7.52953929521658,0.175601429056142,2.57382139818858,0.620408159945803,1
"14836","PmetTSAr1.1-020365",4.54104556334142,3.51025031452804,3.68821612289155,4.95117644947286,4.18721091719686,5.28665258764353,3.45736890644153,4.16106118946179,0.0313835850868114,2.0991612214811,0.916022858952637,1
"14837","PmetTSAr1.1-020367",5.79994928387171,5.86033315222055,2.36424110441766,6.32797417873805,5.35234786806902,5.82379910724368,6.20231028064663,5.8594535116911,0.186385925640028,2.46461450185858,0.568372301133016,1
"14838","PmetTSAr1.1-020370",5.57514504806273,5.681845848092,3.54636165662649,8.23430949618214,4.18721091719686,5.54109041271728,5.53179025030645,5.51977504724523,-0.152859669469703,2.47161800069162,0.632570942257364,1
"14839","PmetTSAr1.1-020371",4.22631963320885,6.03882045634909,4.77576703092368,5.6660521935144,5.42516892749854,6.02169519341215,6.30707903538728,5.46316196983759,0.161924167392032,2.4746648519099,0.564319755848114,1
"14840","PmetTSAr1.1-020372",3.95655455023807,4.70016567538501,5.62689382851404,3.1242717702556,4.36926356577063,3.05325390088503,4.44219520100367,3.22694541223568,-0.201092134289015,2.04175624338652,0.498572671960779,1
"14841","PmetTSAr1.1-020379",17.6246520874241,20.5260399747826,7.32914742369475,10.2200754518531,15.1467803613382,11.2518060421504,18.6697920947843,16.2762597546975,0.138832467011282,3.87754871499136,0.695962268343587,1
"14842","PmetTSAr1.1-020383",4.45112386901783,6.663526020799,5.34318489598392,5.77195971115018,3.85951614976406,3.22287911760087,4.88222397091441,5.09517696668791,-0.382722071391575,2.31434650930698,0.196058663553609,1
"14843","PmetTSAr1.1-020384",5.44026250657734,6.78251755688469,2.83708932530119,6.0102516258307,5.24311627892476,6.58711258246493,11.6921930290568,5.88776005039492,0.479091863401388,2.67565503590132,0.17951921719939,1
"14844","PmetTSAr1.1-020385",6.69916622710764,8.71613001827726,5.10676078554215,6.08968226405753,7.50056912123959,6.24786214903326,7.35476658279381,5.51977504724523,-0.00183919488065893,2.7481925138382,1,1
"14845","PmetTSAr1.1-020386",13.0386456769209,13.2675562735551,21.1836002955822,14.9064831072365,13.2170222864562,12.2695573424454,13.640891867233,13.4739124230191,-0.245126464374943,3.850973884932,0.406133459020677,1
"14846","PmetTSAr1.1-020387",4.22631963320885,4.75966144342786,5.43775454016062,5.11003772592654,4.8061899223477,4.15581780953796,4.37933394815927,4.41582003779619,-0.138559150827061,2.23905458309679,0.620615423196374,1
"14847","PmetTSAr1.1-020388",4.45112386901783,4.13495587897795,2.9316589694779,2.59473418207669,3.02207396632469,3.10979563979031,2.99638638558266,2.29282963500956,-0.302441521235739,1.69962513411341,0.292482525624699,1
"14848","PmetTSAr1.1-020389",5.03561488212118,8.59713848219156,4.77576703092368,5.00413020829076,5.42516892749854,5.11702737092769,5.40606774461767,4.6988854248344,-0.184662179686014,2.47804283365469,0.548432651630911,1
"14849","PmetTSAr1.1-020390",3.77671116159088,4.16470376299937,3.87735541124497,2.17110411153356,2.40309496117385,2.60091998964281,2.22109760050183,2.46266886723249,-0.524495750704379,1.59030997984439,0.0649008607840354,1
"14850","PmetTSAr1.1-020392",6.65420537994584,4.16470376299937,2.2223866381526,2.59473418207669,3.93233720919357,3.02498303143239,3.20592389506397,2.80234733167835,-0.26813072781843,1.85936008588837,0.436121295535362,1
"14851","PmetTSAr1.1-020393",3.19222014848753,3.71848550267801,8.18027422128511,5.82491346996808,4.11438985776735,5.31492345709617,4.9450852237588,2.63250809945542,-0.295119176139117,2.26196102439798,0.402268407851691,1
"14852","PmetTSAr1.1-020394",7.46350062885817,9.16234827859862,8.32212868755017,9.98178353717257,8.44724289382322,9.1597617026551,8.27673162451155,9.05809238522295,-0.00145405305084684,3.13723411148769,1,1
"14853","PmetTSAr1.1-020395",2.83253337119316,2.5880659098639,1.70225359518072,1.9063353174441,2.65796866917713,1.35700173372668,1.80202258153922,2.09468386408281,-0.197499785392551,1.12061400828247,0.528197728520202,1
"14854","PmetTSAr1.1-020397",5.57514504806273,6.51478660069188,4.87033667510038,5.63957531410546,5.09747416006574,5.17356910983297,4.14884268772984,4.41582003779619,-0.266480238387617,2.38937741318214,0.342767793538502,1
"14855","PmetTSAr1.1-020398",7.23869639304919,6.78251755688469,4.58662774257026,5.79843659055913,5.20670574921,4.8343186764013,4.96603897470693,4.78380504094587,-0.303570418108746,2.48125831433015,0.291694246901656,1
"14856","PmetTSAr1.1-020399",3.41702438429651,4.40268683517077,2.41152592650602,3.94505503193292,4.1508003874821,2.85535781471656,3.87644392540414,3.05710618001275,-0.0332055093403904,1.84018353470855,0.928048564447381,1
"14857","PmetTSAr1.1-020401",6.02475351968069,5.89008103624197,7.14000813534134,9.08156963726841,7.53697965095434,5.23011084873825,3.28973889885649,6.85018236632486,-0.30142490327023,2.68636549855723,0.362091137445213,1
"14858","PmetTSAr1.1-020404",3.28214184281112,4.52167837125646,5.20133042971886,9.24043091372208,3.53182138233126,8.53780257469704,6.72615405434989,4.75549850224205,0.0795917893244685,2.53577920710258,0.834508200913853,1
"14859","PmetTSAr1.1-020406",6.11467521400429,6.4255429486276,5.72146347269074,6.11615914346648,6.84517958637399,6.4174873657491,5.67846650694337,6.56711697928664,0.0634377940919768,2.65476389301808,0.821434621521019,1
"14860","PmetTSAr1.1-020408",2.83253337119316,3.92672069082798,4.16106434377508,3.62733247902557,2.11181072345581,4.69296432913811,4.96603897470693,3.76476964760829,0.0995652873053028,1.93681926907302,0.762314765671354,1
"14861","PmetTSAr1.1-020410",4.22631963320885,3.4507545464852,12.6250474975903,11.3585812664377,13.981643410466,8.45298996633912,2.05346759291679,3.14202579612421,-0.19860451429964,2.89870173587634,0.717464219355783,1
"14862","PmetTSAr1.1-020411",6.20459690832788,4.8191572114707,5.53232418433733,3.97153191134187,5.93491634350511,4.49506824296963,4.98699272565506,5.43485543113377,0.0260344836998343,2.38630980670373,0.9382652552848,1
"14863","PmetTSAr1.1-020413",14.1626668559658,14.1599927941979,3.40450719036143,12.708902116294,11.5785484492922,8.90532387758135,11.7550542819012,15.1156916678408,0.089914433008454,3.52903157066259,0.81870929348859,1
"14864","PmetTSAr1.1-020417",8.09295248912332,7.2882315852489,10.3553760373494,10.5113211253515,9.94007461212819,12.7501621231403,7.56430409227511,8.91655969170384,0.111240463732286,3.2460993636288,0.716521293592535,1
"14865","PmetTSAr1.1-020418",8.76736519655026,6.33629929656333,5.67417865060239,5.34832964060705,5.89850581379035,5.06048563202242,5.1546227332401,4.67057888613058,-0.328389229356438,2.5649569356165,0.265140624829149,1
"14866","PmetTSAr1.1-020420",9.62162129262439,9.60856653891998,10.7809394361445,11.0143818341215,12.0882958652988,10.6015760447397,10.5397367269096,13.1625404972771,0.176742718760435,3.45808815920599,0.533029670372507,1
"14867","PmetTSAr1.1-020421",5.75498843670992,4.40268683517077,6.95086884698793,5.63957531410546,5.13388468978049,8.00065605509689,5.99277277116532,6.31235813095224,0.165037041921273,2.60507420049506,0.585733314889268,1
"14868","PmetTSAr1.1-020422",6.74412707426943,5.47361065994203,4.53934292048191,4.89822269065497,6.84517958637399,4.49506824296963,5.95086526926906,5.40654889242995,0.0677659324129842,2.48645016959193,0.82126543692193,1
"14869","PmetTSAr1.1-020423",5.66506674238632,5.62235008004915,12.1049144546184,7.78420254623007,7.71903229952812,6.64365432137021,4.88222397091441,4.24598080557326,-0.407908161510366,2.78282901071198,0.234344367065407,1
"14870","PmetTSAr1.1-020424",3.14725930132574,2.73680532997102,4.77576703092368,2.30348850857828,2.58514760974762,2.57264912019017,2.55635761567192,2.97218656390128,-0.266112291126452,1.58820448492093,0.358629906907495,1
"14871","PmetTSAr1.1-020425",4.40616302185603,3.98621645887083,6.43073580401604,5.77195971115018,3.67746350119028,5.45627780435937,5.4270214955658,4.33090042168472,-0.120417926963843,2.32100440405382,0.684918914788191,1
"14872","PmetTSAr1.1-020426",5.17049742360657,6.12806410841336,4.11377952168673,3.94505503193292,5.24311627892476,4.15581780953796,3.77167517066349,3.51001079927389,-0.218308072509364,2.18983449401589,0.464329670792188,1
"14873","PmetTSAr1.1-020427",3.01237675984035,2.91529263409956,2.1278169939759,3.99800879075082,2.54873708003287,3.59040042048518,3.72976766876723,3.31186502834714,0.123538068741518,1.68904327580463,0.665496383859043,1
"14874","PmetTSAr1.1-020429",5.9797926725189,8.47814694610587,8.65312244216864,7.36057247568693,6.40825322979693,7.68967649111786,7.16618282426063,6.56711697928664,-0.130594797156705,2.87760953689129,0.654590770538683,1
"14875","PmetTSAr1.1-020430",14.4773927860984,20.4367963227184,5.53232418433733,9.79644538130995,12.0882958652988,11.4779729977715,16.8258620113488,14.3514151228376,0.122790749798359,3.72185271226479,0.741083211229307,1
"14876","PmetTSAr1.1-020432",12.0944678865232,20.9127624670611,15.0838582461847,16.7069109070448,13.7995907618922,20.4681094837108,25.4797611529267,17.8048128447039,0.258872141031153,4.15921943355155,0.411243406813463,1
"14877","PmetTSAr1.1-020433",10.5657990830221,9.1326003945772,11.7739207,12.1264107692972,10.8503378549971,13.1176834260246,11.6293317762124,11.4641481750478,0.110680348261597,3.51034506121429,0.69990884976407,1
"14878","PmetTSAr1.1-020434",2.3379640524134,2.91529263409956,2.97894379156625,2.78007233793931,2.80361078803616,1.41354347263196,1.82297633248735,2.43436232852867,-0.386952446650103,1.31713222159356,0.178122966794648,1
"14879","PmetTSAr1.1-020435",4.22631963320885,4.25394741506365,12.719617141767,6.08968226405753,4.8061899223477,3.42077520376934,2.6820801213607,3.99122195723886,-0.871641447197545,2.40938991528985,0.0216172574105139,1
"14880","PmetTSAr1.1-020436",10.6107599301839,10.6497424796698,10.308091215261,11.702780698754,8.99340083954455,9.89480430842372,9.82730919467321,9.73744931411467,-0.170530343105891,3.36134681012968,0.541803055049817,1
"14881","PmetTSAr1.1-020437",4.8108106463122,6.93125697699181,2.60066521485943,4.05096254956871,4.18721091719686,4.1840886789906,5.32225274082515,4.64227234742676,-0.00804622248261142,2.2202615753446,0.987691126765584,1
"14882","PmetTSAr1.1-020438",2.78757252403137,1.45764631704978,20.0960493875501,10.0347372959905,5.31593733835427,6.50229997410702,1.57153132110979,1.89653809315605,-1.16881426496581,2.64106139273962,0.0682318888251985,1
"14883","PmetTSAr1.1-020441",11.8247028035524,11.8694057245482,7.75471082248993,9.31986155194892,10.1949483201315,7.88757257728634,7.81574910365268,9.02978584651913,-0.224652168469894,3.25106915086271,0.451622019069566,1
"14884","PmetTSAr1.1-020442",3.95655455023807,4.22419953104222,4.01920987751002,3.4684712025719,5.5344005166428,5.03221476256978,4.48410270289993,4.9536442731688,0.351719585886136,2.17687996271108,0.199549614809012,1
"14885","PmetTSAr1.1-020443",2.3829248995752,1.78487304128545,2.88437414738955,2.56825730266774,3.02207396632469,2.57264912019017,1.86488383438361,2.20791001889809,0.00540030116075593,1.30264160456358,1,1
"14886","PmetTSAr1.1-020445",5.39530165941555,5.26537547179207,7.14000813534134,8.63146268731633,5.46157945721329,7.60486388275995,5.23843773703263,5.3499358150223,-0.161706940279826,2.66051954380812,0.600400291472867,1
"14887","PmetTSAr1.1-020446",3.5519069257819,2.37983072171393,10.5918001477911,4.42163886129395,5.02465310063623,2.79881607581128,1.7182075777467,2.3494427124172,-0.816517530610816,2.0487060454167,0.0647086181108358,1
"14888","PmetTSAr1.1-020447",2.56276828822238,2.20134341758538,5.39046971807227,2.06519659389777,2.84002131775091,2.03550260059002,1.88583758533175,1.38702039648726,-0.576717863761832,1.37151667297702,0.0950950240942753,1
"14889","PmetTSAr1.1-020448",17.4448086987769,10.3522636394556,5.81603311686745,16.627480268818,22.9022231905811,10.5733051752871,0.775288785080829,8.49196161114651,-0.235001494394605,3.54507075582134,0.704282081345565,1
"14890","PmetTSAr1.1-020449",4.90073234063579,6.5445344847133,3.40450719036143,5.26889900238021,5.57081104635756,4.3254430262538,4.48410270289993,5.46316196983759,-0.0264436080880033,2.33923705004872,0.938796757981407,1
"14891","PmetTSAr1.1-020450",4.40616302185603,6.81226544090612,9.07868584096382,6.22206666110226,5.49798998692805,7.54832214385467,9.30346542096994,6.59542351799046,0.129170810928924,2.80699364421212,0.690186279721318,1
"14892","PmetTSAr1.1-020451",15.9161398952759,18.9791500056686,8.74769208634535,14.1916073631949,13.836001291607,14.5877686375618,21.8757159898482,16.3045662934013,0.203102813575646,3.96592558452117,0.529285667567736,1
"14893","PmetTSAr1.1-020452",9.66658213978619,9.0136088584915,10.9227939024096,12.232318286933,10.9959799738561,10.262325611308,8.92629790390359,10.9829370170828,-0.0243086155247017,3.38349029140462,0.93661035199906,1
"14894","PmetTSAr1.1-020453",7.23869639304919,13.0890689694266,9.03140101887547,9.87587601953678,5.68004263550182,10.8560138698135,9.91112419846573,9.93559508504142,-0.109357499321807,3.25106453066618,0.736351764169881,1
"14895","PmetTSAr1.1-020456",8.40767841925589,9.48957500283429,6.71444473654616,6.80455800809907,6.11696899207889,6.2761330184859,9.74349419088068,8.94486623040766,-0.0140917144016913,2.97774964957904,0.964892357203307,1
"14896","PmetTSAr1.1-020459",1.88835558079544,2.23109130160681,2.03324734979919,2.11815035271566,1.89334754516727,2.45956564237961,2.2001438495537,1.9531511705637,0.0390073051773471,1.11181696005626,0.881110564077321,1
"14897","PmetTSAr1.1-020460",3.23718099564933,1.24941112889981,5.72146347269074,3.83914751429714,3.64105297147553,3.3925043343167,1.21531755499157,1.41532693519109,-0.539823850612905,1.58744030374047,0.217913381405284,1
"14898","PmetTSAr1.1-020461",12.8588022882737,17.2240248484046,6.47802062610439,8.60498580790738,12.9985591081676,13.5700173372668,16.9306307660894,14.29480204543,0.354730523064626,3.69387176937836,0.293710790350135,1
"14899","PmetTSAr1.1-020463",2.92245506551675,2.88554475007814,2.78980450321284,2.62121106148563,2.33027390174434,2.40302390347433,1.92774508722801,3.11371925742039,-0.199883193338161,1.42331578347078,0.465046257488474,1
"14900","PmetTSAr1.1-020465",4.58600641050321,1.63613362117833,6.33616615983933,6.38092793755594,4.40567409548539,4.55160998187491,1.92774508722801,2.06637732537899,-0.549732851438314,2.0120735758963,0.191224912886519,1
"14901","PmetTSAr1.1-020466",6.69916622710764,8.03192868578451,11.8212055220883,14.3239917602397,8.08313759667567,10.658117783645,5.59465150315084,7.98244391447772,-0.340972360591711,3.20306011301363,0.31257491390342,1
"14902","PmetTSAr1.1-020467",7.86814825331434,9.7573059590271,6.00517240522086,10.5113211253515,8.41083236410847,10.8842847392661,10.5397367269096,8.69010738207327,0.171495726734966,3.19444443577447,0.569428840688716,1
"14903","PmetTSAr1.1-020468",2.427885746737,1.84436880932829,1.74953841726907,2.22405787035145,1.89334754516727,1.52662695044252,1.40390131352474,1.98145770926752,-0.283933367912418,0.955088780568599,0.303178638399318,1
"14904","PmetTSAr1.1-020471",5.53018420090094,4.37293895114934,1.74953841726907,3.09779489084666,3.31335820404273,2.57264912019017,1.19436380404344,2.66081463815924,-0.606077687753842,1.6384656636454,0.107706137670798,1
"14905","PmetTSAr1.1-020472",2.02323812228083,2.32033495367108,1.89139288353413,1.82690467921726,2.36668443145909,2.57264912019017,2.64017261946444,3.45339772186625,0.451842319835438,1.29503784841499,0.0877354104712761,1
"14906","PmetTSAr1.1-020474",17.3548870044533,20.5855357428255,48.4196578184737,18.1366623951279,18.5329596248104,20.5811929615213,21.9385772426926,19.7579640152676,-0.369343324827778,4.53671046127134,0.299724448791199,1
"14907","PmetTSAr1.1-020475",15.9161398952759,18.5031838613258,15.934985043775,23.458515156326,17.5134647927973,24.3412185987224,21.1004272047674,19.1352201637835,0.152343645746321,4.28960989025298,0.604556705100109,1
"14908","PmetTSAr1.1-020476",7.41853978169638,7.97243291774166,7.42371706787146,13.8474079308787,7.10005329437728,8.33990648852856,3.24783139696023,6.59542351799046,-0.540654852833106,2.96418624226091,0.129729783327985,1
"14909","PmetTSAr1.1-020479",1.43874710917748,1.87411669334972,2.88437414738955,2.35644226739618,1.67488436687874,2.14858607840058,2.82875637799762,1.78331193834077,-0.00992434756471643,1.12943473790503,0.970903756533358,1
"14910","PmetTSAr1.1-020480",1.93331642795724,2.40957860573535,2.03324734979919,2.27701162916934,1.42001065887546,2.00723173113738,2.13728259670931,1.6983923222293,-0.25006814302247,1.03790502591979,0.346296613454128,1
"14911","PmetTSAr1.1-020481",6.47436199129866,3.65898973463516,24.3043985534136,8.34021701381793,10.559053617279,4.74950606804339,2.70303387230883,3.651543492793,-0.981818393205481,3.01422386623684,0.0623579531534073,1
"14912","PmetTSAr1.1-020482",3.01237675984035,1.96336034541399,22.0347270931726,9.63758410485627,5.97132687321986,5.42800693490673,0.775288785080829,2.6042015607516,-1.31055594064202,2.69001563718263,0.0462334684303483,1
"14913","PmetTSAr1.1-020485",2.96741591267855,3.80772915474228,4.06649469959838,2.48882666444091,4.00515826862308,2.43129477292697,3.7088139178191,2.40605578982485,-0.084013202399254,1.71913940713963,0.783104527535216,1
"14914","PmetTSAr1.1-020490",2.60772913538418,3.53999819854947,2.26967146024096,1.50918212630991,3.31335820404273,2.2333986867585,2.51445011377566,2.29282963500956,0.0578552193317627,1.3754194157241,0.856194060084577,1
"14915","PmetTSAr1.1-020492",4.58600641050321,6.24705564449906,3.54636165662649,7.54591063154955,5.17029521949525,5.71071562943312,5.63655900504711,5.2084031215032,-0.0197694101060148,2.46647586167946,0.961952910829905,1
"14916","PmetTSAr1.1-020493",19.1533208909252,14.873942010712,16.8333966634538,20.2548127478435,14.8919066533349,12.7218912536876,11.7760080328493,15.4270635935828,-0.376083309881528,3.98164086559633,0.193660489707772,1
"14917","PmetTSAr1.1-020494",12.7688805939501,16.0341094875476,9.83524299437747,14.668191192556,14.1636960590398,17.867189494068,14.4790419051582,13.7852843487612,0.175965308606481,3.83475596720432,0.55228746152872,1
"14918","PmetTSAr1.1-020498",2.51780744106059,2.64756167790674,3.45179201244979,2.35644226739618,3.20412661489846,3.3925043343167,4.98699272565506,2.54758848334395,0.375111099929471,1.67992552577724,0.210295885699461,1
"14919","PmetTSAr1.1-020499",5.08057572928297,5.32487123983491,15.6512761112449,22.3464862211503,8.66570607211175,22.333986867585,8.08814786597837,5.63300120206052,-0.114956749961177,3.54924628732711,0.82019729143937,1
"14920","PmetTSAr1.1-020501",4.31624132753244,9.25159193066289,1.79682323935742,3.83914751429714,3.422589793187,5.37146519600145,6.51661654486859,5.57638812465288,0.117654361930899,2.34710451883885,0.776377671791203,1
"14921","PmetTSAr1.1-020502",3.32710268997292,5.89008103624197,2.08053217188754,2.46234978503196,3.31335820404273,2.03550260059002,5.53179025030645,3.36847810575478,0.048930314834654,1.83692377413084,0.902493431664103,1
"14922","PmetTSAr1.1-020503",6.92397046291662,5.65209796407058,8.03841975502005,8.60498580790738,7.50056912123959,7.18080084097036,6.89378406193494,6.85018236632486,-0.0399384899606401,2.8610886276498,0.894556133508248,1
"14923","PmetTSAr1.1-020504",8.63248265506487,8.80537367034153,12.2467689208835,14.1386536043771,12.1611169247283,9.10321996374982,13.3684931049073,16.0781139837707,0.21000969108076,3.5708169532517,0.504568017563941,1
"14924","PmetTSAr1.1-020505",3.68678946726729,4.96789663157782,3.35722236827308,4.34220822306711,3.67746350119028,3.92965085391685,5.02890022755132,5.29332273761466,0.129666708717041,2.12243132451462,0.652963223301351,1
"14925","PmetTSAr1.1-020506",3.28214184281112,3.42100666246377,2.60066521485943,3.15074864966455,2.25745284231483,3.70348389829574,3.01734013653079,3.11371925742039,-0.0425220853956227,1.64742734567374,0.89106361607469,1
"14926","PmetTSAr1.1-020507",16.8153568385118,16.5695713999332,18.204656504016,20.1224283507988,16.5667910202136,19.7047960084895,18.5021620871992,16.8706970674777,-0.00141797668107538,4.16853686969897,0.997707909949135,1
"14927","PmetTSAr1.1-020508",4.36120217469423,4.96789663157782,2.26967146024096,1.77395092039937,4.11438985776735,2.28994042566378,2.07442134386492,2.97218656390128,-0.228775082729201,1.65860072924789,0.53357735239725,1
"14928","PmetTSAr1.1-020512",16.095983283923,14.1302449101764,5.48503936224898,11.252673748802,12.3067590435873,10.8277430003608,8.48626913399285,10.6998716300446,-0.151945984500445,3.48816754349228,0.662570563083141,1
"14929","PmetTSAr1.1-020513",6.47436199129866,7.58571042546314,10.1189519269076,9.1345233960863,7.20928488352154,8.25509388017065,6.62138529960924,6.28405159224842,-0.231992679414961,2.95768618183175,0.434419823297216,1
"14930","PmetTSAr1.1-020515",4.7208889519886,4.90840086353498,8.55855279799194,5.82491346996808,5.24311627892476,5.93688258505423,5.82514276358028,5.40654889242995,-0.0958936024243766,2.55095056604052,0.751801806905737,1
"14931","PmetTSAr1.1-020516",4.99065403495938,7.22873581720606,4.4447732763052,6.38092793755594,5.27952680863951,5.00394389311714,5.99277277116532,5.68961427946816,-0.073216874085501,2.50933889756751,0.812065539485974,1
"14932","PmetTSAr1.1-020518",5.30537996509196,4.43243471919219,3.35722236827308,4.60697701715657,3.96874773890832,3.64694215939046,2.93352513273827,4.64227234742676,-0.224318557401016,2.06017117122658,0.441746659723969,1
"14933","PmetTSAr1.1-020523",1.97827727511903,1.54688996911405,1.79682323935742,2.06519659389777,1.42001065887546,1.32873086427404,2.01156009102053,3.02879964130892,0.0817071440661409,0.971585378871276,0.810841365499991,1
"14934","PmetTSAr1.1-020524",3.10229845416394,2.67730956192817,3.21536790200802,2.67416482030353,2.58514760974762,2.79881607581128,3.16401639316771,1.78331193834077,-0.166804113378516,1.48975547646118,0.539626817674489,1
"14935","PmetTSAr1.1-020527",49.7266969609466,54.0519052669276,56.0325141746986,40.4037179780513,50.5014047143656,51.0289193620138,54.7311974765169,44.4695723037039,0.003958496014921,5.64897744279349,0.990965482275316,1
"14936","PmetTSAr1.1-020528",9.44177790397721,8.06167656980593,10.5918001477911,11.5703963017093,7.39133753209532,5.51281954326464,6.76806155624615,7.84091122095862,-0.528027379615348,3.07941176180207,0.072635798572317,1
"14937","PmetTSAr1.1-020530",2.24804235808981,3.12352782224953,2.31695628232931,2.38291914680512,1.56565277773448,2.40302390347433,2.76589512515323,3.05710618001275,-0.0383182891348335,1.35015884672458,0.896193920126673,1
"14938","PmetTSAr1.1-020534",22.3455410394127,25.1072141140819,18.0155172156626,21.9228561506071,22.2104231260007,19.9592338335633,25.0397323830159,25.1645129076975,0.079594578619372,4.4941724037955,0.781542167884695,1
"14939","PmetTSAr1.1-020535",4.40616302185603,4.75966144342786,8.55855279799194,7.30761871686904,6.22620058122315,7.46350953549675,5.2174839860845,5.29332273761466,-0.0486785072047533,2.6351997259007,0.883307286649741,1
"14940","PmetTSAr1.1-020536",7.86814825331434,8.41865117806302,7.56557153413652,9.31986155194892,8.92057978011504,10.0927003945922,8.3815003792522,10.0488212398567,0.172916437682589,3.15253072273937,0.540047872591153,1
"14941","PmetTSAr1.1-020538",3.64182862010549,5.29512335581349,4.39748845421685,5.40128339942494,5.5344005166428,3.22287911760087,3.01734013653079,3.48170426057007,-0.306121709736426,2.10699996107256,0.32370701141879,1
"14942","PmetTSAr1.1-020539",6.60924453278405,6.36604718058476,7.14000813534134,12.0205032516614,5.46157945721329,12.5522660369718,10.602597979754,8.54857468855416,0.20870059370413,3.12691915753834,0.545028291136132,1
"14943","PmetTSAr1.1-020542",2.56276828822238,2.32033495367108,2.17510181606425,1.42975148808307,2.4395054908886,1.86587738387419,1.48771631731727,1.86823155445223,-0.146710618487179,1.05079519731665,0.628032276647752,1
"14944","PmetTSAr1.1-020544",8.94720858519745,7.91293714969881,6.05245722730921,11.2791506282109,10.41341149842,8.67915692196024,4.79840896712189,4.67057888613058,-0.264120872141224,2.98240921965323,0.454084275980002,1
"14945","PmetTSAr1.1-020546",3.05733760700214,3.42100666246377,8.0857045771084,5.95729786701281,4.07797932805259,4.77777693749603,2.55635761567192,4.3025938829809,-0.384929854432516,2.19578821779297,0.280683558998911,1
"14946","PmetTSAr1.1-020547",3.32710268997292,4.01596434289225,2.1278169939759,3.60085559961663,1.7112948965935,2.85535781471656,5.92991151832093,3.51001079927389,0.101932834267612,1.79095058707924,0.784075827959374,1
"14947","PmetTSAr1.1-020548",4.94569318779758,8.24016387393447,5.8633179389558,6.72512736987223,5.71645316521658,8.53780257469704,8.00433286218585,7.27478044688218,0.194349496718453,2.80396842364322,0.519764361540249,1
"14948","PmetTSAr1.1-020549",12.4991155109794,11.8694057245482,11.915775166265,10.4054136077157,13.0349696378824,9.1597617026551,7.69002659796389,9.17131854003824,-0.258691900286224,3.42914920750264,0.384753133965523,1
"14949","PmetTSAr1.1-020551",3.05733760700214,4.87865297951355,2.45881074859437,2.85950297616615,3.02207396632469,2.40302390347433,4.52601020479619,4.67057888613058,0.139079100426256,1.82958264517258,0.666245299336051,1
"14950","PmetTSAr1.1-020552",8.85728689087386,15.1714208509263,7.66014117831322,6.77808112869012,9.61237984469539,8.22682301071801,12.5093893160339,12.7662489554236,0.163825695422634,3.35980896587798,0.623896958824719,1
"14951","PmetTSAr1.1-020553",4.94569318779758,6.93125697699181,3.45179201244979,4.34220822306711,5.60722157607231,3.98619259282213,6.47470904297233,6.99171505984396,0.226362144330723,2.43562507074647,0.473430792073488,1
"14952","PmetTSAr1.1-020554",3.91159370307627,5.20587970374922,2.64795003694778,2.99188737321088,3.89592667947881,2.94017042307448,4.90317772186254,5.83114697298727,0.249712963810017,2.03886430688045,0.435822594081099,1
"14953","PmetTSAr1.1-020555",7.32861808737279,10.5307509435841,10.308091215261,6.67217361105434,8.84775872068553,8.28336474962329,9.45014167760686,8.43534853373887,0.00833507344669407,3.13628006807543,0.982691895002121,1
"14954","PmetTSAr1.1-020557",4.04647624456166,5.17613181972779,1.93867770562248,4.02448567015976,3.85951614976406,4.12754694008532,4.27456519341862,4.10444811205415,0.100938474070577,2.00486556107864,0.744579044855033,1
"14955","PmetTSAr1.1-020558",2.06819896944263,3.56974608257089,3.6409313008032,4.81879205242814,2.84002131775091,2.82708694526392,4.73554771427749,3.42509118316243,-0.030598434547557,1.83238939812119,0.933572427362746,1
"14956","PmetTSAr1.1-020559",4.04647624456166,5.83058526819912,3.49907683453814,3.65380935843452,4.04156879833783,3.81656737610629,4.06502768393732,4.47243311520383,-0.0582908590533126,2.08474550191736,0.847025519941295,1
"14957","PmetTSAr1.1-020560",4.22631963320885,5.44386277592061,2.26967146024096,3.57437872020768,3.67746350119028,4.46679737351699,5.1546227332401,5.37824235372613,0.264108670163809,2.11928270028337,0.397174278771789,1
"14958","PmetTSAr1.1-020561",16.8603176856736,18.7114190494758,13.8544528718875,15.5948819718691,11.0688010332856,16.0295829796464,17.5592432945334,19.1918332411911,-0.0258663311791572,4.01565499517208,0.932491709650637,1
"14959","PmetTSAr1.1-020562",11.0603684018019,14.2492364462621,8.88954655261041,8.8432777225879,11.2144431521446,10.0644295251396,11.88077678759,10.7564847074523,0.0283477063202911,3.450712482115,0.925829939223269,1
"14960","PmetTSAr1.1-020563",6.56428368562225,6.36604718058476,7.61285635622487,5.77195971115018,8.26519024524945,4.89086041530658,5.19653023513636,6.76526275021339,-0.0677351916425149,2.69679901398316,0.825481665486398,1
"14961","PmetTSAr1.1-020565",4.58600641050321,4.75966144342786,4.16106434377508,3.94505503193292,2.54873708003287,3.56212955103254,7.12427532236437,5.23670966020702,0.0877875615760393,2.18882855042518,0.800058672795498,1
"14962","PmetTSAr1.1-020567",5.12553657644477,5.77108950015627,3.92464023333332,3.1242717702556,4.4784951549149,3.3925043343167,6.30707903538728,4.41582003779619,0.0544719106442721,2.21136684973963,0.873118185215175,1
"14963","PmetTSAr1.1-020568",4.31624132753244,4.25394741506365,2.88437414738955,3.36256368493612,3.20412661489846,1.78106477551627,2.89161763084201,3.62323695408918,-0.367671490719142,1.74315675698441,0.219022422960087,1
"14964","PmetTSAr1.1-020569",1.48370795633928,1.4873942010712,2.2223866381526,1.72099716158148,1.85693701545252,2.91189955362184,2.17919009860557,1.01903539333758,0.212307199197755,0.943030216817828,0.520894076753344,1
"14965","PmetTSAr1.1-020571",5.53018420090094,7.76419772959169,6.05245722730921,3.30960992611823,6.22620058122315,3.30769172595879,6.53757029581672,7.69937852743951,0.0706393582636651,2.55186815571856,0.842224408488491,1
"14966","PmetTSAr1.1-020575",2.60772913538418,2.4690743737782,5.72146347269074,3.99800879075082,4.58772674405916,1.9506899922321,1.69725382679857,2.51928194464013,-0.464856971180598,1.69595039080748,0.212253307307023,1
"14967","PmetTSAr1.1-020576",13.9378626201568,14.100497026155,10.6863697919678,10.4848442459425,13.3626644053152,10.4884925669291,10.3721067193246,13.2757666520924,-0.0516791820608764,3.6025828189679,0.862477333551856,1
"14968","PmetTSAr1.1-020577",22.4804235808981,9.04335674251293,8.46398315381523,8.55203204908949,9.75802196355441,5.11702737092769,2.84971012894575,6.08590582132167,-1.02882170682139,3.18249651819192,0.014554100451061,1
"14969","PmetTSAr1.1-020578",4.13639793888525,3.80772915474228,3.02622861365461,2.25053474976039,4.07797932805259,5.17356910983297,4.44219520100367,3.02879964130892,0.343643975661722,1.92821451387149,0.257990639547597,1
"14970","PmetTSAr1.1-020580",1.57362965066287,1.69562938922117,1.65496877309236,2.62121106148563,1.67488436687874,2.17685694785322,1.61343882300605,1.92484463185988,-0.0457550989314185,0.950516263289123,0.911844826862378,1
"14971","PmetTSAr1.1-020581",2.65268998254598,3.39125877844235,2.64795003694778,3.68028623784347,3.31335820404273,3.64694215939046,3.75072141971536,3.39678464445861,0.181837963846661,1.75630647136927,0.498405055783594,1
"14972","PmetTSAr1.1-020582",4.40616302185603,4.90840086353498,7.18729295742969,5.58662155528756,5.17029521949525,4.94740215421186,4.73554771427749,3.67985003149682,-0.252006553383803,2.36002306685747,0.390412279462292,1
"14973","PmetTSAr1.1-020585",2.65268998254598,4.43243471919219,2.45881074859437,1.05907517635783,3.93233720919357,0.961209561389733,1.08959504930279,1.18887462556051,-0.57492386427134,1.18181312198954,0.221836949035587,1
"14974","PmetTSAr1.1-020586",3.50694607862011,3.83747703876371,6.76172955863451,4.1039163083866,5.38875839778378,3.27942085650615,2.99638638558266,3.45339772186625,-0.26878901292852,2.07576613181832,0.403837483974326,1
"14975","PmetTSAr1.1-020588",3.41702438429651,5.38436700787776,2.2223866381526,2.72711857912142,2.65796866917713,1.49835608098988,1.63439257395418,2.23621655760192,-0.788349511723226,1.47474512723451,0.0162527766950837,1
"14976","PmetTSAr1.1-020589",6.83404876859303,5.94957680428482,8.36941350963852,9.29338467253998,6.5903058783707,7.68967649111786,6.28612528443915,6.2557450535446,-0.183300633442791,2.85164330261664,0.536529869349232,1
"14977","PmetTSAr1.1-020591",14.4324319389366,17.1050333123189,14.8474341357429,13.9797923279234,16.8944857876464,17.5562099300889,18.8583758533175,15.3704505161752,0.186149365088187,4.01750947825777,0.511206464525804,1
"14978","PmetTSAr1.1-020593",2.87749421835496,2.26083918562823,3.92464023333332,3.57437872020768,3.20412661489846,2.96844129252712,2.6820801213607,3.17033233482803,-0.0701319811701493,1.65088809079247,0.80819551732007,1
"14979","PmetTSAr1.1-020594",6.42940114413686,7.4072231213346,16.3132636204819,8.02249446091058,8.44724289382322,8.59434431360232,10.434967972169,10.1337408559682,-0.0180727559678925,3.25221006647582,0.95660677556153,1
"14980","PmetTSAr1.1-020597",2.83253337119316,3.4507545464852,3.30993754618473,4.97765332888181,3.75028456061979,2.99671216197976,4.1907501896261,3.67985003149682,-0.00200725316792999,1.89374790164257,1,1
"14981","PmetTSAr1.1-020598",2.74261167686957,3.51025031452804,1.5131143068273,3.52142496138979,2.4395054908886,2.68573259800072,4.10693518583358,3.14202579612421,0.125400925326147,1.60001294657792,0.684249641924642,1
"14982","PmetTSAr1.1-020601",7.46350062885817,6.663526020799,4.96490631927709,5.29537588178916,11.0688010332856,8.22682301071801,4.79840896712189,5.94437312780256,0.297817723981955,2.77838901149527,0.367834436422162,1
"14983","PmetTSAr1.1-020603",2.60772913538418,3.53999819854947,2.31695628232931,1.2708902116294,2.7672002583214,3.30769172595879,2.55635761567192,1.78331193834077,0.0990474103657247,1.36685087167793,0.777699858540151,1
"14984","PmetTSAr1.1-020605",2.02323812228083,1.96336034541399,2.50609557068272,2.11815035271566,2.84002131775091,1.61143955880043,1.34104006068035,2.09468386408281,-0.136177250556874,1.08138118887974,0.655897680871191,1
"14985","PmetTSAr1.1-020607",2.87749421835496,2.5880659098639,3.02622861365461,3.1242717702556,2.40309496117385,2.99671216197976,3.83453642350788,2.77404079297453,0.054922332212856,1.5935177235978,0.850913842810016,1
"14986","PmetTSAr1.1-020613",7.46350062885817,9.1326003945772,6.76172955863451,8.71089332554317,6.88159011608875,8.00065605509689,8.94725165485172,9.31285123355734,0.0462898980294081,3.03889923499682,0.875401958181837,1
"14987","PmetTSAr1.1-020615",2.29300320525161,2.64756167790674,2.08053217188754,2.03871971448883,2.51232655031811,1.72452303661099,2.03251384196866,2.06637732537899,-0.126664086244511,1.15959278565918,0.644238078239772,1
"14988","PmetTSAr1.1-020616",1.57362965066287,1.99310822943541,3.02622861365461,1.85338155862621,1.92975807488203,1.92241912277947,1.96965258912427,2.12299040278663,-0.0784780558438451,1.07467019474185,0.77604783341501,1
"14989","PmetTSAr1.1-020617",4.31624132753244,3.06403205420668,9.36239477349394,8.79032396377001,5.75286369493133,7.12425910206508,4.73554771427749,5.77453389557963,-0.126311505173634,2.62577717289193,0.731145492392014,1
"14990","PmetTSAr1.1-020619",3.28214184281112,3.48050243050662,4.39748845421685,4.26277758484027,2.94925290689518,4.09927607063268,4.56791770669245,3.51001079927389,-0.0239261074258871,1.95708984852733,0.939993310591665,1
"14991","PmetTSAr1.1-020620",2.47284659389879,3.86722492278513,3.35722236827308,3.36256368493612,3.93233720919357,3.44904607322198,3.24783139696023,3.17033233482803,0.0719444483892213,1.77438017048815,0.790520492162392,1
"14992","PmetTSAr1.1-020622",2.78757252403137,2.94504051812099,3.16808307991967,3.09779489084666,2.51232655031811,3.27942085650615,3.49927640833779,2.83065387038217,0.0189741121104042,1.62241672743039,0.965264752153965,1
"14993","PmetTSAr1.1-020623",19.423085973896,18.7114190494758,15.4148520008032,12.7883327545208,17.0765384362202,10.262325611308,13.012279338789,16.8423905287739,-0.214039249909916,3.95386812315565,0.486974868423253,1
"14994","PmetTSAr1.1-020624",10.3859556943749,12.9105816652981,12.5304778534136,10.3789367283068,13.981643410466,12.8349747314982,11.9645917913825,13.5588320391306,0.179465432701634,3.62996080959096,0.527336914370944,1
"14995","PmetTSAr1.1-020625",5.9797926725189,3.39125877844235,3.59364647871485,3.65380935843452,6.62671640808546,5.7672573683384,1.90679133627988,3.39678464445861,0.0886338231182772,2.11783125913351,0.81853445585767,1
"14996","PmetTSAr1.1-020626",1.57362965066287,2.05260399747826,1.56039912891566,2.01224283507988,1.42001065887546,1.83760651442155,2.36777385713875,1.27379424167198,-0.0610681696853375,0.871892250439043,0.836821467103577,1
"14997","PmetTSAr1.1-020628",11.8696636507142,14.2492364462621,13.5707439393574,14.3239917602397,12.0882958652988,15.4641655905936,15.9248507205792,14.2381889680223,0.0956114717323043,3.81067327019995,0.73856495660264,1
"14998","PmetTSAr1.1-020629",9.5766604454626,8.77562578632011,3.59364647871485,7.14875744041537,7.5733901806691,8.82051126922343,10.5187829759615,10.1054343172644,0.346408217585093,3.05914685725954,0.303444545371195,1
"14999","PmetTSAr1.1-020630",12.139428733685,12.1073887967196,9.31510995140559,10.6172286429873,10.4498220281348,10.7146595225503,12.8865568331003,12.5964097232007,0.0785900861287621,3.51324218230879,0.785968165402256,1
"15000","PmetTSAr1.1-020631",5.44026250657734,6.12806410841336,5.95788758313251,5.90434410819491,5.42516892749854,5.03221476256978,4.21170394057423,4.50073965390765,-0.292063780977598,2.42830774563473,0.294132368340521,1
"15001","PmetTSAr1.1-020632",4.45112386901783,5.47361065994203,4.01920987751002,3.8126706348882,5.68004263550182,4.1840886789906,4.81936271807002,4.44412657650001,0.104618987305461,2.22423602068498,0.712518464876863,1
"15002","PmetTSAr1.1-020635",1.57362965066287,2.23109130160681,1.79682323935742,3.38904056434506,1.52924224801972,1.32873086427404,1.94869883817614,1.52855309000637,-0.516960214742693,0.987486618932239,0.0901826468308684,1
"15003","PmetTSAr1.1-020636",2.60772913538418,2.26083918562823,2.60066521485943,3.25665616730033,1.67488436687874,1.83760651442155,1.96965258912427,1.89653809315605,-0.538670926262447,1.21520923514677,0.0385928416743482,1
"15004","PmetTSAr1.1-020638",5.79994928387171,6.84201332492754,6.95086884698793,8.47260141086266,8.26519024524945,7.35042605768619,4.21170394057423,4.61396580872294,-0.204325806022875,2.72718264347897,0.532407494692921,1
"15005","PmetTSAr1.1-020639",11.1952509432873,9.04335674251293,10.4499456815261,9.26690779313103,11.1780326224299,7.63313475221258,5.32225274082515,8.54857468855416,-0.291321017272274,3.1907071459374,0.350061621054267,1
"15006","PmetTSAr1.1-020641",4.22631963320885,5.41411489189919,7.23457777951804,11.3850581458467,7.5733901806691,5.68244475998048,5.63655900504711,5.32162927631848,-0.22767446394162,2.72760022046089,0.512345047719934,1
"15007","PmetTSAr1.1-020644",7.32861808737279,5.32487123983491,4.87033667510038,5.61309843469651,6.73594799722972,6.58711258246493,7.48048908848259,6.73695621150957,0.252855313496635,2.67770634589955,0.383152557106043,1
"15008","PmetTSAr1.1-020645",3.46198523145831,1.63613362117833,2.83708932530119,4.92469957006392,3.78669509033455,3.84483824555893,1.7182075777467,2.71742771556688,-0.0994124188433194,1.66642405900971,0.796092669360408,1
"15009","PmetTSAr1.1-020646",5.08057572928297,4.1944516470208,3.45179201244979,4.79231517301919,4.22362144691161,5.14529824038033,6.07658777495785,4.75549850224205,0.206315050888759,2.25775581008445,0.475372073399306,1
"15010","PmetTSAr1.1-020647",2.20308151092802,3.06403205420668,2.36424110441766,3.78619375547925,2.7672002583214,2.8836286841692,3.16401639316771,2.37774925112102,-0.039288740126976,1.53334147125782,0.907354890210697,1
"15011","PmetTSAr1.1-020651",3.77671116159088,2.67730956192817,2.78980450321284,3.28313304670928,3.31335820404273,2.91189955362184,3.87644392540414,2.74573425427071,0.0402528922418784,1.69323215603006,0.904450391870929,1
"15012","PmetTSAr1.1-020652",3.41702438429651,4.1944516470208,2.45881074859437,3.52142496138979,3.49541085261651,2.99671216197976,4.16979643867797,3.53831733797771,0.0583747682120613,1.82426634006084,0.840328417851262,1
"15013","PmetTSAr1.1-020654",18.5688298778218,21.0020061191254,9.69338852811241,18.3220005509905,18.6786017436695,15.6337908073095,15.6734057092016,20.805305947309,0.0651743781109053,4.11799543704548,0.836916529674252,1
"15014","PmetTSAr1.1-020656",9.486738751139,7.94268503372023,11.2065028349397,10.0876910548083,9.32109560697735,7.32215518823355,4.40028769910741,9.42607738837263,-0.347196962204795,3.12111384602361,0.28200407367281,1
"15015","PmetTSAr1.1-020658",4.22631963320885,4.25394741506365,4.39748845421685,3.57437872020768,4.58772674405916,3.73175476774837,2.82875637799762,3.53831733797771,-0.166173545895346,1.98079750397418,0.557499478545674,1
"15016","PmetTSAr1.1-020659",2.15812066376622,2.26083918562823,2.17510181606425,2.22405787035145,2.29386337202958,2.31821129511641,3.03829388747892,2.09468386408281,0.148175867366199,1.25439152880485,0.592658713635171,1
"15017","PmetTSAr1.1-020661",3.41702438429651,2.5880659098639,2.74251968112449,4.52754637892973,3.93233720919357,2.65746172854809,1.02673379645839,2.6042015607516,-0.390481122658635,1.58092932185119,0.284944866297976,1
"15018","PmetTSAr1.1-020662",14.0277843144804,21.2994849593397,9.92981263855418,17.58064792754,11.0688010332856,15.124915157162,19.0050521099544,19.2767528573026,0.0360724056188639,3.99883769107145,0.913005461967094,1
"15019","PmetTSAr1.1-020663",4.7208889519886,3.71848550267801,11.9630599883534,2.35644226739618,1.89334754516727,8.3681773579812,10.120661707947,13.1908470359809,0.566421676005682,2.82857879372883,0.284267745505852,1
"15020","PmetTSAr1.1-020665",6.24955775548968,6.03882045634909,9.26782512931723,12.6559483574761,4.22362144691161,8.62261518305496,11.2102567572498,8.97317276911148,-0.0498387045150549,3.08334026673873,0.891895529988554,1
"15021","PmetTSAr1.1-020666",2.56276828822238,2.32033495367108,9.97709746064253,4.95117644947286,2.84002131775091,3.90137998446421,2.7449413742051,2.71742771556688,-0.693626387734893,2.01617834237697,0.0914399307037995,1
"15022","PmetTSAr1.1-020676",2.92245506551675,3.27226724235665,3.02622861365461,1.08555205576678,1.89334754516727,1.10256390865293,2.13728259670931,2.09468386408281,-0.500353368688468,1.16499400975802,0.148651086627421,1
"15023","PmetTSAr1.1-020677",7.55342232318177,6.81226544090612,6.05245722730921,11.8351650957988,7.79185335895763,12.5522660369718,3.79262892161162,5.6046946633567,-0.120576108078838,2.9657628846074,0.756713990613813,1
"15024","PmetTSAr1.1-020678",4.09143709172346,3.00453628616383,4.63391256465862,4.47459262011184,4.84260045206245,3.56212955103254,2.66112637041257,2.88726694778981,-0.21920837807912,1.9346380187613,0.470953565039529,1
"15025","PmetTSAr1.1-020679",3.41702438429651,2.32033495367108,3.68821612289155,4.36868510247606,3.24053714461322,4.1840886789906,3.56213766118219,2.68912117686306,-0.0112699400241331,1.80550708900024,0.972477548868198,1
"15026","PmetTSAr1.1-020681",18.4789081834982,22.4299045521538,12.4359082092369,16.7333877864537,20.7904124671253,19.7330668779422,23.2167560505286,19.1352201637835,0.241118395842426,4.26209530211088,0.417997891438703,1
"15027","PmetTSAr1.1-020682",2.78757252403137,1.99310822943541,6.76172955863451,2.32996538798723,3.64105297147553,1.92241912277947,1.42485506447287,1.72669886093312,-0.668099540555358,1.51497841623632,0.0996467025003579,1
"15028","PmetTSAr1.1-020683",2.92245506551675,5.32487123983491,5.81603311686745,3.65380935843452,4.4784951549149,5.14529824038033,5.55274400125458,3.67985003149682,0.0920455925837112,2.21252033686313,0.778015463935204,1
"15029","PmetTSAr1.1-020684",5.48522335373914,6.12806410841336,4.4447732763052,6.19558978169332,5.49798998692805,7.01117562425452,7.45953533753446,6.02929274391403,0.222577498798134,2.60898998186923,0.440529151087284,1
"15030","PmetTSAr1.1-020686",1.84339473363365,2.14184764954254,2.08053217188754,1.98576595567094,2.07540019374105,1.21564738646349,1.67630007585044,1.24548770296816,-0.381050384969517,0.879744218196078,0.170147923372951,1
"15031","PmetTSAr1.1-020688",3.95655455023807,5.02739239962067,4.16106434377508,3.70676311725241,3.38617926347224,4.89086041530658,5.19653023513636,6.51050390187899,0.247494933514388,2.22396015881947,0.413069861842191,1
"15032","PmetTSAr1.1-020689",4.49608471617962,3.98621645887083,3.26265272409637,4.34220822306711,4.76977939263294,4.01446346227477,2.89161763084201,3.53831733797771,-0.0872697189740463,1.98969105510013,0.771434719386981,1
"15033","PmetTSAr1.1-020690",10.7456424716693,15.9746137195047,4.72848220883532,6.91046552573485,8.33801130467896,7.09598823261244,19.2774508722801,13.1059274198695,0.317734285743987,3.43946087831028,0.43982574293084,1
"15034","PmetTSAr1.1-020692",8.3627175720941,9.63831442294141,7.80199564457828,5.87786722878597,8.08313759667567,7.26561344932828,10.916904243976,9.02978584651913,0.157706960721196,3.07659024702767,0.606083116558534,1
"15035","PmetTSAr1.1-020693",8.22783503060871,8.06167656980593,6.33616615983933,9.02861587845052,7.06364276466252,7.83103083838106,10.0787542060508,9.42607738837263,0.119483319653296,3.05741520505151,0.686531477742509,1
"15036","PmetTSAr1.1-020695",8.13791333628512,9.93579326315565,29.8840075598392,37.5442150018851,15.9478120150628,34.3773772544093,11.6502855271606,11.1810827880096,-0.225438799366925,4.31431439435588,0.644091687940773,1
"15037","PmetTSAr1.1-020696",4.7658497991504,6.48503871667045,4.20834916586344,3.60085559961663,4.11438985776735,5.34319432654881,6.89378406193494,5.77453389557963,0.216885632182626,2.38309732229351,0.48470816092964,1
"15038","PmetTSAr1.1-020697",4.27128048037064,4.61092202332074,6.05245722730921,5.48071403765178,4.98824257092147,5.82379910724368,5.78323526168402,4.89703119576116,0.0756004369206039,2.40632444040159,0.797602220665144,1
"15039","PmetTSAr1.1-020699",1.48370795633928,1.4873942010712,6.09974204939757,5.40128339942494,2.51232655031811,5.59763215162256,1.76011507964296,2.06637732537899,-0.277934651604187,1.74719408836839,0.563204591764216,1
"15040","PmetTSAr1.1-020700",4.36120217469423,3.98621645887083,6.47802062610439,17.4217866510863,9.86725355269868,8.33990648852856,2.78684887610136,3.2552519509395,-0.41602688249294,2.83320315965262,0.407195329734257,1
"15041","PmetTSAr1.1-020703",3.64182862010549,5.65209796407058,3.02622861365461,3.09779489084666,4.51490568462965,2.8836286841692,3.81358267255975,3.70815657020064,-0.0531234776432671,1.94682435954221,0.872473159995799,1
"15042","PmetTSAr1.1-020707",3.5968677729437,3.74823338669944,2.78980450321284,2.38291914680512,3.16771608518371,2.40302390347433,2.91257138179014,2.17960348019427,-0.230574938211946,1.56314401425967,0.414746552934901,1
"15043","PmetTSAr1.1-020708",7.1937355458874,9.0136088584915,6.38345098192769,9.08156963726841,5.8620952840756,9.41419952772885,13.494215610596,7.78429814355097,0.206911062195278,3.10476645730703,0.527237469793227,1
"15044","PmetTSAr1.1-020709",2.65268998254598,2.55831802584247,2.97894379156625,2.67416482030353,2.65796866917713,2.31821129511641,2.53540386472379,2.46266886723249,-0.121068274155508,1.41330242812109,0.634846054806489,1
"15045","PmetTSAr1.1-020710",11.5549377205816,14.0410012581122,11.4429269453815,11.4380119046646,10.3405904389905,13.0328708176667,18.3135783286661,14.4646412776529,0.212771715640376,3.7167486757557,0.479551606929308,1
"15046","PmetTSAr1.1-020711",2.56276828822238,2.64756167790674,4.58662774257026,3.97153191134187,3.93233720919357,3.3925043343167,3.20592389506397,2.29282963500956,-0.103168219203486,1.75772056670187,0.738590676899727,1
"15047","PmetTSAr1.1-020713",4.94569318779758,5.74134161613485,7.23457777951804,3.65380935843452,3.78669509033455,3.6752130288431,3.87644392540414,3.70815657020064,-0.514659788297147,2.21039801795471,0.0829057849627557,1
"15048","PmetTSAr1.1-020716",3.64182862010549,3.2127714743138,3.54636165662649,6.19558978169332,6.00773740293462,6.44575823520174,1.55057757016166,2.20791001889809,-0.0413757194999472,2.05658444589786,0.936579942640643,1
"15049","PmetTSAr1.1-020718",3.01237675984035,5.17613181972779,3.40450719036143,2.91245673498404,3.422589793187,3.27942085650615,3.66690641592284,3.51001079927389,-0.0666435099929397,1.85271792232376,0.828743891459174,1
"15050","PmetTSAr1.1-020720",12.9936848297591,15.4094039230977,17.6372386389558,15.2771594189617,15.9478120150628,14.5312268986566,14.1856893918844,15.9648878289554,-0.0164516565406115,3.9357870790574,0.955729683956685,1
"15051","PmetTSAr1.1-020721",5.30537996509196,6.18755987645621,11.2065028349397,8.76384708436106,7.17287435380679,8.59434431360232,8.33959287735594,5.54808158594906,-0.0838300658301497,2.94474006303183,0.798037867757383,1
"15052","PmetTSAr1.1-020723",3.28214184281112,2.88554475007814,4.87033667510038,5.79843659055913,2.69437919889189,3.70348389829574,3.75072141971536,4.6988854248344,-0.180582512492462,2.00848184329593,0.567230246916147,1
"15053","PmetTSAr1.1-020727",2.87749421835496,2.49882225779962,3.40450719036143,4.13039318779555,3.27694767432797,3.02498303143239,2.2001438495537,2.3494427124172,-0.258271670506177,1.59850731331697,0.371293284908443,1
"15054","PmetTSAr1.1-020729",1.70851219214826,2.40957860573535,1.84410806144578,2.09167347330672,2.11181072345581,1.78106477551627,2.45158886093127,1.58516616741402,-0.0283970868982347,1.04490334969604,0.932206575200835,1
"15055","PmetTSAr1.1-020735",6.15963606116608,9.63831442294141,3.26265272409637,6.06320538464859,5.93491634350511,7.01117562425452,8.6538991415779,7.16155429206689,0.191903413283996,2.76743273206528,0.571876776983567,1
"15056","PmetTSAr1.1-020737",5.88987097819531,12.7023464771481,3.21536790200802,6.85751176691696,4.69695833320343,9.89480430842372,11.6083780252643,9.36946431096499,0.30887057584987,3.01965909455473,0.443696193349581,1
"15057","PmetTSAr1.1-020738",5.12553657644477,6.39579506460618,4.16106434377508,5.63957531410546,4.4784951549149,5.45627780435937,7.64811909606763,5.57638812465288,0.118669234174141,2.49327241817055,0.695075879816238,1
"15058","PmetTSAr1.1-020739",3.19222014848753,1.93361246139257,5.91060276104415,5.05708396710865,3.67746350119028,2.742274336906,2.01156009102053,2.12299040278663,-0.610384700201315,1.75645080965151,0.0872406739059306,1
"15059","PmetTSAr1.1-020741",1.84339473363365,5.17613181972779,2.50609557068272,3.20370240848244,1.89334754516727,2.2333986867585,1.34104006068035,3.56662387668154,-0.505411010460068,1.47791532811678,0.168729768681254,1
"15060","PmetTSAr1.1-020742",2.56276828822238,2.76655321399244,2.97894379156625,2.5417804232588,1.89334754516727,1.78106477551627,2.13728259670931,2.32113617371338,-0.410275978999665,1.28089231076021,0.108931418550009,1
"15061","PmetTSAr1.1-020743",4.22631963320885,3.86722492278513,3.97192505542167,2.88597985557509,3.38617926347224,2.65746172854809,1.29913255878409,2.06637732537899,-0.674443250427792,1.62823172465528,0.0328693793743948,1
"15062","PmetTSAr1.1-020745",1.97827727511903,1.78487304128545,1.60768395100401,1.29736709103834,1.3836001291607,1.38527260317932,1.63439257395418,1.6983923222293,-0.114098737643623,0.726880941369475,0.688073924797064,1
"15063","PmetTSAr1.1-020747",10.5657990830221,13.3865478096408,12.4831930313253,11.3056275076199,12.3795801030168,10.8842847392661,10.7283204854428,13.6437516552421,-0.00389399471394842,3.58294327676007,0.992566066111682,1
"15064","PmetTSAr1.1-020748",7.91310910047614,8.24016387393447,5.95788758313251,5.69252907292335,7.10005329437728,6.72846692972813,7.69002659796389,7.44461967910511,0.0594389907909963,2.83960613883623,0.841025292271217,1
"15065","PmetTSAr1.1-020750",9.08209112668284,8.00218080176308,8.74769208634535,11.0408587135304,8.81134819097078,9.72517909170788,8.42340788114846,9.11470546263059,-0.0326092324764926,3.19862146770863,0.913367636433371,1
"15066","PmetTSAr1.1-020751",11.2851726376109,15.2606645029906,10.1662367489959,9.21395403431314,13.1806117567414,11.67586908394,16.2810644866974,13.5871385778344,0.25274291421559,3.66089054605117,0.39975420253854,1
"15067","PmetTSAr1.1-020752",3.68678946726729,4.58117413929931,4.3502036321285,4.05096254956871,4.51490568462965,5.484548673812,6.43280154107606,4.50073965390765,0.329937216595012,2.25352989889125,0.245197187184831,1
"15068","PmetTSAr1.1-020753",6.96893131007841,8.06167656980593,6.99815366907628,6.24854354051121,5.71645316521658,6.19132041012799,6.76806155624615,6.36897120835989,-0.174036210461001,2.74972608954232,0.536230728925723,1
"15069","PmetTSAr1.1-020754",2.11315981660442,1.87411669334972,2.78980450321284,2.17110411153356,2.40309496117385,2.79881607581128,1.61343882300605,1.89653809315605,-0.0374207159067608,1.17845818216189,0.910930616175455,1
"15070","PmetTSAr1.1-020755",1.93331642795724,1.75512515726402,1.79682323935742,2.38291914680512,2.33027390174434,1.66798129770571,1.84393008343548,1.92484463185988,-0.0308513804965834,1.0114653292938,0.929059160688607,1
"15071","PmetTSAr1.1-020756",6.78908792143123,9.19209616262005,6.5725902702811,12.1793645281151,6.26261111093791,8.56607344414968,11.5036092705236,8.54857468855416,0.00437327511054955,3.1334527345009,0.990439969583203,1
"15072","PmetTSAr1.1-020757",5.44026250657734,5.50335854396346,11.0173635465863,12.5500408398403,10.9959799738561,8.93359474703399,4.71459396332936,7.07663467595543,-0.124425161271523,3.05933507879662,0.742941194220627,1
"15073","PmetTSAr1.1-020758",15.9161398952759,19.9013344103327,14.7528644915662,18.58676934508,14.6734434750464,15.8599577629306,17.0353995208301,18.2860240026688,-0.0713222595001627,4.08252147503633,0.805852707082458,1
"15074","PmetTSAr1.1-020761",4.94569318779758,5.8008373841777,3.16808307991967,4.68640765538341,5.68004263550182,4.86258954585394,4.71459396332936,4.89703119576116,0.109968183731578,2.29556148783371,0.709250669337143,1
"15075","PmetTSAr1.1-020763",7.77822655899075,10.2630199873913,3.73550094497991,6.03672850523964,7.10005329437728,7.15252997151772,11.6712392781087,8.94486623040766,0.324828505037407,2.98344669788689,0.350242559982534,1
"15076","PmetTSAr1.1-020764",2.83253337119316,4.75966144342786,2.45881074859437,4.97765332888181,3.67746350119028,5.59763215162256,6.24421778254289,4.5573527313153,0.41019748592569,2.15890686803165,0.202702613062408,1
"15077","PmetTSAr1.1-020766",9.486738751139,12.553607057041,11.8684903441767,9.4257690695847,10.0857167309872,9.21630344156038,9.84826294562134,10.5300323978217,-0.127047190455422,3.38356768054529,0.658570448988405,1
"15078","PmetTSAr1.1-020767",3.91159370307627,4.90840086353498,3.87735541124497,3.36256368493612,4.1508003874821,4.29717215680116,5.34320649177328,4.52904619261147,0.191469396938898,2.12534451215084,0.500588357757417,1
"15079","PmetTSAr1.1-020768",25.5827220350621,12.2561282168267,18.6302199028112,23.3790845180991,21.8827283585679,16.9625216715835,7.22904407710502,15.8516616741402,-0.367604358870081,4.1514281266454,0.316608659937752,1
"15080","PmetTSAr1.1-020769",5.88987097819531,5.89008103624197,5.72146347269074,6.11615914346648,7.39133753209532,5.11702737092769,5.74132775978776,6.22743851484078,0.0493216187652072,2.60227163736129,0.865822625658115,1
"15081","PmetTSAr1.1-020771",3.10229845416394,2.49882225779962,4.20834916586344,3.09779489084666,3.60464244176077,2.8836286841692,1.61343882300605,2.29282963500956,-0.315186592218848,1.56656634212211,0.311053028177395,1
"15082","PmetTSAr1.1-020774",10.7006816245075,7.19898793318463,13.9963073381526,9.79644538130995,10.7411062658528,6.13477867122271,3.68786016687097,4.78380504094587,-0.719692834767627,3.07391089385746,0.0496087769817113,1
"15083","PmetTSAr1.1-020776",4.54104556334142,3.86722492278513,4.25563398795179,2.70064169971247,4.8061899223477,3.64694215939046,3.4364151554934,3.9063023411274,0.0434520512389759,1.98173593288275,0.893239448052026,1
"15084","PmetTSAr1.1-020777",9.486738751139,9.34083558272717,8.98411619678711,9.98178353717257,8.08313759667567,9.86653343897108,9.63872543614003,9.53930354318792,-0.0254411940928827,3.23700324608975,0.930538563081649,1
"15085","PmetTSAr1.1-020778",7.1038138515638,10.4415072915199,4.91762149718874,6.98989616396169,6.69953746751497,8.6508860525076,10.2044767117396,9.05809238522295,0.231066030701773,3.01439197379068,0.467125486713173,1
"15086","PmetTSAr1.1-020779",10.1161906114042,10.382011523477,7.94385011084334,8.31374013440898,10.0128956715577,8.17028127181273,8.82152914916294,10.4168062430064,0.0251479794285998,3.22239883871626,0.933036601138689,1
"15087","PmetTSAr1.1-020780",7.01389215724021,6.09831622439194,6.28888133775098,8.02249446091058,7.28210594295105,6.61538345191757,5.13366898229197,6.87848890502868,-0.0847651931733863,2.74984794004821,0.774842317664074,1
"15088","PmetTSAr1.1-020781",3.46198523145831,4.67041779136358,3.26265272409637,5.26889900238021,3.85951614976406,4.24063041789588,4.02312018204106,3.14202579612421,-0.133823597811737,2.02075053508643,0.652037721974307,1
"15089","PmetTSAr1.1-020782",5.9797926725189,9.57881865489856,3.78278576706826,6.75160424928118,5.68004263550182,6.38921649629646,5.88800401642467,5.01025735057644,-0.188586546439924,2.63235904673082,0.566286384440565,1
"15090","PmetTSAr1.1-020783",10.1611514585659,11.0959607399912,12.2940537429718,9.34633843135787,10.8503378549971,9.55555387499205,11.1473955044054,10.6149520139331,-0.0236858002526781,3.4185289040929,0.934565856908011,1
"15091","PmetTSAr1.1-020784",1.48370795633928,1.69562938922117,1.89139288353413,1.66804340276359,1.78411595602301,1.41354347263196,1.92774508722801,1.61347270611784,0.00338091092718088,0.804322304321431,1,1
"15092","PmetTSAr1.1-020785",3.41702438429651,3.68873761865659,2.26967146024096,2.38291914680512,4.11438985776735,2.8836286841692,3.20592389506397,3.0004931026051,0.162716377628953,1.66997185988979,0.567808430381939,1
"15093","PmetTSAr1.1-020787",2.29300320525161,3.27226724235665,3.12079825783131,2.51530354384985,2.62155813946238,3.13806650924295,2.93352513273827,3.651543492793,0.140688900303027,1.58837533186528,0.611637008928114,1
"15094","PmetTSAr1.1-020788",9.80146468127158,12.5833549410624,7.94385011084334,15.3036362983707,11.1416220927151,16.6232712381519,12.362713059397,10.8414043235637,0.156912949657505,3.60245327657488,0.617228383548816,1
"15095","PmetTSAr1.1-020789",8.00303079479973,9.51932288685571,6.38345098192769,15.3301131777796,10.5954641469938,12.3543699508033,9.03106665864425,7.303086985586,-0.00228169986058257,3.30523176167707,1,1
"15096","PmetTSAr1.1-020790",4.04647624456166,4.61092202332074,4.06649469959838,4.79231517301919,3.67746350119028,4.43852650406435,4.1907501896261,4.50073965390765,-0.06150987141269,2.12249142491444,0.827031627977917,1
"15097","PmetTSAr1.1-020791",1.79843388647185,2.88554475007814,3.83007058915661,1.64156652335464,1.56565277773448,1.89414825332683,3.39450765359714,2.77404079297453,-0.0613791206660792,1.34128382183275,0.847101806733702,1
"15098","PmetTSAr1.1-020792",6.74412707426943,8.12117233784878,4.20834916586344,8.15487885795531,7.28210594295105,7.94411431619162,8.71676039442229,7.13324775336307,0.187004679018726,2.87951588591537,0.542908921232554,1
"15099","PmetTSAr1.1-020793",8.09295248912332,11.2744480441197,7.70742600040158,10.8025667988499,9.39391666640686,11.67586908394,12.0064992932788,10.1337408559682,0.188007970931326,3.35136627910528,0.521717185363318,1
"15100","PmetTSAr1.1-020794",2.24804235808981,2.73680532997102,3.07351343574296,3.36256368493612,3.53182138233126,3.19460824814823,3.35260015170088,3.2552519509395,0.217858103922509,1.6597098792924,0.407383157516599,1
"15101","PmetTSAr1.1-020796",5.62010589522453,5.65209796407058,5.57960900642568,5.42776027883389,4.44208462520014,4.21235954844324,4.84031646901815,4.33090042168472,-0.320504404161339,2.3424059071925,0.238455963512582,1
"15102","PmetTSAr1.1-020797",3.23718099564933,4.28369529908507,2.83708932530119,4.26277758484027,3.422589793187,3.59040042048518,3.18497014411584,3.11371925742039,-0.144506568036261,1.83049009620546,0.61167544787758,1
"15103","PmetTSAr1.1-020798",14.8370795633928,14.4277237503907,10.6390849698795,13.2913934632908,12.1611169247283,9.04667822484454,9.76444794182881,8.91655969170384,-0.416619966241964,3.54753810363102,0.153576714512382,1
"15104","PmetTSAr1.1-020802",5.57514504806273,6.03882045634909,8.18027422128511,9.21395403431314,6.08055846236413,9.01840735539191,10.2673379645839,8.06736353058919,0.20540159939328,2.97716006400238,0.51261560270353,1
"15105","PmetTSAr1.1-020803",24.5486225503407,6.87176120894897,6.14702687148592,6.98989616396169,11.8334221572955,4.12754694008532,3.10115514032331,8.43534853373887,-0.696664738178547,3.17648765048764,0.157929976330487,1
"15106","PmetTSAr1.1-020805",8.85728689087386,9.07310462653435,12.9087564301204,11.3585812664377,8.99340083954455,11.7889525617505,9.03106665864425,8.29381584021976,-0.146515691159731,3.33583056039327,0.621922829284807,1
"15107","PmetTSAr1.1-020806",3.73175031442909,5.26537547179207,1.56039912891566,3.52142496138979,2.11181072345581,4.60815172078019,7.81574910365268,4.6988854248344,0.448519444873869,2.08601289471496,0.267641050816679,1
"15108","PmetTSAr1.1-020807",3.41702438429651,3.65898973463516,2.2223866381526,4.76583829361024,3.75028456061979,2.57264912019017,4.02312018204106,3.14202579612421,-0.0689294504241536,1.81236200883098,0.833520453972669,1
"15109","PmetTSAr1.1-020808",11.0154075546401,13.8030181859408,10.4499456815261,12.0734570104793,13.1077906973119,9.66863735280261,11.7760080328493,11.5773743298631,-0.0390072751989463,3.55421701309781,0.896268039813412,1
"15110","PmetTSAr1.1-020809",6.20459690832788,3.86722492278513,2.97894379156625,10.1671216930352,7.5733901806691,7.83103083838106,3.08020138937518,7.67107198873568,0.166065062315745,2.6411296524725,0.68132583399444,1
"15111","PmetTSAr1.1-020810",21.0866373188824,22.8166270444323,25.9120825044176,15.9126045247764,22.6837600122925,12.382640820256,14.6885794146395,12.5114901070892,-0.461457391155984,4.21318970057241,0.146168167968461,1
"15112","PmetTSAr1.1-020813",10.6107599301839,10.7092382477127,35.4163317441766,4.15687006720449,6.33543217036742,1.72452303661099,6.85187656003867,8.71841392077709,-1.36316868622537,3.40408295823789,0.0140851810080896,1
"15113","PmetTSAr1.1-020818",8.63248265506487,13.8922618380051,8.03841975502005,14.6152374337381,7.42774806181008,12.6088077758771,13.9342443805068,12.4548770296816,0.037648104358822,3.52668292393907,0.909195229302344,1
"15114","PmetTSAr1.1-020821",3.46198523145831,4.9381487475564,1.98596252771084,2.99188737321088,3.16771608518371,3.92965085391685,4.81936271807002,3.76476964760829,0.225284803582303,1.8890817360003,0.472865736020674,1
"15115","PmetTSAr1.1-020823",10.2061123057277,12.4346155209553,9.92981263855418,10.0876910548083,10.3770009687053,12.7784329925929,12.9075105840484,12.709635878016,0.193082099462896,3.52297508630263,0.497751128507807,1
"15116","PmetTSAr1.1-020825",5.17049742360657,5.41411489189919,3.35722236827308,4.95117644947286,2.94925290689518,2.742274336906,2.89161763084201,3.651543492793,-0.630243445566372,1.981793802223,0.0263722576761298,1
"15117","PmetTSAr1.1-020826",7.37357893453458,6.39579506460618,13.4288894730923,14.2975148808307,6.22620058122315,8.5095317052444,9.78540169277695,8.83164007559238,-0.313877366119492,3.23530800447413,0.355254707292344,1
"15118","PmetTSAr1.1-020829",9.5766604454626,7.02050062905609,9.22054030722888,15.4360206954154,12.1611169247283,11.986848647919,6.49566279392046,9.68083623670703,-0.0357720903312592,3.35876397764444,0.921044778819064,1
"15119","PmetTSAr1.1-020830",2.65268998254598,3.06403205420668,2.1278169939759,3.65380935843452,3.24053714461322,2.57264912019017,4.12788893678171,2.83065387038217,0.144179163801943,1.63399628588115,0.615751962711202,1
"15120","PmetTSAr1.1-020833",1.70851219214826,5.11663605168494,2.26967146024096,2.56825730266774,1.85693701545252,2.8836286841692,3.03829388747892,2.32113617371338,-0.213338530092019,1.48085139032107,0.543210227905534,1
"15121","PmetTSAr1.1-020834",27.0214691442395,21.0317540031468,13.523459117269,13.1590090662461,19.333991278535,12.4957242980665,9.15678916433303,13.2191535746847,-0.464121873780153,4.01492961125933,0.178406674334181,1
"15122","PmetTSAr1.1-020837",1.84339473363365,2.08235188149969,16.3605484425702,2.88597985557509,2.18463178288532,2.45956564237961,2.38872760808688,1.72669886093312,-1.39634344911385,2.00389081383837,0.0125583346265981,1
"15123","PmetTSAr1.1-020838",16.995200227159,24.5717522016963,3.30993754618473,7.25466495805115,6.33543217036742,6.47402910465438,3.52023015928592,19.3899790121179,-0.546204461382531,3.46503725846169,0.327534089269167,1
"15124","PmetTSAr1.1-020839",5.12553657644477,5.9198289202634,3.6409313008032,5.93082098760386,5.06106363035098,4.8343186764013,5.19653023513636,4.10444811205415,-0.107679558302743,2.3340756881741,0.720357971762518,1
"15125","PmetTSAr1.1-020840",1.88835558079544,1.96336034541399,2.31695628232931,2.51530354384985,2.18463178288532,2.77054520635864,2.64017261946444,2.66081463815924,0.239367585228074,1.28303035242498,0.368691529500888,1
"15126","PmetTSAr1.1-020841",1.61859049782466,1.99310822943541,3.02622861365461,1.72099716158148,1.96616860459678,1.41354347263196,1.82297633248735,1.52855309000637,-0.302607216790757,0.955974713448002,0.293611614586346,1
"15127","PmetTSAr1.1-020842",5.26041911793016,4.25394741506365,1.5131143068273,2.78007233793931,4.11438985776735,3.50558781212726,2.6820801213607,3.34017156705096,-0.0214120443694783,1.80348236334115,0.969280039661072,1
"15128","PmetTSAr1.1-020845",4.99065403495938,7.76419772959169,3.87735541124497,5.50719091706073,3.49541085261651,8.02892692454953,7.24999782805315,6.59542351799046,0.194871604555614,2.58784997969606,0.564386077436148,1
"15129","PmetTSAr1.1-020846",58.4491013103351,66.9029911641828,24.3989681975903,44.8518337187542,41.7628775828243,44.2439106933804,39.1416067711078,36.6852741601529,-0.266381638422987,5.479555874715,0.446486427467856,1
"15130","PmetTSAr1.1-020848",4.18135878604705,4.70016567538501,5.48503936224898,7.49295687273166,6.48107428922644,3.92965085391685,6.24421778254289,6.9067954437325,0.104573311087965,2.52201097150868,0.737965007632123,1
"15131","PmetTSAr1.1-020849",20.6370288472645,23.1438537686679,18.2992261481927,30.3160269232429,23.8124864334499,31.4372068313348,33.9031690340752,28.0800863941911,0.342673034377532,4.71570786211371,0.254555254674548,1
"15132","PmetTSAr1.1-020850",3.19222014848753,3.4507545464852,7.89656528875499,6.35445105814699,4.76977939263294,5.00394389311714,5.36416024272141,3.08541271871657,-0.195125181372336,2.30674240292633,0.580054952883466,1
"15133","PmetTSAr1.1-020851",4.85577149347399,2.37983072171393,13.9490225160642,12.0469801310703,10.1585377904167,11.2235351726978,3.01734013653079,4.84041811835351,-0.185323299604381,2.97419343759097,0.716723412038379,1
"15134","PmetTSAr1.1-020852",4.27128048037064,3.62924185061374,4.11377952168673,4.395161981885,4.91542151149196,3.36423346486407,2.87066387989388,5.29332273761466,-0.000670951341783934,2.05807906364565,1,1
"15135","PmetTSAr1.1-020853",1.66355134498646,2.17159553356396,2.26967146024096,2.85950297616615,2.00257913431154,2.26166955621114,1.59248507205792,1.83992501574841,-0.234266135040913,1.10072087687066,0.418707273825196,1
"15136","PmetTSAr1.1-020855",6.15963606116608,6.90150909297039,9.45696441767065,8.39317077263582,6.69953746751497,7.49178040494939,10.602597979754,8.83164007559238,0.123408818071677,3.02373004980179,0.689119192933398,1
"15137","PmetTSAr1.1-020856",10.8805250131547,11.8991536085696,11.0646483686747,11.226196869393,11.3236747412889,11.8737651701085,10.0158929532064,11.3792285589363,-0.0161166608197216,3.49429460121627,0.957507206491123,1
"15138","PmetTSAr1.1-020857",1.84339473363365,2.67730956192817,2.78980450321284,4.52754637892973,2.22104231260007,2.85535781471656,2.7449413742051,2.54758848334395,-0.200126981483582,1.5079710153501,0.520466955440932,1
"15139","PmetTSAr1.1-020858",3.5519069257819,1.78487304128545,8.65312244216864,4.18334694661344,3.20412661489846,2.99671216197976,1.94869883817614,1.44363347389491,-0.918028001127573,1.81003772549671,0.0274517931837103,1
"15140","PmetTSAr1.1-020859",7.28365724021099,8.18066810589163,6.43073580401604,7.36057247568693,7.93749547781665,8.5095317052444,11.1264417534573,7.69937852743951,0.269797638203008,3.02410526933054,0.355149332785057,1
"15141","PmetTSAr1.1-020860",3.10229845416394,4.10520799495653,4.11377952168673,5.34832964060705,4.1508003874821,5.31492345709617,4.27456519341862,4.47243311520383,0.122390883707717,2.14645167873996,0.673078394355336,1
"15142","PmetTSAr1.1-020865",12.8588022882737,13.4460435776837,18.3465109702811,11.1202893517572,11.5421379195774,12.2130156035401,10.602597979754,11.0678566331943,-0.294592189382201,3.66702021781417,0.314901221511117,1
"15143","PmetTSAr1.1-020870",2.83253337119316,4.55142625527789,2.03324734979919,2.67416482030353,2.36668443145909,3.10979563979031,3.26878514790836,4.5573527313153,0.132472942089632,1.69774663676304,0.673021058673342,1
"15144","PmetTSAr1.1-020872",6.69916622710764,8.86486943838438,4.68119738674697,8.44612453145371,5.38875839778378,8.6508860525076,9.36632667381433,8.40704199503505,0.146860766447792,2.93284891288721,0.647262873399684,1
"15145","PmetTSAr1.1-020874",6.06971436684249,6.72302178884185,5.72146347269074,5.77195971115018,6.62671640808546,6.30440388793854,6.83092280909054,7.86921775966244,0.185571752492472,2.7123652796268,0.509452857120411,1
"15146","PmetTSAr1.1-020876",2.47284659389879,2.64756167790674,1.84410806144578,1.66804340276359,2.0389896640263,1.72452303661099,2.51445011377566,2.57589502204778,0.041319806065587,1.16900009307025,0.895049522968308,1
"15147","PmetTSAr1.1-020877",9.08209112668284,8.18066810589163,6.47802062610439,7.78420254623007,8.9569903098298,6.72846692972813,13.0751405916334,10.1903539333758,0.305964968600526,3.15021980152448,0.322311403460422,1
"15148","PmetTSAr1.1-020879",1.79843388647185,4.13495587897795,1.84410806144578,4.65993077597446,2.58514760974762,1.83760651442155,1.86488383438361,2.00976424797134,-0.603373613309969,1.41173378151715,0.0814451134806197,1
"15149","PmetTSAr1.1-020883",2.87749421835496,3.4507545464852,2.64795003694778,3.91857815252398,2.11181072345581,2.48783651183225,3.14306264221958,2.54758848334395,-0.32753661200592,1.5673865452969,0.232596769409777,1
"15150","PmetTSAr1.1-020885",13.3983324542153,14.4574716344121,8.98411619678711,9.66406098426522,12.4524011624463,9.32938691937094,9.1358354133849,14.8892393582102,-0.022900370632411,3.53592912612128,0.945265659398392,1
"15151","PmetTSAr1.1-020886",6.65420537994584,9.69781019098426,3.92464023333332,4.71288453479235,5.71645316521658,6.21959127958062,7.39667408469007,6.36897120835989,0.0390293269557211,2.67899609380005,0.908356724759842,1
"15152","PmetTSAr1.1-020887",10.7906033188311,10.4117594074984,10.4499456815261,15.1977287807349,9.53955878526588,11.7889525617505,8.42340788114846,12.0868920265319,-0.164923592437911,3.4788393198305,0.583754538943708,1
"15153","PmetTSAr1.1-020888",2.83253337119316,2.73680532997102,2.08053217188754,3.8126706348882,2.7672002583214,3.16633737869559,2.64017261946444,3.31186502834714,0.0415795667941944,1.57777401897542,0.876105879392496,1
"15154","PmetTSAr1.1-020889",1.61859049782466,1.96336034541399,2.69523485903613,1.61508964394569,2.00257913431154,1.80933564496891,2.55635761567192,1.75500539963695,0.0567663082622352,1.04415098633334,0.869657503316728,1
"15155","PmetTSAr1.1-020891",1.70851219214826,2.29058706964966,2.41152592650602,3.36256368493612,2.58514760974762,2.0920443394953,2.26300510239809,2.46266886723249,-0.0697778491657734,1.2998048500324,0.836145645771513,1
"15156","PmetTSAr1.1-020893",14.1626668559658,14.7846983586478,27.8034753879517,17.8189398422205,17.549875322512,19.7896086168474,12.9284643349965,13.3323797295,-0.229020648449231,4.114637826302,0.479723353449016,1
"15157","PmetTSAr1.1-020895",7.23869639304919,7.73444984557027,8.88954655261041,10.0612141753994,8.08313759667567,6.70019606027549,6.64233905055737,8.49196161114651,-0.183169150657589,3.00724584245612,0.532732698310384,1
"15158","PmetTSAr1.1-020898",7.41853978169638,6.33629929656333,15.934985043775,10.723136160623,10.2313588498462,10.262325611308,6.55852404676485,6.31235813095224,-0.275859051977827,3.21289059202565,0.433938235705403,1
"15159","PmetTSAr1.1-020899",12.9037631354355,15.8853700674405,8.93683137469876,7.70477190800323,14.8554961236202,3.10979563979031,5.57369775220271,8.6051877659618,-0.501451848311065,3.28490914542352,0.237261874760169,1
"15160","PmetTSAr1.1-020902",3.10229845416394,2.64756167790674,5.53232418433733,4.1039163083866,3.60464244176077,4.91913128475922,3.60404516307845,3.17033233482803,-0.0036468026251386,1.96089829530573,0.992234876798764,1
"15161","PmetTSAr1.1-020903",4.04647624456166,4.1944516470208,5.10676078554215,5.374806520016,5.38875839778378,4.86258954585394,5.04985397849945,5.12348350539173,0.123907918713364,2.30929142104708,0.659348134407482,1
"15162","PmetTSAr1.1-020906",10.3859556943749,12.6428507091052,20.3324734979919,11.0673355929393,14.3821592373283,13.3438503816457,12.5093893160339,13.3606862682038,-0.020917636926046,3.76107889813564,0.946740295659437,1
"15163","PmetTSAr1.1-020907",4.13639793888525,3.00453628616383,3.30993754618473,3.1242717702556,2.87643184746567,2.742274336906,2.01156009102053,1.64177924482166,-0.550622571561583,1.53939643286591,0.0529804864267548,1
"15164","PmetTSAr1.1-020908",3.28214184281112,4.61092202332074,2.1278169939759,1.05907517635783,2.84002131775091,1.9506899922321,1.19436380404344,1.21718116426433,-0.628784201164448,1.223486885166,0.123593025907384,1
"15165","PmetTSAr1.1-020909",3.28214184281112,3.98621645887083,1.93867770562248,2.56825730266774,3.53182138233126,1.72452303661099,1.65534632490231,2.51928194464013,-0.334076950347661,1.43708279055445,0.31116150527477,1
"15166","PmetTSAr1.1-020911",4.54104556334142,3.86722492278513,4.4447732763052,5.05708396710865,3.85951614976406,3.30769172595879,2.72398762325697,2.85896040908599,-0.4945508908389,1.95876036729131,0.0728410920416113,1
"15167","PmetTSAr1.1-020912",8.58752180790308,8.56739059817014,8.700407264257,15.0388675042812,8.70211660182651,10.5167634363818,6.68424655245363,9.08639892392677,-0.228062438970821,3.25540858870094,0.474725499527654,1
"15168","PmetTSAr1.1-020913",2.92245506551675,3.4507545464852,3.59364647871485,5.53366779646967,3.05848449603944,5.00394389311714,5.36416024272141,3.99122195723886,0.16542787852076,2.06587902694182,0.595613076473837,1
"15169","PmetTSAr1.1-020914",3.64182862010549,3.48050243050662,4.20834916586344,3.70676311725241,4.84260045206245,3.47731694267462,4.52601020479619,3.56662387668154,0.127475085604361,1.99709465638036,0.645665503743003,1
"15170","PmetTSAr1.1-020916",3.77671116159088,4.78940932744928,7.47100188995981,7.36057247568693,4.33285303605588,10.9408264781714,8.44436163209659,5.09517696668791,0.301306722813596,2.72169331697535,0.410288142044571,1
"15171","PmetTSAr1.1-020918",3.91159370307627,4.90840086353498,4.49205809839356,1.87985843803515,5.20670574921,2.62919085909545,2.82875637799762,3.31186502834714,-0.120613086661671,1.88635502158649,0.732760791563402,1
"15172","PmetTSAr1.1-020919",2.15812066376622,2.67730956192817,1.98596252771084,3.1242717702556,2.4395054908886,3.90137998446421,5.76228151073589,3.14202579612421,0.613039391376471,1.69039596161269,0.0515397367048253,1
"15173","PmetTSAr1.1-020922",7.73326571182895,8.00218080176308,5.91060276104415,6.48683545519172,7.10005329437728,8.11373953290745,10.4768754740653,7.16155429206689,0.224671278854141,2.9431289215061,0.451299320259685,1
"15174","PmetTSAr1.1-020923",8.72240434938847,12.2858761008482,8.700407264257,7.75772566682112,7.46415859152483,11.5345147366768,13.2637243501666,10.4451127817102,0.189673322954611,3.33495145128317,0.54212023990495,1
"15175","PmetTSAr1.1-020924",4.09143709172346,4.40268683517077,3.45179201244979,4.36868510247606,4.36926356577063,3.05325390088503,2.49349636282753,4.01952849594268,-0.235965656677873,1.94096053291925,0.418505838844868,1
"15176","PmetTSAr1.1-020925",4.54104556334142,1.39815054900693,13.381604651004,4.50106949952079,5.20670574921,3.02498303143239,1.34104006068035,2.06637732537899,-1.0327568960899,2.15560182249347,0.053845955697417,1
"15177","PmetTSAr1.1-020926",3.73175031442909,5.86033315222055,4.58662774257026,5.69252907292335,4.33285303605588,8.19855214126537,7.10332157141624,5.3499358150223,0.328037838627218,2.50579214342494,0.29464057995721,1
"15178","PmetTSAr1.1-020928",8.49760011357949,7.49646677339887,7.51828671204816,11.0143818341215,6.62671640808546,7.29388431878091,7.98337911123772,7.50123275651275,-0.2324191544896,3.00986197090869,0.427239551194776,1
"15179","PmetTSAr1.1-020930",6.42940114413686,8.53764271414872,6.90358402489957,6.5927429728275,5.46157945721329,7.63313475221258,11.0426267496648,8.43534853373887,0.196076848040099,2.94476199958106,0.531514949850916,1
"15180","PmetTSAr1.1-020931",4.90073234063579,5.14638393570637,10.9227939024096,5.61309843469651,6.11696899207889,6.44575823520174,5.55274400125458,5.3499358150223,-0.176143551366898,2.657099945472,0.588914804224308,1
"15181","PmetTSAr1.1-020932",1.66355134498646,2.08235188149969,1.79682323935742,2.48882666444091,1.85693701545252,1.86587738387419,1.65534632490231,1.98145770926752,-0.142204649287978,0.991114950702856,0.63410969642041,1
"15182","PmetTSAr1.1-020937",3.82167200875268,4.43243471919219,4.82305185301203,3.49494808198085,2.84002131775091,5.14529824038033,4.75650146522562,9.00147930781531,0.394875491134185,2.27979917097572,0.259367918836354,1
"15183","PmetTSAr1.1-020938",5.26041911793016,5.56285431200631,63.3616615983933,6.61921985223645,8.15595865610518,8.90532387758135,5.84609651452841,6.36897120835989,-1.46318664231543,3.78320482976629,0.024510282953623,1
"15184","PmetTSAr1.1-020939",5.08057572928297,6.27680352852048,6.19431169357427,4.31573134365817,5.71645316521658,4.72123519859075,9.1358354133849,6.14251889872931,0.237585565602526,2.58834049986157,0.452755828455844,1
"15185","PmetTSAr1.1-020940",3.95655455023807,5.38436700787776,9.74067335020077,6.3014972993291,5.8620952840756,6.50229997410702,7.79479535270455,7.16155429206689,0.10925077604437,2.73322753775079,0.744332437202376,1
"15186","PmetTSAr1.1-020942",5.9348318253571,4.46218260321361,3.83007058915661,3.97153191134187,5.42516892749854,3.84483824555893,2.53540386472379,3.87799580242358,-0.218226338752314,2.10018722698345,0.492061264422442,1
"15187","PmetTSAr1.1-020943",6.78908792143123,7.31797946927033,2.64795003694778,4.55402325833868,5.24311627892476,4.1840886789906,5.6994202578915,7.89752429836626,0.109609620622838,2.48755030670771,0.760274096160968,1
"15188","PmetTSAr1.1-020946",3.46198523145831,5.23562758777064,2.69523485903613,3.33608680552717,3.02207396632469,3.47731694267462,5.17557648418823,3.96291541853504,0.0850855568502546,1.95093168149338,0.789327172845887,1
"15189","PmetTSAr1.1-020947",13.0386456769209,14.6954547065835,15.2257127124497,15.9126045247764,14.6006224156169,13.6831008150774,14.1437818899881,13.4172993456115,-0.0767012982473884,3.84812357640744,0.786338124424084,1
"15190","PmetTSAr1.1-020948",3.46198523145831,3.74823338669944,9.55153406184735,5.45423715824283,4.44208462520014,5.11702737092769,2.66112637041257,3.9063023411274,-0.460560228850991,2.27500548501959,0.204025656035119,1
"15191","PmetTSAr1.1-020949",9.80146468127158,7.10974428112036,6.47802062610439,8.76384708436106,6.22620058122315,5.31492345709617,5.51083649935832,6.9067954437325,-0.425036713242297,2.82182175984244,0.149513689871524,1
"15192","PmetTSAr1.1-020950",3.10229845416394,3.83747703876371,3.92464023333332,3.54790184079874,3.60464244176077,3.64694215939046,3.49927640833779,3.42509118316243,-0.0249664701051612,1.86191684396821,0.931247362918172,1
"15193","PmetTSAr1.1-020952",4.04647624456166,2.94504051812099,4.3502036321285,5.29537588178916,4.66054780348867,3.73175476774837,2.97543263463453,3.2552519509395,-0.190880774192552,1.9871494383993,0.52193029948873,1
"15194","PmetTSAr1.1-020954",9.5316995983008,9.48957500283429,14.0435921602409,10.4583673665336,9.61237984469539,12.8349747314982,10.434967972169,10.3601931655987,-0.00774101452758019,3.44686133055482,0.979534753661964,1
"15195","PmetTSAr1.1-020955",2.29300320525161,2.64756167790674,1.56039912891566,2.32996538798723,1.85693701545252,1.15910564755821,2.13728259670931,3.59493041538536,-0.0190609139561076,1.17839529875942,0.974928832779427,1
"15196","PmetTSAr1.1-020956",6.38444029697506,7.79394561361311,4.96490631927709,7.33409559627799,5.24311627892476,7.15252997151772,9.55491043234751,7.10494121465925,0.13337224134505,2.81006244538031,0.668222380112573,1
"15197","PmetTSAr1.1-020957",6.20459690832788,6.99075274503466,4.58662774257026,6.75160424928118,5.09747416006574,5.99342432395951,8.02528661313398,7.67107198873568,0.125779596884856,2.69706952476718,0.682720298082387,1
"15198","PmetTSAr1.1-020960",4.67592810482681,4.72991355940643,5.01219114136544,5.374806520016,5.49798998692805,4.55160998187491,6.03468027306158,5.43485543113377,0.120342667021388,2.38627411905525,0.669347806695129,1
"15199","PmetTSAr1.1-020961",19.423085973896,23.2925931887751,11.3010724791164,19.8047057978915,17.2221805550792,23.8888846874801,18.6069308419399,18.7106220832262,0.0861324043371541,4.25547786491236,0.78167777964106,1
"15200","PmetTSAr1.1-020963",8.54256096074128,10.2332721033699,6.52530544819275,10.9614280753036,6.1897900515084,8.56607344414968,10.7492742363909,10.7281781687484,-0.00221547100869441,3.1910419818074,0.998709266102674,1
"15201","PmetTSAr1.1-020964",2.24804235808981,2.40957860573535,2.55338039277107,4.02448567015976,3.13130555546895,2.62919085909545,2.38872760808688,2.26452309630574,-0.123503925860083,1.46978435181917,0.686419438858572,1
"15202","PmetTSAr1.1-020966",5.57514504806273,6.12806410841336,4.20834916586344,4.28925446424922,5.17029521949525,5.82379910724368,5.57369775220271,5.37824235372613,0.119222445642248,2.41473493120437,0.67773059713686,1
"15203","PmetTSAr1.1-020967",3.10229845416394,3.95646857484941,2.64795003694778,3.60085559961663,3.64105297147553,3.56212955103254,3.56213766118219,3.48170426057007,0.090518328729517,1.81167128876649,0.735586489880639,1
"15204","PmetTSAr1.1-020968",2.427885746737,3.15327570627095,1.93867770562248,1.5621358851278,1.82052648573776,1.10256390865293,2.36777385713875,1.92484463185988,-0.32678700848779,1.06865667917734,0.296892416142503,1
"15205","PmetTSAr1.1-020969",4.13639793888525,4.8191572114707,6.76172955863451,4.07743942897765,4.87901098177721,4.57988085132755,3.47832265738966,3.99122195723886,-0.224181240710668,2.21511224655976,0.45076521725273,1
"15206","PmetTSAr1.1-020970",19.2432425852488,21.4779722634682,13.9490225160642,15.0123906248723,16.1662751933513,15.3228112433304,20.3460921706347,19.8994967087867,0.0419363959062116,4.14909347453745,0.889983711476213,1
"15207","PmetTSAr1.1-020971",1.93331642795724,1.81462092530687,3.78278576706826,4.05096254956871,1.63847383716399,2.28994042566378,1.17341005309531,2.09468386408281,-0.690290798073025,1.26420979293486,0.0395284675113785,1
"15208","PmetTSAr1.1-020974",1.70851219214826,1.6063857371569,1.60768395100401,1.37679772926518,1.34718959944595,1.55489781989516,1.38294756257661,1.24548770296816,-0.179442941335936,0.620040684601526,0.498751798398235,1
"15209","PmetTSAr1.1-020976",8.13791333628512,7.73444984557027,6.61987509236945,6.88398864632591,6.69953746751497,6.98290475480188,8.31863912640781,8.69010738207327,0.0642217601131778,2.92065193839126,0.827817962818562,1
"15210","PmetTSAr1.1-020977",12.7239197467883,11.2447001600983,10.1189519269076,16.2832808365017,8.08313759667567,11.7041399533926,11.2312105081979,10.5017258591179,-0.279132334984816,3.52993782567731,0.351604152717323,1
"15211","PmetTSAr1.1-020978",3.86663285591448,4.13495587897795,3.16808307991967,3.33608680552717,4.18721091719686,3.56212955103254,4.21170394057423,4.38751349909237,0.171136296695216,1.97111014552296,0.527756496889832,1
"15212","PmetTSAr1.1-020979",20.4571854586173,20.972258235104,32.7210968851404,22.0817174270608,15.2924224801972,17.9237312329733,16.1972494829049,27.0610510008536,-0.330704877426992,4.43576885681119,0.293954136191271,1
"15213","PmetTSAr1.1-020980",9.5316995983008,7.49646677339887,8.03841975502005,7.41352623450482,7.31851647266581,6.07823693231743,5.32225274082515,7.84091122095862,-0.290187713979771,2.89408942967578,0.323868953476441,1
"15214","PmetTSAr1.1-020981",4.99065403495938,6.57428236873473,4.49205809839356,4.7393614142013,3.96874773890832,3.95792172336949,4.63077895953684,4.61396580872294,-0.277210536319844,2.26543362161445,0.327402515825669,1
"15215","PmetTSAr1.1-020982",6.60924453278405,5.94957680428482,6.00517240522086,7.81067942563901,5.5344005166428,6.98290475480188,6.43280154107606,6.51050390187899,-0.0515327345142587,2.70998957965919,0.861684179532345,1
"15216","PmetTSAr1.1-020983",3.64182862010549,4.01596434289225,3.97192505542167,4.47459262011184,3.67746350119028,3.47731694267462,3.2268776460121,3.08541271871657,-0.262253679566107,1.90929412361074,0.32402834124938,1
"15217","PmetTSAr1.1-020984",1.57362965066287,1.51714208509263,2.74251968112449,2.22405787035145,2.00257913431154,4.12754694008532,4.16979643867797,2.94388002519746,0.726615065907583,1.45138016952613,0.0232815687811768,1
"15218","PmetTSAr1.1-020986",3.37206353713472,4.8191572114707,2.08053217188754,3.4684712025719,4.29644250634112,2.79881607581128,4.23265769152236,3.05710618001275,0.0578190061890621,1.84132975621409,0.849790454319902,1
"15219","PmetTSAr1.1-020988",3.68678946726729,3.12352782224953,5.91060276104415,4.97765332888181,5.20670574921,4.49506824296963,3.60404516307845,3.79307618631211,-0.0498562655724469,2.13930010320986,0.875131626333212,1
"15220","PmetTSAr1.1-020990",7.64334401750536,7.91293714969881,7.14000813534134,6.19558978169332,9.10263242868882,6.9263630158966,7.37572033374194,7.92583083707008,0.116549115760492,2.92368321277473,0.686860558006267,1
"15221","PmetTSAr1.1-020992",8.99216943235925,10.4415072915199,8.27484386546182,7.46647999332272,9.46673772583637,8.6508860525076,9.42918792665873,9.59591662059556,0.0783784275402107,3.18619328608734,0.786008076019496,1
"15222","PmetTSAr1.1-020993",2.02323812228083,2.43932648975678,3.30993754618473,3.1242717702556,1.78411595602301,3.33596259541143,2.70303387230883,2.26452309630574,-0.10718134856345,1.42559864511709,0.717361303028161,1
"15223","PmetTSAr1.1-020997",6.65420537994584,4.87865297951355,4.01920987751002,4.52754637892973,6.04414793264938,4.3254430262538,4.96603897470693,3.96291541853504,-0.0572719201030092,2.3161139161454,0.850577296160084,1
"15224","PmetTSAr1.1-020999",5.26041911793016,5.20587970374922,2.08053217188754,7.46647999332272,4.07797932805259,4.09927607063268,7.92051785839333,7.50123275651275,0.234177291765907,2.46703410527381,0.538549629607292,1
"15225","PmetTSAr1.1-021003",4.40616302185603,2.73680532997102,10.8755090803212,5.69252907292335,11.0688010332856,5.39973606545409,2.01156009102053,1.98145770926752,-0.21376466374808,2.47483904755145,0.681879974590984,1
"15226","PmetTSAr1.1-021006",8.27279587777051,7.67495407752742,8.51126797590358,13.0795784280192,8.88416925040029,10.0361586556869,6.13944902780224,8.03905699188537,-0.184680401862849,3.15242625195942,0.557229993092536,1
"15227","PmetTSAr1.1-021007",5.03561488212118,6.5445344847133,2.69523485903613,3.04484113202877,3.8231056200493,3.05325390088503,3.39450765359714,3.62323695408918,-0.32129868162293,1.9862673687255,0.326108365771237,1
"15228","PmetTSAr1.1-021008",2.96741591267855,1.75512515726402,1.89139288353413,2.70064169971247,2.29386337202958,2.96844129252712,3.75072141971536,2.94388002519746,0.366391874402925,1.44741270164947,0.209016109868394,1
"15229","PmetTSAr1.1-021009",3.82167200875268,3.27226724235665,3.59364647871485,4.79231517301919,4.51490568462965,5.17356910983297,6.60043154866111,4.75549850224205,0.442773514231528,2.21293451106802,0.125624699052353,1
"15230","PmetTSAr1.1-021010",4.67592810482681,4.37293895114934,5.01219114136544,4.1039163083866,5.13388468978049,4.26890128734852,3.16401639316771,3.73646310890447,-0.15758122561967,2.12526631126724,0.582279315189391,1
"15231","PmetTSAr1.1-021011",6.56428368562225,10.2927678714127,8.41669833172688,10.1671216930352,5.27952680863951,10.1209712640448,9.82730919467321,8.57688122725798,-0.0685117320924568,3.1251444249196,0.832198043567812,1
"15232","PmetTSAr1.1-021013",16.2758266725702,20.7045272789112,13.3343198289156,14.7740987101918,14.9647277127644,12.4109116897086,15.6105444563572,17.4934409189618,-0.106599001092628,3.97812671377541,0.720437091955983,1
"15233","PmetTSAr1.1-021017",11.8247028035524,13.7732703019194,11.6793510558232,15.3036362983707,11.5421379195774,14.2485182041302,13.4104006068035,13.6720581939459,0.00698417904724119,3.72769162584064,0.981721546298988,1
"15234","PmetTSAr1.1-021021",10.2960340000513,8.83512155436296,13.1451805405622,7.20171119923326,10.704695736138,10.5733051752871,8.6538991415779,8.54857468855416,-0.0345494629729524,3.29243183652161,0.90891573448359,1
"15235","PmetTSAr1.1-021022",5.12553657644477,5.50335854396346,4.91762149718874,5.50719091706073,5.75286369493133,5.39973606545409,6.78901530719428,7.38800660169747,0.266027962900174,2.55205116583572,0.348982342797977,1
"15236","PmetTSAr1.1-021023",2.92245506551675,3.89697280680656,3.68821612289155,4.31573134365817,3.64105297147553,5.88034084614895,5.32225274082515,4.18936772816561,0.358413456838657,2.10525384591357,0.218327755588566,1
"15237","PmetTSAr1.1-021025",2.29300320525161,2.76655321399244,2.74251968112449,2.38291914680512,2.33027390174434,2.91189955362184,1.84393008343548,2.32113617371338,-0.1180405454235,1.3265347520392,0.669433174915954,1
"15238","PmetTSAr1.1-021026",5.48522335373914,4.58117413929931,3.07351343574296,2.35644226739618,2.80361078803616,3.16633737869559,3.12210889127144,2.3494427124172,-0.431813133836546,1.77438944002175,0.166067016051482,1
"15239","PmetTSAr1.1-021029",14.9719621048781,14.4872195184335,12.0576296325301,21.472749200655,15.0375487721939,19.5351707917737,17.1611220265189,17.0688428384045,0.125973733836482,4.04815132832937,0.675533967703441,1
"15240","PmetTSAr1.1-021030",2.02323812228083,2.32033495367108,2.36424110441766,2.99188737321088,2.54873708003287,1.66798129770571,1.15245630214718,2.80234733167835,-0.263416476931549,1.19668939862069,0.422529740439253,1
"15241","PmetTSAr1.1-021031",3.05733760700214,3.62924185061374,5.39046971807227,7.09580368159747,4.04156879833783,5.45627780435937,5.57369775220271,5.54808158594906,0.102835941948069,2.33422531105494,0.754048011295494,1
"15242","PmetTSAr1.1-021038",9.93634722275697,12.137136680741,9.504249239759,22.2405787035145,14.0180539401808,13.2307669038351,10.7073667344947,7.10494121465925,-0.25928758563095,3.63548706988509,0.467328605892787,1
"15243","PmetTSAr1.1-021039",5.21545827076836,5.38436700787776,4.77576703092368,5.56014467587862,6.44466375951168,4.69296432913811,4.96603897470693,4.92533773446498,0.00270024774957198,2.40779041597587,0.993749777117758,1
"15244","PmetTSAr1.1-021043",3.64182862010549,6.15781199243479,3.40450719036143,5.95729786701281,3.53182138233126,8.08546866345481,6.78901530719428,7.303086985586,0.419542484990508,2.50737547386549,0.217471046512878,1
"15245","PmetTSAr1.1-021044",11.3750943319344,14.0410012581122,13.9490225160642,14.0592229661502,11.3964958007184,13.6265590761721,13.2846781011147,13.2474601133886,-0.0515201522806157,3.72091673083759,0.857670427216065,1
"15246","PmetTSAr1.1-021049",3.23718099564933,3.71848550267801,2.41152592650602,2.80654921734825,2.80361078803616,2.79881607581128,2.40968135903501,2.29282963500956,-0.246540718617215,1.52106778033051,0.366863945237988,1
"15247","PmetTSAr1.1-021051",5.39530165941555,8.71613001827726,6.52530544819275,6.83103488750802,6.40825322979693,5.59763215162256,5.84609651452841,7.18986083077072,-0.136407110793681,2.72832930583158,0.646710165236313,1
"15248","PmetTSAr1.1-021054",6.24955775548968,8.21041598991305,4.82305185301203,4.84526893183708,7.75544282924287,5.34319432654881,8.02528661313398,6.11421236002549,0.173442433366274,2.69735607955151,0.579306827674185,1
"15249","PmetTSAr1.1-021055",4.99065403495938,4.13495587897795,3.73550094497991,4.02448567015976,3.31335820404273,2.8836286841692,3.26878514790836,3.56662387668154,-0.372311217371809,1.9246211586344,0.164588846706168,1
"15250","PmetTSAr1.1-021056",21.3114415546914,18.235452905133,18.1100868598393,21.022642250703,18.3144964465219,18.8283990554577,16.4906019961787,12.228424720051,-0.256807798030499,4.17997858141588,0.380458109565772,1
"15251","PmetTSAr1.1-021063",5.44026250657734,6.96100486101324,13.0506108963855,11.1997199899841,6.66312693780021,5.90861171560159,5.04985397849945,11.747213562086,-0.319888752309761,3.05463283254064,0.387147929102891,1
"15252","PmetTSAr1.1-021064",2.3379640524134,4.31344318310649,1.56039912891566,2.35644226739618,2.36668443145909,3.13806650924295,3.9183514273004,2.3494427124172,0.149536097474447,1.51891247742965,0.654535763395149,1
"15253","PmetTSAr1.1-021065",18.52386903066,27.0408265754745,17.0225359518072,18.9574456568052,16.7124331390727,17.5844807995416,34.6575040682078,29.6652525616052,0.274338578984971,4.49786205290061,0.408371211275532,1
"15254","PmetTSAr1.1-021066",1.93331642795724,1.63613362117833,3.30993754618473,2.51530354384985,2.51232655031811,1.89414825332683,1.445808815421,1.89653809315605,-0.279341882326013,1.13406651384654,0.355120720993094,1
"15255","PmetTSAr1.1-021069",4.54104556334142,3.92672069082798,5.34318489598392,11.0143818341215,7.2456954132363,7.94411431619162,3.45736890644153,4.41582003779619,-0.112098468531898,2.59699497259957,0.781200804351215,1
"15256","PmetTSAr1.1-021070",11.0603684018019,12.0181451446553,7.89656528875499,12.2587951663419,13.4354854647447,14.7573938542777,18.3345320796142,13.8985105035765,0.481682814964849,3.70379843298668,0.104891325044548,1
"15257","PmetTSAr1.1-021071",2.02323812228083,3.36151089442092,2.41152592650602,2.93893361439298,2.11181072345581,1.89414825332683,2.80780262704949,2.54758848334395,-0.202899045025113,1.36645619640653,0.467171522883395,1
"15258","PmetTSAr1.1-021073",3.46198523145831,3.83747703876371,3.30993754618473,2.43587290562301,3.422589793187,1.83760651442155,2.64017261946444,2.88726694778981,-0.274772403294399,1.60126386426447,0.346328856148861,1
"15259","PmetTSAr1.1-021076",5.75498843670992,6.5445344847133,5.48503936224898,4.97765332888181,7.13646382409203,5.79552823779104,6.68424655245363,5.66130774076434,0.150637377119547,2.60107806059488,0.598020905841605,1
"15260","PmetTSAr1.1-021078",5.66506674238632,6.33629929656333,4.39748845421685,3.62733247902557,5.38875839778378,4.09927607063268,5.88800401642467,5.09517696668791,0.0329559204792665,2.35721959364881,0.915352052613303,1
"15261","PmetTSAr1.1-021079",5.88987097819531,11.6909184204197,2.31695628232931,6.83103488750802,3.71387403090504,9.35765778882358,11.6083780252643,8.15228314670065,0.294476482343692,2.91219422049606,0.50218059735012,1
"15262","PmetTSAr1.1-021082",3.73175031442909,5.97932468830624,5.1540456076305,2.22405787035145,4.26003197662637,2.91189955362184,7.6271653451195,5.18009658279937,0.230208146554261,2.23250332162529,0.54147622817053,1
"15263","PmetTSAr1.1-021083",1.79843388647185,2.3500828376925,6.43073580401604,1.85338155862621,1.52924224801972,1.61143955880043,7.10332157141624,3.99122195723886,0.207115311253872,1.7643839922754,0.686984731659355,1
"15264","PmetTSAr1.1-021084",1.48370795633928,2.11209976552111,3.68821612289155,2.27701162916934,1.63847383716399,1.69625216715835,1.90679133627988,2.68912117686306,-0.261054285443892,1.16524889192982,0.408773635571099,1
"15265","PmetTSAr1.1-021085",9.75650383410978,10.4712551755413,6.38345098192769,8.52555516968055,9.97648514184294,7.7179473605705,5.76228151073589,9.9072885463376,-0.0777718804668007,3.10810811512137,0.810477774896206,1
"15266","PmetTSAr1.1-021086",3.32710268997292,3.86722492278513,3.6409313008032,4.15687006720449,3.93233720919357,4.12754694008532,3.56213766118219,3.05710618001275,-0.0351387705860775,1.91513899498026,0.916849503217567,1
"15267","PmetTSAr1.1-021087",2.3379640524134,2.14184764954254,3.12079825783131,3.01836425261982,3.20412661489846,2.37475303402169,2.66112637041257,2.32113617371338,-0.009701598621181,1.43658041677932,0.987144443663721,1
"15268","PmetTSAr1.1-021088",15.6913356594669,17.1050333123189,12.719617141767,14.1916073631949,13.0713801675971,11.5345147366768,10.4978292250134,13.5305255004268,-0.296971721653102,3.76566470286526,0.303032360609886,1
"15269","PmetTSAr1.1-021089",2.83253337119316,1.96336034541399,2.60066521485943,2.88597985557509,1.56565277773448,1.52662695044252,2.26300510239809,2.49097540593631,-0.380363680765151,1.21693841137319,0.178513284147923,1
"15270","PmetTSAr1.1-021091",3.10229845416394,3.03428417018526,2.74251968112449,3.62733247902557,3.34976873375749,3.42077520376934,3.49927640833779,3.39678464445861,0.123513183881518,1.73848328315984,0.635507822589361,1
"15271","PmetTSAr1.1-021092",8.3177567249323,13.7435224178979,6.71444473654616,10.3789367283068,6.51748481894119,9.951346047329,11.3569330138867,10.5300323978217,-0.0311499846435321,3.28697562252054,0.927934490104829,1
"15272","PmetTSAr1.1-021094",2.56276828822238,2.40957860573535,2.2223866381526,3.49494808198085,3.24053714461322,2.91189955362184,2.87066387989388,2.3494427124172,0.0787918438576286,1.49712137508387,0.770912876726724,1
"15273","PmetTSAr1.1-021095",5.44026250657734,7.58571042546314,4.87033667510038,5.13651460533548,5.60722157607231,4.1840886789906,4.60982520858871,4.6988854248344,-0.273929906582617,2.41328281260983,0.35083024802406,1
"15274","PmetTSAr1.1-021097",6.56428368562225,5.47361065994203,4.4447732763052,7.28114183746009,6.69953746751497,3.44904607322198,2.40968135903501,5.09517696668791,-0.435916218664983,2.3873412851301,0.21082088867302,1
"15275","PmetTSAr1.1-021098",2.29300320525161,3.89697280680656,2.74251968112449,3.70676311725241,3.0948950257542,4.38198476515908,3.9183514273004,3.39678464445861,0.218877056275157,1.80721865911831,0.438242150651433,1
"15276","PmetTSAr1.1-021099",5.75498843670992,2.5880659098639,7.66014117831322,8.39317077263582,8.33801130467896,3.36423346486407,1.55057757016166,2.46266886723249,-0.639281505761556,2.33825763977126,0.177359818782514,1
"15277","PmetTSAr1.1-021100",7.59838317034356,11.0662128559698,4.53934292048191,8.39317077263582,7.20928488352154,9.32938691937094,10.8540429911316,8.18058968540448,0.168553638356484,3.08226447875021,0.606239983799111,1
"15278","PmetTSAr1.1-021102",3.05733760700214,4.22419953104222,2.69523485903613,3.25665616730033,3.20412661489846,2.03550260059002,2.03251384196866,2.83065387038217,-0.401761021761862,1.57333991779116,0.166735720768355,1
"15279","PmetTSAr1.1-021103",1.79843388647185,2.17159553356396,7.94385011084334,4.05096254956871,3.16771608518371,3.05325390088503,1.76011507964296,1.75500539963695,-0.711660756240596,1.70254262513897,0.0894880061397382,1
"15280","PmetTSAr1.1-021104",5.21545827076836,4.52167837125646,5.72146347269074,5.08356084651759,5.02465310063623,5.71071562943312,7.33381283184568,6.59542351799046,0.267900370619243,2.51500650864513,0.353658547389875,1
"15281","PmetTSAr1.1-021105",3.68678946726729,5.44386277592061,3.78278576706826,3.52142496138979,4.44208462520014,4.77777693749603,6.20231028064663,5.43485543113377,0.34316226606982,2.24209777211123,0.238581799932219,1
"15282","PmetTSAr1.1-021106",11.1952509432873,13.2378083895337,3.49907683453814,5.61309843469651,5.49798998692805,6.33267475739118,42.7875594360825,10.954630478379,0.967342913366345,3.64205985225055,0.0934945962227423,1
"15283","PmetTSAr1.1-021107",6.24955775548968,4.84890509549213,7.32914742369475,5.95729786701281,8.04672706696092,5.54109041271728,3.93930517824853,5.09517696668791,-0.109545643008023,2.56745712860525,0.730804282689,1
"15284","PmetTSAr1.1-021108",3.5519069257819,3.09377993822811,8.0857045771084,7.25466495805115,5.78927422464609,6.53057084355966,4.1907501896261,5.12348350539173,-0.0235563902350958,2.46208195691411,0.952429810584014,1
"15285","PmetTSAr1.1-021109",9.30689536249182,11.2149522760769,10.0243822827309,7.81067942563901,8.01031653724616,6.81327953808605,7.12427532236437,8.12397660799683,-0.351011519087101,3.1059358783642,0.223449382991317,1
"15286","PmetTSAr1.1-021111",14.6122753275838,13.6245308818122,5.53232418433733,8.76384708436106,14.6006224156169,13.3721212510983,9.6177716851919,11.747213562086,0.212578705961477,3.52935401676777,0.534476521503011,1
"15287","PmetTSAr1.1-021112",6.65420537994584,7.70470196154884,4.58662774257026,5.85139034937702,6.11696899207889,5.68244475998048,8.50722288494098,7.18986083077072,0.148475671479708,2.72352236607934,0.626477549627139,1
"15288","PmetTSAr1.1-021114",2.24804235808981,2.14184764954254,7.18729295742969,5.6660521935144,2.29386337202958,4.52333911242227,3.41546140454527,2.54758848334395,-0.427697087811366,1.92933305147894,0.280227495273706,1
"15289","PmetTSAr1.1-021117",5.12553657644477,5.97932468830624,8.22755904337346,5.98377474642175,5.78927422464609,4.86258954585394,5.76228151073589,5.09517696668791,-0.233218581399732,2.56306748673248,0.42422356536722,1
"15290","PmetTSAr1.1-021119",2.11315981660442,3.62924185061374,4.30291881004014,3.68028623784347,4.07797932805259,3.81656737610629,2.26300510239809,2.17960348019427,-0.161028805352596,1.72918313104969,0.62613350965913,1
"15291","PmetTSAr1.1-021121",4.00151539739986,3.48050243050662,2.45881074859437,3.65380935843452,5.64363210578707,4.07100520118004,1.02673379645839,7.98244391447772,0.456892497116218,2.03562150828496,0.300488920291098,1
"15292","PmetTSAr1.1-021123",2.96741591267855,2.32033495367108,2.1278169939759,3.7597168760703,3.27694767432797,2.34648216456905,1.55057757016166,2.15129694149045,-0.277391202443152,1.39003842072659,0.381151560341323,1
"15293","PmetTSAr1.1-021124",2.427885746737,2.43932648975678,2.2223866381526,3.41551744375401,2.47591602060336,2.12031520894794,1.73916132869483,2.20791001889809,-0.313787598679351,1.2879737276283,0.266319198596758,1
"15294","PmetTSAr1.1-021127",8.63248265506487,9.31108769870574,9.12597066305217,11.8616419752077,8.04672706696092,10.3471382196659,8.80057539821481,10.1054343172644,-0.0630370298549369,3.26204991853521,0.831365620314826,1
"15295","PmetTSAr1.1-021129",5.44026250657734,6.78251755688469,5.24861525180721,6.35445105814699,7.17287435380679,4.74950606804339,5.80418901263215,5.46316196983759,-0.0432137340526397,2.5703297454377,0.892676658126531,1
"15296","PmetTSAr1.1-021130",4.40616302185603,3.95646857484941,3.92464023333332,3.04484113202877,3.60464244176077,3.78829650665365,4.84031646901815,3.28355848964332,0.0245944045950786,1.96972758259443,0.948942463473301,1
"15297","PmetTSAr1.1-021131",3.86663285591448,5.38436700787776,2.03324734979919,2.38291914680512,3.56823191204602,2.26166955621114,3.77167517066349,3.02879964130892,-0.117130200312833,1.74470947974836,0.738753708795978,1
"15298","PmetTSAr1.1-021134",6.02475351968069,4.04571222691368,8.18027422128511,3.57437872020768,5.31593733835427,2.51610738128489,2.72398762325697,3.28355848964332,-0.655254523943828,2.16883044410158,0.0613027115775375,1
"15299","PmetTSAr1.1-021135",3.77671116159088,4.55142625527789,3.40450719036143,3.7597168760703,3.78669509033455,4.24063041789588,5.25939148798076,3.82138272501593,0.143122775764011,2.0504194357945,0.610746161235483,1
"15300","PmetTSAr1.1-021137",10.1161906114042,4.46218260321361,10.2135215710843,7.96954070209269,14.1636960590398,5.79552823779104,2.26300510239809,3.84968926371975,-0.331456855463101,2.88610110768819,0.482486853549179,1
"15301","PmetTSAr1.1-021140",10.0262689170806,3.65898973463516,6.95086884698793,3.83914751429714,7.20928488352154,4.69296432913811,1.48771631731727,3.56662387668154,-0.529626248119179,2.38224504644889,0.230752166756192,1
"15302","PmetTSAr1.1-021141",14.117706008804,17.9974698329616,16.0295546879517,16.7333877864537,16.2755067824956,17.0473342799414,22.7557735296697,18.7955416993376,0.206699179397153,4.13234637588721,0.474915922259875,1
"15303","PmetTSAr1.1-021142",5.44026250657734,6.5445344847133,1.74953841726907,3.44199432316295,4.07797932805259,2.14858607840058,2.64017261946444,2.43436232852867,-0.610724614371982,1.8551647842248,0.106159675442707,1
"15304","PmetTSAr1.1-021143",2.74261167686957,2.94504051812099,5.53232418433733,2.96541049380193,3.8231056200493,2.62919085909545,1.17341005309531,2.77404079297453,-0.45052028090427,1.6404669897969,0.213023545669756,1
"15305","PmetTSAr1.1-021148",5.44026250657734,5.89008103624197,3.6409313008032,4.55402325833868,4.91542151149196,4.77777693749603,5.95086526926906,5.03856388928027,0.082113011697687,2.34814799454047,0.775737103031009,1
"15306","PmetTSAr1.1-021149",24.1439749258846,25.9401548666818,17.3535297064256,20.7578734566135,22.2104231260007,19.3655455750579,21.351872216145,23.3245878919491,-0.0326316472025868,4.45079357150258,0.911825753735729,1
"15307","PmetTSAr1.1-021152",2.3379640524134,2.67730956192817,3.45179201244979,1.5621358851278,2.62155813946238,1.3004599948214,3.14306264221958,2.29282963500956,-0.0874278699385863,1.30998921222418,0.780374931007636,1
"15308","PmetTSAr1.1-021153",4.31624132753244,6.24705564449906,7.94385011084334,4.05096254956871,6.5903058783707,4.09927607063268,3.83453642350788,4.27428734427708,-0.26349437854588,2.38410139691799,0.420685222070013,1
"15309","PmetTSAr1.1-021155",5.30537996509196,3.2127714743138,12.8141867859437,9.29338467253998,10.3770009687053,6.33267475739118,2.51445011377566,3.82138272501593,-0.411823258169992,2.75516118869513,0.375718511724936,1
"15310","PmetTSAr1.1-021156",3.10229845416394,4.55142625527789,2.88437414738955,3.68028623784347,3.27694767432797,2.14858607840058,5.80418901263215,4.67057888613058,0.16029683375524,1.9398146165401,0.631993964287404,1
"15311","PmetTSAr1.1-021161",3.64182862010549,3.80772915474228,4.30291881004014,3.68028623784347,4.36926356577063,4.38198476515908,4.54696395574432,5.09517696668791,0.255078713063314,2.10148922955009,0.348528024099883,1
"15312","PmetTSAr1.1-021163",3.5968677729437,3.62924185061374,2.74251968112449,4.71288453479235,2.91284237718042,2.26166955621114,2.89161763084201,3.31186502834714,-0.374816066878666,1.73137044677154,0.185228166681833,1
"15313","PmetTSAr1.1-021164",8.58752180790308,8.92436520642723,21.278169939759,9.39929219017576,16.5667910202136,5.11702737092769,2.13728259670931,6.0009862052102,-0.693936860965816,3.29043528169764,0.165171317668313,1
"15314","PmetTSAr1.1-021167",1.88835558079544,2.23109130160681,2.60066521485943,3.68028623784347,2.00257913431154,2.31821129511641,2.15823634765744,3.02879964130892,-0.137823439097319,1.35265643087343,0.654900413139888,1
"15315","PmetTSAr1.1-021168",2.60772913538418,2.14184764954254,2.74251968112449,2.1975809909425,3.49541085261651,1.92241912277947,2.22109760050183,2.00976424797134,-0.00714582046381077,1.30569346950284,0.986515316422837,1
"15316","PmetTSAr1.1-021169",19.9176552926757,22.9653664645394,20.9471761851405,22.3994399799681,22.0283704774269,23.0407586039009,25.7312061643043,20.324094789344,0.0795034161910815,4.47471214219636,0.777844596375178,1
"15317","PmetTSAr1.1-021171",2.3829248995752,1.96336034541399,1.60768395100401,1.85338155862621,2.84002131775091,1.38527260317932,1.5086700682654,1.33040731907962,-0.156885999103291,0.936571912485795,0.638089005059138,1
"15318","PmetTSAr1.1-021172",8.58752180790308,9.07310462653435,4.91762149718874,5.24242212297127,6.84517958637399,6.04996606286479,5.78323526168402,8.71841392077709,-0.0231460561529575,2.79969931101133,0.950350004929537,1
"15319","PmetTSAr1.1-021174",10.2960340000513,14.2194885622407,8.51126797590358,8.55203204908949,9.32109560697735,8.14201040236009,10.5606904778578,8.37873545633123,-0.192364146317659,3.29431745088472,0.525806370305752,1
"15320","PmetTSAr1.1-021176",4.7208889519886,4.49193048723504,9.36239477349394,5.50719091706073,4.07797932805259,6.64365432137021,6.72615405434989,4.3025938829809,-0.140702579912607,2.53255945011927,0.669895964483295,1
"15321","PmetTSAr1.1-021177",2.15812066376622,2.11209976552111,6.99815366907628,2.25053474976039,2.73078972860665,3.3925043343167,2.80780262704949,2.49097540593631,-0.231369761716615,1.66164872679576,0.538475548085428,1
"15322","PmetTSAr1.1-021184",4.90073234063579,5.97932468830624,4.16106434377508,6.16911290228437,4.55131621434441,5.37146519600145,5.17557648418823,5.77453389557963,-0.0269802990646975,2.41336861090848,0.932902228898596,1
"15323","PmetTSAr1.1-021186",2.65268998254598,2.85579686605671,1.65496877309236,3.68028623784347,3.16771608518371,2.68573259800072,2.99638638558266,3.2552519509395,0.144444356487917,1.55465285243631,0.608265699406622,1
"15324","PmetTSAr1.1-021188",6.29451860265147,6.57428236873473,14.0435921602409,12.6029945986582,9.32109560697735,8.42471909688648,9.38728042476247,8.37873545633123,-0.153719424401287,3.23836710053268,0.646149663061311,1
"15325","PmetTSAr1.1-021190",2.96741591267855,2.79630109801387,4.96490631927709,3.33608680552717,3.71387403090504,3.30769172595879,3.31069264980462,2.71742771556688,-0.102857924768666,1.7842547426978,0.721614128899405,1
"15326","PmetTSAr1.1-021191",3.23718099564933,4.84890509549213,3.49907683453814,3.62733247902557,2.80361078803616,3.13806650924295,3.9812126801448,4.41582003779619,-0.0861207153899909,1.91059135328148,0.776496727773631,1
"15327","PmetTSAr1.1-021192",3.50694607862011,6.12806410841336,7.56557153413652,2.38291914680512,3.05848449603944,3.76002563720101,4.40028769910741,5.15179004409555,-0.252374242811389,2.18540403334629,0.483299449895975,1
"15328","PmetTSAr1.1-021193",19.8277335983521,22.4596524361752,13.0033260742971,18.2425699127637,16.3119173122104,19.0828368805315,21.6661784803669,19.1069136250797,0.0503575769183555,4.2311339139128,0.866067423598317,1
"15329","PmetTSAr1.1-021194",11.5998985677434,12.1073887967196,5.29590007389556,6.22206666110226,9.10263242868882,7.74621823002314,8.61199163968164,7.81260468225479,-0.0828565729291263,3.10826980475501,0.807201038612947,1
"15330","PmetTSAr1.1-021196",4.45112386901783,3.98621645887083,2.97894379156625,3.38904056434506,2.94925290689518,3.76002563720101,3.37355390264901,3.93460887983122,-0.0774276725818359,1.87353778416009,0.779796286829337,1
"15331","PmetTSAr1.1-021197",2.11315981660442,2.49882225779962,1.89139288353413,2.80654921734825,2.14822125317056,2.62919085909545,3.20592389506397,2.77404079297453,0.202790172011774,1.36659314388602,0.454192362358054,1
"15332","PmetTSAr1.1-021199",5.48522335373914,7.31797946927033,5.62689382851404,7.54591063154955,6.29902164065266,7.94411431619162,8.04624036408211,7.04832813725161,0.173059163114007,2.80396410542391,0.548343348008952,1
"15333","PmetTSAr1.1-021202",3.19222014848753,4.87865297951355,3.12079825783131,5.21594524356232,3.45900032290175,5.71071562943312,5.88800401642467,4.75549850224205,0.267063030653216,2.20227856435082,0.387486744761896,1
"15334","PmetTSAr1.1-021204",3.95655455023807,5.08688816766352,3.97192505542167,5.82491346996808,3.78669509033455,6.2761330184859,5.82514276358028,6.22743851484078,0.22809359727986,2.37595965467011,0.445780381537728,1
"15335","PmetTSAr1.1-021207",2.3829248995752,2.02285611345684,2.17510181606425,3.73323999666136,2.29386337202958,5.14529824038033,4.21170394057423,3.02879964130892,0.505392091251051,1.67739028813601,0.119367491218675,1
"15336","PmetTSAr1.1-021208",2.24804235808981,2.08235188149969,2.41152592650602,2.59473418207669,2.62155813946238,1.89414825332683,1.52962381921353,1.86823155445223,-0.250296180208605,1.14560835032271,0.373484520863443,1
"15337","PmetTSAr1.1-021210",2.427885746737,1.84436880932829,2.17510181606425,1.53565900571886,2.29386337202958,1.78106477551627,1.82297633248735,2.20791001889809,0.0317297571953145,1.04737162344661,0.948971826376,1
"15338","PmetTSAr1.1-021211",8.3627175720941,9.69781019098426,7.94385011084334,7.75772566682112,7.13646382409203,8.31163561907593,8.77962164726668,8.91655969170384,-0.026244059831734,3.07495091484533,0.929225931700425,1
"15339","PmetTSAr1.1-021212",6.74412707426943,6.81226544090612,5.34318489598392,5.05708396710865,6.08055846236413,4.77777693749603,5.13366898229197,5.43485543113377,-0.161682919611327,2.51877255353038,0.573123720709119,1
"15340","PmetTSAr1.1-021213",3.28214184281112,4.52167837125646,3.16808307991967,4.52754637892973,2.40309496117385,2.34648216456905,4.21170394057423,3.79307618631211,-0.28171101067481,1.84771626911901,0.352063504569564,1
"15341","PmetTSAr1.1-021214",1.66355134498646,1.99310822943541,2.97894379156625,1.53565900571886,2.0389896640263,1.35700173372668,2.26300510239809,1.81161847704459,-0.114261195704552,1.00802216709434,0.704113491418073,1
"15342","PmetTSAr1.1-021217",5.9797926725189,7.2882315852489,6.80901438072287,5.98377474642175,5.27952680863951,6.55884171301229,8.92629790390359,7.04832813725161,0.0962403019165293,2.76564211967114,0.750947064038369,1
"15343","PmetTSAr1.1-021218",3.64182862010549,3.71848550267801,6.47802062610439,3.8126706348882,5.20670574921,3.02498303143239,2.45158886093127,3.2552519509395,-0.341863003617842,1.99859283860243,0.2938787140666,1
"15344","PmetTSAr1.1-021219",4.22631963320885,2.70705744594959,7.3764322457831,4.36868510247606,4.1508003874821,2.51610738128489,1.48771631731727,1.58516616741402,-0.942392503330285,1.84372665758411,0.0137193730378776,1
"15345","PmetTSAr1.1-021221",8.85728689087386,7.61545830948457,7.23457777951804,5.98377474642175,6.51748481894119,8.87705300812871,8.40245413020033,7.02002159854779,0.0566240909317364,2.93064115626921,0.854906313795286,1
"15346","PmetTSAr1.1-021223",2.3829248995752,2.97478840214241,2.17510181606425,3.1772255290735,2.4395054908886,2.48783651183225,2.43063510998314,3.31186502834714,-0.0159521701844859,1.45332656533938,0.974552514490339,1
"15347","PmetTSAr1.1-021224",7.59838317034356,6.90150909297039,8.93683137469876,5.87786722878597,8.44724289382322,6.10650780177007,7.35476658279381,7.27478044688218,-0.00417845432924375,2.88126493278298,0.989409332897881,1
"15348","PmetTSAr1.1-021225",5.12553657644477,5.11663605168494,6.24159651566263,4.71288453479235,6.26261111093791,3.90137998446421,5.04985397849945,5.03856388928027,-0.0648822504145521,2.38887790819962,0.822896444383685,1
"15349","PmetTSAr1.1-021230",4.27128048037064,5.8008373841777,5.29590007389556,7.49295687273166,5.31593733835427,7.77448909947578,5.13366898229197,4.27428734427708,-0.0273389936279399,2.52012420167882,0.937989687671708,1
"15350","PmetTSAr1.1-021233",3.41702438429651,3.65898973463516,8.700407264257,5.48071403765178,5.71645316521658,5.08875650147506,2.84971012894575,4.81211157964969,-0.202789907905276,2.32643767932071,0.574794882730935,1
"15351","PmetTSAr1.1-021238",2.92245506551675,2.43932648975678,3.16808307991967,3.30960992611823,4.62413727377392,2.77054520635864,1.42485506447287,1.10395500944905,-0.264626008641051,1.47030419441035,0.502004794180655,1
"15352","PmetTSAr1.1-021239",3.95655455023807,3.51025031452804,1.98596252771084,4.89822269065497,4.22362144691161,3.59040042048518,2.03251384196866,2.23621655760192,-0.260977034606462,1.75079419558145,0.457666328370833,1
"15353","PmetTSAr1.1-021242",6.47436199129866,6.39579506460618,7.23457777951804,5.0306070876997,6.15337952179364,5.25838171819089,7.33381283184568,7.35970006299365,0.0581955757848474,2.69265697855035,0.848830300011471,1
"15354","PmetTSAr1.1-021243",12.8588022882737,17.7594867607902,22.3657208477911,13.0795784280192,14.6370329453316,13.2307669038351,21.3309184651969,14.6627870485796,-0.0473409020097632,4.02689381945724,0.880489766488959,1
"15355","PmetTSAr1.1-021244",2.3829248995752,4.34319106712792,2.08053217188754,4.15687006720449,2.69437919889189,9.64036648334997,13.976151882403,3.56662387668154,1.20042502906007,2.44588357440834,0.00993468294494616,1
"15356","PmetTSAr1.1-021245",5.26041911793016,4.37293895114934,1.98596252771084,2.1975809909425,3.34976873375749,2.54437825073753,2.6820801213607,4.07614157335033,-0.126883603489513,1.75097955787922,0.723058850962777,1
"15357","PmetTSAr1.1-021247",4.18135878604705,6.663526020799,6.09974204939757,7.20171119923326,3.71387403090504,6.36094562684382,5.46892899746206,5.3499358150223,-0.209944430746726,2.51000558317909,0.497301324831271,1
"15358","PmetTSAr1.1-021248",10.6107599301839,12.2561282168267,15.79313057751,10.1671216930352,10.0128956715577,6.4174873657491,6.64233905055737,9.05809238522295,-0.603900176254988,3.34600916650409,0.0494416840070841,1
"15359","PmetTSAr1.1-021249",2.3829248995752,3.51025031452804,3.02622861365461,2.75359545853036,2.98566343660993,3.59040042048518,3.49927640833779,2.77404079297453,0.137046531012754,1.64649370410407,0.616133818457621,1
"15360","PmetTSAr1.1-021251",7.86814825331434,10.8282297837984,5.48503936224898,9.53167658722049,7.02723223494777,9.52728300553941,14.772394418432,9.00147930781531,0.25736454034609,3.22207611389679,0.442137125772836,1
"15361","PmetTSAr1.1-021252",10.4758773886985,10.2035242193485,8.700407264257,10.0347372959905,9.24827454754784,10.0361586556869,12.7608343274115,10.1903539333758,0.100281609601215,3.36066091927187,0.728892076474747,1
"15362","PmetTSAr1.1-021253",2.60772913538418,2.88554475007814,2.97894379156625,3.28313304670928,2.65796866917713,2.60091998964281,3.77167517066349,2.94388002519746,0.0284298978942173,1.60020516529968,0.930658236931687,1
"15363","PmetTSAr1.1-021254",2.24804235808981,2.32033495367108,2.17510181606425,3.86562439370609,1.34718959944595,1.3004599948214,2.26300510239809,1.86823155445223,-0.646169566815851,1.16240150563239,0.0333915364925621,1
"15364","PmetTSAr1.1-021255",7.64334401750536,6.5445344847133,4.30291881004014,7.81067942563901,4.40567409548539,1.78106477551627,1.94869883817614,5.80284043428345,-0.920891036455744,2.3458312904694,0.018744861554822,1
"15365","PmetTSAr1.1-021256",3.01237675984035,3.62924185061374,5.57960900642568,4.84526893183708,4.33285303605588,5.484548673812,3.96025892919667,5.03856388928027,0.140600491336836,2.18501306974653,0.644653179469126,1
"15366","PmetTSAr1.1-021259",8.00303079479973,8.59713848219156,14.1381618044176,6.77808112869012,9.61237984469539,7.01117562425452,5.95086526926906,6.99171505984396,-0.342394062119167,3.07594080181042,0.29310281238805,1
"15367","PmetTSAr1.1-021260",5.08057572928297,3.59949396659232,3.83007058915661,6.51331233460067,4.18721091719686,5.11702737092769,3.60404516307845,4.38751349909237,-0.141341819707121,2.20235308696281,0.650244285318968,1
"15368","PmetTSAr1.1-021261",2.20308151092802,4.31344318310649,1.56039912891566,1.82690467921726,2.4395054908886,1.63971042825307,2.13728259670931,2.51928194464013,-0.192340175734251,1.25994327051444,0.580697816282776,1
"15369","PmetTSAr1.1-021262",2.65268998254598,1.96336034541399,3.07351343574296,3.7597168760703,2.18463178288532,1.92241912277947,1.80202258153922,1.58516616741402,-0.615924917721924,1.27695538799117,0.0301100625607132,1
"15370","PmetTSAr1.1-021263",2.47284659389879,3.59949396659232,1.79682323935742,1.53565900571886,2.94925290689518,1.32873086427404,1.69725382679857,1.6983923222293,-0.305090517632501,1.13183472233094,0.372826316339282,1
"15371","PmetTSAr1.1-021266",8.58752180790308,7.97243291774166,6.80901438072287,11.2791506282109,7.86467441838714,15.9164995018359,19.6336646383983,11.1527762493058,0.654825203948799,3.48943094403192,0.0540189259519348,1
"15372","PmetTSAr1.1-021268",3.5519069257819,2.97478840214241,3.83007058915661,3.52142496138979,4.18721091719686,2.96844129252712,1.63439257395418,2.29282963500956,-0.331979674149199,1.66484792847624,0.291796087189297,1
"15373","PmetTSAr1.1-021270",7.1038138515638,3.2127714743138,1.89139288353413,19.5134601243931,22.3924757745745,13.1176834260246,1.80202258153922,3.39678464445861,0.356509977037522,3.18878871960503,0.607473275634833,1
"15374","PmetTSAr1.1-021272",7.82318740615254,10.2035242193485,8.13298939919676,8.60498580790738,7.71903229952812,8.14201040236009,8.50722288494098,9.19962507874206,-0.0514987306375523,3.10524988198293,0.860340805927199,1
"15375","PmetTSAr1.1-021274",4.31624132753244,5.94957680428482,3.54636165662649,7.12228056100642,4.51490568462965,6.72846692972813,5.86705026547654,5.6046946633567,0.112062772447827,2.46688922406824,0.716293157421044,1
"15376","PmetTSAr1.1-021275",22.0308151092802,23.5900720289893,7.94385011084334,14.6946680719649,13.1442012270267,12.7784329925929,12.6351118217227,12.9360881876465,-0.407440884498641,3.90982419524195,0.236791055515474,1
"15377","PmetTSAr1.1-021276",3.32710268997292,3.86722492278513,3.30993754618473,2.51530354384985,3.27694767432797,3.33596259541143,3.31069264980462,3.17033233482803,0.0106530776547409,1.73315839405517,0.978859063985784,1
"15378","PmetTSAr1.1-021279",9.93634722275697,9.1326003945772,6.52530544819275,9.84939914012784,8.52006395325273,7.7179473605705,6.99855281667559,7.47292621780893,-0.209198072425985,3.05831997136005,0.478365353645936,1
"15379","PmetTSAr1.1-021280",8.04799164196152,8.3889032940416,6.95086884698793,9.58463034603838,7.68262176981336,13.4569338594563,15.0028856788614,10.8980174009714,0.512360423979707,3.3328943759902,0.0988212985178539,1
"15380","PmetTSAr1.1-021283",3.32710268997292,2.32033495367108,8.27484386546182,3.99800879075082,2.98566343660993,2.85535781471656,1.46676256636914,1.50024655130255,-1.02298334284266,1.75559466311034,0.00975153874348843,1
"15381","PmetTSAr1.1-021284",5.39530165941555,4.10520799495653,8.27484386546182,4.42163886129395,6.80876905665924,4.89086041530658,3.68786016687097,5.12348350539173,-0.111503095913659,2.42937870526272,0.7353256535218,1
"15382","PmetTSAr1.1-021285",2.60772913538418,2.37983072171393,1.98596252771084,2.8330260967572,2.7672002583214,2.31821129511641,2.93352513273827,2.83065387038217,0.140356207737784,1.40460011889301,0.596774675018467,1
"15383","PmetTSAr1.1-021288",12.0944678865232,5.8008373841777,12.4831930313253,21.9228561506071,12.7800959298791,19.3938164445105,2.80780262704949,5.97267966650638,-0.354287890280406,3.55002596424124,0.481302136292192,1
"15384","PmetTSAr1.1-021289",11.5998985677434,9.31108769870574,5.91060276104415,35.1083420962621,16.0206330744923,28.8928285805973,6.78901530719428,11.5207612524554,0.0276488781333993,3.97442045607058,0.956225981123522,1
"15385","PmetTSAr1.1-021290",3.64182862010549,2.82604898203529,9.78795817228912,5.29537588178916,4.62413727377392,4.49506824296963,2.24205135144996,2.77404079297453,-0.607199168263733,2.1707386264684,0.123144236960221,1
"15386","PmetTSAr1.1-021296",4.8108106463122,4.75966144342786,7.94385011084334,7.01637304337064,5.35234786806902,4.55160998187491,2.99638638558266,3.67985003149682,-0.567898829922611,2.37567878450863,0.0716334468529332,1
"15387","PmetTSAr1.1-021299",20.0525378341611,23.9767945212678,14.9420037799196,16.4950958717732,18.6421912139547,18.573961230384,19.0679133627988,19.9278032474905,0.0136838704419808,4.24971494526519,0.963499414075301,1
"15388","PmetTSAr1.1-021300",16.0060615895995,14.3384800983264,16.4078332646586,17.7924629628116,14.8554961236202,17.7541060162574,19.109820864695,17.0971493771083,0.092909851765236,4.06475621840004,0.745631595656951,1
"15389","PmetTSAr1.1-021301",6.29451860265147,4.72991355940643,3.30993754618473,5.13651460533548,3.67746350119028,1.69625216715835,1.445808815421,4.07614157335033,-0.844168343541779,1.94348100405223,0.0212623780478778,1
"15390","PmetTSAr1.1-021302",2.56276828822238,2.40957860573535,3.02622861365461,4.15687006720449,3.60464244176077,2.37475303402169,2.82875637799762,2.40605578982485,-0.125256062839402,1.57666400925084,0.681417880125294,1
"15391","PmetTSAr1.1-021303",5.53018420090094,6.33629929656333,6.66715991445781,6.6456967316454,5.89850581379035,5.51281954326464,6.85187656003867,5.97267966650638,-0.0548730743117577,2.64146162124605,0.847361310755448,1
"15392","PmetTSAr1.1-021306",8.99216943235925,4.25394741506365,5.8633179389558,8.02249446091058,8.70211660182651,6.81327953808605,4.58887145764058,5.66130774076434,-0.0761565452321296,2.73696326633423,0.826872621308332,1
"15393","PmetTSAr1.1-021310",4.85577149347399,5.02739239962067,3.87735541124497,3.38904056434506,5.06106363035098,4.38198476515908,5.72037400883963,4.44412657650001,0.195162712512986,2.21974053266341,0.500941345264332,1
"15394","PmetTSAr1.1-021311",2.15812066376622,1.30890689694266,2.2223866381526,2.96541049380193,2.25745284231483,1.92241912277947,1.04768754740653,1.44363347389491,-0.3890225899155,0.97843224970023,0.23129969850258,1
"15395","PmetTSAr1.1-021312",7.05885300440201,9.10285251055577,4.68119738674697,8.73737020495211,8.26519024524945,13.2873086427404,14.7095331655876,8.18058968540448,0.584956791945704,3.22200447582962,0.0803324608454994,1
"15396","PmetTSAr1.1-021313",3.50694607862011,2.26083918562823,5.67417865060239,5.16299148474443,4.8061899223477,2.51610738128489,1.78106883059109,2.29282963500956,-0.548521568921812,1.8265779135258,0.136371589801929,1
"15397","PmetTSAr1.1-021314",3.5968677729437,5.29512335581349,5.8633179389558,6.03672850523964,4.73336886291819,6.72846692972813,8.23482412261529,5.80284043428345,0.294661281735353,2.55026285709991,0.343991735786688,1
"15398","PmetTSAr1.1-021320",6.24955775548968,7.05024851307751,4.58662774257026,5.29537588178916,6.22620058122315,7.32215518823355,7.98337911123772,6.68034313410192,0.282751521682178,2.69870974746403,0.334561574545904,1
"15399","PmetTSAr1.1-021322",19.423085973896,24.1255339413749,8.03841975502005,16.9981565805432,12.3067590435873,13.9375386401511,14.0390131352474,13.502218961723,-0.35173954913461,3.94130611896153,0.299906115266773,1
"15400","PmetTSAr1.1-021325",2.20308151092802,2.88554475007814,1.79682323935742,3.62733247902557,2.0389896640263,2.34648216456905,2.6820801213607,2.3494427124172,-0.170345242184409,1.35650949671645,0.571440454022682,1
"15401","PmetTSAr1.1-021326",1.97827727511903,2.5880659098639,1.89139288353413,2.17110411153356,2.69437919889189,2.00723173113738,3.18497014411584,2.54758848334395,0.268823258221116,1.29318537568612,0.314393116891427,1
"15402","PmetTSAr1.1-021327",3.28214184281112,3.51025031452804,4.49205809839356,6.51331233460067,3.34976873375749,7.09598823261244,6.41184779012793,5.12348350539173,0.303029952903473,2.33495166881181,0.36485825873624,1
"15403","PmetTSAr1.1-021332",6.02475351968069,6.39579506460618,4.25563398795179,4.95117644947286,6.04414793264938,5.03221476256978,4.96603897470693,5.40654889242995,-0.0147456617294055,2.44516745715816,0.970200480408915,1
"15404","PmetTSAr1.1-021333",5.17049742360657,5.59260219602773,5.0594759634538,4.44811574070289,6.22620058122315,3.6752130288431,4.77745521617375,4.24598080557326,-0.100767992433242,2.30948401564318,0.7341019507124,1
"15405","PmetTSAr1.1-021335",8.63248265506487,11.2447001600983,8.22755904337346,8.4990782902716,9.10263242868882,10.5450343058344,11.2731180100942,10.5300323978217,0.178877530259364,3.29626959051775,0.53459638948659,1
"15406","PmetTSAr1.1-021336",2.92245506551675,2.91529263409956,2.83708932530119,2.51530354384985,2.22104231260007,2.48783651183225,2.30491260429436,2.83065387038217,-0.181326492578226,1.42654540332315,0.48163572799353,1
"15407","PmetTSAr1.1-021337",9.89138637559517,14.2789843302836,6.19431169357427,9.4787228284026,11.0323905035708,10.8842847392661,19.6336646383983,14.4363347389491,0.489529500991469,3.59159623253741,0.146340893417459,1
"15408","PmetTSAr1.1-021340",7.68830486466715,7.02050062905609,6.80901438072287,5.56014467587862,5.5344005166428,6.98290475480188,8.23482412261529,8.12397660799683,0.0962739046556661,2.81904908660854,0.754313539114522,1
"15409","PmetTSAr1.1-021342",6.96893131007841,9.81680172706995,2.78980450321284,6.22206666110226,4.76977939263294,6.44575823520174,7.87861035649707,6.59542351799046,-0.00817386117552617,2.7022420493034,0.98821737096919,1
"15410","PmetTSAr1.1-021343",2.47284659389879,2.08235188149969,2.03324734979919,2.35644226739618,1.82052648573776,2.60091998964281,4.42124145005554,2.6042015607516,0.365477368365947,1.38987358342311,0.236259207923519,1
"15411","PmetTSAr1.1-021345",4.36120217469423,7.22873581720606,8.65312244216864,8.39317077263582,6.73594799722972,6.70019606027549,6.09754152590598,4.9536442731688,-0.227758142296103,2.74447956249518,0.47103442371125,1
"15412","PmetTSAr1.1-021349",2.60772913538418,2.02285611345684,10.7336546140562,6.91046552573485,4.11438985776735,6.10650780177007,2.84971012894575,3.02879964130892,-0.466667322143853,2.27626333341619,0.310016930010248,1
"15413","PmetTSAr1.1-021352",1.52866880350107,2.02285611345684,2.17510181606425,2.1975809909425,1.56565277773448,2.8836286841692,2.91257138179014,2.26452309630574,0.284031608167517,1.17850119204697,0.331595439852677,1
"15414","PmetTSAr1.1-021354",1.52866880350107,1.75512515726402,1.65496877309236,1.35032084985624,1.85693701545252,1.66798129770571,1.96965258912427,1.50024655130255,0.158162615655442,0.784897775135697,0.561941560623165,1
"15415","PmetTSAr1.1-021357",7.77822655899075,6.06856834037052,6.05245722730921,5.32185276119811,5.5344005166428,3.13806650924295,3.93930517824853,6.70864967280575,-0.384210127647062,2.49050289231564,0.229772366926064,1
"15416","PmetTSAr1.1-021358",8.67744350222667,9.10285251055577,6.61987509236945,9.66406098426522,8.66570607211175,10.0361586556869,8.29768537545968,8.94486623040766,0.0751819341138534,3.14021587725099,0.794079243566555,1
"15417","PmetTSAr1.1-021359",9.30689536249182,9.45982711881286,6.38345098192769,6.88398864632591,8.22877971553469,5.59763215162256,8.3815003792522,8.06736353058919,-0.0816938195522682,2.97266147684432,0.790383489765855,1
"15418","PmetTSAr1.1-021360",2.87749421835496,2.3500828376925,8.55855279799194,2.64768794089458,3.71387403090504,4.89086041530658,4.77745521617375,2.88726694778981,-0.00426069493678674,2.04876500535336,0.988753642035248,1
"15419","PmetTSAr1.1-021361",5.08057572928297,3.36151089442092,4.06649469959838,9.21395403431314,4.69695833320343,6.86982127699133,3.05924763842705,3.79307618631211,-0.243345579469335,2.34530931215985,0.514510961303967,1
"15420","PmetTSAr1.1-021362",10.5657990830221,14.5764631704978,8.27484386546182,9.16100027549525,7.28210594295105,8.73569866086551,8.94725165485172,10.2186604720796,-0.275750047668166,3.29033388966662,0.365950935402864,1
"15421","PmetTSAr1.1-021363",3.19222014848753,2.76655321399244,2.26967146024096,6.32797417873805,3.78669509033455,4.74950606804339,1.02673379645839,3.53831733797771,-0.162330163445241,1.81618719518757,0.717138401031013,1
"15422","PmetTSAr1.1-021365",8.13791333628512,8.59713848219156,6.95086884698793,7.09580368159747,8.37442183439371,5.93688258505423,6.26517153349102,7.64276545003186,-0.127149107604072,2.89407394541859,0.663784970100684,1
"15423","PmetTSAr1.1-021367",5.03561488212118,4.46218260321361,3.26265272409637,4.05096254956871,3.93233720919357,5.99342432395951,5.88800401642467,5.71792081817199,0.358333230867764,2.28136678080533,0.225108937820693,1
"15424","PmetTSAr1.1-021368",6.56428368562225,5.38436700787776,5.62689382851404,7.17523431982431,6.08055846236413,5.90861171560159,6.78901530719428,6.31235813095224,0.0194024367017684,2.65387754673547,0.953089943247332,1
"15425","PmetTSAr1.1-021369",3.91159370307627,4.31344318310649,7.56557153413652,6.27502041992016,5.09747416006574,4.80604780694866,2.76589512515323,4.81211157964969,-0.338029708617518,2.32093076928237,0.304291074226733,1
"15426","PmetTSAr1.1-021375",3.91159370307627,4.61092202332074,2.74251968112449,2.88597985557509,3.60464244176077,5.11702737092769,5.13366898229197,5.88776005039492,0.480221438845954,2.10660485342718,0.108519297604341,1
"15427","PmetTSAr1.1-021380",2.427885746737,1.66588150519975,3.16808307991967,2.91245673498404,2.58514760974762,1.89414825332683,1.9906063400724,2.77404079297453,-0.136726854014447,1.31213669831405,0.642775371417821,1
"15428","PmetTSAr1.1-021381",3.05733760700214,3.68873761865659,3.07351343574296,2.91245673498404,2.80361078803616,3.59040042048518,4.04407393298919,3.73646310890447,0.157343567666899,1.77798787968995,0.5662304183584,1
"15429","PmetTSAr1.1-021389",14.9719621048781,9.66806230696283,8.93683137469876,17.9513242392653,12.0154748058692,13.1742251649299,9.05202040959238,10.8980174009714,-0.192746816710678,3.60230963871227,0.550901880526619,1
"15430","PmetTSAr1.1-021390",7.23869639304919,7.91293714969881,3.87735541124497,7.70477190800323,6.40825322979693,8.19855214126537,9.1358354133849,7.10494121465925,0.204058922687808,2.86181246833973,0.518723041783705,1
"15431","PmetTSAr1.1-021393",9.08209112668284,6.87176120894897,5.0594759634538,4.42163886129395,6.51748481894119,5.11702737092769,6.80996905814241,6.68034313410192,-0.0151155755826656,2.67309175576775,0.963153221955009,1
"15432","PmetTSAr1.1-021394",1.79843388647185,1.33865478096408,3.68821612289155,3.83914751429714,4.04156879833783,3.16633737869559,0.754335034132698,1.18887462556051,-0.228883567186253,1.3375636421654,0.639540510655677,1
"15433","PmetTSAr1.1-021395",4.18135878604705,5.681845848092,5.8633179389558,5.74548283174124,5.42516892749854,6.67192519082285,7.20809032615689,5.23670966020702,0.192676480994425,2.54074178147356,0.508306347193202,1
"15434","PmetTSAr1.1-021396",7.01389215724021,6.96100486101324,10.7336546140562,6.6456967316454,6.77235852694448,8.33990648852856,8.48626913399285,7.04832813725161,-0.0290777399168172,2.9649328416274,0.921279512044279,1
"15435","PmetTSAr1.1-021397",2.69765082970777,3.62924185061374,3.02622861365461,4.1039163083866,3.38617926347224,2.91189955362184,2.78684887610136,3.39678464445861,-0.119193808997269,1.72516370675827,0.675527857741103,1
"15436","PmetTSAr1.1-021399",6.38444029697506,8.71613001827726,8.22755904337346,7.89011006386585,5.8620952840756,10.3188673502133,10.6445054816503,6.96340852114014,0.115228527165358,3.03460394442453,0.715326034891181,1
"15437","PmetTSAr1.1-021400",1.61859049782466,1.69562938922117,2.03324734979919,2.22405787035145,2.22104231260007,1.52662695044252,1.27817880783596,1.47194001259873,-0.23784407724073,0.86064044211846,0.422916316243386,1
"15438","PmetTSAr1.1-021402",1.57362965066287,1.96336034541399,1.79682323935742,1.35032084985624,2.07540019374105,1.63971042825307,2.01156009102053,1.41532693519109,0.0979658244987196,0.839517479941976,0.749971590839419,1
"15439","PmetTSAr1.1-021405",6.20459690832788,3.65898973463516,5.72146347269074,9.10804651667735,7.2456954132363,5.51281954326464,2.80780262704949,4.89703119576116,-0.276090798021759,2.51105088217509,0.446246715698996,1
"15440","PmetTSAr1.1-021410",2.3829248995752,3.56974608257089,1.84410806144578,3.07131801143771,2.40309496117385,2.37475303402169,2.36777385713875,2.71742771556688,-0.15373894098619,1.41037930527343,0.61113744116401,1
"15441","PmetTSAr1.1-021412",10.4309165415367,8.50789483012729,12.9560412522088,10.749613040032,8.99340083954455,3.95792172336949,3.16401639316771,7.27478044688218,-0.869003632568443,3.0527264492021,0.0159403023272556,1
"15442","PmetTSAr1.1-021413",1.61859049782466,1.51714208509263,1.79682323935742,1.74747404099042,1.42001065887546,1.86587738387419,1.63439257395418,1.52855309000637,-0.0450365737683801,0.767506912991981,0.893182007873652,1
"15443","PmetTSAr1.1-021419",3.05733760700214,3.89697280680656,3.83007058915661,2.70064169971247,3.34976873375749,2.40302390347433,3.24783139696023,3.08541271871657,-0.155856593864181,1.70242752543005,0.570942461295677,1
"15444","PmetTSAr1.1-021420",2.78757252403137,3.65898973463516,2.08053217188754,1.74747404099042,2.54873708003287,2.14858607840058,2.82875637799762,2.15129694149045,-0.086082343446345,1.35388184747008,0.775853633666462,1
"15445","PmetTSAr1.1-021421",1.43874710917748,1.63613362117833,2.26967146024096,2.40939602621407,2.00257913431154,2.62919085909545,2.22109760050183,2.23621655760192,0.225927818192945,1.11831900166972,0.414031936616206,1
"15446","PmetTSAr1.1-021423",6.20459690832788,7.02050062905609,5.48503936224898,6.43388169637383,6.80876905665924,5.51281954326464,5.09176148039571,5.77453389557963,-0.120521683552551,2.60926862076288,0.68213367738416,1
"15447","PmetTSAr1.1-021424",3.82167200875268,3.68873761865659,5.48503936224898,5.98377474642175,4.36926356577063,3.19460824814823,1.86488383438361,4.38751349909237,-0.464095214987587,2.05419939654388,0.165018143170966,1
"15448","PmetTSAr1.1-021425",5.21545827076836,4.9381487475564,5.53232418433733,9.98178353717257,5.78927422464609,7.8593017078337,8.63294539062977,5.8594535116911,0.130332735661089,2.76506155991141,0.691722654057614,1
"15449","PmetTSAr1.1-021426",5.57514504806273,6.69327390482042,11.8684903441767,4.58050013774762,6.51748481894119,5.59763215162256,5.09176148039571,4.44412657650001,-0.404247303861211,2.66499828438534,0.232249670321308,1
"15450","PmetTSAr1.1-021438",7.73326571182895,7.10974428112036,7.66014117831322,5.93082098760386,6.40825322979693,3.76002563720101,4.65173271048497,7.69937852743951,-0.336135501000242,2.68300050361976,0.284801319985711,1
"15451","PmetTSAr1.1-021440",4.31624132753244,3.89697280680656,5.8633179389558,7.36057247568693,5.78927422464609,7.0677173631598,4.86127021996628,5.74622735687581,0.127589367681853,2.50500261959681,0.68131831040104,1
"15452","PmetTSAr1.1-021441",11.0603684018019,10.173776335327,10.9227939024096,12.0999338898882,12.1611169247283,8.62261518305496,7.98337911123772,10.473419320414,-0.175223193383285,3.39154298876832,0.550926548005831,1
"15453","PmetTSAr1.1-021444",6.69916622710764,7.46671888937745,6.5725902702811,5.16299148474443,7.13646382409203,5.90861171560159,6.09754152590598,6.08590582132167,-0.0378705471199157,2.68924672746064,0.894990244270264,1
"15454","PmetTSAr1.1-021445",3.5519069257819,2.11209976552111,7.84928046666664,2.25053474976039,3.02207396632469,2.00723173113738,0.796242536028959,1.47194001259873,-1.11075078343271,1.54029614001462,0.0130750671692395,1
"15455","PmetTSAr1.1-021446",5.03561488212118,5.94957680428482,5.91060276104415,6.32797417873805,4.26003197662637,6.13477867122271,5.84609651452841,5.2084031215032,-0.114165447225318,2.49777195649826,0.690985996318901,1
"15456","PmetTSAr1.1-021448",8.3627175720941,13.0593210854052,4.77576703092368,12.5765177192493,7.50056912123959,16.9342508021309,16.7420470075563,15.1723047452484,0.536791250785204,3.58158611920894,0.149539308296246,1
"15457","PmetTSAr1.1-021449",6.60924453278405,6.99075274503466,20.0014797433734,8.73737020495211,7.10005329437728,7.77448909947578,8.82152914916294,5.94437312780256,-0.510820814486131,3.17690232988938,0.169136963309393,1
"15458","PmetTSAr1.1-021451",4.85577149347399,7.67495407752742,5.8633179389558,11.0673355929393,8.41083236410847,11.364889519961,9.57586418329564,7.67107198873568,0.324902386726799,3.06774472722715,0.31940342076122,1
"15459","PmetTSAr1.1-021455",13.5781758428625,15.290412387012,10.5445153257028,10.2200754518531,13.2170222864562,9.01840735539191,10.2673379645839,10.4168062430064,-0.210683576988147,3.53940032649833,0.480889982384821,1
"15460","PmetTSAr1.1-021456",6.20459690832788,5.65209796407058,4.91762149718874,5.87786722878597,4.95183204120672,4.57988085132755,4.25361144247049,4.61396580872294,-0.301918870318131,2.37564917669219,0.276501641622693,1
"15461","PmetTSAr1.1-021458",7.91310910047614,7.5262146574203,6.5725902702811,8.89623148140579,8.22877971553469,8.87705300812871,8.15100911882277,8.97317276911148,0.145529623604146,3.03694414886748,0.609107906462544,1
"15462","PmetTSAr1.1-021461",2.92245506551675,4.40268683517077,2.9316589694779,4.65993077597446,3.49541085261651,4.01446346227477,4.25361144247049,4.44412657650001,0.111846230726466,1.9858206960744,0.695362396112442,1
"15463","PmetTSAr1.1-021465",1.84339473363365,1.78487304128545,1.56039912891566,1.13850581458467,1.49283171830497,1.13083477810557,1.445808815421,1.24548770296816,-0.241542312507017,0.596004862672536,0.392443931240942,1
"15464","PmetTSAr1.1-021467",1.84339473363365,2.61781379388532,3.16808307991967,2.11815035271566,2.7672002583214,1.72452303661099,1.48771631731727,2.00976424797134,-0.294027408615154,1.18281278911122,0.327875116249436,1
"15465","PmetTSAr1.1-021471",3.5519069257819,3.80772915474228,1.79682323935742,4.20982382602238,2.94925290689518,4.04273433172741,5.36416024272141,2.97218656390128,0.193657958124216,1.87221760296112,0.556043393693237,1
"15466","PmetTSAr1.1-021473",2.3379640524134,2.11209976552111,2.55338039277107,2.25053474976039,2.51232655031811,2.03550260059002,1.80202258153922,1.92484463185988,-0.163520414354069,1.16803985843053,0.543349462938098,1
"15467","PmetTSAr1.1-021475",2.02323812228083,1.90386457737114,1.65496877309236,2.51530354384985,2.47591602060336,2.48783651183225,2.64017261946444,1.83992501574841,0.212969259915768,1.1760447917591,0.437159349443977,1
"15468","PmetTSAr1.1-021476",1.66355134498646,1.96336034541399,1.60768395100401,2.85950297616615,2.62155813946238,3.27942085650615,2.24205135144996,2.57589502204778,0.385709025008707,1.27573001257775,0.1656589647396,1
"15469","PmetTSAr1.1-021477",4.09143709172346,4.43243471919219,3.45179201244979,2.80654921734825,3.64105297147553,2.37475303402169,1.96965258912427,3.34017156705096,-0.389270270617367,1.72959219877391,0.196083800240915,1
"15470","PmetTSAr1.1-021478",6.20459690832788,5.23562758777064,5.72146347269074,7.91658694327479,7.53697965095434,7.35042605768619,9.45014167760686,7.35970006299365,0.336983872078972,2.84111102914317,0.252298384562425,1
"15471","PmetTSAr1.1-021481",1.88835558079544,2.82604898203529,1.74953841726907,2.48882666444091,1.92975807488203,2.06377347004266,2.87066387989388,2.80234733167835,0.103169256021544,1.26155288461533,0.712246893607309,1
"15472","PmetTSAr1.1-021482",3.14725930132574,3.59949396659232,3.02622861365461,2.88597985557509,3.67746350119028,3.70348389829574,4.29551894436675,3.93460887983122,0.302964780296207,1.84790273773698,0.252074926332749,1
"15473","PmetTSAr1.1-021483",4.7658497991504,4.34319106712792,3.54636165662649,4.84526893183708,6.33543217036742,3.61867128993782,2.45158886093127,4.9536442731688,-0.0194052802243398,2.14230385906876,0.967557478675494,1
"15474","PmetTSAr1.1-021485",2.3829248995752,2.4690743737782,2.69523485903613,2.06519659389777,2.4395054908886,1.92241912277947,2.43063510998314,2.03807078667516,-0.116500497988846,1.2408925332513,0.656310866947786,1
"15475","PmetTSAr1.1-021486",2.83253337119316,2.94504051812099,5.57960900642568,3.33608680552717,4.73336886291819,3.61867128993782,1.13150255119905,3.11371925742039,-0.224966831533812,1.78994601641472,0.565472664901769,1
"15476","PmetTSAr1.1-021487",2.3379640524134,1.90386457737114,2.78980450321284,3.30960992611823,2.51232655031811,1.83760651442155,1.59248507205792,2.03807078667516,-0.383829166082665,1.23039598042625,0.18410964846748,1
"15477","PmetTSAr1.1-021491",4.45112386901783,6.36604718058476,4.11377952168673,5.95729786701281,4.66054780348867,5.37146519600145,4.98699272565506,4.24598080557326,-0.121617608529583,2.34640728093723,0.680868210175826,1
"15478","PmetTSAr1.1-021492",7.73326571182895,9.7573059590271,6.38345098192769,10.5907517635783,7.20928488352154,9.55555387499205,9.55491043234751,7.5578458339204,-0.0269975574038409,3.10634937924526,0.934744821954416,1
"15479","PmetTSAr1.1-021493",8.54256096074128,6.81226544090612,11.2065028349397,10.7760899194409,8.84775872068553,8.59434431360232,5.44797524651393,7.5578458339204,-0.295200076539493,3.0920307368283,0.342779440915018,1
"15480","PmetTSAr1.1-021494",4.85577149347399,4.49193048723504,13.7598832277108,10.1935985724441,4.87901098177721,10.1492421334975,9.65967918708816,7.21816736947454,-0.0589873049428268,3.03770612809041,0.880684960250381,1
"15481","PmetTSAr1.1-021497",8.00303079479973,6.84201332492754,6.47802062610439,9.1345233960863,6.5903058783707,7.57659301330731,8.04624036408211,6.19913197613696,-0.100703677885133,2.89194452085905,0.731274453207739,1
"15482","PmetTSAr1.1-021501",19.7827727511903,15.7068827633119,4.53934292048191,13.7679772926518,16.3847383716399,16.0578538490991,23.9501373337132,23.1264421210223,0.563175182311709,4.06509752628812,0.147414404483729,1
"15483","PmetTSAr1.1-021502",4.99065403495938,7.05024851307751,6.5725902702811,4.71288453479235,4.58772674405916,5.42800693490673,5.17557648418823,6.93510198243632,-0.0749562158134887,2.52164226617227,0.805999541439827,1
"15484","PmetTSAr1.1-021503",8.54256096074128,10.173776335327,11.111933190763,11.3850581458467,10.6318746767085,7.97238518564425,9.19869666622929,9.53930354318792,-0.143550768995521,3.30446954707587,0.620751630752681,1
"15485","PmetTSAr1.1-021504",8.54256096074128,16.4208319798261,3.26265272409637,7.09580368159747,6.77235852694448,4.69296432913811,8.6538991415779,10.1337408559682,-0.225481986823829,3.04751375010315,0.594882051596745,1
"15486","PmetTSAr1.1-021505",4.18135878604705,5.20587970374922,6.71444473654616,7.99601758150163,6.80876905665924,4.77777693749603,6.8728303109868,7.81260468225479,0.122220993321522,2.66950073171373,0.698002798950947,1
"15487","PmetTSAr1.1-021506",2.3379640524134,2.02285611345684,2.41152592650602,2.25053474976039,2.00257913431154,2.65746172854809,1.59248507205792,1.61347270611784,-0.197920288580529,1.1162870717796,0.483076832280246,1
"15488","PmetTSAr1.1-021507",3.50694607862011,3.4507545464852,1.5131143068273,3.20370240848244,2.58514760974762,2.71400346745336,2.64017261946444,3.53831733797771,-0.0319829906754904,1.56560955631587,0.937602998398777,1
"15489","PmetTSAr1.1-021508",9.12705197384463,12.2561282168267,10.9227939024096,9.08156963726841,9.94007461212819,9.21630344156038,10.2673379645839,9.19962507874206,-0.0997565771928288,3.33088155013925,0.728838181771063,1
"15490","PmetTSAr1.1-021516",15.1518054935253,16.8967981241689,8.84226173052206,10.246552331262,12.9621485784529,8.96186561648663,10.8749967420797,12.6530228006083,-0.171037842523611,3.60096077057051,0.590503495066477,1
"15491","PmetTSAr1.1-021517",1.88835558079544,3.24251935833523,1.5131143068273,2.03871971448883,2.00257913431154,2.77054520635864,2.09537509481305,2.43436232852867,0.0863997714762923,1.21180188036365,0.766593080632285,1
"15492","PmetTSAr1.1-021518",3.68678946726729,2.73680532997102,9.17325548514053,9.63758410485627,4.73336886291819,5.34319432654881,4.12788893678171,5.18009658279937,-0.380755764760544,2.49421725776646,0.32862413730725,1
"15493","PmetTSAr1.1-021519",4.00151539739986,2.55831802584247,7.47100188995981,3.91857815252398,3.96874773890832,4.01446346227477,3.2268776460121,1.72669886093312,-0.466901024641004,1.96558543424765,0.201870256816395,1
"15494","PmetTSAr1.1-021520",1.97827727511903,2.43932648975678,2.50609557068272,2.48882666444091,2.47591602060336,1.47008521153724,1.5086700682654,1.0473419320414,-0.547769041487164,1.03131590988464,0.0697497863768543,1
"15495","PmetTSAr1.1-021521",4.27128048037064,3.86722492278513,6.66715991445781,3.44199432316295,3.49541085261651,3.3925043343167,2.78684887610136,3.73646310890447,-0.438412472608365,2.00188490675785,0.140302092878598,1
"15496","PmetTSAr1.1-021522",7.28365724021099,10.8282297837984,8.84226173052206,7.91658694327479,7.13646382409203,7.15252997151772,9.91112419846573,8.94486623040766,-0.0728097478914451,3.09872353326287,0.808214223103836,1
"15497","PmetTSAr1.1-021523",4.22631963320885,4.9381487475564,5.39046971807227,4.13039318779555,3.8231056200493,4.15581780953796,4.77745521617375,3.99122195723886,-0.15399027764172,2.1663450593807,0.571839973439531,1
"15498","PmetTSAr1.1-021524",3.28214184281112,3.80772915474228,2.88437414738955,3.7597168760703,3.0948950257542,3.47731694267462,2.93352513273827,3.14202579612421,-0.125324812711784,1.7488434690651,0.65174156412987,1
"15499","PmetTSAr1.1-021527",29.9888850569181,33.7043525962735,25.9120825044176,31.4810096172366,32.8422978027093,28.4687655388077,34.1755677964008,31.3070318064268,0.066057329539499,4.9565162017258,0.81850259619325,1
"15500","PmetTSAr1.1-021532",5.12553657644477,3.24251935833523,10.4026608594377,5.05708396710865,3.45900032290175,5.65417389052784,3.81358267255975,4.21767426686944,-0.468343867356671,2.36931721289731,0.189904557920156,1
"15501","PmetTSAr1.1-021537",4.7658497991504,5.17613181972779,5.67417865060239,4.76583829361024,5.49798998692805,6.13477867122271,6.28612528443915,6.87848890502868,0.28465706873866,2.51394364463795,0.311327802162871,1
"15502","PmetTSAr1.1-021539",6.51932283846045,10.7687340157555,6.43073580401604,5.56014467587862,6.44466375951168,6.16304954067535,5.23843773703263,7.98244391447772,-0.183149941995836,2.79691800669123,0.565274216258841,1
"15503","PmetTSAr1.1-021540",8.40767841925589,11.3339438121626,4.87033667510038,6.53978921400961,7.42774806181008,9.13149083320246,9.32441917191807,9.22793161744588,0.171034458196063,3.0620870043704,0.595373147578576,1
"15504","PmetTSAr1.1-021541",2.87749421835496,2.5880659098639,3.92464023333332,6.24854354051121,3.71387403090504,6.84155040753869,3.81358267255975,4.33090042168472,0.253064880698181,2.1247529099801,0.45941973924851,1
"15505","PmetTSAr1.1-021542",9.17201282100643,10.2630199873913,9.07868584096382,12.682425236885,10.3405904389905,12.2130156035401,10.8540429911316,12.3982639522739,0.151153021555365,3.45187180367642,0.59961225322631,1
"15506","PmetTSAr1.1-021544",4.85577149347399,2.29058706964966,4.77576703092368,6.22206666110226,6.40825322979693,3.98619259282213,1.67630007585044,2.97218656390128,-0.276058804677811,2.06987247624072,0.493948830488808,1
"15507","PmetTSAr1.1-021549",2.78757252403137,2.26083918562823,1.98596252771084,2.38291914680512,1.7112948965935,1.72452303661099,2.11632884576118,1.86823155445223,-0.337993494574314,1.11371393642702,0.197560352475405,1
"15508","PmetTSAr1.1-021550",5.03561488212118,7.37747523731318,4.20834916586344,7.73124878741217,6.1897900515084,8.28336474962329,7.64811909606763,5.94437312780256,0.199910921384892,2.72785265814821,0.522599537567131,1
"15509","PmetTSAr1.1-021551",10.9254858603165,7.10974428112036,6.43073580401604,7.70477190800323,7.71903229952812,7.15252997151772,8.06719411503024,7.86921775966244,-0.06111747407941,2.98758491080395,0.83854618385574,1
"15510","PmetTSAr1.1-021552",5.66506674238632,3.92672069082798,3.12079825783131,4.47459262011184,2.7672002583214,2.742274336906,3.93930517824853,3.70815657020064,-0.381537355517562,1.9458454679217,0.194764297869746,1
"15511","PmetTSAr1.1-021553",10.2960340000513,16.6588150519975,21.3727395839357,10.1141679342173,8.81134819097078,11.67586908394,13.1170480935297,13.7852843487612,-0.300428933831885,3.73169686675613,0.36543144146956,1
"15512","PmetTSAr1.1-021555",7.46350062885817,8.32940752599875,6.90358402489957,7.06932680218853,8.15595865610518,7.97238518564425,9.97398545131012,7.78429814355097,0.187217769564764,3.00402582226568,0.513774435288831,1
"15513","PmetTSAr1.1-021556",3.28214184281112,7.25848370122748,5.24861525180721,5.74548283174124,4.4784951549149,6.50229997410702,8.75866789631855,5.57638812465288,0.231924232079248,2.56814458156624,0.485956571118163,1
"15514","PmetTSAr1.1-021557",4.13639793888525,4.58117413929931,3.73550094497991,4.395161981885,4.58772674405916,3.76002563720101,4.77745521617375,4.38751349909237,0.0532460927265007,2.12411276340391,0.851004227505395,1
"15515","PmetTSAr1.1-021558",3.14725930132574,4.04571222691368,5.81603311686745,5.40128339942494,5.13388468978049,4.04273433172741,4.06502768393732,3.45339772186625,-0.143739845441702,2.15286203814871,0.638405258207151,1
"15516","PmetTSAr1.1-021559",6.74412707426943,8.62688636621299,5.95788758313251,8.68441644613422,5.8620952840756,7.29388431878091,8.59103788873351,8.49196161114651,0.00921898522545028,2.92611063230724,0.977534021136004,1
"15517","PmetTSAr1.1-021560",3.68678946726729,3.06403205420668,2.26967146024096,2.1975809909425,3.49541085261651,2.91189955362184,2.2001438495537,2.88726694778981,0.0329751827923143,1.5340701397812,0.909605869911838,1
"15518","PmetTSAr1.1-021564",6.69916622710764,7.97243291774166,6.38345098192769,6.24854354051121,6.51748481894119,4.63642259023283,5.46892899746206,4.84041811835351,-0.34910804365204,2.62139705310889,0.225181810910369,1
"15519","PmetTSAr1.1-021566",8.18287418344691,9.31108769870574,12.8141867859437,13.9533154485144,10.9959799738561,10.3188673502133,9.49204917950312,8.23720276281212,-0.182161402238862,3.38867917436003,0.550968616379489,1
"15520","PmetTSAr1.1-021567",4.36120217469423,4.75966144342786,4.53934292048191,5.13651460533548,5.02465310063623,5.51281954326464,5.04985397849945,5.01025735057644,0.129796638072403,2.31867612093168,0.630692108385572,1
"15521","PmetTSAr1.1-021569",8.67744350222667,8.29965964197732,9.55153406184735,9.4257690695847,8.3016007749642,8.05719779400217,10.0997079569989,9.73744931411467,0.0106688516379317,3.18289873538084,0.975133079467094,1
"15522","PmetTSAr1.1-021571",11.7347811092288,12.8510858972552,13.7125984056224,19.6723214008467,11.4329063304332,14.6725812459197,11.9017305385381,13.6720581939459,-0.167032223931664,3.78355646680754,0.580163579450235,1
"15523","PmetTSAr1.1-021574",1.66355134498646,2.88554475007814,2.1278169939759,1.45622836749202,1.7112948965935,1.78106477551627,2.93352513273827,2.6042015607516,0.156549753026411,1.14575093567647,0.623109349691061,1
"15524","PmetTSAr1.1-021576",2.69765082970777,2.40957860573535,2.1278169939759,2.40939602621407,3.16771608518371,2.06377347004266,1.84393008343548,2.51928194464013,-0.0172831117004745,1.30028396029212,0.985964307929794,1
"15525","PmetTSAr1.1-021577",14.8370795633928,16.8967981241689,15.79313057751,30.289550043834,17.4770542630825,34.5470024711251,38.9111155106783,27.4007294652994,0.603839413215411,4.62056335012487,0.0827800923213835,1
"15526","PmetTSAr1.1-021579",6.29451860265147,10.1142805672842,1.93867770562248,7.89011006386585,4.55131621434441,8.73569866086551,9.01011290769612,8.94486623040766,0.248500239339946,2.86083664657765,0.550612091911196,1
"15527","PmetTSAr1.1-021580",8.94720858519745,7.46671888937745,7.18729295742969,9.21395403431314,6.55389534865595,6.55884171301229,3.35260015170088,5.3499358150223,-0.592467096665937,2.78284484968015,0.0589002018328333,1
"15528","PmetTSAr1.1-021581",1.52866880350107,1.33865478096408,1.65496877309236,1.37679772926518,1.56565277773448,1.04602216974765,2.34682010619062,1.01903539333758,0.0374788596066394,0.629621098257089,0.960133104053709,1
"15529","PmetTSAr1.1-021584",4.00151539739986,4.84890509549213,4.06649469959838,5.50719091706073,5.68004263550182,4.80604780694866,3.79262892161162,3.96291541853504,-0.0221486333515763,2.21589208805016,0.958511276001319,1
"15530","PmetTSAr1.1-021587",2.87749421835496,3.51025031452804,2.36424110441766,3.09779489084666,3.31335820404273,3.56212955103254,4.31647269531488,3.59493041538536,0.315216730077561,1.76520565223092,0.24245465556621,1
"15531","PmetTSAr1.1-021589",3.86663285591448,5.74134161613485,3.26265272409637,4.52754637892973,4.00515826862308,5.45627780435937,6.72615405434989,6.79356928891721,0.398301989696813,2.35650811312673,0.195788911428923,1
"15532","PmetTSAr1.1-021591",2.15812066376622,2.14184764954254,3.40450719036143,2.32996538798723,1.85693701545252,2.85535781471656,2.26300510239809,2.54758848334395,-0.0642730192163324,1.32357046354517,0.812050771772185,1
"15533","PmetTSAr1.1-021592",12.2743112751704,10.6199945956484,15.6985609333333,16.7598646658627,14.7098540047611,13.9940803790564,12.4884355650858,14.2381889680223,0.00161437369186013,3.7978686859266,0.997475217631519,1
"15534","PmetTSAr1.1-021593",10.9704467074783,11.4231874642269,6.14702687148592,7.01637304337064,9.02981136925931,6.70019606027549,4.58887145764058,6.2557450535446,-0.423004135730768,2.9672675694242,0.205013266450247,1
"15535","PmetTSAr1.1-021594",6.02475351968069,8.74587790229868,11.1592180128514,5.34832964060705,3.96874773890832,5.37146519600145,8.46531538304472,8.29381584021976,-0.256478012886207,2.85406105491176,0.463924557525861,1
"15536","PmetTSAr1.1-021595",1.93331642795724,3.42100666246377,2.08053217188754,3.36256368493612,2.18463178288532,4.69296432913811,3.9812126801448,2.3494427124172,0.283557573018927,1.62094961305468,0.389678739814606,1
"15537","PmetTSAr1.1-021596",4.49608471617962,4.0754601109351,8.51126797590358,5.374806520016,5.42516892749854,4.21235954844324,3.33164640075275,3.0004931026051,-0.491218240868269,2.27812611552881,0.137995257951317,1
"15538","PmetTSAr1.1-021597",9.66658213978619,9.96554114717707,13.1924653626506,6.67217361105434,9.53955878526588,7.35042605768619,8.96820540579986,8.71841392077709,-0.189419414004371,3.2190400440999,0.536678992130099,1
"15539","PmetTSAr1.1-021598",4.85577149347399,4.87865297951355,4.06649469959838,3.30960992611823,3.93233720919357,2.60091998964281,2.78684887610136,3.14202579612421,-0.459024907188023,1.90661489924906,0.106224964819002,1
"15540","PmetTSAr1.1-021599",5.12553657644477,5.0571402836421,5.01219114136544,5.18946836415338,3.56823191204602,3.84483824555893,3.89739767635227,3.14202579612421,-0.494963177172708,2.14132795051894,0.0655360494729929,1
"15541","PmetTSAr1.1-021600",6.74412707426943,10.1440284513056,8.41669833172688,9.82292226071889,6.51748481894119,9.41419952772885,8.42340788114846,10.5583389365255,-0.0101649943537684,3.14114062246728,0.977996980518296,1
"15542","PmetTSAr1.1-021601",7.05885300440201,9.93579326315565,7.04543849116463,9.63758410485627,7.46415859152483,9.04667822484454,8.73771414537042,9.76575585281849,0.0537290558091245,3.11347206894053,0.855004801517199,1
"15543","PmetTSAr1.1-021603",4.58600641050321,5.02739239962067,3.49907683453814,3.23017928789139,4.58772674405916,4.12754694008532,4.04407393298919,4.47243311520383,0.0753529131289322,2.09018880117083,0.799501638525146,1
"15544","PmetTSAr1.1-021604",3.91159370307627,4.37293895114934,3.49907683453814,3.28313304670928,3.56823191204602,2.20512781730586,2.93352513273827,2.83065387038217,-0.387869269199217,1.7578442838737,0.15981675656966,1
"15545","PmetTSAr1.1-021605",1.93331642795724,1.84436880932829,2.74251968112449,2.1975809909425,1.96616860459678,1.97896086168474,3.39450765359714,2.09468386408281,0.128628044751211,1.22244115592097,0.684724452616991,1
"15546","PmetTSAr1.1-021606",20.5471071529409,27.219313879603,17.0225359518072,20.2548127478435,19.3704018082498,20.8639016560477,22.7138660277735,21.6261955697198,-0.00853069339720425,4.41062699575372,0.978670536707282,1
"15547","PmetTSAr1.1-021607",4.49608471617962,4.70016567538501,5.34318489598392,5.16299148474443,5.24311627892476,4.43852650406435,6.78901530719428,4.47243311520383,0.0899864540693899,2.36317037198372,0.764543517822789,1
"15548","PmetTSAr1.1-021608",7.68830486466715,9.43007923479144,3.02622861365461,6.46035857578278,4.1508003874821,8.05719779400217,15.1495619354984,7.92583083707008,0.407173794677741,2.96660538332062,0.324470159990234,1
"15549","PmetTSAr1.1-021611",2.3829248995752,1.90386457737114,2.97894379156625,2.38291914680512,1.67488436687874,1.61143955880043,1.32008630973222,1.72669886093312,-0.603166090828844,1.03457644933387,0.0256684038911339,1
"15550","PmetTSAr1.1-021612",2.56276828822238,2.26083918562823,2.9316589694779,1.77395092039937,1.96616860459678,1.86587738387419,1.34104006068035,1.55685962871019,-0.496340952449135,1.05758259908917,0.0731895422676747,1
"15551","PmetTSAr1.1-021613",3.01237675984035,3.53999819854947,4.11377952168673,2.14462723212461,3.422589793187,2.2333986867585,3.12210889127144,2.80234733167835,-0.139555794314224,1.63393492405773,0.630289017935085,1
"15552","PmetTSAr1.1-021620",14.4324319389366,15.2606645029906,9.07868584096382,15.4360206954154,16.4575594310694,17.0190634104888,15.3381456940315,13.3040731907962,0.194700329215242,3.86870958649709,0.514619063764396,1
"15553","PmetTSAr1.1-021621",8.13791333628512,9.25159193066289,7.84928046666664,8.34021701381793,8.01031653724616,7.68967649111786,8.48626913399285,9.31285123355734,-0.00407072307063645,3.0785966700159,0.992869420366377,1
"15554","PmetTSAr1.1-021622",4.7658497991504,4.61092202332074,1.84410806144578,4.18334694661344,3.93233720919357,1.83760651442155,2.59826511756818,2.29282963500956,-0.540022909758611,1.72993502763532,0.118073504974368,1
"15555","PmetTSAr1.1-021627",5.79994928387171,8.98386097447008,3.78278576706826,6.96341928455275,6.62671640808546,6.21959127958062,11.0635805006129,8.2088962241083,0.328271789220126,2.86435194561921,0.329795882028259,1
"15556","PmetTSAr1.1-021628",3.95655455023807,5.53310642798488,2.26967146024096,4.13039318779555,3.27694767432797,3.70348389829574,5.80418901263215,5.29332273761466,0.182722924060964,2.11083672765749,0.57560591349604,1
"15557","PmetTSAr1.1-021629",7.95806994763793,4.70016567538501,14.2800162706827,7.09580368159747,9.3575061366921,4.66469345968547,3.58309141213032,4.24598080557326,-0.639300469944762,2.81191051107869,0.10685100420169,1
"15558","PmetTSAr1.1-021630",18.2541039476893,20.5260399747826,11.6793510558232,11.9410726134346,15.2924224801972,17.1321468882994,20.9956584500268,16.8140839900701,0.170876439855571,4.0570956049372,0.583053076682562,1
"15559","PmetTSAr1.1-021631",3.23718099564933,4.34319106712792,3.45179201244979,3.07131801143771,2.7672002583214,3.10979563979031,3.2268776460121,2.49097540593631,-0.281714076907616,1.71055324976991,0.297336070518202,1
"15560","PmetTSAr1.1-021635",7.77822655899075,8.59713848219156,16.4551180867469,9.69053786367416,11.1416220927151,8.22682301071801,7.39667408469007,7.5578458339204,-0.308359278357833,3.27127859945225,0.347049779934234,1
"15561","PmetTSAr1.1-021636",2.83253337119316,3.71848550267801,2.03324734979919,3.04484113202877,3.05848449603944,3.90137998446421,4.96603897470693,3.93460887983122,0.44300023127861,1.81142191776929,0.126764852904012,1
"15562","PmetTSAr1.1-021638",3.68678946726729,2.02285611345684,3.97192505542167,2.93893361439298,3.16771608518371,2.82708694526392,2.34682010619062,2.37774925112102,-0.228782198857148,1.56953265833695,0.42635127200568,1
"15563","PmetTSAr1.1-021639",5.26041911793016,6.63377813677757,4.39748845421685,6.24854354051121,5.46157945721329,7.40696779659147,6.24421778254289,5.74622735687581,0.137858001465671,2.58329301354004,0.637151851503388,1
"15564","PmetTSAr1.1-021641",3.50694607862011,4.13495587897795,2.74251968112449,2.91245673498404,2.36668443145909,1.63971042825307,2.38872760808688,2.15129694149045,-0.639313364692357,1.47891447770801,0.0200273723409234,1
"15565","PmetTSAr1.1-021642",2.60772913538418,3.06403205420668,2.60066521485943,2.51530354384985,3.56823191204602,2.40302390347433,3.08020138937518,3.11371925742039,0.169126740667866,1.55175397414371,0.533998305372378,1
"15566","PmetTSAr1.1-021643",2.65268998254598,2.91529263409956,2.1278169939759,2.25053474976039,2.29386337202958,1.4418143420846,2.43063510998314,2.97218656390128,-0.123185701849894,1.29109316246818,0.672160697705807,1
"15567","PmetTSAr1.1-021644",8.13791333628512,8.92436520642723,10.6390849698795,9.50519970781154,8.59288501268224,8.05719779400217,7.01950656762372,7.72768506614333,-0.245463528403726,3.10976818804127,0.389693297805731,1
"15568","PmetTSAr1.1-021645",2.83253337119316,2.43932648975678,2.50609557068272,2.22405787035145,3.02207396632469,2.31821129511641,1.27817880783596,1.10395500944905,-0.382264871772337,1.18014348371678,0.243266910409721,1
"15569","PmetTSAr1.1-021646",4.67592810482681,5.86033315222055,3.97192505542167,3.01836425261982,3.85951614976406,3.78829650665365,4.42124145005554,5.57638812465288,0.0111184805444109,2.15656022303656,0.979404681426354,1
"15570","PmetTSAr1.1-021647",1.75347303931005,3.56974608257089,1.98596252771084,2.17110411153356,2.14822125317056,2.82708694526392,3.54118391023405,3.0004931026051,0.274985503506772,1.43137225264349,0.355823891905193,1
"15571","PmetTSAr1.1-021648",4.09143709172346,3.80772915474228,9.74067335020077,7.17523431982431,4.98824257092147,6.24786214903326,4.88222397091441,5.03856388928027,-0.227764432512787,2.53638670234662,0.50325587901312,1
"15572","PmetTSAr1.1-021651",16.4556700612174,16.8075544721046,5.48503936224898,3.4684712025719,13.5083065241742,3.84483824555893,4.23265769152236,4.9536442731688,-0.671522670464356,3.1107898693945,0.187190002708593,1
"15573","PmetTSAr1.1-021652",3.23718099564933,4.25394741506365,4.72848220883532,4.71288453479235,2.87643184746567,4.9756730236645,7.6271653451195,4.5573527313153,0.246230559789715,2.23066987229688,0.463815172269109,1
"15574","PmetTSAr1.1-021654",2.92245506551675,2.43932648975678,4.58662774257026,3.36256368493612,2.80361078803616,2.51610738128489,2.40968135903501,1.9531511705637,-0.454363235581623,1.54872740824412,0.113556784639005,1
"15575","PmetTSAr1.1-021658",3.95655455023807,4.8191572114707,3.78278576706826,3.04484113202877,3.78669509033455,3.16633737869559,2.7449413742051,3.19863887353185,-0.277873937672848,1.855476906841,0.318521982909826,1
"15576","PmetTSAr1.1-021659",3.5519069257819,1.90386457737114,2.83708932530119,2.75359545853036,2.14822125317056,2.12031520894794,1.80202258153922,1.3021007803758,-0.577713373878876,1.23420179476716,0.0465416652210654,1
"15577","PmetTSAr1.1-021661",2.65268998254598,1.90386457737114,2.78980450321284,1.87985843803515,2.07540019374105,3.36423346486407,2.43063510998314,3.0004931026051,0.251536027440722,1.36284899701562,0.393667069628592,1
"15578","PmetTSAr1.1-021662",7.46350062885817,6.78251755688469,4.77576703092368,4.36868510247606,6.29902164065266,5.11702737092769,6.24421778254289,6.73695621150957,0.0620101666947064,2.59307077304037,0.843169425985131,1
"15579","PmetTSAr1.1-021663",4.45112386901783,8.53764271414872,2.41152592650602,5.16299148474443,3.75028456061979,5.73898649888576,7.66907284701576,5.88776005039492,0.160901932072764,2.46689005764078,0.663464974553176,1
"15580","PmetTSAr1.1-021664",4.90073234063579,6.60403025275615,4.01920987751002,5.40128339942494,4.62413727377392,5.37146519600145,5.30129898987702,5.3499358150223,-0.0228111467211553,2.39590803482706,0.944750395720491,1
"15581","PmetTSAr1.1-021665",4.31624132753244,4.40268683517077,3.92464023333332,4.05096254956871,3.31335820404273,1.83760651442155,3.64595266497471,4.13275465075797,-0.367731158596394,1.91136113587606,0.219701569304598,1
"15582","PmetTSAr1.1-021667",5.84491013103351,7.07999639709894,4.20834916586344,8.04897134031952,6.00773740293462,8.73569866086551,9.3453729228662,6.76526275021339,0.289902086976269,2.82344990789075,0.356296328906482,1
"15583","PmetTSAr1.1-021668",2.15812066376622,2.08235188149969,2.50609557068272,2.38291914680512,2.29386337202958,2.742274336906,3.14306264221958,2.23621655760192,0.196987484623357,1.32656569716429,0.470646358957452,1
"15584","PmetTSAr1.1-021669",5.35034081225375,4.52167837125646,2.9316589694779,5.45423715824283,3.31335820404273,5.25838171819089,4.21170394057423,4.5573527313153,-0.0764980702733555,2.17494170589386,0.812137114553881,1
"15585","PmetTSAr1.1-021671",10.4758773886985,11.2744480441197,12.4831930313253,9.53167658722049,9.50314825555113,7.23734257987564,12.4255743122414,10.4451127817102,-0.141998988696275,3.38979500309784,0.633278019544049,1
"15586","PmetTSAr1.1-021674",1.70851219214826,1.84436880932829,1.79682323935742,1.72099716158148,2.14822125317056,1.47008521153724,1.84393008343548,1.92484463185988,0.0586962495942313,0.901646581148042,0.82585699235152,1
"15587","PmetTSAr1.1-021675",3.68678946726729,4.90840086353498,3.45179201244979,3.49494808198085,4.04156879833783,2.71400346745336,4.9450852237588,3.651543492793,-0.0183269256695714,1.97324345384154,0.951254045873208,1
"15588","PmetTSAr1.1-021676",3.23718099564933,2.82604898203529,2.50609557068272,3.60085559961663,2.98566343660993,2.79881607581128,4.4631489519518,3.11371925742039,0.135319472410674,1.70459241602931,0.643769803940476,1
"15589","PmetTSAr1.1-021679",4.67592810482681,4.43243471919219,2.69523485903613,3.65380935843452,4.11438985776735,3.64694215939046,4.65173271048497,3.84968926371975,0.0721371928816502,2.01063925621422,0.807976687033149,1
"15590","PmetTSAr1.1-021680",4.09143709172346,4.49193048723504,3.78278576706826,4.1039163083866,3.71387403090504,4.77777693749603,4.98699272565506,4.41582003779619,0.120305671977064,2.12480688217912,0.665473045693505,1
"15591","PmetTSAr1.1-021683",3.28214184281112,4.43243471919219,2.9316589694779,4.20982382602238,3.53182138233126,4.8343186764013,6.47470904297233,4.9536442731688,0.411185587422896,2.13942425259155,0.168648876558204,1
"15592","PmetTSAr1.1-021684",2.83253337119316,1.81462092530687,2.08053217188754,2.96541049380193,2.11181072345581,2.28994042566378,1.80202258153922,2.51928194464013,-0.155822657747828,1.23979546974468,0.58587332419191,1
"15593","PmetTSAr1.1-021686",9.62162129262439,14.9334377787549,3.6409313008032,5.85139034937702,6.44466375951168,5.7672573683384,8.54913038683724,8.74672045948091,-0.207638756390199,3.00217471737166,0.599189240630565,1
"15594","PmetTSAr1.1-021687",2.83253337119316,3.51025031452804,4.06649469959838,6.0102516258307,3.96874773890832,4.09927607063268,3.72976766876723,3.31186502834714,-0.126911504178821,2.00237618836624,0.683294275333907,1
"15595","PmetTSAr1.1-021690",4.36120217469423,3.18302359029238,2.17510181606425,3.41551744375401,3.8231056200493,4.38198476515908,4.40028769910741,3.17033233482803,0.263972151742625,1.87959979598679,0.371377924930565,1
"15596","PmetTSAr1.1-021694",2.3829248995752,3.27226724235665,2.36424110441766,4.95117644947286,2.14822125317056,5.31492345709617,4.71459396332936,5.06687042798409,0.404097078558663,1.94664221157421,0.244574251779628,1
"15597","PmetTSAr1.1-021695",3.23718099564933,5.14638393570637,3.83007058915661,5.87786722878597,3.85951614976406,5.82379910724368,5.55274400125458,5.03856388928027,0.159280900698094,2.28327491211781,0.598199448254231,1
"15598","PmetTSAr1.1-021696",7.95806994763793,11.6611705363982,12.5304778534136,12.3117489251598,10.2313588498462,13.4286629900036,14.604764410847,10.5866454752293,0.135834013944554,3.55234010396306,0.653228666980847,1
"15599","PmetTSAr1.1-021697",2.56276828822238,2.67730956192817,5.29590007389556,2.48882666444091,2.51232655031811,1.92241912277947,1.80202258153922,1.75500539963695,-0.698451699422464,1.41747489690212,0.0245725200569473,1
"15600","PmetTSAr1.1-021698",3.28214184281112,3.00453628616383,1.89139288353413,2.80654921734825,2.47591602060336,2.51610738128489,2.4725426118794,2.12299040278663,-0.200605771639213,1.39679649643133,0.466580582232992,1
"15601","PmetTSAr1.1-021700",1.88835558079544,3.2127714743138,1.70225359518072,3.38904056434506,2.25745284231483,3.42077520376934,4.06502768393732,3.96291541853504,0.416034534861096,1.61569279459573,0.182295743493563,1
"15602","PmetTSAr1.1-021705",8.54256096074128,10.590246711627,8.7949769084337,6.75160424928118,9.10263242868882,7.49178040494939,12.4884355650858,11.1244697106019,0.214685346447573,3.23669969871646,0.485297933232384,1
"15603","PmetTSAr1.1-021706",9.17201282100643,15.2309166189691,8.27484386546182,11.729257578163,9.50314825555113,16.453646021436,15.736266962046,13.3889928069077,0.309251387740191,3.64504983354934,0.332818083087333,1
"15604","PmetTSAr1.1-021707",4.00151539739986,3.98621645887083,2.26967146024096,3.28313304670928,3.27694767432797,3.59040042048518,4.35838019721114,3.05710618001275,0.0761599817117506,1.82557897265063,0.800068775684488,1
"15605","PmetTSAr1.1-021708",4.13639793888525,5.86033315222055,4.11377952168673,4.13039318779555,5.06106363035098,4.55160998187491,7.39667408469007,4.92533773446498,0.265810629355727,2.34806283527669,0.374135124843947,1
"15606","PmetTSAr1.1-021710",4.94569318779758,3.83747703876371,5.48503936224898,3.30960992611823,6.08055846236413,4.80604780694866,4.00216643109293,4.10444811205415,0.115296272866213,2.20942552991879,0.711247668745813,1
"15607","PmetTSAr1.1-021711",2.96741591267855,4.8191572114707,3.26265272409637,2.27701162916934,3.34976873375749,3.05325390088503,5.17557648418823,4.13275465075797,0.239833843482066,1.88657292903189,0.450116023876653,1
"15608","PmetTSAr1.1-021712",4.7658497991504,5.77108950015627,5.48503936224898,6.3014972993291,5.60722157607231,6.21959127958062,4.81936271807002,3.79307618631211,-0.130534323346006,2.4348442734889,0.662654636879653,1
"15609","PmetTSAr1.1-021713",10.5208382358603,11.4826832322697,8.18027422128511,17.9778011186742,7.93749547781665,18.489148622026,12.8236955802559,13.4456058843153,0.128101809513817,3.66457091918459,0.710637441991269,1
"15610","PmetTSAr1.1-021714",4.36120217469423,5.59260219602773,7.66014117831322,4.23630070543133,4.66054780348867,6.19132041012799,6.99855281667559,5.77453389557963,0.1181059388977,2.52251973881717,0.708195849786404,1
"15611","PmetTSAr1.1-021717",1.66355134498646,1.16016747683554,1.70225359518072,1.66804340276359,1.74770542630825,1.24391825591612,1.29913255878409,1.58516616741402,-0.0762049920992314,0.646710297881583,0.803444650630648,1
"15612","PmetTSAr1.1-021718",12.4991155109794,5.47361065994203,6.28888133775098,8.81680084317895,8.70211660182651,4.35371389570644,4.27456519341862,4.5573527313153,-0.597662144680224,2.79030144876911,0.0963352045597592,1
"15613","PmetTSAr1.1-021721",3.50694607862011,3.59949396659232,4.87033667510038,6.22206666110226,4.40567409548539,4.94740215421186,4.9450852237588,2.85896040908599,-0.0870733953330199,2.16474728964643,0.79007117308333,1
"15614","PmetTSAr1.1-021722",5.03561488212118,7.94268503372023,4.25563398795179,5.40128339942494,5.38875839778378,5.79552823779104,9.07297416054051,6.9067954437325,0.261456784725023,2.65484203474254,0.407751406148259,1
"15615","PmetTSAr1.1-021725",9.75650383410978,10.9769692039055,6.71444473654616,8.71089332554317,9.61237984469539,8.45298996633912,9.3453729228662,10.1054343172644,0.0515088022688057,3.21317633610592,0.861637218141797,1
"15616","PmetTSAr1.1-021726",3.37206353713472,4.99764451559925,2.9316589694779,3.86562439370609,3.38617926347224,3.16633737869559,3.10115514032331,3.05710618001275,-0.263082100424948,1.82708497004014,0.349537377280761,1
"15617","PmetTSAr1.1-021727",9.39681705681541,10.6199945956484,6.90358402489957,9.82292226071889,9.61237984469539,8.62261518305496,9.19869666622929,10.1054343172644,0.0286979104296204,3.22503532736384,0.921767365676825,1
"15618","PmetTSAr1.1-021729",1.70851219214826,2.88554475007814,1.84410806144578,2.70064169971247,1.60206330744923,2.94017042307448,2.82875637799762,2.57589502204778,0.114639518461818,1.29729311951847,0.695895761304779,1
"15619","PmetTSAr1.1-021730",4.58600641050321,5.08688816766352,2.69523485903613,2.43587290562301,4.62413727377392,2.82708694526392,2.55635761567192,2.57589502204778,-0.239921755100415,1.79837124637768,0.473207826167617,1
"15620","PmetTSAr1.1-021737",3.64182862010549,5.62235008004915,6.33616615983933,6.38092793755594,6.73594799722972,3.78829650665365,5.72037400883963,7.84091122095862,0.129030871958957,2.54160521404835,0.692814457309885,1
"15621","PmetTSAr1.1-021738",8.76736519655026,12.5833549410624,7.66014117831322,13.6091160161981,6.51748481894119,12.9480582093088,14.6676256636914,10.4451127817102,0.0638414262337797,3.45610427896892,0.850682094581836,1
"15622","PmetTSAr1.1-021739",1.97827727511903,2.37983072171393,3.87735541124497,3.62733247902557,2.58514760974762,2.31821129511641,1.55057757016166,1.78331193834077,-0.533908163160917,1.35981933855159,0.083314364131495,1
"15623","PmetTSAr1.1-021740",7.1487746987256,3.24251935833523,8.41669833172688,7.91658694327479,5.71645316521658,3.16633737869559,2.57731136662005,1.75500539963695,-1.01884805728748,2.33153846179749,0.00994741840197491,1
"15624","PmetTSAr1.1-021742",2.69765082970777,3.18302359029238,3.92464023333332,5.93082098760386,2.73078972860665,6.24786214903326,1.29913255878409,1.9531511705637,-0.369039257842359,1.83074420289812,0.386650240382156,1
"15625","PmetTSAr1.1-021743",6.11467521400429,4.99764451559925,4.11377952168673,4.07743942897765,3.38617926347224,4.49506824296963,3.68786016687097,3.31186502834714,-0.372267647254751,2.11408726878861,0.189332918671194,1
"15626","PmetTSAr1.1-021744",19.198281738087,19.782342874247,31.6335459771083,20.8902578536582,21.4458020019909,21.4575899145532,21.7290397332113,18.0312651543344,-0.145699031538075,4.44800738796887,0.624462065628449,1
"15627","PmetTSAr1.1-021745",1.88835558079544,2.3500828376925,3.26265272409637,5.63957531410546,2.33027390174434,3.08152477033767,1.34104006068035,3.22694541223568,-0.407323393740587,1.56257724533011,0.27944398476711,1
"15628","PmetTSAr1.1-021750",9.98130806991876,15.3796560390763,9.45696441767065,11.1202893517572,11.3964958007184,9.47074126663413,9.99493920225825,12.539796645793,-0.0841259335485654,3.48951112967529,0.782861220955784,1
"15629","PmetTSAr1.1-021751",1.61859049782466,1.96336034541399,1.98596252771084,2.59473418207669,2.07540019374105,1.83760651442155,1.40390131352474,1.98145770926752,-0.180311190230407,0.995689686970792,0.541106384423232,1
"15630","PmetTSAr1.1-021753",11.689820262067,12.4048676369338,11.1592180128514,11.5174425428914,11.906243216725,10.1775130029501,11.084534251561,11.6339874072707,-0.0626011548250396,3.52451286354441,0.825007031889257,1
"15631","PmetTSAr1.1-021754",3.5519069257819,4.04571222691368,4.87033667510038,4.20982382602238,3.78669509033455,4.04273433172741,3.9183514273004,3.651543492793,-0.113796028218312,2.02484728229225,0.677973998175843,1
"15632","PmetTSAr1.1-021755",4.7658497991504,4.75966144342786,3.83007058915661,5.56014467587862,4.58772674405916,4.21235954844324,4.40028769910741,3.96291541853504,-0.14446368157529,2.19311679299565,0.612875350274049,1
"15633","PmetTSAr1.1-021756",4.94569318779758,4.78940932744928,5.10676078554215,6.5927429728275,4.58772674405916,5.71071562943312,6.16040277875037,5.49146850854141,0.033799392273011,2.45660697916016,0.911283984703985,1
"15634","PmetTSAr1.1-021759",9.89138637559517,10.9769692039055,6.19431169357427,6.46035857578278,9.21186401783308,10.9973682170766,16.3229719885937,12.0019724104204,0.534551786259197,3.36874359670419,0.0983562961240184,1
"15635","PmetTSAr1.1-021760",8.49760011357949,9.81680172706995,7.32914742369475,7.78420254623007,9.24827454754784,6.44575823520174,7.64811909606763,7.75599160484715,-0.106010987237878,3.02256381132305,0.720070091950875,1
"15636","PmetTSAr1.1-021761",4.49608471617962,6.24705564449906,3.16808307991967,4.13039318779555,6.15337952179364,2.34648216456905,3.16401639316771,2.66081463815924,-0.341628082442342,2.03679616104284,0.34118994541703,1
"15637","PmetTSAr1.1-021762",4.27128048037064,4.46218260321361,3.59364647871485,3.1772255290735,3.96874773890832,2.26166955621114,2.6820801213607,3.39678464445861,-0.336409141333266,1.82022122689124,0.244768633016133,1
"15638","PmetTSAr1.1-021765",9.26193451533002,8.06167656980593,13.9017376939759,12.4706102016135,10.8139273252823,11.8737651701085,8.31863912640781,8.52026814985034,-0.14467981755976,3.38668675084003,0.640658236688757,1
"15639","PmetTSAr1.1-021768",13.7580192315096,11.4231874642269,10.7336546140562,5.42776027883389,7.86467441838714,2.91189955362184,4.92413147281067,9.08639892392677,-0.737401670813514,3.0547094561932,0.0593215704884202,1
"15640","PmetTSAr1.1-021769",6.29451860265147,6.21730776047764,5.57960900642568,5.32185276119811,6.1897900515084,3.90137998446421,4.08598143488545,5.3499358150223,-0.264293015767349,2.43905374574897,0.366507888789355,1
"15641","PmetTSAr1.1-021773",1.43874710917748,2.3500828376925,1.5131143068273,1.69452028217253,1.7112948965935,1.47008521153724,2.07442134386492,2.40605578982485,0.122053959354585,0.925832629840438,0.674755554617285,1
"15642","PmetTSAr1.1-021774",5.44026250657734,7.16924004916321,4.82305185301203,5.16299148474443,3.85951614976406,2.96844129252712,3.79262892161162,4.44412657650001,-0.58682082081485,2.25270201124392,0.0442777140418139,1
"15643","PmetTSAr1.1-021776",2.69765082970777,3.2127714743138,1.79682323935742,3.15074864966455,2.47591602060336,3.27942085650615,2.43063510998314,2.54758848334395,-0.028055977354727,1.46752076039178,0.939373811724731,1
"15644","PmetTSAr1.1-021777",17.220004462968,17.6999909927473,4.91762149718874,1.24441333222045,16.6760226093579,2.28994042566378,2.38872760808688,2.06637732537899,-0.812474271612993,3.01764572834607,0.262368638726092,1
"15645","PmetTSAr1.1-021779",7.23869639304919,3.77798127072086,24.1152592650601,6.19558978169332,15.3652435396267,4.80604780694866,2.28395885334622,3.34017156705096,-0.68024374394362,3.07231954798203,0.249073097080929,1
"15646","PmetTSAr1.1-021780",5.35034081225375,2.64756167790674,5.48503936224898,6.9369424051438,6.29902164065266,5.17356910983297,1.00578004551026,2.3494427124172,-0.466332179069364,2.15496640969752,0.315988679980474,1
"15647","PmetTSAr1.1-021785",3.95655455023807,5.83058526819912,3.21536790200802,5.00413020829076,4.4784951549149,6.44575823520174,6.51661654486859,5.97267966650638,0.374031685762513,2.39259257531153,0.213028590275888,1
"15648","PmetTSAr1.1-021786",2.65268998254598,2.70705744594959,2.31695628232931,2.70064169971247,2.58514760974762,2.71400346745336,3.75072141971536,2.91557348649364,0.207419061824072,1.51614228409705,0.445796742198121,1
"15649","PmetTSAr1.1-021789",1.79843388647185,2.52857014182105,2.08053217188754,3.04484113202877,2.22104231260007,3.08152477033767,3.03829388747892,2.40605578982485,0.175930797655508,1.37590426187196,0.521474608433665,1
"15650","PmetTSAr1.1-021790",4.31624132753244,3.2127714743138,5.72146347269074,3.15074864966455,3.02207396632469,2.0920443394953,2.38872760808688,2.15129694149045,-0.758044362955649,1.72265141667378,0.0105578123744333,1
"15651","PmetTSAr1.1-021791",23.9191706900756,13.327052041598,5.39046971807227,7.14875744041537,12.197527454443,7.88757257728634,10.0578004551026,12.9927012650542,-0.206116695185126,3.54443898851604,0.618791900205823,1
"15652","PmetTSAr1.1-021792",6.02475351968069,8.89461732240581,7.14000813534134,15.1182981425081,6.66312693780021,10.2057838724028,9.3453729228662,7.64276545003186,-0.137971201621017,3.16223631246596,0.690347634567688,1
"15653","PmetTSAr1.1-021794",6.65420537994584,9.43007923479144,11.6320662337349,13.1060553074282,8.66570607211175,8.22682301071801,9.1358354133849,5.80284043428345,-0.359985502038989,3.19272489306026,0.257045914685833,1
"15654","PmetTSAr1.1-021798",4.7208889519886,3.56974608257089,16.3132636204819,6.83103488750802,7.20928488352154,5.45627780435937,1.96965258912427,4.44412657650001,-0.720047774615051,2.66628940528443,0.124671343126329,1
"15655","PmetTSAr1.1-021802",16.7254351441882,22.7868791604109,12.4831930313253,18.9574456568052,14.5278013561874,22.0795490425112,23.3843860581136,21.0317582569395,0.190718038614095,4.25317568899428,0.537860838540128,1
"15656","PmetTSAr1.1-021803",2.87749421835496,2.61781379388532,5.8633179389558,4.95117644947286,3.38617926347224,4.07100520118004,2.6820801213607,2.80234733167835,-0.333061972069042,1.89174828175198,0.307838160143178,1
"15657","PmetTSAr1.1-021805",5.57514504806273,6.90150909297039,4.58662774257026,6.75160424928118,5.57081104635756,7.94411431619162,7.87861035649707,8.15228314670065,0.30854505875443,2.75306367612935,0.301086468651003,1
"15658","PmetTSAr1.1-021809",5.21545827076836,2.23109130160681,3.26265272409637,4.58050013774762,4.1508003874821,2.65746172854809,2.13728259670931,2.80234733167835,-0.384060145168681,1.77863488363468,0.244055213642812,1
"15659","PmetTSAr1.1-021812",12.4541546638176,12.2858761008482,8.18027422128511,7.06932680218853,9.83084302298392,8.19855214126537,8.02528661313398,8.80333353688855,-0.198185766164626,3.2345591743533,0.520550043123608,1
"15660","PmetTSAr1.1-021813",4.09143709172346,3.80772915474228,4.11377952168673,4.02448567015976,2.94925290689518,3.13806650924295,3.01734013653079,3.31186502834714,-0.367394651013755,1.85352668475076,0.154497125695342,1
"15661","PmetTSAr1.1-021814",8.99216943235925,11.1852043920555,8.13298939919676,13.0001477897924,12.343169573302,12.3260990813507,9.55491043234751,11.3792285589363,0.139178544845286,3.45035084133261,0.636854812580657,1
"15662","PmetTSAr1.1-021815",7.68830486466715,8.09142445382735,4.25563398795179,6.72512736987223,7.42774806181008,7.37869692713883,5.04985397849945,8.06736353058919,0.0576106451129887,2.78633529949439,0.856194248165945,1
"15663","PmetTSAr1.1-021816",6.47436199129866,6.90150909297039,6.19431169357427,10.3259829694889,8.01031653724616,11.6475982144874,10.2254304626877,8.54857468855416,0.359601388512513,3.10651793999709,0.239800103939727,1
"15664","PmetTSAr1.1-021817",3.28214184281112,2.52857014182105,3.78278576706826,4.28925446424922,3.96874773890832,3.81656737610629,3.81358267255975,3.96291541853504,0.16401002341029,1.90434312424398,0.555220454904106,1
"15665","PmetTSAr1.1-021818",5.44026250657734,5.35461912385634,2.2223866381526,3.73323999666136,4.18721091719686,3.64694215939046,5.02890022755132,5.03856388928027,0.094193864558078,2.1368162655525,0.774275249453632,1
"15666","PmetTSAr1.1-021819",2.427885746737,2.20134341758538,2.1278169939759,4.71288453479235,2.14822125317056,2.37475303402169,3.93930517824853,3.39678464445861,0.0428923299774392,1.57982253505855,0.895738371577247,1
"15667","PmetTSAr1.1-021821",4.27128048037064,4.43243471919219,4.72848220883532,4.84526893183708,5.17029521949525,4.72123519859075,4.77745521617375,4.07614157335033,0.0350332747168129,2.229425214273,0.90598835627041,1
"15668","PmetTSAr1.1-021822",2.47284659389879,1.33865478096408,20.5216127863453,12.3117489251598,11.0688010332856,12.4674534286139,1.90679133627988,4.41582003779619,-0.295499355661125,3.06250998507775,0.663843189254933,1
"15669","PmetTSAr1.1-021830",2.60772913538418,3.00453628616383,3.40450719036143,4.7393614142013,2.87643184746567,2.99671216197976,3.05924763842705,2.43436232852867,-0.281155150525068,1.6798951065032,0.323537584844435,1
"15670","PmetTSAr1.1-021832",4.31624132753244,3.56974608257089,8.700407264257,8.92270836081473,7.68262176981336,7.03944649370716,1.59248507205792,3.39678464445861,-0.375309145730333,2.51160030374567,0.411025242223031,1
"15671","PmetTSAr1.1-021834",8.45263926641769,9.90604537913423,3.87735541124497,8.39317077263582,6.95441117551826,6.53057084355966,7.43858158658633,7.75599160484715,-0.0979648181107361,2.90326373881943,0.771138133251488,1
"15672","PmetTSAr1.1-021835",2.51780744106059,2.17159553356396,3.97192505542167,3.33608680552717,2.36668443145909,2.34648216456905,1.63439257395418,1.61347270611784,-0.592870411042692,1.3481050494496,0.0424162230233086,1
"15673","PmetTSAr1.1-021836",8.40767841925589,6.84201332492754,6.19431169357427,6.61921985223645,6.73594799722972,6.61538345191757,7.43858158658633,8.69010738207327,0.0722384978983957,2.85892405535368,0.80752910193015,1
"15674","PmetTSAr1.1-021837",4.13639793888525,4.1944516470208,8.74769208634535,8.44612453145371,7.35492700238057,6.72846692972813,3.62499891402658,7.5578458339204,-0.0167571697268666,2.67943287542719,0.967843137000177,1
"15675","PmetTSAr1.1-021838",2.92245506551675,3.89697280680656,1.74953841726907,3.15074864966455,3.20412661489846,2.40302390347433,3.9812126801448,3.79307618631211,0.183461325363601,1.68177304835047,0.548711007165185,1
"15676","PmetTSAr1.1-021839",6.65420537994584,5.86033315222055,21.3727395839357,6.43388169637383,9.3575061366921,8.14201040236009,5.84609651452841,4.84041811835351,-0.514171752150643,3.10432098209274,0.223662921253967,1
"15677","PmetTSAr1.1-021840",3.41702438429651,3.74823338669944,2.50609557068272,2.72711857912142,1.20154748058692,1.75279390606363,4.84031646901815,3.19863887353185,-0.164460801983772,1.58160541342027,0.658721306957427,1
"15678","PmetTSAr1.1-021841",3.46198523145831,4.72991355940643,2.36424110441766,3.23017928789139,2.84002131775091,3.30769172595879,5.61560525409897,4.33090042168472,0.222586605959411,1.92893549113267,0.483632252963985,1
"15679","PmetTSAr1.1-021842",6.38444029697506,7.49646677339887,2.64795003694778,6.3014972993291,5.46157945721329,5.42800693490673,7.35476658279381,6.05759928261785,0.0868192787462667,2.57597951707574,0.795307013337693,1
"15680","PmetTSAr1.1-021843",4.27128048037064,3.65898973463516,4.72848220883532,9.769968501901,8.55647448296749,5.51281954326464,1.61343882300605,4.58565927001912,-0.153207185596093,2.43192648221861,0.736238680490867,1
"15681","PmetTSAr1.1-021844",4.40616302185603,3.53999819854947,5.95788758313251,11.0143818341215,8.81134819097078,5.23011084873825,1.76011507964296,4.10444811205415,-0.330343203724976,2.50077703756786,0.469136103376136,1
"15682","PmetTSAr1.1-021846",2.15812066376622,1.63613362117833,2.26967146024096,1.95928907626199,2.73078972860665,1.49835608098988,1.61343882300605,1.52855309000637,-0.126138256609684,0.983947147657993,0.674552486372294,1
"15683","PmetTSAr1.1-021847",7.1937355458874,5.14638393570637,6.76172955863451,10.0612141753994,6.88159011608875,8.70742779141287,2.07442134386492,3.31186502834714,-0.479033084299017,2.66021436413686,0.245194769476881,1
"15684","PmetTSAr1.1-021848",1.57362965066287,1.7253772732426,2.55338039277107,3.73323999666136,2.0389896640263,1.78106477551627,1.25722505688783,1.6983923222293,-0.517114370565629,1.07377054126978,0.110114152453136,1
"15685","PmetTSAr1.1-021849",4.90073234063579,4.49193048723504,3.83007058915661,3.41551744375401,2.73078972860665,2.54437825073753,2.97543263463453,3.02879964130892,-0.55644885176208,1.82537489932029,0.0377664200755565,1
"15686","PmetTSAr1.1-021851",12.6339980524647,12.0776409126982,14.989288602008,11.729257578163,13.1806117567414,13.71137168453,13.1170480935297,13.9268170422803,0.0696779195124608,3.72577078001416,0.808788086003226,1
"15687","PmetTSAr1.1-021852",3.68678946726729,5.14638393570637,2.31695628232931,5.0306070876997,3.93233720919357,3.70348389829574,6.34898653728354,4.41582003779619,0.180137471768122,2.13664782634679,0.579092159566343,1
"15688","PmetTSAr1.1-021854",9.66658213978619,14.3384800983264,11.2065028349397,14.1916073631949,9.43032719612162,10.0644295251396,10.1625692098433,8.83164007559238,-0.361730368109326,3.46597171208214,0.21400902190019,1
"15689","PmetTSAr1.1-021855",6.69916622710764,8.71613001827726,6.85629920281122,7.75772566682112,7.28210594295105,7.77448909947578,7.18713657520876,7.41631314040129,-0.0199301863201962,2.91173036191836,0.950595770024051,1
"15690","PmetTSAr1.1-021859",4.67592810482681,5.86033315222055,4.06649469959838,4.60697701715657,4.76977939263294,5.23011084873825,6.05563402400972,5.66130774076434,0.17562176688089,2.37383300675059,0.539270154809709,1
"15691","PmetTSAr1.1-021860",3.19222014848753,3.27226724235665,5.43775454016062,3.57437872020768,3.93233720919357,4.49506824296963,5.84609651452841,3.36847810575478,0.196706597918171,2.07124653774503,0.535038720450182,1
"15692","PmetTSAr1.1-021862",8.76736519655026,8.89461732240581,7.84928046666664,7.54591063154955,8.55647448296749,8.70742779141287,8.54913038683724,8.15228314670065,0.0392732262284402,3.07712422360364,0.892644435646478,1
"15693","PmetTSAr1.1-021863",10.2061123057277,10.5604988276056,8.7949769084337,7.09580368159747,9.50314825555113,6.61538345191757,8.23482412261529,7.21816736947454,-0.215269077998992,3.10179738986963,0.468926897040272,1
"15694","PmetTSAr1.1-021864",3.28214184281112,3.62924185061374,4.49205809839356,3.60085559961663,3.45900032290175,3.81656737610629,3.79262892161162,3.34017156705096,-0.0549724650304413,1.90169864210323,0.832114899945358,1
"15695","PmetTSAr1.1-021865",5.03561488212118,5.65209796407058,6.99815366907628,3.94505503193292,4.29644250634112,4.21235954844324,4.06502768393732,5.29332273761466,-0.271879285237594,2.31925114130689,0.352874059291986,1
"15696","PmetTSAr1.1-021869",6.06971436684249,12.5238591730195,11.4902117674698,8.52555516968055,5.35234786806902,7.09598823261244,9.68063293803629,8.97317276911148,-0.310563867232377,3.13379112719442,0.347206339357556,1
"15697","PmetTSAr1.1-021870",9.486738751139,11.7801620724839,7.56557153413652,7.44000311391377,8.81134819097078,7.40696779659147,10.2882917155321,9.48269046578027,-0.0114616565450491,3.18531519363192,0.972703930443141,1
"15698","PmetTSAr1.1-021871",9.98130806991876,5.38436700787776,1.74953841726907,3.41551744375401,5.38875839778378,3.19460824814823,4.00216643109293,4.10444811205415,-0.298264019803402,2.23419030462883,0.480837620029977,1
"15699","PmetTSAr1.1-021872",2.47284659389879,1.27915901292124,2.55338039277107,2.8330260967572,4.07797932805259,3.10979563979031,1.92774508722801,2.00976424797134,0.279198029220497,1.37277985417871,0.396586563607289,1
"15700","PmetTSAr1.1-021873",4.7658497991504,4.04571222691368,7.75471082248993,5.69252907292335,3.422589793187,4.41025563461172,4.88222397091441,3.67985003149682,-0.434681915467565,2.28865601361202,0.15369782721252,1
"15701","PmetTSAr1.1-021876",5.35034081225375,4.8191572114707,7.04543849116463,7.49295687273166,4.76977939263294,4.89086041530658,4.44219520100367,2.74573425427071,-0.552729704152895,2.39233634528824,0.0725659807340656,1
"15702","PmetTSAr1.1-021883",1.52866880350107,1.30890689694266,12.6250474975903,6.53978921400961,3.34976873375749,3.84483824555893,1.11054880025092,0.934115777226117,-1.25162544605591,1.97720898484466,0.0435068671611408,1
"15703","PmetTSAr1.1-021886",7.82318740615254,10.4117594074984,5.81603311686745,7.73124878741217,6.69953746751497,8.33990648852856,11.2731180100942,9.2562381561497,0.16172132784898,3.08573829834421,0.604562069249186,1
"15704","PmetTSAr1.1-021887",1.52866880350107,2.76655321399244,2.69523485903613,1.66804340276359,1.56565277773448,1.69625216715835,1.61343882300605,2.32113617371338,-0.264597490159717,1.02885604027641,0.371503515279374,1
"15705","PmetTSAr1.1-021888",4.99065403495938,5.44386277592061,3.12079825783131,6.06320538464859,4.33285303605588,4.9756730236645,4.27456519341862,4.64227234742676,-0.112192714282716,2.26209207921331,0.719261679357846,1
"15706","PmetTSAr1.1-021891",4.49608471617962,5.9198289202634,4.4447732763052,6.40740481696488,3.24053714461322,6.07823693231743,6.05563402400972,5.66130774076434,-0.017002954862955,2.42171350661141,0.960816565057048,1
"15707","PmetTSAr1.1-021893",8.81232604371206,8.98386097447008,9.55153406184735,9.92882977835468,9.64879037441015,9.35765778882358,8.73771414537042,8.63349430466562,-0.0359346387891276,3.21220045685289,0.901666881869148,1
"15708","PmetTSAr1.1-021894",6.56428368562225,4.67041779136358,5.48503936224898,2.59473418207669,4.95183204120672,1.75279390606363,2.07442134386492,1.83992501574841,-0.865276247420402,1.91792358372837,0.0250777624544164,1
"15709","PmetTSAr1.1-021895",2.56276828822238,2.73680532997102,2.97894379156625,3.70676311725241,2.11181072345581,2.68573259800072,3.49927640833779,2.06637732537899,-0.206856291323827,1.51544094339502,0.467256672615033,1
"15710","PmetTSAr1.1-021896",4.31624132753244,4.16470376299937,3.26265272409637,4.34220822306711,4.62413727377392,2.8836286841692,4.54696395574432,4.3025938829809,0.0211102195750636,2.0422569899521,0.944551760508188,1
"15711","PmetTSAr1.1-021899",3.5968677729437,3.62924185061374,1.5131143068273,2.14462723212461,2.11181072345581,1.66798129770571,4.10693518583358,3.17033233482803,0.0265656698304273,1.4909166984326,0.952619577767629,1
"15712","PmetTSAr1.1-021902",2.56276828822238,3.27226724235665,5.53232418433733,2.78007233793931,2.80361078803616,4.3254430262538,1.9906063400724,2.32113617371338,-0.302381577297435,1.70013016867683,0.364911478018762,1
"15713","PmetTSAr1.1-021905",7.1038138515638,9.25159193066289,4.4447732763052,2.75359545853036,3.67746350119028,1.86587738387419,11.2521642591461,6.02929274391403,-0.0422265316593644,2.55249804493083,0.930917444929814,1
"15714","PmetTSAr1.1-021910",7.73326571182895,5.94957680428482,10.7336546140562,6.96341928455275,7.2456954132363,2.99671216197976,2.24205135144996,6.45389082447135,-0.730342451172629,2.66239091250667,0.0582722071878518,1
"15715","PmetTSAr1.1-021911",3.28214184281112,3.89697280680656,4.30291881004014,3.89210127311503,3.78669509033455,2.71400346745336,3.20592389506397,3.22694541223568,-0.251701357649665,1.84652877005265,0.3535888656842,1
"15716","PmetTSAr1.1-021915",4.7658497991504,4.0754601109351,2.88437414738955,3.04484113202877,4.11438985776735,1.9506899922321,2.30491260429436,2.06637732537899,-0.507159041029263,1.67903900317452,0.112390520352,1
"15717","PmetTSAr1.1-021916",1.61859049782466,1.90386457737114,2.26967146024096,1.42975148808307,2.65796866917713,1.61143955880043,2.03251384196866,1.67008578352548,0.145462082771743,0.968728148012398,0.620204526618413,1
"15718","PmetTSAr1.1-021917",4.7658497991504,3.80772915474228,13.7598832277108,5.93082098760386,4.55131621434441,3.33596259541143,2.24205135144996,5.66130774076434,-0.837920262322664,2.47070401363274,0.0438008327160814,1
"15719","PmetTSAr1.1-021918",13.0386456769209,14.4277237503907,11.7266358779116,13.4767316191534,13.2898433458857,16.142666457457,11.0007192477685,12.5681031844968,0.00788414210589234,3.73021950987467,0.979147812630562,1
"15720","PmetTSAr1.1-021920",2.69765082970777,4.72991355940643,1.89139288353413,2.99188737321088,2.33027390174434,3.05325390088503,3.2268776460121,2.80234733167835,-0.11647213054419,1.60171916069662,0.715410920660003,1
"15721","PmetTSAr1.1-021922",3.91159370307627,5.0571402836421,5.67417865060239,3.68028623784347,5.5344005166428,4.89086041530658,5.09176148039571,4.21767426686944,0.108860688744548,2.26809913803209,0.718438073091913,1
"15722","PmetTSAr1.1-021923",4.40616302185603,2.94504051812099,3.54636165662649,4.97765332888181,3.60464244176077,4.15581780953796,5.55274400125458,4.84041811835351,0.195405543106483,2.11133465055306,0.514140700800957,1
"15723","PmetTSAr1.1-021925",4.49608471617962,5.02739239962067,4.68119738674697,4.31573134365817,3.78669509033455,3.3925043343167,3.26878514790836,4.61396580872294,-0.299360513587233,2.08926742179974,0.273475187176202,1
"15724","PmetTSAr1.1-021926",2.02323812228083,3.59949396659232,1.84410806144578,2.35644226739618,2.18463178288532,3.6752130288431,3.81358267255975,2.40605578982485,0.292885116155512,1.49114479103169,0.341256222608941,1
"15725","PmetTSAr1.1-021931",5.44026250657734,7.88318926567739,5.57960900642568,6.22206666110226,5.46157945721329,9.61209561389733,10.120661707947,7.89752429836626,0.396809980160116,2.87778642608579,0.201130380724367,1
"15726","PmetTSAr1.1-021934",4.22631963320885,5.17613181972779,4.30291881004014,3.28313304670928,4.4784951549149,3.22287911760087,2.82875637799762,3.31186502834714,-0.299166925723882,1.96657404407538,0.305943595664065,1
"15727","PmetTSAr1.1-021935",2.74261167686957,4.01596434289225,4.16106434377508,1.77395092039937,1.56565277773448,2.0920443394953,3.49927640833779,2.97218656390128,-0.312372923027142,1.54153071891027,0.351024354803004,1
"15728","PmetTSAr1.1-021937",10.0262689170806,10.8877255518412,7.84928046666664,8.34021701381793,9.32109560697735,4.9756730236645,5.78323526168402,7.69937852743951,-0.42006988870757,3.02951516846718,0.17875488466882,1
"15729","PmetTSAr1.1-021939",2.78757252403137,1.45764631704978,3.21536790200802,3.54790184079874,4.44208462520014,3.5338586815799,1.13150255119905,1.58516616741402,-0.0486139434351008,1.46661532267521,0.916450338764257,1
"15730","PmetTSAr1.1-021941",7.77822655899075,9.37058346674859,7.75471082248993,9.26690779313103,5.71645316521658,7.83103083838106,8.36054662830407,7.78429814355097,-0.202578501183056,3.00854219035273,0.487393712721982,1
"15731","PmetTSAr1.1-021942",8.3177567249323,7.31797946927033,7.14000813534134,7.62534126977639,9.43032719612162,6.55884171301229,9.57586418329564,8.35042891762741,0.157990802174011,3.0183439639356,0.588007945700052,1
"15732","PmetTSAr1.1-021945",3.86663285591448,3.2127714743138,1.93867770562248,3.49494808198085,3.93233720919357,4.69296432913811,3.9812126801448,3.39678464445861,0.349952888939354,1.86082356407589,0.230542562390895,1
"15733","PmetTSAr1.1-021947",3.64182862010549,4.28369529908507,2.36424110441766,2.85950297616615,3.75028456061979,2.91189955362184,5.13366898229197,3.79307618631211,0.244754230412844,1.87216908515519,0.415863245613816,1
"15734","PmetTSAr1.1-021952",4.8108106463122,6.18755987645621,8.51126797590358,4.15687006720449,6.29902164065266,3.95792172336949,4.04407393298919,5.6046946633567,-0.248496659192269,2.45861627302662,0.442704627570744,1
"15735","PmetTSAr1.1-021953",4.63096725766501,5.71159373211343,1.5131143068273,4.58050013774762,6.15337952179364,4.63642259023283,3.47832265738966,5.32162927631848,0.244213889650394,2.19239245897995,0.500621376819849,1
"15736","PmetTSAr1.1-021954",11.2851726376109,8.2699117579559,5.53232418433733,9.61110722544733,9.21186401783308,8.42471909688648,3.85549017445601,10.3884997043026,-0.124786426105428,3.06695576786696,0.731279115004308,1
"15737","PmetTSAr1.1-021956",2.47284659389879,3.00453628616383,2.26967146024096,2.46234978503196,3.71387403090504,3.33596259541143,2.72398762325697,3.05710618001275,0.3204987872286,1.55781323770124,0.2244231573124,1
"15738","PmetTSAr1.1-021958",3.86663285591448,4.84890509549213,3.16808307991967,3.41551744375401,4.00515826862308,2.54437825073753,3.41546140454527,4.92533773446498,-0.0431715560695134,1.9394989606141,0.894136130108885,1
"15739","PmetTSAr1.1-021959",4.27128048037064,5.50335854396346,6.05245722730921,7.96954070209269,6.08055846236413,7.68967649111786,9.55491043234751,11.8604397169013,0.562175634949401,2.89667463698962,0.0836419295034775,1
"15740","PmetTSAr1.1-021962",3.82167200875268,3.15327570627095,9.17325548514053,3.8126706348882,4.4784951549149,3.22287911760087,2.64017261946444,3.0004931026051,-0.577355327395173,2.07143822697722,0.109773060435325,1
"15741","PmetTSAr1.1-021964",3.77671116159088,4.70016567538501,2.69523485903613,3.20370240848244,2.84002131775091,2.40302390347433,4.29551894436675,3.84968926371975,-0.102043895287469,1.82229584588379,0.740508712791107,1
"15742","PmetTSAr1.1-021965",1.75347303931005,1.07092382477127,10.7809394361445,4.26277758484027,2.36668443145909,3.73175476774837,1.11054880025092,1.86823155445223,-0.97365062362715,1.76556197593618,0.0786289103573707,1
"15743","PmetTSAr1.1-021966",5.9797926725189,6.15781199243479,7.51828671204816,6.16911290228437,5.46157945721329,4.72123519859075,3.60404516307845,6.0009862052102,-0.385157263449269,2.52478413949738,0.190593613348592,1
"15744","PmetTSAr1.1-021969",1.88835558079544,1.36840266498551,3.12079825783131,2.1975809909425,3.422589793187,1.86587738387419,1.13150255119905,1.81161847704459,-0.063634129876209,1.10410735097266,0.862447988937138,1
"15745","PmetTSAr1.1-021971",3.68678946726729,3.42100666246377,3.6409313008032,6.77808112869012,6.5903058783707,6.07823693231743,4.65173271048497,3.39678464445861,0.23356475722721,2.27716508062518,0.478824332282018,1
"15746","PmetTSAr1.1-021973",4.00151539739986,6.12806410841336,2.45881074859437,2.48882666444091,4.00515826862308,2.742274336906,7.22904407710502,4.75549850224205,0.313079230467476,2.10394287995681,0.400399674646438,1
"15747","PmetTSAr1.1-021974",9.03713027952104,10.0547847992413,5.62689382851404,5.74548283174124,8.77493766125602,5.31492345709617,5.95086526926906,6.22743851484078,-0.21602476759525,2.83768018560333,0.506166034683616,1
"15748","PmetTSAr1.1-021975",10.9254858603165,13.3567999256194,11.5374965895582,12.3382258045687,10.6318746767085,21.0900686116688,17.5801970454815,15.7950485967325,0.434810757515155,3.83068733708334,0.156113366540866,1
"15749","PmetTSAr1.1-021978",4.04647624456166,5.77108950015627,2.26967146024096,3.68028623784347,3.96874773890832,4.04273433172741,5.36416024272141,4.27428734427708,0.158290985883312,2.08675868795832,0.613428660872203,1
"15750","PmetTSAr1.1-021981",1.75347303931005,2.3500828376925,2.03324734979919,2.46234978503196,2.51232655031811,2.26166955621114,1.7182075777467,2.00976424797134,-0.0338967479670644,1.13741015424039,0.935722095725692,1
"15751","PmetTSAr1.1-021982",5.62010589522453,5.38436700787776,8.74769208634535,7.51943375214061,6.1897900515084,9.66863735280261,9.84826294562134,7.44461967910511,0.284253163851456,2.92961738103785,0.365283586782194,1
"15752","PmetTSAr1.1-021983",3.28214184281112,4.96789663157782,2.41152592650602,4.63345389656552,2.94925290689518,7.209071710423,5.38511399366954,5.01025735057644,0.420687389684446,2.18823282144497,0.216634810458067,1
"15753","PmetTSAr1.1-021984",3.10229845416394,3.2127714743138,2.1278169939759,2.46234978503196,2.98566343660993,2.43129477292697,2.87066387989388,3.11371925742039,0.0609684410645724,1.51155607253848,0.818121593686839,1
"15754","PmetTSAr1.1-021985",3.95655455023807,2.88554475007814,3.26265272409637,5.18946836415338,5.71645316521658,3.02498303143239,1.73916132869483,4.67057888613058,-0.0224155008753833,1.94957500548943,0.966469197534816,1
"15755","PmetTSAr1.1-021986",2.60772913538418,3.00453628616383,2.74251968112449,2.1975809909425,3.38617926347224,4.74950606804339,4.9450852237588,3.67985003149682,0.672296658679437,1.80094538285636,0.0158564788351887,1
"15756","PmetTSAr1.1-021987",13.1285673712445,21.537468031511,8.84226173052206,11.4644887840735,11.0323905035708,11.6475982144874,17.0353995208301,13.7003647326497,-0.0421312168498286,3.76749097378152,0.902315871993751,1
"15757","PmetTSAr1.1-021989",4.45112386901783,7.02050062905609,5.91060276104415,7.01637304337064,6.62671640808546,9.41419952772885,8.29768537545968,7.38800660169747,0.376066729689888,2.82511035389141,0.208067296057934,1
"15758","PmetTSAr1.1-021990",7.77822655899075,9.40033135077002,4.77576703092368,9.02861587845052,7.39133753209532,9.64036648334997,10.9588117458723,9.53930354318792,0.274137254341841,3.11055571646451,0.381548763723345,1
"15759","PmetTSAr1.1-021993",3.10229845416394,3.12352782224953,3.02622861365461,4.95117644947286,3.27694767432797,6.58711258246493,4.92413147281067,4.35920696038854,0.426591189757894,2.08461008334638,0.169313755117833,1
"15760","PmetTSAr1.1-021994",2.24804235808981,2.76655321399244,3.83007058915661,3.25665616730033,2.84002131775091,4.07100520118004,4.31647269531488,3.08541271871657,0.246709201002103,1.7519884778537,0.402373453624942,1
"15761","PmetTSAr1.1-021995",4.94569318779758,4.64066990734216,4.58662774257026,4.63345389656552,5.49798998692805,4.94740215421186,5.48988274841019,6.19913197613696,0.235312590946833,2.37325707952628,0.391878660035333,1
"15762","PmetTSAr1.1-021997",4.31624132753244,4.96789663157782,2.45881074859437,3.41551744375401,3.49541085261651,4.55160998187491,4.63077895953684,4.47243311520383,0.176013342912494,2.03796846366307,0.560927469287216,1
"15763","PmetTSAr1.1-021998",14.117706008804,11.9883972606339,9.07868584096382,8.68441644613422,12.2339379841578,6.19132041012799,10.0787542060508,8.83164007559238,-0.23263789517809,3.3513297835594,0.467520911931168,1
"15764","PmetTSAr1.1-022001",11.6448594149052,3.80772915474228,2.88437414738955,2.03871971448883,3.8231056200493,1.69625216715835,1.86488383438361,2.3494427124172,-1.06422936869041,1.92401852850491,0.0232817371285587,1
"15765","PmetTSAr1.1-022006",7.32861808737279,7.76419772959169,4.53934292048191,5.90434410819491,8.01031653724616,6.98290475480188,4.73554771427749,6.2557450535446,0.0211397760737769,2.70054804566228,0.944992209007297,1
"15766","PmetTSAr1.1-022008",3.14725930132574,2.76655321399244,2.41152592650602,1.61508964394569,1.96616860459678,2.00723173113738,1.80202258153922,2.26452309630574,-0.297792440777247,1.20246199821934,0.286128682224851,1
"15767","PmetTSAr1.1-022009",1.61859049782466,1.93361246139257,2.1278169939759,1.53565900571886,1.34718959944595,2.12031520894794,1.55057757016166,1.61347270611784,-0.11286523046586,0.840180698253048,0.677487026577347,1
"15768","PmetTSAr1.1-022010",7.01389215724021,8.50789483012729,6.09974204939757,4.76583829361024,6.15337952179364,4.89086041530658,4.58887145764058,6.2557450535446,-0.270786487550119,2.60661698424669,0.374209548760531,1
"15769","PmetTSAr1.1-022017",2.56276828822238,3.36151089442092,5.43775454016062,6.27502041992016,2.33027390174434,2.8836286841692,3.45736890644153,3.05710618001275,-0.587424415011897,1.89995575711664,0.0697865904401662,1
"15770","PmetTSAr1.1-022019",4.22631963320885,6.33629929656333,4.3502036321285,8.41964765204476,5.49798998692805,6.61538345191757,8.46531538304472,7.81260468225479,0.278413538790758,2.70951842260296,0.387185314570719,1
"15771","PmetTSAr1.1-022020",6.33947944981327,10.2332721033699,3.49907683453814,4.76583829361024,4.98824257092147,5.03221476256978,7.20809032615689,5.68961427946816,-0.117609242154727,2.59410063769642,0.740726690001237,1
"15772","PmetTSAr1.1-022023",3.01237675984035,4.13495587897795,3.07351343574296,3.54790184079874,3.0948950257542,3.42077520376934,5.23843773703263,2.80234733167835,0.0808538195246487,1.85200198739861,0.790790850940957,1
"15773","PmetTSAr1.1-022025",4.99065403495938,4.16470376299937,4.4447732763052,2.01224283507988,4.95183204120672,2.34648216456905,3.45736890644153,3.73646310890447,-0.103202388196935,1.9310252087682,0.75604293843119,1
"15774","PmetTSAr1.1-022029",3.10229845416394,3.3317630103995,2.31695628232931,3.97153191134187,4.40567409548539,4.04273433172741,2.32586635524249,4.58565927001912,0.259487493188587,1.83796551151834,0.381388624380752,1
"15775","PmetTSAr1.1-022030",8.40767841925589,8.59713848219156,6.47802062610439,5.56014467587862,8.55647448296749,6.10650780177007,6.36994028823167,6.9067954437325,-0.056586569298264,2.84403900530068,0.854610769379383,1
"15776","PmetTSAr1.1-022034",5.84491013103351,6.51478660069188,5.43775454016062,6.80455800809907,6.40825322979693,6.36094562684382,7.81574910365268,6.48219736317517,0.136423670936272,2.70610757755203,0.633307801994059,1
"15777","PmetTSAr1.1-022035",7.28365724021099,6.4255429486276,4.72848220883532,4.31573134365817,4.8061899223477,2.65746172854809,4.96603897470693,4.6988854248344,-0.407741843037478,2.33354687675467,0.196788787091713,1
"15778","PmetTSAr1.1-022036",9.21697366816823,8.74587790229868,4.87033667510038,7.25466495805115,8.9569903098298,9.86653343897108,9.15678916433303,8.06736353058919,0.259285943843165,3.05890439420753,0.395656539826202,1
"15779","PmetTSAr1.1-022040",5.39530165941555,5.77108950015627,4.72848220883532,6.43388169637383,5.27952680863951,6.30440388793854,6.07658777495785,6.42558428576753,0.106958417029183,2.55298550647947,0.704277681679155,1
"15780","PmetTSAr1.1-022042",1.70851219214826,1.90386457737114,1.79682323935742,2.06519659389777,1.42001065887546,1.49835608098988,1.13150255119905,1.83992501574841,-0.355078175900983,0.790509906551467,0.197705676062828,1
"15781","PmetTSAr1.1-022044",1.93331642795724,1.01142805672842,10.3553760373494,2.85950297616615,3.64105297147553,3.42077520376934,0.921965041717742,1.35871385778344,-0.788049716484137,1.68431529305786,0.175197486488486,1
"15782","PmetTSAr1.1-022046",9.98130806991876,8.65663425023441,6.99815366907628,5.374806520016,6.80876905665924,3.25114998705351,4.25361144247049,7.10494121465925,-0.534305849368146,2.72309235298947,0.118286695300317,1
"15783","PmetTSAr1.1-022051",6.65420537994584,8.24016387393447,6.24159651566263,3.4684712025719,5.8620952840756,6.13477867122271,5.63655900504711,4.72719196353823,-0.136287987301116,2.5674403468184,0.671715912027478,1
"15784","PmetTSAr1.1-022052",4.7658497991504,5.89008103624197,4.58662774257026,7.75772566682112,4.07797932805259,8.11373953290745,8.71676039442229,6.17082543743313,0.233788154429239,2.66331174555672,0.478707064267129,1
"15785","PmetTSAr1.1-022055",1.61859049782466,1.51714208509263,16.2186939763052,6.56626609341856,4.44208462520014,4.52333911242227,1.11054880025092,0.962422315929938,-1.23136337153018,2.21604250525363,0.064279189667725,1
"15786","PmetTSAr1.1-022056",7.1038138515638,7.46671888937745,5.8633179389558,5.45423715824283,6.11696899207889,7.15252997151772,11.398840515783,8.01075045318155,0.338556631171175,2.88567545588782,0.276135383570366,1
"15787","PmetTSAr1.1-022061",20.951754777397,23.1736016526894,12.6723323196787,45.0106949952079,32.4053714461322,31.1262272673558,8.6538991415779,20.9185321021242,-0.130696116663289,4.61061640356009,0.766164739377488,1
"15788","PmetTSAr1.1-022064",12.4541546638176,9.31108769870574,13.7598832277108,9.18747715490419,11.0688010332856,7.15252997151772,6.36994028823167,9.62422315929938,-0.385600256497304,3.30938095319256,0.21800492887631,1
"15789","PmetTSAr1.1-022065",6.69916622710764,7.37747523731318,13.3343198289156,8.44612453145371,7.71903229952812,6.67192519082285,6.36994028823167,6.34066466965606,-0.402465545151756,2.9856386416786,0.199025757249284,1
"15790","PmetTSAr1.1-022069",4.31624132753244,4.40268683517077,4.25563398795179,6.67217361105434,5.42516892749854,5.65417389052784,6.62138529960924,6.56711697928664,0.300935118311179,2.47497385221886,0.303268077564781,1
"15791","PmetTSAr1.1-022074",1.93331642795724,1.7253772732426,2.03324734979919,1.85338155862621,1.52924224801972,1.80933564496891,2.17919009860557,1.6983923222293,-0.0503906735381162,0.93113396765337,0.848241684665368,1
"15792","PmetTSAr1.1-022075",2.56276828822238,2.52857014182105,1.60768395100401,1.80042779980831,2.25745284231483,2.2333986867585,2.30491260429436,2.6042015607516,0.144203740108672,1.20212970189901,0.594023843017547,1
"15793","PmetTSAr1.1-022077",1.93331642795724,1.90386457737114,1.74953841726907,1.95928907626199,2.18463178288532,1.35700173372668,1.42485506447287,2.06637732537899,-0.114033121668831,0.911457838497736,0.710136349100999,1
"15794","PmetTSAr1.1-022080",1.48370795633928,1.33865478096408,2.36424110441766,2.03871971448883,2.11181072345581,1.63971042825307,1.61343882300605,1.35871385778344,-0.104666978972017,0.848357766266973,0.727202441501326,1
"15795","PmetTSAr1.1-022082",2.74261167686957,3.36151089442092,4.06649469959838,3.7597168760703,3.34976873375749,2.99671216197976,2.97543263463453,3.19863887353185,-0.156263714600964,1.75100740744649,0.56454748195674,1
"15796","PmetTSAr1.1-022084",1.57362965066287,1.96336034541399,2.60066521485943,2.88597985557509,1.85693701545252,2.82708694526392,3.01734013653079,2.46266886723249,0.172189906962424,1.30267837976125,0.560113793713878,1
"15797","PmetTSAr1.1-022085",5.17049742360657,4.22419953104222,7.47100188995981,6.9369424051438,6.1897900515084,5.31492345709617,3.37355390264901,4.01952849594268,-0.335140133687515,2.43027511253209,0.294707440525074,1
"15798","PmetTSAr1.1-022087",2.96741591267855,2.40957860573535,7.2818626016064,3.86562439370609,4.51490568462965,4.60815172078019,4.1907501896261,3.73646310890447,0.0518751613128211,2.08758237818295,0.892038728573478,1
"15799","PmetTSAr1.1-022088",11.7347811092288,15.5581433432048,13.1924653626506,22.478870618195,13.5811275836037,20.6942764393319,16.8258620113488,17.5217474576656,0.122512975836815,4.04611523978286,0.696093731937846,1
"15800","PmetTSAr1.1-022089",4.49608471617962,5.74134161613485,4.30291881004014,4.52754637892973,2.54873708003287,3.33596259541143,4.14884268772984,2.54758848334395,-0.595979753470297,2.00598529037776,0.0384008001145442,1
"15801","PmetTSAr1.1-022090",4.94569318779758,5.8008373841777,5.0594759634538,5.374806520016,5.57081104635756,4.35371389570644,6.68424655245363,4.78380504094587,0.0141016092193217,2.42925358427046,0.963818213999701,1
"15802","PmetTSAr1.1-022097",2.74261167686957,1.66588150519975,7.75471082248993,3.49494808198085,3.45900032290175,2.34648216456905,1.61343882300605,1.75500539963695,-0.768866193549686,1.65081504783285,0.0656327622440526,1
"15803","PmetTSAr1.1-022098",4.09143709172346,4.87865297951355,3.78278576706826,4.63345389656552,5.60722157607231,5.06048563202242,4.06502768393732,4.33090042168472,0.12653275208625,2.20772400739719,0.646789944572631,1
"15804","PmetTSAr1.1-022099",2.20308151092802,3.18302359029238,2.83708932530119,3.62733247902557,1.85693701545252,2.20512781730586,2.45158886093127,1.64177924482166,-0.54198627447594,1.35820004374974,0.0505681398264993,1
"15805","PmetTSAr1.1-022101",9.5316995983008,15.7961264153762,9.22054030722888,10.0082604165815,9.39391666640686,12.2695573424454,13.2008630973222,13.9268170422803,0.130015810211237,3.55309165329642,0.673997570917447,1
"15806","PmetTSAr1.1-022102",3.32710268997292,3.56974608257089,2.50609557068272,4.15687006720449,3.13130555546895,3.13806650924295,3.66690641592284,3.14202579612421,-0.0583413398244323,1.76402670444408,0.849538067972396,1
"15807","PmetTSAr1.1-022109",2.02323812228083,2.61781379388532,2.08053217188754,1.35032084985624,1.3836001291607,1.63971042825307,3.4364151554934,2.6042015607516,0.180855433834749,1.14392607885885,0.61321208316444,1
"15808","PmetTSAr1.1-022110",2.3829248995752,3.51025031452804,3.78278576706826,3.60085559961663,2.98566343660993,3.16633737869559,3.28973889885649,3.22694541223568,-0.0696446586450763,1.7252394672384,0.813181770650504,1
"15809","PmetTSAr1.1-022111",8.18287418344691,8.74587790229868,12.2940537429718,6.83103488750802,9.86725355269868,7.94411431619162,8.52817663588911,8.83164007559238,-0.03364766867808,3.16314655460197,0.911206281689366,1
"15810","PmetTSAr1.1-022112",1.61859049782466,2.05260399747826,1.93867770562248,1.77395092039937,1.31077906973119,1.69625216715835,1.34104006068035,1.27379424167198,-0.394316068263842,0.752216194780655,0.146266808605634,1
"15811","PmetTSAr1.1-022113",19.1533208909252,25.4046929542962,14.2800162706827,12.7353789957029,18.6786017436695,16.5950003686992,21.1842422085599,17.0688428384045,0.0387196920996781,4.18599371133161,0.902883158025114,1
"15812","PmetTSAr1.1-022117",5.17049742360657,5.71159373211343,5.76874829477909,8.92270836081473,6.80876905665924,10.6863886530976,10.3930604702727,6.93510198243632,0.443135034116306,2.93044660438618,0.163299200310651,1
"15813","PmetTSAr1.1-022118",2.78757252403137,3.27226724235665,3.54636165662649,2.32996538798723,2.69437919889189,1.9506899922321,1.88583758533175,2.40605578982485,-0.418033147244522,1.41226308576616,0.128283812839501,1
"15814","PmetTSAr1.1-022125",12.139428733685,12.2858761008482,14.2800162706827,8.86975460199684,11.9790642761545,9.32938691937094,10.7702279873391,11.7755201007898,-0.11608332305683,3.52150463494717,0.692597917509904,1
"15815","PmetTSAr1.1-022126",3.50694607862011,4.43243471919219,1.93867770562248,3.97153191134187,3.75028456061979,3.92965085391685,4.52601020479619,4.47243311520383,0.260085212387426,1.95888187056233,0.385363029226394,1
"15816","PmetTSAr1.1-022129",4.54104556334142,5.681845848092,3.30993754618473,3.70676311725241,3.34976873375749,3.73175476774837,3.81358267255975,3.48170426057007,-0.263385485961851,2.0050836984572,0.354734140993205,1
"15817","PmetTSAr1.1-022130",3.19222014848753,4.78940932744928,3.02622861365461,3.78619375547925,4.07797932805259,3.16633737869559,3.33164640075275,3.73646310890447,-0.0568650847987136,1.8884540899424,0.855789884099895,1
"15818","PmetTSAr1.1-022134",5.21545827076836,5.71159373211343,11.6793510558232,6.85751176691696,6.62671640808546,5.08875650147506,6.45375529202419,6.36897120835989,-0.260988505080381,2.76613286136944,0.422817366513233,1
"15819","PmetTSAr1.1-022135",7.41853978169638,8.35915541002017,6.43073580401604,10.0082604165815,6.88159011608875,7.32215518823355,6.53757029581672,7.52953929521658,-0.191675660051155,2.93078700259313,0.513803658221127,1
"15820","PmetTSAr1.1-022136",2.47284659389879,1.99310822943541,3.02622861365461,1.11202893517572,1.63847383716399,1.24391825591612,1.2362713059397,1.35871385778344,-0.63566841713754,0.850922255985806,0.0419261409070828,1
"15821","PmetTSAr1.1-022137",4.04647624456166,3.74823338669944,7.51828671204816,7.75772566682112,5.82568475436084,6.64365432137021,4.16979643867797,6.87848890502868,0.0262225598038532,2.55671676532849,0.943778109188873,1
"15822","PmetTSAr1.1-022140",6.87900961575482,5.29512335581349,8.65312244216864,8.28726325500003,7.9739060075314,8.05719779400217,4.71459396332936,5.2084031215032,-0.166904894942129,2.79453015652558,0.602577939475845,1
"15823","PmetTSAr1.1-022142",7.32861808737279,6.24705564449906,7.61285635622487,8.26078637559109,6.15337952179364,9.3011160499183,8.84248290011107,6.31235813095224,0.0573100044050362,2.92062042136182,0.853386180584192,1
"15824","PmetTSAr1.1-022143",10.7006816245075,11.363691696184,8.18027422128511,8.76384708436106,8.41083236410847,7.8593017078337,7.56430409227511,7.5578458339204,-0.314212524880683,3.1470532629546,0.273327221811821,1
"15825","PmetTSAr1.1-022146",4.54104556334142,5.11663605168494,3.97192505542167,6.48683545519172,5.31593733835427,6.81327953808605,7.6271653451195,6.76526275021339,0.395183501827617,2.56136599815471,0.181643615815087,1
"15826","PmetTSAr1.1-022149",4.31624132753244,6.90150909297039,3.49907683453814,3.1242717702556,4.40567409548539,2.60091998964281,3.12210889127144,3.9063023411274,-0.351409559354656,2.01550946552594,0.283525976184884,1
"15827","PmetTSAr1.1-022150",17.220004462968,17.8784782968759,18.204656504016,20.996165371294,18.1324437979481,21.0335268727636,17.7687808040147,20.2391751732325,0.0542423769555036,4.24775565477474,0.847457217424981,1
"15828","PmetTSAr1.1-022151",7.1937355458874,9.07310462653435,6.90358402489957,7.78420254623007,4.1508003874821,8.28336474962329,10.9378579949241,7.98244391447772,0.0201688418903631,2.97433490345296,0.956948333745277,1
"15829","PmetTSAr1.1-022152",3.86663285591448,2.73680532997102,13.523459117269,25.2324660767253,8.48365342353798,23.2103838206168,5.38511399366954,6.02929274391403,-0.0746057781759229,3.47602249261286,0.902705066876051,1
"15830","PmetTSAr1.1-022154",20.9967156245588,19.9013344103327,15.79313057751,19.9900439537541,21.6642651802794,16.8211673243203,24.2225360960389,19.9844163248981,0.108634020614645,4.32096613983067,0.707497682637984,1
"15831","PmetTSAr1.1-022155",1.66355134498646,1.7253772732426,2.60066521485943,1.87985843803515,2.00257913431154,2.71400346745336,3.12210889127144,2.26452309630574,0.374741945563707,1.20930427862127,0.189715430296937,1
"15832","PmetTSAr1.1-022157",7.32861808737279,8.86486943838438,7.84928046666664,7.99601758150163,8.81134819097078,4.66469345968547,4.88222397091441,7.02002159854779,-0.339888131036323,2.85453726075169,0.275290534803855,1
"15833","PmetTSAr1.1-022160",5.71002758954812,10.6794903636913,4.77576703092368,2.8330260967572,4.40567409548539,7.66140562166522,2.32586635524249,2.63250809945542,-0.497416804332649,2.37410061235938,0.25786683514595,1
"15834","PmetTSAr1.1-022162",2.87749421835496,3.42100666246377,1.98596252771084,3.52142496138979,3.0948950257542,3.36423346486407,4.56791770669245,4.9536442731688,0.430063968342697,1.82649449807347,0.144401651141999,1
"15835","PmetTSAr1.1-022164",10.5208382358603,6.87176120894897,7.84928046666664,10.246552331262,7.68262176981336,9.21630344156038,4.73554771427749,6.48219736317517,-0.337339419925388,3.00101542460384,0.288492857623274,1
"15836","PmetTSAr1.1-022166",1.66355134498646,3.59949396659232,1.79682323935742,1.80042779980831,2.0389896640263,2.03550260059002,3.4364151554934,2.77404079297453,0.210618269229752,1.30168193592762,0.516898669567406,1
"15837","PmetTSAr1.1-022173",3.41702438429651,4.87865297951355,3.40450719036143,3.15074864966455,2.80361078803616,2.96844129252712,4.71459396332936,4.18936772816561,-0.0147321544157922,1.90972515627679,0.966351628606293,1
"15838","PmetTSAr1.1-022176",4.58600641050321,4.78940932744928,4.53934292048191,4.55402325833868,5.68004263550182,6.2761330184859,2.24205135144996,3.14202579612421,-0.0957949078313841,2.18004875403699,0.791095551392491,1
"15839","PmetTSAr1.1-022177",3.41702438429651,3.15327570627095,6.05245722730921,6.96341928455275,2.69437919889189,3.30769172595879,4.16979643867797,4.38751349909237,-0.425856604778595,2.11417955611058,0.196288234307768,1
"15840","PmetTSAr1.1-022178",2.96741591267855,3.71848550267801,2.60066521485943,4.15687006720449,2.33027390174434,4.63642259023283,4.60982520858871,3.99122195723886,0.208605481515718,1.88725306833878,0.492826539623193,1
"15841","PmetTSAr1.1-022179",1.57362965066287,1.96336034541399,2.03324734979919,1.95928907626199,1.49283171830497,2.54437825073753,2.43063510998314,2.06637732537899,0.185490173194205,1.05310485671872,0.515410409223611,1
"15842","PmetTSAr1.1-022181",7.95806994763793,8.09142445382735,5.01219114136544,8.2078326167732,6.1897900515084,8.84878213867607,11.2940717610423,8.43534853373887,0.247884621987531,3.01379842818732,0.430890718121296,1
"15843","PmetTSAr1.1-022182",2.65268998254598,3.65898973463516,4.3502036321285,3.54790184079874,2.80361078803616,3.5338586815799,3.31069264980462,3.42509118316243,-0.11815104565923,1.79556431745702,0.665812097189221,1
"15844","PmetTSAr1.1-022184",2.47284659389879,3.15327570627095,1.93867770562248,1.77395092039937,2.54873708003287,2.54437825073753,1.86488383438361,2.12299040278663,-0.0476891328827037,1.24033617789935,0.886689234849101,1
"15845","PmetTSAr1.1-022186",7.37357893453458,8.65663425023441,8.55855279799194,8.57850892849844,9.06622189897406,11.364889519961,11.9436380404344,8.91655969170384,0.316231662042104,3.22885360878996,0.273098494159959,1
"15846","PmetTSAr1.1-022187",2.24804235808981,3.71848550267801,1.93867770562248,2.35644226739618,2.36668443145909,2.65746172854809,2.89161763084201,2.12299040278663,-0.0388631300759337,1.38115139453898,0.911382913825551,1
"15847","PmetTSAr1.1-022188",6.42940114413686,2.97478840214241,6.47802062610439,4.68640765538341,4.62413727377392,2.45956564237961,1.04768754740653,3.22694541223568,-0.859968132829317,2.01007136833222,0.0317097137677265,1
"15848","PmetTSAr1.1-022190",10.2510731528895,11.5124311162911,7.70742600040158,8.65793956672528,7.60980071038385,5.56936128216992,5.11271523134384,5.71792081817199,-0.670054308376804,2.96744800313195,0.0256395676526338,1
"15849","PmetTSAr1.1-022191",5.30537996509196,6.06856834037052,3.87735541124497,4.395161981885,4.91542151149196,5.34319432654881,5.6994202578915,5.26501619891084,0.110342484590832,2.37129194961476,0.698772870499386,1
"15850","PmetTSAr1.1-022193",4.00151539739986,2.3500828376925,3.40450719036143,11.3056275076199,3.85951614976406,8.31163561907593,1.94869883817614,3.56662387668154,-0.257064250872465,2.29649477480816,0.605495620494176,1
"15851","PmetTSAr1.1-022195",4.49608471617962,1.78487304128545,16.0768395100401,5.08356084651759,4.73336886291819,3.98619259282213,2.07442134386492,4.07614157335033,-0.881184490844214,2.41038411449699,0.0790513950200876,1
"15852","PmetTSAr1.1-022196",11.8696636507142,13.8030181859408,26.3376459032128,26.9269863588979,16.0206330744923,15.5772490684042,13.9342443805068,11.4641481750478,-0.470235367110243,4.09157964874685,0.166310327870687,1
"15853","PmetTSAr1.1-022197",13.7580192315096,22.1919214799824,11.915775166265,12.1793645281151,9.13904295840357,13.5417464678142,18.3764395815104,15.6535159032134,-0.0821455306672746,3.87415106460671,0.804774112671232,1
"15854","PmetTSAr1.1-022198",8.04799164196152,8.59713848219156,8.27484386546182,5.61309843469651,8.26519024524945,7.97238518564425,8.1719628697709,7.33139352428982,0.0577370002632199,2.97147068882482,0.849079982942217,1
"15855","PmetTSAr1.1-022203",6.11467521400429,6.663526020799,2.83708932530119,2.91245673498404,3.85951614976406,5.14529824038033,5.1546227332401,5.91606658909874,0.116544157707743,2.28995987141771,0.739227516697636,1
"15856","PmetTSAr1.1-022205",6.56428368562225,6.51478660069188,4.77576703092368,4.13039318779555,7.20928488352154,3.84483824555893,3.81358267255975,6.05759928261785,-0.0738077144116062,2.43795106669894,0.826113089994139,1
"15857","PmetTSAr1.1-022208",8.90224773803565,9.84654961109138,7.51828671204816,11.0408587135304,9.75802196355441,11.3366186505083,6.76806155624615,7.67107198873568,-0.0735034731885063,3.19659024034901,0.81541613035001,1
"15858","PmetTSAr1.1-022212",1.97827727511903,2.4690743737782,1.70225359518072,2.40939602621407,1.27436854001643,1.80933564496891,1.7182075777467,1.67008578352548,-0.408089439619867,0.957963136376674,0.131456238143409,1
"15859","PmetTSAr1.1-022216",3.14725930132574,5.17613181972779,3.49907683453814,4.81879205242814,2.65796866917713,4.46679737351699,7.04046031857185,4.44412657650001,0.160844223487388,2.16406975313054,0.634848210146791,1
"15860","PmetTSAr1.1-022218",9.39681705681541,11.7504141884625,9.92981263855418,9.90235289894573,11.1416220927151,9.61209561389733,12.2160368027601,10.2186604720796,0.0752655737712134,3.40399217786756,0.793163445489743,1
"15861","PmetTSAr1.1-022219",5.44026250657734,8.18066810589163,6.24159651566263,4.84526893183708,6.77235852694448,8.00065605509689,6.78901530719428,7.24647390817836,0.220812401329211,2.75575451540328,0.457776686452006,1
"15862","PmetTSAr1.1-022226",2.92245506551675,3.95646857484941,15.7458457554216,4.28925446424922,4.8061899223477,5.06048563202242,5.19653023513636,6.42558428576753,-0.319810020171902,2.60717602253815,0.475683401821437,1
"15863","PmetTSAr1.1-022228",3.86663285591448,2.40957860573535,2.78980450321284,5.98377474642175,4.73336886291819,1.9506899922321,1.38294756257661,1.64177924482166,-0.645950890831835,1.65480507052926,0.11299201740022,1
"15864","PmetTSAr1.1-022229",4.13639793888525,3.68873761865659,4.3502036321285,3.73323999666136,4.51490568462965,3.33596259541143,3.16401639316771,3.53831733797771,-0.129335075321607,1.94979060537622,0.639102345806836,1
"15865","PmetTSAr1.1-022232",1.88835558079544,2.3500828376925,3.87735541124497,6.67217361105434,2.33027390174434,3.81656737610629,1.7182075777467,2.68912117686306,-0.494063551429771,1.69250800352137,0.203827930731561,1
"15866","PmetTSAr1.1-022233",6.47436199129866,7.82369349763454,4.68119738674697,5.13651460533548,6.44466375951168,3.44904607322198,4.48410270289993,5.80284043428345,-0.260588562382006,2.48424900894365,0.41345305839242,1
"15867","PmetTSAr1.1-022234",5.88987097819531,7.07999639709894,3.87735541124497,5.61309843469651,5.42516892749854,5.34319432654881,5.40606774461767,3.99122195723886,-0.158906624175601,2.4308797033291,0.603290637542055,1
"15868","PmetTSAr1.1-022235",3.95655455023807,3.89697280680656,2.26967146024096,2.01224283507988,3.67746350119028,1.18737651701085,2.01156009102053,2.54758848334395,-0.370124022019249,1.45799619692469,0.300624552882165,1
"15869","PmetTSAr1.1-022236",13.1735282184063,17.9379740649187,10.6390849698795,14.641714313147,14.8554961236202,12.5239951675192,23.0491260429436,17.153762454516,0.260452233819659,3.96062154747495,0.406857827709619,1
"15870","PmetTSAr1.1-022237",7.68830486466715,5.74134161613485,3.68821612289155,4.71288453479235,5.57081104635756,6.53057084355966,5.51083649935832,5.57638812465288,0.087704570017342,2.50812873035304,0.779731820262315,1
"15871","PmetTSAr1.1-022239",4.99065403495938,4.84890509549213,5.39046971807227,4.79231517301919,6.95441117551826,4.66469345968547,5.09176148039571,4.10444811205415,0.0547707490037092,2.36816792620713,0.851661588148561,1
"15872","PmetTSAr1.1-022241",2.78757252403137,3.09377993822811,2.55338039277107,3.30960992611823,2.87643184746567,3.50558781212726,3.37355390264901,3.34017156705096,0.152668881727139,1.66529264279565,0.560723035511619,1
"15873","PmetTSAr1.1-022242",6.20459690832788,6.33629929656333,6.24159651566263,6.11615914346648,7.17287435380679,7.03944649370716,6.05563402400972,6.96340852114014,0.128262217008029,2.71760053541613,0.64421747751109,1
"15874","PmetTSAr1.1-022246",1.84339473363365,3.59949396659232,1.89139288353413,1.85338155862621,1.63847383716399,2.26166955621114,3.96025892919667,2.83065387038217,0.219270244392078,1.35527105737053,0.521720900975828,1
"15875","PmetTSAr1.1-022248",2.20308151092802,1.75512515726402,2.17510181606425,2.06519659389777,2.73078972860665,2.17685694785322,2.13728259670931,2.3494427124172,0.196851198822208,1.17568222788452,0.453042586386153,1
"15876","PmetTSAr1.1-022252",4.8108106463122,4.10520799495653,16.1241243321285,7.83715630504796,7.60980071038385,7.23734257987564,4.92413147281067,5.43485543113377,-0.381281246818301,2.86877506415916,0.343905331256397,1
"15877","PmetTSAr1.1-022254",9.08209112668284,9.43007923479144,12.0103448104417,15.2506825395528,8.44724289382322,11.6475982144874,14.8562094222245,13.3606862682038,0.078032632261026,3.56433675917601,0.806376754193251,1
"15878","PmetTSAr1.1-022259",6.60924453278405,9.45982711881286,6.95086884698793,7.89011006386585,7.06364276466252,7.49178040494939,7.06141406951998,7.50123275651275,-0.0884893838032405,2.91985024955206,0.763621707910901,1
"15879","PmetTSAr1.1-022263",8.45263926641769,3.71848550267801,20.6634672526104,3.52142496138979,13.5811275836037,3.95792172336949,0.921965041717742,1.83992501574841,-0.841263935297044,2.8269017471767,0.216426359463401,1
"15880","PmetTSAr1.1-022265",9.26193451533002,9.81680172706995,8.22755904337346,10.1406448136262,6.84517958637399,6.44575823520174,7.43858158658633,6.14251889872931,-0.479346907890263,3.01780124406858,0.0908244406369682,1
"15881","PmetTSAr1.1-022267",4.45112386901783,3.4507545464852,3.92464023333332,3.99800879075082,2.94925290689518,3.6752130288431,4.69364021238123,4.07614157335033,-0.0331187211091087,1.98727045260377,0.898829047567994,1
"15882","PmetTSAr1.1-022268",7.64334401750536,7.85344138165596,9.12597066305217,9.18747715490419,7.68262176981336,6.70019606027549,6.85187656003867,8.43534853373887,-0.189100338420867,2.99892050195929,0.509241807760559,1
"15883","PmetTSAr1.1-022271",1.79843388647185,2.49882225779962,2.41152592650602,5.79843659055913,4.29644250634112,7.63313475221258,2.64017261946444,3.48170426057007,0.517714273429567,1.96088782786637,0.196745458135831,1
"15884","PmetTSAr1.1-022272",1.97827727511903,2.79630109801387,3.26265272409637,2.96541049380193,2.84002131775091,2.40302390347433,1.84393008343548,2.20791001889809,-0.25256477396081,1.37559569582268,0.371975379072754,1
"15885","PmetTSAr1.1-022274",6.38444029697506,8.29965964197732,3.49907683453814,7.44000311391377,4.76977939263294,7.97238518564425,7.8995641074452,9.2562381561497,0.219644169709722,2.81024697197427,0.517533936440219,1
"15886","PmetTSAr1.1-022276",5.17049742360657,5.08688816766352,4.49205809839356,4.20982382602238,4.58772674405916,4.86258954585394,5.02890022755132,3.73646310890447,-0.056008956633937,2.23497103945418,0.845024672034062,1
"15887","PmetTSAr1.1-022278",3.28214184281112,1.57663785313548,6.00517240522086,2.67416482030353,2.87643184746567,5.56936128216992,5.86705026547654,3.87799580242358,0.439209622327708,2.00969508477465,0.25969897936778,1
"15888","PmetTSAr1.1-022283",2.02323812228083,3.4507545464852,1.74953841726907,3.25665616730033,2.36668443145909,3.3925043343167,3.08020138937518,2.63250809945542,0.117375888225878,1.49379262337363,0.682786857565967,1
"15889","PmetTSAr1.1-022286",4.99065403495938,5.35461912385634,6.99815366907628,7.59886439036744,6.69953746751497,7.37869692713883,6.41184779012793,5.68961427946816,0.068434310335458,2.69007193130378,0.815781377244655,1
"15890","PmetTSAr1.1-022288",5.26041911793016,8.77562578632011,5.29590007389556,4.95117644947286,6.37184270008217,4.3254430262538,8.29768537545968,5.40654889242995,0.00624784410632151,2.62112406031106,0.986060875835711,1
"15891","PmetTSAr1.1-022289",2.427885746737,2.61781379388532,3.12079825783131,3.38904056434506,2.69437919889189,2.79881607581128,2.34682010619062,2.29282963500956,-0.194710348569668,1.47047555465929,0.465787800984775,1
"15892","PmetTSAr1.1-022290",3.23718099564933,3.71848550267801,2.31695628232931,2.91245673498404,3.71387403090504,2.26166955621114,2.24205135144996,2.29282963500956,-0.225160942484517,1.53377702011834,0.4467050066831,1
"15893","PmetTSAr1.1-022292",4.40616302185603,5.97932468830624,3.12079825783131,4.26277758484027,5.49798998692805,3.47731694267462,5.30129898987702,4.16106118946179,0.0482621976420003,2.19904619755291,0.874998958819852,1
"15894","PmetTSAr1.1-022296",8.85728689087386,11.5124311162911,15.131143068273,15.3830669365975,11.5785484492922,11.7324108228453,10.4559217231171,9.85067546892996,-0.223191276233272,3.56960414758858,0.46031472653736,1
"15895","PmetTSAr1.1-022298",4.18135878604705,5.17613181972779,2.88437414738955,2.80654921734825,3.85951614976406,3.13806650924295,4.98699272565506,3.67985003149682,0.0585219454378692,1.96504824496732,0.859313098578259,1
"15896","PmetTSAr1.1-022299",5.44026250657734,5.681845848092,1.89139288353413,4.60697701715657,3.02207396632469,3.98619259282213,4.90317772186254,4.52904619261147,-0.101830292073351,2.11329546561538,0.777998836689107,1
"15897","PmetTSAr1.1-022308",4.31624132753244,6.00907257232767,5.01219114136544,4.42163886129395,5.06106363035098,4.55160998187491,6.01372652211345,5.32162927631848,0.0842583882393423,2.36541555060788,0.773985002747875,1
"15898","PmetTSAr1.1-022309",13.7130583843478,20.9425103510826,6.71444473654616,16.7069109070448,9.32109560697735,20.3550260059002,16.532509498075,15.7667420580287,0.0923169691790082,3.9147469106165,0.801658171282869,1
"15899","PmetTSAr1.1-022312",1.97827727511903,2.14184764954254,2.64795003694778,4.47459262011184,2.47591602060336,4.01446346227477,1.06864129835466,1.67008578352548,-0.29623929397801,1.39000205006616,0.461738408017502,1
"15900","PmetTSAr1.1-022313",3.86663285591448,4.70016567538501,1.79682323935742,1.29736709103834,2.14822125317056,1.32873086427404,8.19291662071903,3.05710618001275,0.34158781863513,1.75494550428475,0.500232183262078,1
"15901","PmetTSAr1.1-022315",2.96741591267855,3.95646857484941,3.12079825783131,2.5417804232588,3.93233720919357,3.36423346486407,3.60404516307845,3.36847810575478,0.179201324147101,1.77388919409092,0.508368103144772,1
"15902","PmetTSAr1.1-022316",3.46198523145831,3.53999819854947,3.87735541124497,4.34220822306711,2.65796866917713,3.25114998705351,3.85549017445601,3.82138272501593,-0.16171658259892,1.87352676957143,0.556548137237083,1
"15903","PmetTSAr1.1-022317",4.49608471617962,6.12806410841336,3.30993754618473,3.94505503193292,4.40567409548539,3.87310911501157,3.62499891402658,3.51001079927389,-0.219692728135529,2.07834452122703,0.464541821177343,1
"15904","PmetTSAr1.1-022318",2.74261167686957,3.68873761865659,4.3502036321285,3.78619375547925,2.40309496117385,3.56212955103254,4.33742644626301,2.74573425427071,-0.153120583633903,1.8139286835392,0.600326808325378,1
"15905","PmetTSAr1.1-022319",4.58600641050321,7.49646677339887,3.16808307991967,3.1242717702556,3.89592667947881,3.13806650924295,4.00216643109293,4.13275465075797,-0.279510299974056,2.08941490991432,0.397006933764782,1
"15906","PmetTSAr1.1-022320",1.70851219214826,1.6063857371569,1.98596252771084,1.37679772926518,1.23795801030168,1.78106477551627,1.15245630214718,1.64177924482166,-0.188883387758482,0.693483996274497,0.505142549483167,1
"15907","PmetTSAr1.1-022321",13.6231366900243,9.54907077087713,8.18027422128511,7.38704935509588,11.6149589790069,6.33267475739118,6.11849527685411,9.17131854003824,-0.221541341013717,3.17755186725731,0.505137136564504,1
"15908","PmetTSAr1.1-022324",6.92397046291662,10.3225157554342,15.6985609333333,10.8025667988499,8.3016007749642,11.1387225643398,11.084534251561,8.18058968540448,-0.175060519496949,3.37379129597896,0.585880243982146,1
"15909","PmetTSAr1.1-022327",9.44177790397721,12.7023464771481,7.47100188995981,8.2078326167732,8.37442183439371,10.969097347624,12.9703718368928,8.97317276911148,0.126346809155416,3.31578800974457,0.684302496096237,1
"15910","PmetTSAr1.1-022336",4.36120217469423,5.97932468830624,5.10676078554215,3.57437872020768,3.60464244176077,3.78829650665365,4.35838019721114,4.10444811205415,-0.259814926639605,2.14362920538532,0.36340154814608,1
"15911","PmetTSAr1.1-022340",1.88835558079544,2.3500828376925,1.79682323935742,1.64156652335464,2.18463178288532,1.72452303661099,2.4725426118794,2.06637732537899,0.138511101124355,1.0564574272465,0.622334298498423,1
"15912","PmetTSAr1.1-022344",4.31624132753244,6.81226544090612,1.84410806144578,3.15074864966455,3.02207396632469,6.61538345191757,9.97398545131012,5.51977504724523,0.638745409033172,2.38933318694623,0.122958114071271,1
"15913","PmetTSAr1.1-022345",13.4432933013771,5.41411489189919,11.4902117674698,16.3891883541374,13.836001291607,11.5062438672242,3.37355390264901,6.22743851484078,-0.421432034381502,3.35881994770125,0.331300536740234,1
"15914","PmetTSAr1.1-022346",11.2402117904491,12.9700774333409,7.3764322457831,11.4644887840735,10.0857167309872,12.4109116897086,12.2579443046563,10.7847912461561,0.0796137587576131,3.47792239454807,0.78996391045276,1
"15915","PmetTSAr1.1-022348",2.78757252403137,2.43932648975678,3.35722236827308,6.53978921400961,2.73078972860665,2.31821129511641,2.32586635524249,3.0004931026051,-0.552313858893649,1.70083506305815,0.0996318320362551,1
"15916","PmetTSAr1.1-022350",10.1161906114042,15.6771348792905,12.1049144546184,11.5439194223004,9.24827454754784,17.3300429744678,16.0296194753198,13.5871385778344,0.18479701686776,3.73055305937194,0.555968471180541,1
"15917","PmetTSAr1.1-022351",6.96893131007841,10.4415072915199,6.99815366907628,6.0102516258307,6.33543217036742,6.70019606027549,8.52817663588911,7.89752429836626,-0.0458867133085705,2.9164229440669,0.882765825450081,1
"15918","PmetTSAr1.1-022352",3.73175031442909,4.46218260321361,5.24861525180721,3.09779489084666,3.20412661489846,2.94017042307448,3.2268776460121,5.01025735057644,-0.197344297891893,1.97119326914472,0.505305727347717,1
"15919","PmetTSAr1.1-022353",5.21545827076836,3.80772915474228,3.97192505542167,6.48683545519172,5.24311627892476,7.26561344932828,7.22904407710502,5.23670966020702,0.357022461175895,2.49239747758838,0.242796132506516,1
"15920","PmetTSAr1.1-022354",4.00151539739986,4.01596434289225,3.12079825783131,5.58662155528756,3.53182138233126,5.96515345450687,5.09176148039571,4.35920696038854,0.176193285964807,2.17944070322814,0.564291644897427,1
"15921","PmetTSAr1.1-022355",2.60772913538418,3.18302359029238,2.74251968112449,3.15074864966455,2.51232655031811,5.25838171819089,6.34898653728354,4.27428734427708,0.655822329362116,1.93979417589937,0.0377164941422379,1
"15922","PmetTSAr1.1-022356",1.79843388647185,3.03428417018526,3.16808307991967,1.98576595567094,1.92975807488203,3.42077520376934,4.00216643109293,2.77404079297453,0.28852550112956,1.50203568715973,0.360917121612045,1
"15923","PmetTSAr1.1-022360",2.02323812228083,2.11209976552111,3.83007058915661,5.56014467587862,2.00257913431154,3.10979563979031,1.42485506447287,2.66081463815924,-0.562957747934818,1.53654907730856,0.125548955626063,1
"15924","PmetTSAr1.1-022361",8.85728689087386,7.19898793318463,13.0978957184738,10.5642748841694,10.4862325578495,9.97961691678164,6.8728303109868,8.15228314670065,-0.162211097434028,3.24101610208951,0.603567433686509,1
"15925","PmetTSAr1.1-022362",4.00151539739986,3.62924185061374,2.9316589694779,2.88597985557509,3.13130555546895,2.48783651183225,2.9544788836864,3.51001079927389,-0.153216030120158,1.70041913958399,0.57626692632429,1
"15926","PmetTSAr1.1-022366",4.27128048037064,4.61092202332074,2.83708932530119,4.76583829361024,3.24053714461322,3.59040042048518,6.72615405434989,4.86872465705734,0.160360620444319,2.14947386493612,0.62208234923891,1
"15927","PmetTSAr1.1-022370",1.93331642795724,2.14184764954254,2.1278169939759,2.14462723212461,1.85693701545252,2.00723173113738,2.26300510239809,2.91557348649364,0.116400376405656,1.16232665472615,0.676664668068934,1
"15928","PmetTSAr1.1-022372",3.82167200875268,3.71848550267801,2.78980450321284,2.93893361439298,3.60464244176077,3.5338586815799,3.31069264980462,3.05710618001275,0.024395524187729,1.76892653745062,0.938291336785314,1
"15929","PmetTSAr1.1-022373",6.42940114413686,5.47361065994203,6.66715991445781,4.95117644947286,6.04414793264938,4.94740215421186,6.68424655245363,4.92533773446498,-0.0535528096927847,2.54175126692202,0.851620380371124,1
"15930","PmetTSAr1.1-022374",1.79843388647185,2.49882225779962,1.70225359518072,5.24242212297127,2.40309496117385,3.87310911501157,4.60982520858871,2.49097540593631,0.240434812043855,1.65879213589568,0.51086875910374,1
"15931","PmetTSAr1.1-022377",2.87749421835496,2.52857014182105,1.89139288353413,2.56825730266774,1.49283171830497,2.62919085909545,4.14884268772984,3.17033233482803,0.220624050540977,1.45135846952727,0.503921635949771,1
"15932","PmetTSAr1.1-022379",3.68678946726729,4.55142625527789,3.30993754618473,5.79843659055913,3.78669509033455,4.38198476515908,4.84031646901815,4.75549850224205,0.0285920975925076,2.15661054613916,0.921578708337688,1
"15933","PmetTSAr1.1-022382",5.30537996509196,4.37293895114934,6.33616615983933,4.87174581124603,6.44466375951168,4.86258954585394,5.51083649935832,4.52904619261147,0.0338948616469147,2.41575329547155,0.915502476683445,1
"15934","PmetTSAr1.1-022384",9.5766604454626,10.0547847992413,9.97709746064253,7.91658694327479,9.97648514184294,8.56607344414968,10.6445054816503,8.63349430466562,0.0125104977597803,3.24464604555274,0.970356643086264,1
"15935","PmetTSAr1.1-022386",2.92245506551675,4.40268683517077,3.78278576706826,4.26277758484027,2.47591602060336,3.47731694267462,5.51083649935832,3.39678464445861,-0.0462353049057357,1.94444522970358,0.890434720994559,1
"15936","PmetTSAr1.1-022387",7.37357893453458,10.5010030595627,4.49205809839356,8.15487885795531,8.26519024524945,15.0683734182567,12.0693605461232,11.0961631718981,0.604408415778004,3.27856301354659,0.0694063452686451,1
"15937","PmetTSAr1.1-022390",1.84339473363365,2.85579686605671,4.01920987751002,3.20370240848244,1.89334754516727,2.48783651183225,2.78684887610136,2.51928194464013,-0.293850575424571,1.46560616222106,0.320758059169657,1
"15938","PmetTSAr1.1-022391",3.19222014848753,3.62924185061374,4.72848220883532,3.65380935843452,3.49541085261651,4.01446346227477,4.48410270289993,3.651543492793,0.04632945395776,1.97013653239325,0.879328984771931,1
"15939","PmetTSAr1.1-022393",16.545591755541,20.4962920907612,12.2940537429718,16.2832808365017,16.4211489013546,14.9552899404461,14.4371344032619,15.879968212844,-0.0903992596888416,3.997978084181,0.760468389935897,1
"15940","PmetTSAr1.1-022394",2.3379640524134,1.7253772732426,2.55338039277107,2.91245673498404,1.49283171830497,2.2333986867585,2.91257138179014,2.06637732537899,-0.119472756706349,1.2285361347368,0.675713362288388,1
"15941","PmetTSAr1.1-022397",2.83253337119316,2.70705744594959,4.01920987751002,3.91857815252398,2.91284237718042,3.95792172336949,2.57731136662005,2.94388002519746,-0.121739088893576,1.71933802415563,0.677500191024832,1
"15942","PmetTSAr1.1-022399",9.12705197384463,15.7663785313548,2.64795003694778,13.2384397044729,6.08055846236413,7.57659301330731,23.9920448356094,21.6261955697198,0.538095179408319,3.65484179348239,0.289236999882998,1
"15943","PmetTSAr1.1-022400",3.23718099564933,4.34319106712792,4.16106434377508,5.40128339942494,4.4784951549149,4.49506824296963,5.04985397849945,4.50073965390765,0.107183127382362,2.17822508311612,0.709603682772882,1
"15944","PmetTSAr1.1-022403",1.93331642795724,2.85579686605671,2.03324734979919,1.69452028217253,1.52924224801972,1.86587738387419,2.4725426118794,2.80234733167835,0.0297621161456363,1.14665649822276,0.941662437183682,1
"15945","PmetTSAr1.1-022406",8.18287418344691,7.5262146574203,8.51126797590358,10.3524598488978,8.08313759667567,8.90532387758135,7.48048908848259,7.44461967910511,-0.11666644040285,3.06558325294054,0.687906659455189,1
"15946","PmetTSAr1.1-022407",7.55342232318177,9.7573059590271,4.87033667510038,8.04897134031952,7.28210594295105,6.61538345191757,7.22904407710502,8.46365507244269,-0.034259486924224,2.91538975891519,0.919210233727741,1
"15947","PmetTSAr1.1-022408",1.84339473363365,2.32033495367108,1.79682323935742,1.77395092039937,2.18463178288532,1.10256390865293,1.9906063400724,1.72669886093312,-0.148887402040562,0.928300074081824,0.62745458335113,1
"15948","PmetTSAr1.1-022409",4.00151539739986,5.17613181972779,3.78278576706826,3.57437872020768,3.0948950257542,2.94017042307448,5.28034523892889,4.13275465075797,-0.0947137966975818,2.0226301873697,0.751005914077597,1
"15949","PmetTSAr1.1-022411",2.3829248995752,3.18302359029238,2.50609557068272,1.50918212630991,3.05848449603944,2.12031520894794,1.88583758533175,2.06637732537899,-0.0734182347400447,1.25989582790583,0.815435977148197,1
"15950","PmetTSAr1.1-022412",24.7284659389879,22.7571312763894,18.6775047248995,17.9248473598563,20.681180877981,21.2031520894794,19.5708033855539,19.1635267024873,-0.0606027809775057,4.36789699032767,0.8324339131478,1
"15951","PmetTSAr1.1-022413",4.31624132753244,5.14638393570637,3.12079825783131,7.09580368159747,3.8231056200493,8.19855214126537,7.69002659796389,7.02002159854779,0.437561818849093,2.55562901631981,0.200326333521776,1
"15952","PmetTSAr1.1-022419",2.06819896944263,2.02285611345684,2.17510181606425,1.45622836749202,2.18463178288532,1.78106477551627,1.27817880783596,1.41532693519109,-0.215313101132658,0.887853999985731,0.462824451066193,1
"15953","PmetTSAr1.1-022420",7.23869639304919,9.60856653891998,8.0857045771084,7.67829502859428,8.22877971553469,10.4036799585712,8.33959287735594,6.96340852114014,0.0565697519276647,3.06727669003783,0.848904820665456,1
"15954","PmetTSAr1.1-022421",3.50694607862011,3.51025031452804,2.60066521485943,3.60085559961663,2.87643184746567,3.50558781212726,4.02312018204106,2.71742771556688,-0.0109252448986121,1.74796214226374,0.969603879565948,1
"15955","PmetTSAr1.1-022423",8.00303079479973,7.10974428112036,9.40967959558229,5.26889900238021,6.48107428922644,4.66469345968547,3.89739767635227,6.87848890502868,-0.441351787449498,2.70293881458303,0.166634596745271,1
"15956","PmetTSAr1.1-022425",1.43874710917748,1.27915901292124,2.74251968112449,3.01836425261982,1.34718959944595,2.26166955621114,1.67630007585044,1.35871385778344,-0.349983354038171,0.963955544956385,0.287390970493883,1
"15957","PmetTSAr1.1-022427",5.57514504806273,6.99075274503466,9.31510995140559,5.11003772592654,7.35492700238057,5.37146519600145,7.94147160934146,6.39727774706371,0.0071040484579395,2.76865392584889,0.986876607639429,1
"15958","PmetTSAr1.1-022429",3.64182862010549,3.06403205420668,3.68821612289155,4.18334694661344,3.16771608518371,2.34648216456905,3.10115514032331,3.87799580242358,-0.223032845858056,1.7837148924102,0.430135444389617,1
"15959","PmetTSAr1.1-022430",1.57362965066287,2.14184764954254,1.65496877309236,1.53565900571886,1.56565277773448,2.94017042307448,2.28395885334622,1.47194001259873,0.26002171249938,0.973362786937885,0.386671049768438,1
"15960","PmetTSAr1.1-022431",2.24804235808981,2.11209976552111,2.26967146024096,2.17110411153356,2.22104231260007,2.26166955621114,3.41546140454527,1.98145770926752,0.176521152516791,1.26341643749498,0.538606764412277,1
"15961","PmetTSAr1.1-022432",8.18287418344691,6.60403025275615,2.41152592650602,4.20982382602238,6.99082170523301,5.59763215162256,4.06502768393732,4.58565927001912,-0.0141680954341774,2.43005105132721,0.976563936484868,1
"15962","PmetTSAr1.1-022436",3.23718099564933,2.3500828376925,7.80199564457828,3.60085559961663,5.38875839778378,3.61867128993782,1.76011507964296,2.00976424797134,-0.410793613098269,1.91084073123998,0.327064901076727,1
"15963","PmetTSAr1.1-022437",20.951754777397,21.5077201474896,14.6110100253011,15.0653443836902,19.7345071053974,17.4996681911837,19.9479709026202,20.012722863602,0.0977053207483406,4.22721193020922,0.738085457746895,1
"15964","PmetTSAr1.1-022438",10.3409948472131,8.80537367034153,9.22054030722888,7.49295687273166,9.75802196355441,9.58382474444469,7.01950656762372,7.98244391447772,-0.0618935065791072,3.14256290586586,0.833773436876123,1
"15965","PmetTSAr1.1-022439",2.78757252403137,4.67041779136358,3.16808307991967,4.87174581124603,3.89592667947881,5.37146519600145,5.67846650694337,4.44412657650001,0.316778626833618,2.14886309261199,0.289543820262338,1
"15966","PmetTSAr1.1-022440",2.06819896944263,1.96336034541399,2.55338039277107,1.29736709103834,2.0389896640263,1.9506899922321,2.34682010619062,1.52855309000637,0.0162970081982798,1.01804774306453,1,1
"15967","PmetTSAr1.1-022443",1.66355134498646,1.27915901292124,1.98596252771084,1.82690467921726,1.52924224801972,1.86587738387419,1.29913255878409,2.06637732537899,0.00478687060343078,0.805838276408329,1,1
"15968","PmetTSAr1.1-022444",9.44177790397721,10.0845326832628,21.0417458293172,13.1060553074282,10.7775167955676,8.96186561648663,10.5606904778578,8.66180084336944,-0.460612508075367,3.53977422437953,0.156032359584756,1
"15969","PmetTSAr1.1-022446",2.51780744106059,3.00453628616383,3.59364647871485,3.38904056434506,3.85951614976406,3.42077520376934,2.30491260429436,3.45339772186625,0.0536225704327783,1.70142944858877,0.856810961121517,1
"15970","PmetTSAr1.1-022447",3.28214184281112,4.37293895114934,6.80901438072287,5.18946836415338,5.09747416006574,4.01446346227477,3.89739767635227,3.34017156705096,-0.266374742821032,2.18768644779279,0.393068357542799,1
"15971","PmetTSAr1.1-022449",10.9704467074783,8.44839906208444,15.8877002216867,9.66406098426522,12.5616327515906,5.79552823779104,9.57586418329564,13.6437516552421,-0.111766930341308,3.44224286239021,0.744376658117637,1
"15972","PmetTSAr1.1-022450",6.42940114413686,3.92672069082798,3.26265272409637,6.61921985223645,5.71645316521658,3.78829650665365,2.26300510239809,2.66081463815924,-0.495753912923634,2.13335343169625,0.169599072232644,1
"15973","PmetTSAr1.1-022452",1.88835558079544,2.64756167790674,1.65496877309236,1.61508964394569,2.0389896640263,1.97896086168474,3.14306264221958,2.32113617371338,0.281813847599251,1.15713666594392,0.332492531708593,1
"15974","PmetTSAr1.1-022455",2.74261167686957,2.94504051812099,3.26265272409637,3.89210127311503,3.31335820404273,4.26890128734852,1.82297633248735,2.09468386408281,-0.167621212303088,1.633058729625,0.612513256588208,1
"15975","PmetTSAr1.1-022456",2.65268998254598,1.99310822943541,1.84410806144578,2.93893361439298,3.20412661489846,3.47731694267462,2.49349636282753,2.68912117686306,0.322214548025264,1.44703978703898,0.237983441107566,1
"15976","PmetTSAr1.1-022459",28.2803728647698,37.9583000113372,8.27484386546182,10.5377980047604,15.5837067179153,16.6232712381519,32.2268689582247,21.1449844117548,0.00908842540405856,4.41949711780248,0.984708069448235,1
"15977","PmetTSAr1.1-022461",2.92245506551675,5.08688816766352,2.83708932530119,10.8025667988499,5.09747416006574,6.58711258246493,4.90317772186254,3.22694541223568,-0.135401896960427,2.39496449391199,0.755440850903204,1
"15978","PmetTSAr1.1-022462",3.91159370307627,5.86033315222055,3.87735541124497,3.1772255290735,4.66054780348867,3.30769172595879,3.62499891402658,4.33090042168472,-0.0833020902798321,2.05452351407871,0.790261893903263,1
"15979","PmetTSAr1.1-022464",1.48370795633928,2.11209976552111,1.70225359518072,1.87985843803515,1.82052648573776,1.24391825591612,1.29913255878409,1.41532693519109,-0.332166523897268,0.747766787777345,0.238016683228403,1
"15980","PmetTSAr1.1-022467",1.93331642795724,1.63613362117833,2.08053217188754,2.67416482030353,2.29386337202958,1.89414825332683,1.55057757016166,1.72669886093312,-0.170243519114987,1.02351487872054,0.56638497646708,1
"15981","PmetTSAr1.1-022468",3.10229845416394,3.42100666246377,3.16808307991967,3.57437872020768,3.64105297147553,2.742274336906,2.93352513273827,3.53831733797771,-0.0515483040950204,1.73391730166018,0.861870381615402,1
"15982","PmetTSAr1.1-022469",3.19222014848753,5.53310642798488,4.72848220883532,3.4684712025719,3.16771608518371,3.42077520376934,3.54118391023405,3.67985003149682,-0.292986017875643,1.96404401218489,0.308126840982078,1
"15983","PmetTSAr1.1-022470",1.48370795633928,1.45764631704978,1.74953841726907,1.58861276453675,1.3836001291607,2.28994042566378,2.07442134386492,1.44363347389491,0.206913812577276,0.80642364805018,0.474567350101445,1
"15984","PmetTSAr1.1-022471",1.66355134498646,1.42789843302836,2.03324734979919,1.95928907626199,1.20154748058692,1.75279390606363,2.34682010619062,1.86823155445223,0.0335736322925079,0.884635655652005,0.945601006453364,1
"15985","PmetTSAr1.1-022472",3.64182862010549,4.1944516470208,4.82305185301203,4.79231517301919,4.62413727377392,4.3254430262538,3.72976766876723,3.96291541853504,-0.0716760580102925,2.1116539527574,0.804676137955498,1
"15986","PmetTSAr1.1-022473",3.77671116159088,3.39125877844235,26.5740700136545,9.74349162249205,8.88416925040029,7.23734257987564,3.31069264980462,2.66081463815924,-0.97641187050859,3.04004735699601,0.0855022527398677,1
"15987","PmetTSAr1.1-022477",2.3379640524134,2.49882225779962,1.79682323935742,1.19145957340256,2.62155813946238,1.92241912277947,1.78106883059109,2.88726694778981,0.235829487991715,1.13004276974822,0.449947395575548,1
"15988","PmetTSAr1.1-022481",4.18135878604705,5.08688816766352,10.6863697919678,7.65181814918534,5.02465310063623,9.24457431101302,7.85765660554894,5.66130774076434,0.0122811573038486,2.80443695666783,0.977577595702081,1
"15989","PmetTSAr1.1-022483",2.47284659389879,3.18302359029238,4.06649469959838,3.62733247902557,3.13130555546895,2.17685694785322,2.11632884576118,2.43436232852867,-0.443696258594555,1.56373407627354,0.118444386437413,1
"15990","PmetTSAr1.1-022484",21.0866373188824,18.8304105855615,12.3413385650602,13.0001477897924,14.9283171830497,10.3754090891186,9.11488166243677,13.4172993456115,-0.448940714292874,3.82675541419016,0.157286957932129,1
"15991","PmetTSAr1.1-022485",4.49608471617962,4.01596434289225,7.42371706787146,8.81680084317895,5.93491634350511,6.30440388793854,3.28973889885649,5.46316196983759,-0.241019765916782,2.53002988562087,0.484705355261816,1
"15992","PmetTSAr1.1-022487",3.95655455023807,3.77798127072086,1.79682323935742,3.20370240848244,3.16771608518371,2.20512781730586,3.14306264221958,2.94388002519746,-0.157223943271023,1.62646038025614,0.613377609220021,1
"15993","PmetTSAr1.1-022488",2.24804235808981,4.52167837125646,2.26967146024096,3.8126706348882,2.22104231260007,2.54437825073753,3.35260015170088,3.14202579612421,-0.198688437823839,1.62531115248169,0.528139318879688,1
"15994","PmetTSAr1.1-022490",1.43874710917748,1.81462092530687,1.5131143068273,1.53565900571886,1.63847383716399,1.80933564496891,1.67630007585044,1.24548770296816,0.010007577382837,0.719902160544188,0.978375339692176,1
"15995","PmetTSAr1.1-022492",4.7658497991504,4.9381487475564,4.96490631927709,7.73124878741217,4.84260045206245,6.86982127699133,8.52817663588911,5.49146850854141,0.19884897295346,2.60613820686489,0.53111437055394,1
"15996","PmetTSAr1.1-022494",3.73175031442909,3.53999819854947,3.68821612289155,4.65993077597446,5.31593733835427,4.49506824296963,3.31069264980462,2.09468386408281,-0.0440588307447584,1.96861738168091,0.902709185762159,1
"15997","PmetTSAr1.1-022495",6.02475351968069,8.68638213425584,4.77576703092368,4.47459262011184,6.11696899207889,5.88034084614895,8.59103788873351,7.18986083077072,0.212981145985886,2.70837093039777,0.500783657328245,1
"15998","PmetTSAr1.1-022496",4.36120217469423,5.50335854396346,3.73550094497991,3.25665616730033,4.18721091719686,4.01446346227477,5.59465150315084,3.79307618631211,0.0630952107129459,2.12780520351535,0.841571655138469,1
"15999","PmetTSAr1.1-022499",2.92245506551675,3.18302359029238,2.1278169939759,2.72711857912142,2.84002131775091,3.16633737869559,3.83453642350788,2.91557348649364,0.217490482737657,1.60053615904144,0.429414763906321,1
"16000","PmetTSAr1.1-022502",2.56276828822238,2.76655321399244,2.08053217188754,2.85950297616615,2.7672002583214,2.00723173113738,2.05346759291679,2.40605578982485,-0.166526728890845,1.32137110033798,0.542263585370196,1
"16001","PmetTSAr1.1-022504",11.5099768734198,6.99075274503466,12.3886233871485,5.374806520016,10.5954641469938,5.14529824038033,5.80418901263215,6.93510198243632,-0.346725702480376,3.02407093217856,0.328717726303064,1
"16002","PmetTSAr1.1-022505",4.22631963320885,3.48050243050662,3.02622861365461,2.8330260967572,5.24311627892476,2.28994042566378,4.48410270289993,3.45339772186625,0.190402437173379,1.88339563018753,0.546392104492241,1
"16003","PmetTSAr1.1-022507",4.09143709172346,3.51025031452804,1.89139288353413,3.54790184079874,3.16771608518371,4.8343186764013,5.02890022755132,3.0004931026051,0.296764373743286,1.8893642874671,0.351013165287535,1
"16004","PmetTSAr1.1-022510",1.70851219214826,3.48050243050662,2.08053217188754,2.8330260967572,3.16771608518371,3.02498303143239,3.10115514032331,2.66081463815924,0.227617706738742,1.49929653440133,0.414705772027439,1
"16005","PmetTSAr1.1-022511",6.69916622710764,9.28133981468432,4.91762149718874,7.12228056100642,7.50056912123959,8.70742779141287,13.5151693615442,8.01075045318155,0.428042916307021,3.05219784826434,0.186138515214074,1
"16006","PmetTSAr1.1-022512",1.61859049782466,1.93361246139257,1.93867770562248,3.1242717702556,1.42001065887546,1.66798129770571,1.2362713059397,1.61347270611784,-0.553906886806126,0.911805265759639,0.0597189059502299,1
"16007","PmetTSAr1.1-022514",1.66355134498646,2.02285611345684,2.55338039277107,2.80654921734825,2.25745284231483,2.60091998964281,1.69725382679857,2.3494427124172,-0.0325635548932245,1.20514680227321,0.92671369012552,1
"16008","PmetTSAr1.1-022517",2.83253337119316,2.29058706964966,3.35722236827308,3.73323999666136,3.02207396632469,4.89086041530658,3.72976766876723,3.05710618001275,0.268702426930204,1.77812169681819,0.363219526424949,1
"16009","PmetTSAr1.1-022518",2.3829248995752,1.51714208509263,2.17510181606425,2.56825730266774,1.67488436687874,3.27942085650615,2.80780262704949,2.09468386408281,0.197582286822946,1.24986719434241,0.522720021155253,1
"16010","PmetTSAr1.1-022520",3.14725930132574,3.42100666246377,2.26967146024096,3.1772255290735,2.4395054908886,3.70348389829574,4.02312018204106,4.27428734427708,0.263911859998718,1.75577208657227,0.362894472253794,1
"16011","PmetTSAr1.1-022521",14.1626668559658,3.98621645887083,3.45179201244979,5.13651460533548,7.31851647266581,2.03550260059002,1.61343882300605,4.58565927001912,-0.783396445924836,2.4119164887832,0.121239728103773,1
"16012","PmetTSAr1.1-022522",7.01389215724021,6.63377813677757,7.23457777951804,6.85751176691696,6.15337952179364,10.1209712640448,8.29768537545968,8.37873545633123,0.24997869399139,2.93576261390967,0.394937001213396,1
"16013","PmetTSAr1.1-022525",3.19222014848753,3.42100666246377,6.09974204939757,5.74548283174124,3.27694767432797,5.484548673812,4.63077895953684,3.14202579612421,-0.156392766960772,2.14922022827578,0.634800293598355,1
"16014","PmetTSAr1.1-022526",7.05885300440201,3.98621645887083,23.7842655104417,5.71900595233229,15.62011724763,5.73898649888576,2.80780262704949,3.28355848964332,-0.562694897313278,3.09131154704683,0.326604740066647,1
"16015","PmetTSAr1.1-022527",16.8603176856736,16.9860417762332,12.4359082092369,15.8596507659585,12.9621485784529,12.4674534286139,11.4826555195755,14.3797216615414,-0.277731451618509,3.83179178481295,0.335713765947359,1
"16016","PmetTSAr1.1-022528",12.9487239825973,21.5077201474896,10.0243822827309,10.6172286429873,9.94007461212819,13.7396425539827,16.9306307660894,13.0776208811656,-0.037581638486965,3.77266461747452,0.911849335798245,1
"16017","PmetTSAr1.1-022533",12.8138414411119,16.6290671679761,12.0103448104417,20.3342433860704,11.760601097866,22.1360907814165,16.9515845170376,16.5876316804395,0.124908545351341,4.02011294861251,0.693831766105377,1
"16018","PmetTSAr1.1-022534",2.06819896944263,2.85579686605671,3.02622861365461,2.62121106148563,3.24053714461322,4.26890128734852,3.49927640833779,3.0004931026051,0.405176899545743,1.65035699317701,0.139337923264659,1
"16019","PmetTSAr1.1-022537",15.0169229520399,20.3178047866327,15.2729975345381,20.1753821096167,15.8021698962038,22.3905286064902,21.0794734538193,19.7862705539714,0.158669693730838,4.23264694222576,0.586577374195909,1
"16020","PmetTSAr1.1-022539",12.4091938166558,5.53310642798488,9.12597066305217,8.36669389322687,10.0493062012725,8.90532387758135,5.4270214955658,13.0493143424618,0.0801757703706574,3.19551838597267,0.821683625814155,1
"16021","PmetTSAr1.1-022540",8.99216943235925,11.0959607399912,7.84928046666664,7.78420254623007,8.15595865610518,8.3681773579812,8.63294539062977,9.6525296980032,-0.0378637432146633,3.15043278211599,0.899146342734885,1
"16022","PmetTSAr1.1-022542",3.82167200875268,4.43243471919219,3.16808307991967,4.50106949952079,4.04156879833783,4.52333911242227,4.50505645384806,5.2084031215032,0.194145860461341,2.11871675975324,0.478228119948579,1
"16023","PmetTSAr1.1-022545",2.47284659389879,1.90386457737114,4.49205809839356,2.14462723212461,3.31335820404273,2.65746172854809,1.78106883059109,1.6983923222293,-0.215144687076246,1.38084439341541,0.523357546817627,1
"16024","PmetTSAr1.1-022552",2.92245506551675,2.70705744594959,2.17510181606425,3.30960992611823,2.58514760974762,3.78829650665365,4.08598143488545,2.68912117686306,0.241403133954155,1.63352067259907,0.400101196104278,1
"16025","PmetTSAr1.1-022554",14.9719621048781,16.4803277478689,10.1662367489959,10.5907517635783,13.1077906973119,8.90532387758135,10.7283204854428,11.266002404121,-0.247436423961176,3.59518714045955,0.41847460939303,1
"16026","PmetTSAr1.1-022557",1.84339473363365,2.23109130160681,1.60768395100401,1.48270524690096,1.89334754516727,1.35700173372668,1.32008630973222,1.27379424167198,-0.305291475544113,0.751213251742743,0.280870228814053,1
"16027","PmetTSAr1.1-022558",1.88835558079544,1.07092382477127,1.56039912891566,2.91245673498404,1.67488436687874,3.10979563979031,1.445808815421,1.75500539963695,0.094337877238428,0.994415012648439,0.779930716249647,1
"16028","PmetTSAr1.1-022560",2.69765082970777,2.40957860573535,2.64795003694778,2.85950297616615,3.16771608518371,2.91189955362184,1.90679133627988,2.77404079297453,0.0122644013823555,1.44912199576921,0.96163015179492,1
"16029","PmetTSAr1.1-022561",23.829248995752,9.60856653891998,11.0173635465863,9.31986155194892,9.39391666640686,10.9408264781714,9.93207794941386,10.6715650913408,-0.390941205308339,3.57129021265665,0.257501013360258,1
"16030","PmetTSAr1.1-022568",2.29300320525161,2.26083918562823,3.16808307991967,2.43587290562301,2.98566343660993,2.94017042307448,2.55635761567192,1.78331193834077,0.0182762561303893,1.38454858272306,0.973944352617787,1
"16031","PmetTSAr1.1-022569",4.8108106463122,4.8191572114707,5.48503936224898,4.87174581124603,4.76977939263294,4.21235954844324,4.35838019721114,4.58565927001912,-0.15643044837858,2.26217674044635,0.567050757469001,1
"16032","PmetTSAr1.1-022571",2.427885746737,2.05260399747826,1.89139288353413,1.82690467921726,1.67488436687874,1.07429303920029,1.78106883059109,1.61347270611784,-0.408874678691302,0.886779216940572,0.134341449488998,1
"16033","PmetTSAr1.1-022572",2.47284659389879,2.37983072171393,2.60066521485943,1.85338155862621,2.51232655031811,2.0920443394953,2.24205135144996,2.32113617371338,-0.0151523334359525,1.24286410997915,0.953892705707921,1
"16034","PmetTSAr1.1-022573",3.50694607862011,4.43243471919219,2.69523485903613,3.65380935843452,4.26003197662637,2.742274336906,2.89161763084201,3.05710618001275,-0.152397560074317,1.79336319323674,0.618152874236261,1
"16035","PmetTSAr1.1-022576",2.87749421835496,2.29058706964966,1.89139288353413,1.64156652335464,2.94925290689518,3.30769172595879,3.08020138937518,3.48170426057007,0.566593680610003,1.46197909874157,0.0409712882329043,1
"16036","PmetTSAr1.1-022580",4.85577149347399,6.15781199243479,4.53934292048191,7.28114183746009,6.00773740293462,6.47402910465438,7.54335034132698,5.68961427946816,0.167487609824682,2.61802319127499,0.573694394652605,1
"16037","PmetTSAr1.1-022584",5.9348318253571,5.14638393570637,6.99815366907628,6.06320538464859,5.5344005166428,8.19855214126537,6.16040277875037,4.16106118946179,-0.0030296330066354,2.60513418141394,0.99502416611578,1
"16038","PmetTSAr1.1-022585",4.09143709172346,4.84890509549213,3.30993754618473,5.13651460533548,3.38617926347224,3.73175476774837,4.40028769910741,4.84041811835351,-0.0916166207176903,2.09939812690567,0.760109974948369,1
"16039","PmetTSAr1.1-022588",6.15963606116608,10.5604988276056,6.66715991445781,7.73124878741217,5.20670574921,10.7146595225503,8.40245413020033,8.71841392077709,0.0852652423800005,3.01616973671785,0.793955148738922,1
"16040","PmetTSAr1.1-022589",3.68678946726729,4.22419953104222,4.63391256465862,7.65181814918534,3.96874773890832,5.82379910724368,5.74132775978776,4.10444811205415,-0.0435753976213827,2.33604615299493,0.90245479557873,1
"16041","PmetTSAr1.1-022590",2.83253337119316,2.79630109801387,4.63391256465862,3.25665616730033,2.73078972860665,3.27942085650615,3.16401639316771,2.85896040908599,-0.160044662991403,1.70089831620319,0.568006777631416,1
"16042","PmetTSAr1.1-022591",1.66355134498646,1.30890689694266,2.17510181606425,1.98576595567094,1.89334754516727,1.9506899922321,1.67630007585044,1.81161847704459,0.0433976744351762,0.900975440216478,0.905667319119564,1
"16043","PmetTSAr1.1-022595",5.39530165941555,6.06856834037052,5.29590007389556,6.56626609341856,6.40825322979693,6.98290475480188,7.01950656762372,6.2557450535446,0.190893828746585,2.65895128023998,0.497869943290513,1
"16044","PmetTSAr1.1-022599",1.52866880350107,1.99310822943541,1.56039912891566,1.80042779980831,1.56565277773448,1.49835608098988,1.63439257395418,1.44363347389491,-0.173229950356583,0.757871203745766,0.535020134361763,1
"16045","PmetTSAr1.1-022600",3.37206353713472,2.67730956192817,3.02622861365461,2.48882666444091,4.00515826862308,3.25114998705351,2.28395885334622,2.88726694778981,0.103121940017446,1.61095026131446,0.720244685890938,1
"16046","PmetTSAr1.1-022601",11.5998985677434,15.1416729669049,7.84928046666664,12.4441333222045,9.75802196355441,12.5805369064244,11.8598230366419,13.0493143424618,0.00487325920705367,3.56726521352442,0.987734921443257,1
"16047","PmetTSAr1.1-022602",2.427885746737,2.26083918562823,1.98596252771084,2.46234978503196,2.4395054908886,2.45956564237961,2.34682010619062,2.09468386408281,0.0270534935747001,1.24633538766528,0.937544978187753,1
"16048","PmetTSAr1.1-022605",2.29300320525161,4.10520799495653,1.5131143068273,2.78007233793931,2.0389896640263,3.47731694267462,2.70303387230883,3.17033233482803,0.0805577245607334,1.50176261932608,0.7963792156092,1
"16049","PmetTSAr1.1-022606",1.97827727511903,1.7253772732426,2.31695628232931,2.78007233793931,2.14822125317056,3.27942085650615,3.14306264221958,2.03807078667516,0.27124047064656,1.31844126431733,0.350909605730813,1
"16050","PmetTSAr1.1-022612",6.78908792143123,2.94504051812099,3.07351343574296,9.02861587845052,6.37184270008217,5.39973606545409,2.36777385713875,2.3494427124172,-0.410987546417286,2.27742567352979,0.343901560384017,1
"16051","PmetTSAr1.1-022615",16.3657483668938,20.4962920907612,11.9630599883534,14.4828530366934,16.2026857230661,15.9164995018359,13.5780306143886,14.2098824293185,-0.0809722122297151,3.95088288327766,0.78771767017197,1
"16052","PmetTSAr1.1-022616",5.75498843670992,4.22419953104222,12.4359082092369,5.93082098760386,7.75544282924287,6.16304954067535,3.14306264221958,3.53831733797771,-0.459739291999403,2.62255849207742,0.245212978411621,1
"16053","PmetTSAr1.1-022619",3.23718099564933,2.14184764954254,12.0576296325301,2.70064169971247,3.78669509033455,1.63971042825307,1.69725382679857,2.12299040278663,-1.11974600262619,1.88575835579545,0.0215126754030405,1
"16054","PmetTSAr1.1-022620",2.83253337119316,3.39125877844235,2.64795003694778,1.66804340276359,4.04156879833783,1.66798129770571,5.11271523134384,3.05710618001275,0.401540971646103,1.64067189633863,0.258626001736554,1
"16055","PmetTSAr1.1-022622",3.50694607862011,3.51025031452804,10.3553760373494,5.08356084651759,6.99082170523301,4.72123519859075,3.68786016687097,4.3025938829809,-0.186983422578484,2.41038595975048,0.623063671699049,1
"16056","PmetTSAr1.1-022623",3.10229845416394,3.65898973463516,3.78278576706826,4.02448567015976,3.67746350119028,4.74950606804339,3.77167517066349,3.84968926371975,0.136988925527054,1.96039490161123,0.61601015998147,1
"16057","PmetTSAr1.1-022630",3.41702438429651,3.2127714743138,2.45881074859437,3.73323999666136,2.84002131775091,5.42800693490673,4.96603897470693,3.59493041538536,0.391377882199347,1.91771825176778,0.189816737322391,1
"16058","PmetTSAr1.1-022636",3.46198523145831,5.94957680428482,3.73550094497991,5.11003772592654,4.11438985776735,8.3681773579812,4.4631489519518,5.66130774076434,0.302931954822804,2.37262625162994,0.350585151466194,1
"16059","PmetTSAr1.1-022640",12.5890372053029,15.1119250828834,11.6793510558232,10.8290436782588,12.197527454443,10.0644295251396,16.8468157622969,14.0966562745032,0.084188980474718,3.69957835308843,0.781784085886437,1
"16060","PmetTSAr1.1-022644",3.14725930132574,3.51025031452804,3.97192505542167,4.95117644947286,4.44208462520014,2.99671216197976,2.78684887610136,3.08541271871657,-0.236385052607008,1.87601160242502,0.424177221543816,1
"16061","PmetTSAr1.1-022646",3.73175031442909,4.78940932744928,6.05245722730921,11.8351650957988,4.51490568462965,6.9263630158966,3.12210889127144,5.77453389557963,-0.381746956711177,2.56312356458168,0.324714396244534,1
"16062","PmetTSAr1.1-022647",1.70851219214826,2.11209976552111,1.70225359518072,1.98576595567094,1.23795801030168,2.79881607581128,2.32586635524249,2.17960348019427,0.187029368622278,1.05336334944113,0.540278265278523,1
"16063","PmetTSAr1.1-022648",2.20308151092802,2.5880659098639,2.03324734979919,2.06519659389777,2.22104231260007,2.43129477292697,2.07442134386492,2.49097540593631,0.047613266893561,1.21783973208532,0.858579797928042,1
"16064","PmetTSAr1.1-022650",3.14725930132574,4.8191572114707,3.12079825783131,5.29537588178916,2.33027390174434,5.06048563202242,6.28612528443915,5.46316196983759,0.221946245059473,2.17535736688995,0.517949208538562,1
"16065","PmetTSAr1.1-022652",2.29300320525161,1.99310822943541,2.1278169939759,1.61508964394569,2.40309496117385,1.61143955880043,1.19436380404344,1.86823155445223,-0.186965625099285,0.956505453702289,0.532636793003024,1
"16066","PmetTSAr1.1-022655",7.37357893453458,8.32940752599875,6.38345098192769,7.5723875109585,6.55389534865595,4.09927607063268,5.76228151073589,6.31235813095224,-0.386158094045001,2.72407541777019,0.192682238544086,1
"16067","PmetTSAr1.1-022656",6.06971436684249,6.78251755688469,7.18729295742969,5.82491346996808,7.02723223494777,3.73175476774837,5.13366898229197,5.88776005039492,-0.249040303805789,2.58756404992236,0.409790986098171,1
"16068","PmetTSAr1.1-022658",3.23718099564933,2.4690743737782,4.87033667510038,3.68028623784347,3.56823191204602,3.61867128993782,4.29551894436675,2.51928194464013,-0.0184178839600615,1.8442300404458,0.948060146802003,1
"16069","PmetTSAr1.1-022659",2.65268998254598,3.00453628616383,2.03324734979919,5.53366779646967,2.69437919889189,4.35371389570644,3.08020138937518,2.3494427124172,-0.0943755316759814,1.71563265862811,0.800869990818115,1
"16070","PmetTSAr1.1-022660",1.84339473363365,2.29058706964966,2.97894379156625,5.98377474642175,3.24053714461322,2.79881607581128,2.28395885334622,4.64227234742676,-0.0256087546784086,1.73394659152055,0.969603644067366,1
"16071","PmetTSAr1.1-022662",3.32710268997292,3.56974608257089,2.64795003694778,2.09167347330672,1.74770542630825,1.69625216715835,2.99638638558266,2.71742771556688,-0.334898456172852,1.41087352238506,0.256225899164218,1
"16072","PmetTSAr1.1-022667",13.3983324542153,14.8144462426692,7.75471082248993,16.1508964394569,12.3067590435873,13.3721212510983,19.8851096497758,17.1254559158121,0.265164415441186,3.85050871696799,0.411529080170224,1
"16073","PmetTSAr1.1-022668",8.81232604371206,7.2882315852489,2.9316589694779,4.02448567015976,6.37184270008217,5.14529824038033,7.1452290733125,6.22743851484078,0.110984289614046,2.59843825668161,0.757991809055056,1
"16074","PmetTSAr1.1-022669",6.24955775548968,8.62688636621299,5.48503936224898,7.62534126977639,4.29644250634112,8.28336474962329,12.0693605461232,7.64276545003186,0.206705225365754,2.9279494245982,0.548639632167823,1
"16075","PmetTSAr1.1-022670",3.86663285591448,3.98621645887083,8.0857045771084,5.58662155528756,5.35234786806902,6.33267475739118,2.91257138179014,3.11371925742039,-0.281564363524314,2.30902589914273,0.429070200412923,1
"16076","PmetTSAr1.1-022672",1.43874710917748,1.81462092530687,2.45881074859437,3.36256368493612,1.31077906973119,1.13083477810557,1.00578004551026,2.49097540593631,-0.621944877380707,0.953671796506088,0.0767364414585798,1
"16077","PmetTSAr1.1-022674",3.64182862010549,2.61781379388532,2.08053217188754,2.14462723212461,2.25745284231483,2.26166955621114,2.03251384196866,2.15129694149045,-0.264414097795973,1.2951484907912,0.342225787804417,1
"16078","PmetTSAr1.1-022679",8.27279587777051,8.12117233784878,4.01920987751002,4.47459262011184,6.40825322979693,4.1840886789906,5.57369775220271,7.21816736947454,-0.0906202905752567,2.60731103074447,0.789976722844964,1
"16079","PmetTSAr1.1-022680",9.03713027952104,9.28133981468432,5.57960900642568,5.0306070876997,6.9180006458035,2.8836286841692,3.93930517824853,4.44412657650001,-0.672529131249498,2.57026662474258,0.0544180710095683,1
"16080","PmetTSAr1.1-022681",5.44026250657734,5.20587970374922,3.83007058915661,6.0102516258307,5.24311627892476,5.34319432654881,3.03829388747892,5.43485543113377,-0.110277395303764,2.32313254915751,0.726296638697326,1
"16081","PmetTSAr1.1-022683",2.3829248995752,2.08235188149969,2.78980450321284,3.57437872020768,2.4395054908886,4.04273433172741,4.71459396332936,2.37774925112102,0.328200255464346,1.64238142075711,0.30048588735699,1
"16082","PmetTSAr1.1-022689",7.1937355458874,7.76419772959169,65.063915193574,9.66406098426522,11.7241905681512,17.0473342799414,4.29551894436675,7.47292621780893,-1.14466438638796,4.02620589501865,0.0678610945515554,1
"16083","PmetTSAr1.1-022690",5.71002758954812,9.07310462653435,5.0594759634538,10.8555205576678,4.91542151149196,9.55555387499205,11.0426267496648,8.09567006929301,0.128283340052004,3.02078234566094,0.71483017228464,1
"16084","PmetTSAr1.1-022693",9.66658213978619,12.8213380132338,4.30291881004014,8.65793956672528,7.90108494810189,8.33990648852856,15.421960697824,12.539796645793,0.317219782156607,3.32661035422344,0.383522469146255,1
"16085","PmetTSAr1.1-022694",4.49608471617962,4.01596434289225,2.83708932530119,2.67416482030353,3.96874773890832,3.56212955103254,5.57369775220271,3.84968926371975,0.278653711752485,1.97736789797148,0.352555434758214,1
"16086","PmetTSAr1.1-022695",3.68678946726729,6.39579506460618,3.26265272409637,3.86562439370609,3.34976873375749,5.79552823779104,6.43280154107606,5.12348350539173,0.264517447142534,2.26675746409939,0.415435943359555,1
"16087","PmetTSAr1.1-022696",4.49608471617962,6.03882045634909,2.03324734979919,3.78619375547925,3.0948950257542,5.42800693490673,8.42340788114846,5.01025735057644,0.423806921201349,2.28313329105108,0.257927932566872,1
"16088","PmetTSAr1.1-022697",2.24804235808981,1.7253772732426,2.31695628232931,2.80654921734825,1.7112948965935,2.12031520894794,2.15823634765744,2.20791001889809,-0.147143887614658,1.15295004048822,0.593267019336462,1
"16089","PmetTSAr1.1-022701",25.4028786464149,31.4435134106453,18.7720743690762,19.4605063655752,22.756581071722,23.3800090373326,28.3085175309243,22.0507936502771,0.0212814307387606,4.58568029623531,0.944600098440107,1
"16090","PmetTSAr1.1-022702",3.50694607862011,4.37293895114934,4.3502036321285,3.07131801143771,4.18721091719686,3.16633737869559,2.99638638558266,3.36847810575478,-0.159015298930813,1.88104417041782,0.572800050346443,1
"16091","PmetTSAr1.1-022703",2.92245506551675,2.32033495367108,4.01920987751002,4.34220822306711,2.98566343660993,4.91913128475922,3.4364151554934,3.34017156705096,0.111050168348469,1.84761392409109,0.721749540649092,1
"16092","PmetTSAr1.1-022704",2.3829248995752,3.2127714743138,2.31695628232931,3.01836425261982,2.98566343660993,2.51610738128489,2.80780262704949,3.11371925742039,0.0530881940297477,1.51593762650448,0.839867638011279,1
"16093","PmetTSAr1.1-022707",2.47284659389879,2.5880659098639,2.31695628232931,2.75359545853036,1.67488436687874,2.62919085909545,2.6820801213607,3.19863887353185,0.00958000017794391,1.38149178375934,0.986870501435608,1
"16094","PmetTSAr1.1-022708",13.1285673712445,12.5833549410624,11.0173635465863,12.6294714780671,11.0323905035708,14.8139355931829,12.6351118217227,12.0585854878281,0.0341218020375944,3.64972196642306,0.906982511945851,1
"16095","PmetTSAr1.1-022709",2.65268998254598,3.83747703876371,2.64795003694778,4.05096254956871,2.58514760974762,3.76002563720101,6.03468027306158,4.98195081187262,0.393704695027657,1.96183817653849,0.217869271072857,1
"16096","PmetTSAr1.1-022712",2.11315981660442,3.27226724235665,2.03324734979919,3.86562439370609,2.4395054908886,2.742274336906,3.08020138937518,3.17033233482803,0.00631754123335582,1.54139573564432,0.977889552589343,1
"16097","PmetTSAr1.1-022713",4.54104556334142,4.67041779136358,5.72146347269074,3.70676311725241,3.93233720919357,3.13806650924295,1.78106883059109,3.79307618631211,-0.562149941772893,1.9848387238311,0.0734499685142763,1
"16098","PmetTSAr1.1-022714",4.7658497991504,4.9381487475564,3.87735541124497,2.80654921734825,4.66054780348867,2.79881607581128,3.33164640075275,4.47243311520383,-0.102793079994989,2.00437032573137,0.744130643644546,1
"16099","PmetTSAr1.1-022716",6.69916622710764,6.45529083264903,6.00517240522086,6.9369424051438,6.1897900515084,5.06048563202242,5.1546227332401,5.68961427946816,-0.242208723819971,2.60470525172932,0.387317473382251,1
"16100","PmetTSAr1.1-022719",3.10229845416394,3.80772915474228,2.97894379156625,2.96541049380193,4.26003197662637,3.08152477033767,4.02312018204106,3.51001079927389,0.207202650697256,1.81979943878071,0.443581739217312,1
"16101","PmetTSAr1.1-022722",9.30689536249182,9.8762974951128,8.98411619678711,11.5174425428914,8.9569903098298,7.97238518564425,10.7702279873391,9.96390162374524,-0.076114485124781,3.28292366069224,0.794429293201508,1
"16102","PmetTSAr1.1-022724",11.0154075546401,11.2744480441197,13.1451805405622,12.7353789957029,10.5954641469938,13.3155795121931,9.53395668139938,11.6906004846784,-0.094076781475613,3.55126227189643,0.74442009574969,1
"16103","PmetTSAr1.1-022725",2.87749421835496,2.40957860573535,2.1278169939759,2.03871971448883,3.13130555546895,1.89414825332683,2.66112637041257,3.14202579612421,0.197242372517536,1.37616466862511,0.488594153537195,1
"16104","PmetTSAr1.1-022727",1.84339473363365,2.26083918562823,3.26265272409637,2.14462723212461,1.78411595602301,1.80933564496891,1.29913255878409,2.29282963500956,-0.402668929889199,1.09768787328101,0.164694369202969,1
"16105","PmetTSAr1.1-022731",2.3829248995752,4.01596434289225,2.64795003694778,4.52754637892973,2.69437919889189,5.17356910983297,2.91257138179014,3.31186502834714,0.0443785294918024,1.81910420039809,0.884118846401727,1
"16106","PmetTSAr1.1-022737",4.54104556334142,4.04571222691368,3.30993754618473,3.94505503193292,4.98824257092147,3.81656737610629,2.24205135144996,3.84968926371975,-0.0957767736966925,1.96291211741051,0.765804476756275,1
"16107","PmetTSAr1.1-022742",12.2293504280086,15.5878912272262,12.6723323196787,10.4054136077157,12.6708643407348,11.7606816922979,11.713146780005,10.9263239396752,-0.112923235997143,3.62121879813384,0.696307148538165,1
"16108","PmetTSAr1.1-022745",1.61859049782466,1.27915901292124,15.0365734240963,8.39317077263582,7.82826388867238,7.7179473605705,1.21531755499157,2.74573425427071,-0.432784935050705,2.52809598871923,0.517214583086018,1
"16109","PmetTSAr1.1-022750",5.75498843670992,6.45529083264903,7.23457777951804,11.3585812664377,6.48107428922644,9.52728300553941,5.46892899746206,5.8594535116911,-0.175672586103379,2.8742598438891,0.598867069136696,1
"16110","PmetTSAr1.1-022751",3.14725930132574,3.09377993822811,4.91762149718874,2.99188737321088,2.65796866917713,1.4418143420846,2.09537509481305,2.83065387038217,-0.644624676730835,1.55827743505729,0.0332817583711014,1
"16111","PmetTSAr1.1-022752",3.01237675984035,4.10520799495653,4.58662774257026,2.88597985557509,2.73078972860665,3.22287911760087,2.70303387230883,2.26452309630574,-0.41409104539194,1.69761478498394,0.140056530019673,1
"16112","PmetTSAr1.1-022755",4.27128048037064,4.55142625527789,4.11377952168673,4.55402325833868,3.60464244176077,5.31492345709617,5.09176148039571,3.76476964760829,0.0245326927492705,2.16142425789751,0.940947441560779,1
"16113","PmetTSAr1.1-022757",14.0277843144804,18.4734359773044,15.7458457554216,11.1202893517572,12.5616327515906,13.3155795121931,25.207362390601,15.6535159032134,0.1702979169239,3.98468767907698,0.602658133948597,1
"16114","PmetTSAr1.1-022758",5.30537996509196,4.87865297951355,5.39046971807227,7.2281880786422,6.15337952179364,4.80604780694866,3.7088139178191,3.56662387668154,-0.328185882354782,2.37496013870059,0.284579718531663,1
"16115","PmetTSAr1.1-022760",5.71002758954812,8.03192868578451,7.47100188995981,7.54591063154955,5.78927422464609,11.9303069090137,10.0787542060508,9.00147930781531,0.3557042292043,3.04715229898739,0.257704088929646,1
"16116","PmetTSAr1.1-022761",5.12553657644477,8.86486943838438,4.49205809839356,5.0306070876997,4.84260045206245,7.18080084097036,7.50144283943072,5.03856388928027,0.0615991135135421,2.60394098873248,0.850203359769665,1
"16117","PmetTSAr1.1-022764",2.87749421835496,3.83747703876371,2.78980450321284,5.40128339942494,3.16771608518371,3.98619259282213,2.72398762325697,1.9531511705637,-0.343794952037073,1.76894556034265,0.29164495667546,1
"16118","PmetTSAr1.1-022770",6.96893131007841,5.89008103624197,8.46398315381523,4.89822269065497,5.75286369493133,5.03221476256978,5.38511399366954,5.80284043428345,-0.250647400215007,2.60311145713212,0.39472508862277,1
"16119","PmetTSAr1.1-022771",4.09143709172346,3.65898973463516,4.82305185301203,3.86562439370609,4.11438985776735,3.27942085650615,3.37355390264901,1.01903539333758,-0.479241263861897,1.84000356756648,0.17935715484151,1
"16120","PmetTSAr1.1-022774",2.427885746737,3.00453628616383,5.39046971807227,3.28313304670928,2.7672002583214,2.742274336906,5.25939148798076,3.53831733797771,0.0303234174570071,1.85357651789474,0.945023422933314,1
"16121","PmetTSAr1.1-022779",11.8696636507142,11.4826832322697,11.8212055220883,12.3382258045687,11.7241905681512,9.75344996116053,8.8634366510592,11.1810827880096,-0.195403596450457,3.48374239737588,0.490883499145437,1
"16122","PmetTSAr1.1-022780",1.79843388647185,2.55831802584247,1.70225359518072,1.93281219685304,1.74770542630825,3.36423346486407,3.14306264221958,2.46266886723249,0.421391099571926,1.26949071778437,0.147212620466759,1
"16123","PmetTSAr1.1-022782",6.06971436684249,6.51478660069188,2.55338039277107,4.42163886129395,5.06106363035098,5.93688258505423,6.99855281667559,7.303086985586,0.369299642904382,2.50547395943925,0.267479670296439,1
"16124","PmetTSAr1.1-022783",1.57362965066287,1.90386457737114,2.1278169939759,2.38291914680512,1.67488436687874,2.26166955621114,2.51445011377566,2.37774925112102,0.14426374167378,1.11738117533924,0.6139762280745,1
"16125","PmetTSAr1.1-022784",4.31624132753244,6.72302178884185,5.24861525180721,4.44811574070289,3.64105297147553,6.19132041012799,5.28034523892889,5.01025735057644,-0.0425722779135022,2.37077820871362,0.892827840953884,1
"16126","PmetTSAr1.1-022786",3.28214184281112,3.27226724235665,4.4447732763052,4.26277758484027,4.40567409548539,4.38198476515908,4.48410270289993,4.18936772816561,0.19461454150679,2.05435968528231,0.483143319129295,1
"16127","PmetTSAr1.1-022789",12.4991155109794,7.91293714969881,8.13298939919676,11.226196869393,14.127285529325,12.9763290787614,11.0216729987166,7.18986083077072,0.187594478703446,3.41911235563005,0.559746602406975,1
"16128","PmetTSAr1.1-022793",2.29300320525161,2.08235188149969,1.65496877309236,1.69452028217253,1.74770542630825,3.64694215939046,5.78323526168402,2.12299040278663,0.792626031483184,1.43648568189502,0.0268298003066959,1
"16129","PmetTSAr1.1-022794",5.21545827076836,5.8008373841777,4.91762149718874,4.44811574070289,5.49798998692805,5.39973606545409,6.07658777495785,6.6520365953981,0.21375716060299,2.47644646526065,0.450434802005965,1
"16130","PmetTSAr1.1-022796",3.37206353713472,4.31344318310649,2.50609557068272,2.99188737321088,3.93233720919357,3.84483824555893,4.92413147281067,4.61396580872294,0.390075069311118,1.95680949852677,0.168499943617921,1
"16131","PmetTSAr1.1-022801",2.96741591267855,3.00453628616383,3.02622861365461,2.30348850857828,2.47591602060336,2.51610738128489,2.4725426118794,2.6042015607516,-0.161067310984061,1.44824588664045,0.532485670297543,1
"16132","PmetTSAr1.1-022802",7.37357893453458,6.75276967286327,3.54636165662649,4.07743942897765,5.06106363035098,2.40302390347433,4.52601020479619,4.58565927001912,-0.392378561604965,2.27710671442938,0.252817924875226,1
"16133","PmetTSAr1.1-022804",4.18135878604705,4.40268683517077,5.24861525180721,4.7393614142013,4.29644250634112,3.16633737869559,2.9544788836864,3.87799580242358,-0.380538806284507,2.0576325041377,0.173592601616702,1
"16134","PmetTSAr1.1-022806",2.69765082970777,3.27226724235665,5.76874829477909,3.20370240848244,3.49541085261651,2.96844129252712,2.36777385713875,2.85896040908599,-0.351528503861545,1.7566960544013,0.253753512072637,1
"16135","PmetTSAr1.1-022812",2.24804235808981,2.88554475007814,2.97894379156625,2.72711857912142,1.42001065887546,3.42077520376934,3.49927640833779,3.51001079927389,0.134493042150714,1.5382816117965,0.677090656104011,1
"16136","PmetTSAr1.1-022815",6.69916622710764,5.0571402836421,3.16808307991967,2.99188737321088,4.44208462520014,2.12031520894794,2.84971012894575,3.34017156705096,-0.491454508295981,1.95738102820874,0.147566242876157,1
"16137","PmetTSAr1.1-022816",8.45263926641769,9.90604537913423,7.2818626016064,8.86975460199684,8.81134819097078,9.55555387499205,11.5455167724199,9.87898200763378,0.204684198536096,3.22588329563933,0.47845069585507,1
"16138","PmetTSAr1.1-022817",2.427885746737,2.76655321399244,6.66715991445781,5.26889900238021,3.24053714461322,3.19460824814823,0.83815003792522,3.76476964760829,-0.6372162570716,1.83559112065469,0.139971976764194,1
"16139","PmetTSAr1.1-022818",7.95806994763793,7.10974428112036,6.05245722730921,5.93082098760386,6.9180006458035,6.02169519341215,6.47470904297233,5.15179004409555,-0.138527621315214,2.70274239446554,0.629640829501818,1
"16140","PmetTSAr1.1-022819",5.30537996509196,5.53310642798488,3.92464023333332,4.31573134365817,3.85951614976406,3.64694215939046,5.78323526168402,5.2084031215032,-0.0424940611953328,2.25149061845909,0.888034467973165,1
"16141","PmetTSAr1.1-022823",4.31624132753244,5.8008373841777,2.26967146024096,3.65380935843452,2.25745284231483,4.89086041530658,6.53757029581672,4.98195081187262,0.218749661731913,2.14200436745967,0.551559394273585,1
"16142","PmetTSAr1.1-022824",8.67744350222667,11.9883972606339,4.4447732763052,9.31986155194892,5.71645316521658,12.0999321257296,8.33959287735594,8.29381584021976,-0.00132373881450231,3.11792024754148,1,1
"16143","PmetTSAr1.1-022826",5.39530165941555,8.89461732240581,3.68821612289155,5.98377474642175,6.11696899207889,5.23011084873825,6.05563402400972,7.35970006299365,0.0423946242484473,2.62280147154005,0.893087419481448,1
"16144","PmetTSAr1.1-022832",5.75498843670992,6.90150909297039,2.50609557068272,4.02448567015976,4.40567409548539,5.65417389052784,7.12427532236437,7.38800660169747,0.355344404239918,2.47042938412203,0.302841845067899,1
"16145","PmetTSAr1.1-022835",12.8138414411119,16.6885629360189,11.0646483686747,19.6193676420288,13.7995907618922,23.8888846874801,26.3598186927482,17.6066670737771,0.438980612029557,4.15441075947503,0.176766966881782,1
"16146","PmetTSAr1.1-022838",6.06971436684249,6.75276967286327,2.74251968112449,5.18946836415338,6.1897900515084,7.7179473605705,7.98337911123772,6.02929274391403,0.424837335470787,2.62210355790453,0.192178852067015,1
"16147","PmetTSAr1.1-022840",5.53018420090094,6.84201332492754,3.78278576706826,3.78619375547925,4.04156879833783,3.05325390088503,2.70303387230883,5.88776005039492,-0.349420181132587,2.17339836345404,0.299693273521472,1
"16148","PmetTSAr1.1-022847",3.37206353713472,5.41411489189919,4.20834916586344,4.26277758484027,2.98566343660993,4.01446346227477,3.56213766118219,4.01952849594268,-0.245198773850018,2.01551144545768,0.39021188980158,1
"16149","PmetTSAr1.1-022850",5.44026250657734,6.18755987645621,21.420024406024,10.0876910548083,6.48107428922644,5.93688258505423,3.79262892161162,4.35920696038854,-1.0674493461834,2.99986200583812,0.0102498346087298,1
"16150","PmetTSAr1.1-022852",2.15812066376622,2.67730956192817,2.31695628232931,2.27701162916934,1.92975807488203,1.83760651442155,2.11632884576118,1.83992501574841,-0.288613626408373,1.14050673026955,0.263075746435133,1
"16151","PmetTSAr1.1-022854",1.61859049782466,2.37983072171393,1.56039912891566,2.25053474976039,1.82052648573776,1.3004599948214,1.94869883817614,1.35871385778344,-0.294015413013482,0.883223321544235,0.322352443830558,1
"16152","PmetTSAr1.1-022855",1.93331642795724,2.11209976552111,1.5131143068273,1.50918212630991,1.45642118859021,1.55489781989516,1.445808815421,1.3021007803758,-0.296267405179571,0.733330174337487,0.269883040147912,1
"16153","PmetTSAr1.1-022856",2.11315981660442,2.43932648975678,3.30993754618473,3.36256368493612,2.4395054908886,2.94017042307448,2.87066387989388,2.54758848334395,-0.0559077963219379,1.49355863381423,0.853853327111042,1
"16154","PmetTSAr1.1-022858",3.37206353713472,2.05260399747826,2.45881074859437,2.1975809909425,3.75028456061979,2.28994042566378,4.42124145005554,4.01952849594268,0.531881951710619,1.64831582660276,0.0812896039362385,1
"16155","PmetTSAr1.1-022859",6.69916622710764,7.02050062905609,3.49907683453814,4.13039318779555,4.44208462520014,3.84483824555893,4.16979643867797,5.15179004409555,-0.279080575404212,2.30133492135064,0.377539079457412,1
"16156","PmetTSAr1.1-022864",19.1083600437634,8.77562578632011,9.64610370602406,10.8290436782588,10.4498220281348,6.02169519341215,5.67846650694337,9.45438392707645,-0.613815811404493,3.32780107138316,0.0775380239667717,1
"16157","PmetTSAr1.1-022865",1.97827727511903,2.91529263409956,1.74953841726907,1.19145957340256,1.74770542630825,1.66798129770571,2.70303387230883,2.23621655760192,0.0988579011641216,1.06295925957616,0.768815137100383,1
"16158","PmetTSAr1.1-022866",1.66355134498646,1.57663785313548,1.98596252771084,1.87985843803515,1.45642118859021,1.15910564755821,1.57153132110979,1.07564847074523,-0.426822163590611,0.680981396418879,0.121849306000969,1
"16159","PmetTSAr1.1-022871",7.05885300440201,9.10285251055577,7.23457777951804,7.89011006386585,7.64621124009861,11.5910564755821,10.5187829759615,9.73744931411467,0.335396321903456,3.15656049882363,0.25051211500996,1
"16160","PmetTSAr1.1-022873",6.24955775548968,4.99764451559925,8.18027422128511,6.06320538464859,6.66312693780021,5.23011084873825,3.56213766118219,3.70815657020064,-0.412438786361368,2.49317880438062,0.193394954859891,1
"16161","PmetTSAr1.1-022876",2.15812066376622,2.61781379388532,2.2223866381526,1.95928907626199,1.63847383716399,1.52662695044252,2.03251384196866,1.24548770296816,-0.468774922341989,0.988064672028424,0.0812484560801008,1
"16162","PmetTSAr1.1-022877",2.3829248995752,2.08235188149969,2.64795003694778,2.46234978503196,2.18463178288532,2.00723173113738,2.30491260429436,1.86823155445223,-0.189473584170988,1.2022400745103,0.470318597264784,1
"16163","PmetTSAr1.1-022879",2.3829248995752,1.99310822943541,1.84410806144578,3.15074864966455,2.58514760974762,3.02498303143239,0.921965041717742,1.67008578352548,-0.207870210264655,1.17329269812899,0.574145502878922,1
"16164","PmetTSAr1.1-022880",3.32710268997292,3.39125877844235,2.2223866381526,1.9063353174441,2.33027390174434,2.20512781730586,3.87644392540414,3.31186502834714,0.1196786519148,1.52926741981965,0.708698574867162,1
"16165","PmetTSAr1.1-022883",2.74261167686957,2.79630109801387,2.45881074859437,4.395161981885,2.80361078803616,4.52333911242227,3.37355390264901,3.84968926371975,0.223577240418541,1.78157533847171,0.443999094176272,1
"16166","PmetTSAr1.1-022885",7.64334401750536,6.36604718058476,4.25563398795179,6.40740481696488,7.10005329437728,5.88034084614895,5.55274400125458,6.59542351799046,0.023794528160714,2.65230820725037,0.93580380502965,1
"16167","PmetTSAr1.1-022890",3.01237675984035,2.91529263409956,2.31695628232931,2.40939602621407,2.87643184746567,2.26166955621114,3.62499891402658,2.97218656390128,0.142898696700581,1.51757904874455,0.607166003131855,1
"16168","PmetTSAr1.1-022893",4.36120217469423,7.02050062905609,3.16808307991967,6.9369424051438,3.71387403090504,6.53057084355966,6.89378406193494,5.49146850854141,0.0706278585071989,2.48286168739722,0.834679998698414,1
"16169","PmetTSAr1.1-022896",3.23718099564933,4.04571222691368,3.83007058915661,4.44811574070289,4.18721091719686,5.00394389311714,4.50505645384806,3.59493041538536,0.148483807308969,2.06096997349136,0.591242837050989,1
"16170","PmetTSAr1.1-022898",16.1859049782466,11.0364649719483,29.0328807622489,15.9126045247764,16.0934541339218,9.92307517787636,6.49566279392046,8.18058968540448,-0.826882188572631,3.82214735503789,0.0267795011236547,1
"16171","PmetTSAr1.1-022899",3.82167200875268,6.33629929656333,6.66715991445781,7.59886439036744,4.58772674405916,7.40696779659147,4.63077895953684,3.87799580242358,-0.25502468895058,2.50574925220755,0.435426243569161,1
"16172","PmetTSAr1.1-022906",12.6789588996265,15.6771348792905,12.0576296325301,23.458515156326,11.0688010332856,13.5134755983615,16.9096770151413,19.0219940089682,-0.0791872228071512,3.96531171207537,0.810344760553442,1
"16173","PmetTSAr1.1-022911",2.11315981660442,2.20134341758538,3.07351343574296,1.69452028217253,2.00257913431154,1.55489781989516,1.73916132869483,1.50024655130255,-0.407729618685795,1.02580147651364,0.145803840507861,1
"16174","PmetTSAr1.1-022913",2.427885746737,1.87411669334972,2.69523485903613,2.06519659389777,2.62155813946238,2.94017042307448,2.4725426118794,2.12299040278663,0.174104463908839,1.29951922789147,0.536856217827885,1
"16175","PmetTSAr1.1-022915",3.5968677729437,3.53999819854947,2.88437414738955,2.72711857912142,2.73078972860665,3.25114998705351,1.82297633248735,3.02879964130892,-0.237852141586556,1.58693827974744,0.402605512119604,1
"16176","PmetTSAr1.1-022917",7.46350062885817,8.09142445382735,4.11377952168673,7.20171119923326,6.44466375951168,8.02892692454953,7.87861035649707,7.27478044688218,0.138514687573574,2.83409730975148,0.649847509030649,1
"16177","PmetTSAr1.1-022919",15.0169229520399,15.7366306473333,12.2467689208835,13.9268385691055,13.3990749350299,13.6831008150774,12.5722505688783,14.0683497357994,-0.0842320633878339,3.79625953506281,0.767460016916348,1
"16178","PmetTSAr1.1-022922",3.91159370307627,6.4255429486276,2.78980450321284,4.26277758484027,3.27694767432797,2.60091998964281,3.26878514790836,4.6988854248344,-0.334981314814474,1.98904520602309,0.302300810003326,1
"16179","PmetTSAr1.1-022923",9.66658213978619,7.94268503372023,5.0594759634538,17.6336016863579,14.3457487076136,11.364889519961,6.3908940391798,11.1527762493058,0.0976473310134712,3.39396274094539,0.797955075146922,1
"16180","PmetTSAr1.1-022924",3.64182862010549,4.90840086353498,2.74251968112449,3.86562439370609,2.91284237718042,3.98619259282213,5.02890022755132,3.9063023411274,0.0613323571117672,1.97978293978163,0.841765184505094,1
"16181","PmetTSAr1.1-022925",2.3829248995752,2.29058706964966,2.83708932530119,2.93893361439298,2.84002131775091,2.65746172854809,2.97543263463453,2.57589502204778,0.0804959583454481,1.45942509342128,0.764151040679615,1
"16182","PmetTSAr1.1-022926",8.76736519655026,9.96554114717707,5.10676078554215,8.73737020495211,9.79443249326917,8.59434431360232,8.98915915674799,8.37873545633123,0.131193887304402,3.10577957061109,0.665629751529423,1
"16183","PmetTSAr1.1-022928",10.8805250131547,16.2125967916761,6.05245722730921,12.5765177192493,8.81134819097078,14.3333308124881,12.195083051812,12.0302789491242,0.0490263635868511,3.54952310584821,0.884133305541958,1
"16184","PmetTSAr1.1-022931",5.48522335373914,6.4255429486276,4.39748845421685,3.07131801143771,4.51490568462965,4.43852650406435,4.75650146522562,3.28355848964332,-0.187683843444619,2.20316424308488,0.545880596525776,1
"16185","PmetTSAr1.1-022932",5.62010589522453,2.85579686605671,4.20834916586344,8.8432777225879,6.73594799722972,6.36094562684382,4.58887145764058,4.6988854248344,0.0517070011464592,2.4732208921784,0.88254678781622,1
"16186","PmetTSAr1.1-022933",6.96893131007841,6.663526020799,4.63391256465862,6.72512736987223,4.98824257092147,5.11702737092769,5.59465150315084,5.18009658279937,-0.260575755355005,2.53510782101753,0.363920461918644,1
"16187","PmetTSAr1.1-022934",11.2851726376109,8.59713848219156,4.20834916586344,5.77195971115018,9.61237984469539,8.00065605509689,6.53757029581672,8.09567006929301,0.109931210091309,2.96765499353361,0.748843735240077,1
"16188","PmetTSAr1.1-022936",3.32710268997292,4.37293895114934,2.64795003694778,2.85950297616615,3.05848449603944,2.99671216197976,4.31647269531488,3.28355848964332,0.0480138448748039,1.77591491538772,0.875590671192457,1
"16189","PmetTSAr1.1-022937",1.70851219214826,2.11209976552111,2.2223866381526,3.89210127311503,1.74770542630825,4.12754694008532,4.65173271048497,2.94388002519746,0.434674678841918,1.58687213148827,0.214334219562441,1
"16190","PmetTSAr1.1-022938",8.90224773803565,5.29512335581349,3.30993754618473,5.87786722878597,3.02207396632469,5.28665258764353,5.2174839860845,6.68034313410192,-0.20834007975371,2.46223203830053,0.55297414377723,1
"16191","PmetTSAr1.1-022941",5.88987097819531,6.33629929656333,4.68119738674697,5.13651460533548,5.06106363035098,4.69296432913811,5.36416024272141,6.08590582132167,-0.0567447423581615,2.45111607075625,0.850566154245412,1
"16192","PmetTSAr1.1-022944",7.37357893453458,5.32487123983491,10.5445153257028,4.34220822306711,5.31593733835427,3.36423346486407,4.42124145005554,4.18936772816561,-0.668939090277404,2.49833088401362,0.0452003105181136,1
"16193","PmetTSAr1.1-022947",4.09143709172346,5.681845848092,2.88437414738955,2.01224283507988,3.71387403090504,2.00723173113738,2.53540386472379,2.6042015607516,-0.437739606721297,1.69877721358056,0.203517731280821,1
"16194","PmetTSAr1.1-022948",4.22631963320885,5.56285431200631,3.26265272409637,2.32996538798723,3.24053714461322,2.40302390347433,4.44219520100367,2.88726694778981,-0.242144137487704,1.8501060931031,0.452591417710533,1
"16195","PmetTSAr1.1-022951",1.43874710917748,2.05260399747826,2.88437414738955,3.25665616730033,1.96616860459678,3.73175476774837,3.72976766876723,2.74573425427071,0.337102317800616,1.48414240228357,0.296076227183993,1
"16196","PmetTSAr1.1-022953",6.92397046291662,8.62688636621299,5.39046971807227,6.16911290228437,6.84517958637399,4.12754694008532,4.81936271807002,6.99171505984396,-0.254319940786949,2.65445142034949,0.418208639750449,1
"16197","PmetTSAr1.1-022954",2.3829248995752,2.76655321399244,2.2223866381526,2.22405787035145,1.82052648573776,3.3925043343167,2.87066387989388,2.40605578982485,0.13209367946868,1.36569787978394,0.643562164353584,1
"16198","PmetTSAr1.1-022955",2.56276828822238,3.2127714743138,2.31695628232931,3.54790184079874,3.02207396632469,3.22287911760087,3.33164640075275,2.77404079297453,0.0760751224838524,1.61668431766593,0.776179439639965,1
"16199","PmetTSAr1.1-022956",5.62010589522453,3.39125877844235,7.2818626016064,6.75160424928118,6.9180006458035,3.5338586815799,1.2362713059397,2.88726694778981,-0.666014538264477,2.24638251269203,0.121697140317316,1
"16200","PmetTSAr1.1-022957",4.7208889519886,4.90840086353498,3.83007058915661,4.71288453479235,3.85951614976406,3.98619259282213,4.84031646901815,4.78380504094587,-0.057275562890647,2.17617727426282,0.837141056700165,1
"16201","PmetTSAr1.1-022958",4.36120217469423,5.74134161613485,4.06649469959838,3.86562439370609,4.4784951549149,3.78829650665365,2.72398762325697,3.05710618001275,-0.366702176816173,2.02385822802543,0.213107213085457,1
"16202","PmetTSAr1.1-022963",5.71002758954812,5.23562758777064,5.01219114136544,5.11003772592654,4.18721091719686,6.44575823520174,5.07080772944758,4.3025938829809,-0.0727365414616463,2.37730115390467,0.801597255733889,1
"16203","PmetTSAr1.1-022969",4.45112386901783,4.9381487475564,4.49205809839356,6.0102516258307,3.0948950257542,3.36423346486407,3.18497014411584,3.53831733797771,-0.596762476246,2.06828634391722,0.0292067731964151,1
"16204","PmetTSAr1.1-022970",5.21545827076836,8.1509202218702,2.1278169939759,3.97153191134187,3.60464244176077,7.209071710423,11.1054880025092,8.57688122725798,0.645863760489336,2.66156221120569,0.118559006448467,1
"16205","PmetTSAr1.1-022972",2.11315981660442,2.17159553356396,5.0594759634538,4.34220822306711,3.53182138233126,2.85535781471656,2.45158886093127,2.17960348019427,-0.31465395770393,1.65191057913195,0.353068659589429,1
"16206","PmetTSAr1.1-022974",3.32710268997292,4.28369529908507,2.78980450321284,2.17110411153356,3.38617926347224,3.13806650924295,3.83453642350788,3.17033233482803,0.107196680527549,1.7337667974101,0.72134013396097,1
"16207","PmetTSAr1.1-022976",1.75347303931005,2.05260399747826,2.55338039277107,1.2708902116294,1.92975807488203,1.61143955880043,1.82297633248735,1.75500539963695,-0.0865699269373306,0.925292207417169,0.75436321126257,1
"16208","PmetTSAr1.1-022981",3.23718099564933,3.86722492278513,4.96490631927709,2.51530354384985,4.00515826862308,2.79881607581128,2.70303387230883,2.91557348649364,-0.229091646642704,1.77701857295896,0.445264040902765,1
"16209","PmetTSAr1.1-022985",8.58752180790308,10.0250369152199,6.38345098192769,5.45423715824283,8.84775872068553,6.02169519341215,7.60621159417137,8.43534853373887,0.0210411016494629,2.95056863185329,0.94936843733974,1
"16210","PmetTSAr1.1-022986",3.28214184281112,5.50335854396346,1.79682323935742,1.66804340276359,3.64105297147553,2.60091998964281,5.25939148798076,5.6046946633567,0.479234316946022,1.90378405388448,0.217803024059447,1
"16211","PmetTSAr1.1-022987",8.40767841925589,8.68638213425584,6.05245722730921,2.30348850857828,4.91542151149196,2.20512781730586,3.64595266497471,4.13275465075797,-0.771199476622357,2.34726129704981,0.0510655924666125,1
"16212","PmetTSAr1.1-022989",2.427885746737,2.40957860573535,2.41152592650602,2.8330260967572,2.84002131775091,2.71400346745336,2.78684887610136,2.51928194464013,0.102803948496545,1.42299764218021,0.689739472579177,1
"16213","PmetTSAr1.1-022992",2.69765082970777,3.00453628616383,1.56039912891566,1.80042779980831,2.11181072345581,2.00723173113738,3.4364151554934,2.43436232852867,0.144040472377614,1.29237554306048,0.642585096068138,1
"16214","PmetTSAr1.1-022993",7.23869639304919,6.75276967286327,6.24159651566263,5.85139034937702,6.26261111093791,8.53780257469704,8.31863912640781,8.46365507244269,0.277898831493733,2.86269337020924,0.335768725686917,1
"16215","PmetTSAr1.1-022996",5.17049742360657,9.48957500283429,4.77576703092368,8.02249446091058,7.68262176981336,7.35042605768619,7.87861035649707,8.49196161114651,0.188374399599246,2.8932320448213,0.547918774070678,1
"16216","PmetTSAr1.1-022998",10.9704467074783,12.5238591730195,5.57960900642568,5.50719091706073,7.20928488352154,9.78172083061316,11.1683492553536,10.954630478379,0.178329957286026,3.2139672126149,0.608464642701258,1
"16217","PmetTSAr1.1-023004",5.62010589522453,4.37293895114934,6.09974204939757,5.16299148474443,4.58772674405916,5.31492345709617,6.16040277875037,5.54808158594906,0.0290263934168581,2.43801251947756,0.933569693637347,1
"16218","PmetTSAr1.1-023009",8.45263926641769,9.07310462653435,1.5131143068273,1.35032084985624,4.26003197662637,1.4418143420846,2.03251384196866,2.23621655760192,-1.03461967369904,1.94181594839511,0.0575475010051172,1
"16219","PmetTSAr1.1-023010",1.48370795633928,1.21966324487839,1.56039912891566,2.56825730266774,1.82052648573776,2.40302390347433,1.63439257395418,1.6983923222293,0.130518115303614,0.898787994696766,0.666299070055327,1
"16220","PmetTSAr1.1-023011",13.6231366900243,16.063857371569,11.9630599883534,14.165130483786,12.9621485784529,13.400392120551,14.3533193994694,15.8233551354363,0.0178791068627491,3.81856678511632,0.951221212667324,1
"16221","PmetTSAr1.1-023013",4.90073234063579,7.22873581720606,5.72146347269074,8.65793956672528,4.8061899223477,9.1597617026551,7.71098034891202,7.04832813725161,0.113364549355476,2.8024258479772,0.723315732960644,1
"16222","PmetTSAr1.1-023014",1.88835558079544,3.59949396659232,2.2223866381526,2.70064169971247,1.42001065887546,1.4418143420846,2.38872760808688,3.31186502834714,-0.284906289382616,1.28631304606739,0.391174800830161,1
"16223","PmetTSAr1.1-023020",4.90073234063579,4.64066990734216,5.24861525180721,5.82491346996808,5.06106363035098,5.54109041271728,4.60982520858871,5.43485543113377,0.000764163793475684,2.38385832922036,1,1
"16224","PmetTSAr1.1-023022",2.69765082970777,3.36151089442092,1.70225359518072,2.70064169971247,2.33027390174434,2.8836286841692,3.87644392540414,3.36847810575478,0.248025042292115,1.55426306271712,0.396440066702467,1
"16225","PmetTSAr1.1-023024",1.75347303931005,2.05260399747826,2.78980450321284,2.67416482030353,2.51232655031811,2.48783651183225,2.61921886851631,2.29282963500956,0.0955731709906682,1.29919187664977,0.732048278895963,1
"16226","PmetTSAr1.1-023026",7.37357893453458,10.2630199873913,7.09272331325299,9.02861587845052,7.86467441838714,7.63313475221258,7.64811909606763,8.43534853373887,-0.0988695018948337,3.04126573752628,0.738155185058087,1
"16227","PmetTSAr1.1-023030",3.46198523145831,2.29058706964966,1.74953841726907,2.17110411153356,2.14822125317056,1.89414825332683,2.17919009860557,1.9531511705637,-0.237911514089761,1.19426769021262,0.406869838923544,1
"16228","PmetTSAr1.1-023032",1.97827727511903,2.11209976552111,3.35722236827308,2.78007233793931,2.80361078803616,2.65746172854809,2.30491260429436,2.43436232852867,-0.00370852822034533,1.38524710193041,1,1
"16229","PmetTSAr1.1-023034",1.61859049782466,1.90386457737114,2.41152592650602,2.09167347330672,2.18463178288532,1.80933564496891,2.6820801213607,2.00976424797134,0.119203520209404,1.10605703751267,0.681896443707172,1
"16230","PmetTSAr1.1-023039",4.7208889519886,4.22419953104222,3.12079825783131,7.81067942563901,6.00773740293462,6.61538345191757,4.81936271807002,3.0004931026051,0.0338076452922192,2.35274349410238,0.922603395133042,1
"16231","PmetTSAr1.1-023045",3.77671116159088,4.13495587897795,5.91060276104415,5.18946836415338,3.34976873375749,3.76002563720101,4.65173271048497,2.68912117686306,-0.39137099286965,2.08454362159693,0.185032886995458,1
"16232","PmetTSAr1.1-023046",4.04647624456166,5.47361065994203,5.43775454016062,5.11003772592654,3.8231056200493,4.91913128475922,6.16040277875037,5.57638812465288,0.0310005184043596,2.36023639581543,0.91929923824949,1
"16233","PmetTSAr1.1-023048",9.62162129262439,10.8877255518412,12.6250474975903,8.47260141086266,9.50314825555113,12.6088077758771,12.0903142970713,9.08639892392677,0.0592174531553575,3.41587244196834,0.846862453725042,1
"16234","PmetTSAr1.1-023055",3.68678946726729,4.28369529908507,2.64795003694778,2.5417804232588,3.89592667947881,2.742274336906,1.78106883059109,2.23621655760192,-0.314184068252236,1.59992800024881,0.326328076743083,1
"16235","PmetTSAr1.1-023058",4.31624132753244,2.91529263409956,3.87735541124497,7.20171119923326,4.4784951549149,4.26890128734852,1.88583758533175,3.9063023411274,-0.340561310027349,2.05839456947753,0.345380459686532,1
"16236","PmetTSAr1.1-023062",2.51780744106059,2.79630109801387,2.60066521485943,2.43587290562301,2.62155813946238,2.71400346745336,3.05924763842705,3.17033233482803,0.162039326255249,1.48727450636422,0.541282788041386,1
"16237","PmetTSAr1.1-023063",9.5766604454626,13.118816853448,11.5374965895582,11.8086882163898,12.343169573302,10.7146595225503,11.6293317762124,12.709635878016,0.0405943336839671,3.55379196454884,0.887293686141176,1
"16238","PmetTSAr1.1-023066",4.45112386901783,5.20587970374922,4.53934292048191,5.79843659055913,6.55389534865595,4.63642259023283,4.58887145764058,4.50073965390765,0.0141829265494779,2.34950086867666,0.955691032312948,1
"16239","PmetTSAr1.1-023068",4.94569318779758,7.79394561361311,4.16106434377508,4.18334694661344,4.91542151149196,4.89086041530658,5.51083649935832,6.11421236002549,0.0212513957302353,2.42766519890546,0.949368409346238,1
"16240","PmetTSAr1.1-023069",19.6029293625432,21.4184764954253,16.1714091542168,9.769968501901,17.8411595602301,18.6587738387419,16.7630007585044,13.3323797295,-0.00730755759709337,4.06630358037382,0.98247649514932,1
"16241","PmetTSAr1.1-023076",2.29300320525161,2.52857014182105,2.45881074859437,2.75359545853036,2.0389896640263,2.57264912019017,2.34682010619062,3.08541271871657,-0.000710542199104209,1.36378023776271,1,1
"16242","PmetTSAr1.1-023085",9.44177790397721,14.3682279823478,9.69338852811241,12.1264107692972,10.8867483847118,15.8882286323832,13.5151693615442,11.435841636344,0.179389669552958,3.61341395411845,0.549689784271936,1
"16243","PmetTSAr1.1-023088",6.47436199129866,9.19209616262005,7.04543849116463,6.32797417873805,7.71903229952812,6.78500866863341,7.64811909606763,7.16155429206689,0.0123966610094912,2.87914806877204,0.96879768081357,1
"16244","PmetTSAr1.1-023094",4.67592810482681,6.30655141254191,4.63391256465862,1.03259829694889,4.11438985776735,2.12031520894794,2.26300510239809,2.71742771556688,-0.569989301742662,1.81908180596058,0.179135014967064,1
"16245","PmetTSAr1.1-023098",6.78908792143123,8.12117233784878,3.68821612289155,6.3014972993291,6.5903058783707,7.209071710423,7.04046031857185,8.26550930151594,0.221744700001213,2.76969404923005,0.475804054971448,1
"16246","PmetTSAr1.1-023099",5.79994928387171,9.16234827859862,3.54636165662649,7.01637304337064,5.13388468978049,8.87705300812871,7.60621159417137,7.52953929521658,0.187697436413749,2.78822062686126,0.574954004574981,1
"16247","PmetTSAr1.1-023100",1.66355134498646,2.43932648975678,1.60768395100401,2.27701162916934,1.42001065887546,2.51610738128489,2.9544788836864,1.89653809315605,0.135038480834855,1.11705565146871,0.658856188636474,1
"16248","PmetTSAr1.1-023101",6.60924453278405,6.36604718058476,3.16808307991967,5.05708396710865,4.8061899223477,3.81656737610629,5.44797524651393,5.66130774076434,-0.104948493587229,2.37309236957535,0.74198951703946,1
"16249","PmetTSAr1.1-023103",4.99065403495938,3.74823338669944,3.59364647871485,2.72711857912142,2.7672002583214,2.2333986867585,2.51445011377566,3.51001079927389,-0.444335814239304,1.72771463838582,0.12490600839844,1
"16250","PmetTSAr1.1-023108",2.65268998254598,2.91529263409956,1.65496877309236,2.75359545853036,1.3836001291607,2.40302390347433,3.66690641592284,2.97218656390128,0.0656024685305029,1.390838699343,0.8550122180053,1
"16251","PmetTSAr1.1-023109",2.06819896944263,3.30201512637807,5.0594759634538,9.79644538130995,3.49541085261651,7.68967649111786,12.3208055575007,7.07663467595543,0.593921511980988,2.68631600053147,0.190566369775431,1
"16252","PmetTSAr1.1-023111",11.689820262067,9.51932288685571,17.7318082831325,14.5358067955112,12.9621485784529,11.7606816922979,10.2673379645839,13.1059274198695,-0.152459711633208,3.67259479298767,0.618112068683517,1
"16253","PmetTSAr1.1-023112",4.8108106463122,5.94957680428482,6.66715991445781,6.24854354051121,4.62413727377392,3.98619259282213,5.1546227332401,5.3499358150223,-0.30834077230738,2.43522800564259,0.280614201385984,1
"16254","PmetTSAr1.1-023114",2.78757252403137,3.80772915474228,2.64795003694778,2.40939602621407,2.07540019374105,3.98619259282213,2.64017261946444,2.97218656390128,0.00260967113605323,1.57529771702531,1,1
"16255","PmetTSAr1.1-023115",18.6587515721454,27.3085575316673,15.934985043775,15.9390814041854,12.3795801030168,19.6482542695842,24.8511486244828,20.2674817119363,-0.0125845767563989,4.28112369440045,0.969777343157704,1
"16256","PmetTSAr1.1-023116",15.7362965066287,16.6885629360189,36.2674585417669,15.6743126100959,20.681180877981,16.3122916741728,11.398840515783,19.1635267024873,-0.319898043345828,4.25058310153451,0.36375197162284,1
"16257","PmetTSAr1.1-023118",3.77671116159088,4.28369529908507,5.8633179389558,9.769968501901,4.98824257092147,7.94411431619162,5.67846650694337,5.63300120206052,0.0294291108064301,2.59969746891293,0.929422681045583,1
"16258","PmetTSAr1.1-023119",4.67592810482681,3.80772915474228,2.78980450321284,3.36256368493612,5.20670574921,4.52333911242227,1.96965258912427,2.17960348019427,-0.0828328002051488,1.85542254094052,0.830745206451402,1
"16259","PmetTSAr1.1-023120",1.61859049782466,1.87411669334972,1.60768395100401,2.01224283507988,2.11181072345581,2.26166955621114,1.48771631731727,1.55685962871019,0.0433983249275161,0.909780661765963,0.869955570924356,1
"16260","PmetTSAr1.1-023123",3.14725930132574,3.30201512637807,3.12079825783131,2.38291914680512,3.34976873375749,2.71400346745336,2.7449413742051,2.97218656390128,-0.0197899580158473,1.59676307274476,0.952967106699639,1
"16261","PmetTSAr1.1-023125",9.89138637559517,7.16924004916321,6.28888133775098,6.56626609341856,5.5344005166428,6.72846692972813,5.80418901263215,7.303086985586,-0.23592528886594,2.80064327089642,0.426295856259121,1
"16262","PmetTSAr1.1-023126",4.00151539739986,3.51025031452804,1.98596252771084,2.43587290562301,3.0948950257542,2.20512781730586,2.7449413742051,3.76476964760829,-0.0163113123488312,1.59854329296375,0.969394384498691,1
"16263","PmetTSAr1.1-023127",8.72240434938847,11.1852043920555,6.80901438072287,14.6946680719649,9.90366408241343,12.4391825591612,10.3930604702727,11.7755201007898,0.100685359716864,3.43452130444638,0.747213726604392,1
"16264","PmetTSAr1.1-023132",3.50694607862011,4.70016567538501,2.1278169939759,3.20370240848244,2.80361078803616,2.8836286841692,5.36416024272141,4.81211157964969,0.227045620367723,1.90615736514161,0.492957521721787,1
"16265","PmetTSAr1.1-023135",24.5036617031789,17.818982528833,8.32212868755017,13.4767316191534,14.8919066533349,19.3938164445105,15.9458044715273,14.917545896914,0.0230681691727348,4.01977542884566,0.947882843763707,1
"16266","PmetTSAr1.1-023140",2.83253337119316,1.54688996911405,2.45881074859437,2.11815035271566,2.80361078803616,1.4418143420846,1.27817880783596,1.58516616741402,-0.337096943990533,1.03997692974284,0.291149418313295,1
"16267","PmetTSAr1.1-023143",2.02323812228083,3.71848550267801,1.93867770562248,2.64768794089458,1.82052648573776,4.12754694008532,4.65173271048497,3.651543492793,0.460233324497281,1.65531824601931,0.166219076028184,1
"16268","PmetTSAr1.1-023148",2.15812066376622,2.67730956192817,1.56039912891566,2.1975809909425,2.25745284231483,1.69625216715835,1.59248507205792,1.44363347389491,-0.316093502757296,1.00603507286578,0.279891968024999,1
"16269","PmetTSAr1.1-023149",5.17049742360657,4.46218260321361,2.69523485903613,9.98178353717257,6.00773740293462,7.74621823002314,5.55274400125458,4.10444811205415,0.063217061789099,2.53295898980987,0.865346886995614,1
"16270","PmetTSAr1.1-023151",7.05885300440201,7.5262146574203,3.73550094497991,8.31374013440898,4.22362144691161,4.89086041530658,8.40245413020033,7.04832813725161,-0.11749812959265,2.69410875677893,0.733146512622795,1
"16271","PmetTSAr1.1-023153",10.7006816245075,13.1783126214909,8.46398315381523,9.37281531076681,10.704695736138,9.86653343897108,13.5361231124923,10.9829370170828,0.111858690016388,3.44855157560276,0.707116558286086,1
"16272","PmetTSAr1.1-023159",10.0262689170806,12.1668845647625,11.8684903441767,11.4380119046646,11.6877800384364,8.48126083579176,9.95303170036199,13.0493143424618,-0.0766920621335231,3.47823590970003,0.795243827117691,1
"16273","PmetTSAr1.1-023160",9.26193451533002,13.1783126214909,7.94385011084334,11.9940263722524,8.84775872068553,11.0821808254346,11.2102567572498,11.8321331781975,0.0181157173517663,3.42465525654302,0.952103703346133,1
"16274","PmetTSAr1.1-023161",5.44026250657734,4.78940932744928,6.66715991445781,4.89822269065497,5.71645316521658,6.07823693231743,4.90317772186254,5.26501619891084,0.0137134678014678,2.46638275762445,0.976301677751534,1
"16275","PmetTSAr1.1-023165",1.52866880350107,1.51714208509263,2.69523485903613,3.73323999666136,2.29386337202958,2.37475303402169,2.22109760050183,1.75500539963695,-0.140157526192676,1.21966147460509,0.667896282592093,1
"16276","PmetTSAr1.1-023166",5.48522335373914,5.08688816766352,8.98411619678711,5.82491346996808,6.88159011608875,6.84155040753869,5.46892899746206,6.36897120835989,0.0126426911956161,2.68323151447316,0.97141147542891,1
"16277","PmetTSAr1.1-023168",2.24804235808981,2.73680532997102,2.17510181606425,2.75359545853036,2.18463178288532,2.85535781471656,2.24205135144996,2.09468386408281,-0.0881977715979749,1.30761392092555,0.770751304103061,1
"16278","PmetTSAr1.1-023177",3.95655455023807,2.5880659098639,1.98596252771084,2.62121106148563,3.85951614976406,1.52662695044252,2.05346759291679,2.46266886723249,-0.177540105674188,1.42518258606127,0.599826704781612,1
"16279","PmetTSAr1.1-023178",4.40616302185603,5.83058526819912,2.9316589694779,4.50106949952079,3.422589793187,3.3925043343167,4.12788893678171,4.67057888613058,-0.182445763601764,2.07946756066159,0.54643940991959,1
"16280","PmetTSAr1.1-023179",2.69765082970777,2.3500828376925,2.41152592650602,6.3014972993291,3.75028456061979,2.20512781730586,2.07442134386492,1.6983923222293,-0.51507456435077,1.58481030746763,0.170244228516585,1
"16281","PmetTSAr1.1-023181",2.20308151092802,1.66588150519975,27.3779119891565,6.56626609341856,4.04156879833783,8.28336474962329,3.89739767635227,1.92484463185988,-1.0564598653481,2.81115686988535,0.117247857283319,1
"16282","PmetTSAr1.1-023182",8.90224773803565,9.28133981468432,11.8684903441767,6.61921985223645,8.59288501268224,5.20183997928561,6.53757029581672,7.303086985586,-0.406857966743315,3.01574824955298,0.190906720650129,1
"16283","PmetTSAr1.1-023183",3.50694607862011,1.27915901292124,5.01219114136544,2.72711857912142,3.422589793187,2.34648216456905,0.880057539821481,1.78331193834077,-0.570660440603931,1.40956395261641,0.174888446088513,1
"16284","PmetTSAr1.1-023188",3.50694607862011,5.20587970374922,4.91762149718874,4.28925446424922,4.8061899223477,5.7672573683384,5.36416024272141,4.72719196353823,0.204748314912912,2.28940521845674,0.473889614183804,1
"16285","PmetTSAr1.1-023195",4.09143709172346,4.64066990734216,2.97894379156625,3.4684712025719,3.8231056200493,3.6752130288431,4.1907501896261,4.41582003779619,0.0832998156050814,1.99106986473924,0.76596130149346,1
"16286","PmetTSAr1.1-023198",1.75347303931005,2.43932648975678,1.56039912891566,1.2708902116294,1.60206330744923,1.55489781989516,1.61343882300605,1.98145770926752,-0.05915834902571,0.834850850526471,0.849756995175639,1
"16287","PmetTSAr1.1-023199",2.29300320525161,2.37983072171393,1.93867770562248,2.27701162916934,2.07540019374105,3.3925043343167,3.31069264980462,2.77404079297453,0.379854200133866,1.39214567018709,0.160333846788682,1
"16288","PmetTSAr1.1-023203",4.67592810482681,7.05024851307751,6.38345098192769,5.79843659055913,5.17029521949525,6.98290475480188,8.31863912640781,7.303086985586,0.216912388388261,2.7068782598779,0.472043643395364,1
"16289","PmetTSAr1.1-023205",1.75347303931005,1.7253772732426,1.89139288353413,1.58861276453675,2.18463178288532,2.37475303402169,1.38294756257661,1.6983923222293,0.130964230354006,0.913335433044648,0.643636206913418,1
"16290","PmetTSAr1.1-023206",2.69765082970777,2.11209976552111,1.5131143068273,2.48882666444091,1.82052648573776,2.06377347004266,1.82297633248735,2.37774925112102,-0.129377512539102,1.12060017812326,0.66357057203965,1
"16291","PmetTSAr1.1-023210",3.95655455023807,4.13495587897795,2.78980450321284,3.28313304670928,3.20412661489846,4.26890128734852,7.16618282426063,5.06687042798409,0.479108143865732,2.10686946151809,0.130036062963542,1
"16292","PmetTSAr1.1-023215",4.00151539739986,4.55142625527789,3.26265272409637,4.34220822306711,4.40567409548539,6.50229997410702,8.44436163209659,4.38751349909237,0.554619820683473,2.33982324005285,0.0771582717771065,1
"16293","PmetTSAr1.1-023216",2.96741591267855,3.00453628616383,5.48503936224898,3.89210127311503,4.40567409548539,3.61867128993782,1.88583758533175,2.66081463815924,-0.291094411445849,1.8237079876601,0.379017707582995,1
"16294","PmetTSAr1.1-023222",1.70851219214826,2.61781379388532,2.17510181606425,2.03871971448883,1.67488436687874,2.2333986867585,2.43063510998314,2.71742771556688,0.0846498743067164,1.18013408403711,0.77551651239778,1
"16295","PmetTSAr1.1-023223",2.3379640524134,3.18302359029238,2.1278169939759,3.52142496138979,1.7112948965935,3.05325390088503,3.03829388747892,4.10444811205415,0.0865371286491872,1.56369258479155,0.788677171890867,1
"16296","PmetTSAr1.1-023224",4.58600641050321,6.99075274503466,4.53934292048191,4.58050013774762,4.44208462520014,3.92965085391685,3.03829388747892,3.51001079927389,-0.478138324076919,2.17311305982184,0.106354376927251,1
"16297","PmetTSAr1.1-023225",3.64182862010549,2.94504051812099,8.03841975502005,2.91245673498404,4.00515826862308,2.06377347004266,1.90679133627988,2.40605578982485,-0.753835785436226,1.81791371563778,0.044073564466545,1
"16298","PmetTSAr1.1-023229",15.4215705764961,17.6999909927473,7.09272331325299,17.607124806949,10.4498220281348,14.8422064626356,13.8294756257661,26.5515333041848,0.182320615738721,3.9550566601506,0.623517909835325,1
"16299","PmetTSAr1.1-023230",2.11315981660442,2.37983072171393,2.41152592650602,3.07131801143771,2.54873708003287,2.40302390347433,3.35260015170088,2.32113617371338,0.0880670777621682,1.40181800920747,0.753381090102643,1
"16300","PmetTSAr1.1-023233",2.29300320525161,2.5880659098639,2.36424110441766,1.5621358851278,1.45642118859021,1.63971042825307,1.13150255119905,1.38702039648726,-0.647500805106348,0.89084159918764,0.019913750481289,1
"16301","PmetTSAr1.1-023234",4.18135878604705,7.22873581720606,5.72146347269074,9.66406098426522,5.57081104635756,9.75344996116053,8.8634366510592,6.68034313410192,0.200638372879551,2.8644789682068,0.549668321015511,1
"16302","PmetTSAr1.1-023238",3.68678946726729,4.22419953104222,4.11377952168673,2.78007233793931,4.22362144691161,3.25114998705351,5.07080772944758,3.87799580242358,0.154716423368924,1.98756155626595,0.605508164827799,1
"16303","PmetTSAr1.1-023245",3.95655455023807,6.33629929656333,1.98596252771084,6.06320538464859,4.1508003874821,7.37869692713883,6.99855281667559,6.28405159224842,0.429268486027927,2.45246493965299,0.23501399676737,1
"16304","PmetTSAr1.1-023246",4.09143709172346,1.7253772732426,3.40450719036143,2.99188737321088,3.24053714461322,1.9506899922321,1.88583758533175,3.08541271871657,-0.262096640969043,1.50891547021848,0.416047058158856,1
"16305","PmetTSAr1.1-023247",10.4309165415367,12.6725985931267,6.90358402489957,9.18747715490419,12.3067590435873,12.382640820256,14.5209494070544,16.7008578352548,0.511048881625757,3.58007202195343,0.0938758852850698,1
"16306","PmetTSAr1.1-023251",1.79843388647185,3.89697280680656,1.84410806144578,3.41551744375401,2.40309496117385,4.43852650406435,4.86127021996628,2.71742771556688,0.387548147818187,1.70080050624199,0.253413696317642,1
"16307","PmetTSAr1.1-023252",2.02323812228083,2.40957860573535,3.02622861365461,1.72099716158148,1.63847383716399,1.3004599948214,1.29913255878409,2.26452309630574,-0.491913985643806,1.00841185496216,0.0929762145381785,1
"16308","PmetTSAr1.1-023253",2.92245506551675,2.32033495367108,1.5131143068273,1.40327460867413,1.78411595602301,1.24391825591612,1.42485506447287,1.9531511705637,-0.346203444210227,0.906701276348011,0.256993678027275,1
"16309","PmetTSAr1.1-023258",2.51780744106059,3.42100666246377,1.74953841726907,2.11815035271566,2.0389896640263,2.12031520894794,2.78684887610136,3.05710618001275,0.0256323125734675,1.34661805510354,0.936352918282544,1
"16310","PmetTSAr1.1-023260",2.3379640524134,2.02285611345684,1.84410806144578,2.80654921734825,1.56565277773448,2.20512781730586,2.07442134386492,2.12299040278663,-0.179804596432441,1.12869187168805,0.50659924739322,1
"16311","PmetTSAr1.1-023261",2.24804235808981,2.02285611345684,2.88437414738955,2.30348850857828,2.00257913431154,1.97896086168474,2.09537509481305,1.78331193834077,-0.258187871656864,1.15134453915653,0.325485702949471,1
"16312","PmetTSAr1.1-023266",3.37206353713472,1.93361246139257,2.08053217188754,1.87985843803515,2.22104231260007,1.86587738387419,1.42485506447287,1.61347270611784,-0.375617686145526,1.06968697261976,0.203009951768404,1
"16313","PmetTSAr1.1-023269",10.2960340000513,8.47814694610587,17.0225359518072,8.02249446091058,9.75802196355441,8.79224039977079,8.84248290011107,7.41631314040129,-0.329088393229685,3.30392343291649,0.305365553367917,1
"16314","PmetTSAr1.1-023271",4.63096725766501,3.12352782224953,6.85629920281122,6.3014972993291,7.71903229952812,7.91584344673898,4.60982520858871,4.3025938829809,0.230812890673057,2.52106363806112,0.499948678841779,1
"16315","PmetTSAr1.1-023272",5.79994928387171,7.58571042546314,6.00517240522086,4.7393614142013,4.8061899223477,7.209071710423,6.6632928015055,6.28405159224842,0.050565142907333,2.63240722221022,0.870101570200209,1
"16316","PmetTSAr1.1-023280",2.3829248995752,2.37983072171393,1.98596252771084,2.5417804232588,1.85693701545252,2.71400346745336,2.9544788836864,2.23621655760192,0.0735893358712615,1.2919123704917,0.800891536156384,1
"16317","PmetTSAr1.1-023281",3.5968677729437,4.22419953104222,3.35722236827308,3.30960992611823,4.44208462520014,4.3254430262538,4.50505645384806,3.96291541853504,0.248906627647695,2.01088671721367,0.357921725509204,1
"16318","PmetTSAr1.1-023284",5.84491013103351,6.90150909297039,5.72146347269074,4.42163886129395,5.71645316521658,3.98619259282213,7.77384160175642,6.70864967280575,0.0817902172149631,2.57239642592568,0.801911008634667,1
"16319","PmetTSAr1.1-023286",6.92397046291662,10.6794903636913,4.63391256465862,7.09580368159747,9.17545348811833,4.15581780953796,5.19653023513636,6.79356928891721,-0.217576539758628,2.7852644956474,0.53919563855269,1
"16320","PmetTSAr1.1-023288",4.22631963320885,4.52167837125646,2.50609557068272,4.97765332888181,2.84002131775091,6.44575823520174,8.54913038683724,5.77453389557963,0.539067844259213,2.33906062997481,0.129811382137978,1
"16321","PmetTSAr1.1-023291",10.0262689170806,9.40033135077002,5.0594759634538,11.2791506282109,8.22877971553469,3.36423346486407,4.81936271807002,7.9541373757739,-0.557583979902836,2.92139929953213,0.127204969904525,1
"16322","PmetTSAr1.1-023295",16.2758266725702,15.8258742993976,10.7336546140562,15.4360206954154,12.6708643407348,12.5239951675192,10.8749967420797,13.3323797295,-0.239452661404816,3.7570285366924,0.414559039122444,1
"16323","PmetTSAr1.1-023299",9.89138637559517,9.57881865489856,7.04543849116463,7.38704935509588,6.95441117551826,6.86982127699133,7.8995641074452,9.08639892392677,-0.13736301302205,3.02677140028846,0.641512032524439,1
"16324","PmetTSAr1.1-023305",5.03561488212118,4.84890509549213,4.58662774257026,4.89822269065497,4.91542151149196,4.72123519859075,5.84609651452841,5.66130774076434,0.127321087409009,2.35851408793833,0.649151071587365,1
"16325","PmetTSAr1.1-023312",22.9300320525161,23.5305762609465,17.2589600622489,12.1793645281151,18.0596227385186,16.3405625436255,12.8656030821521,13.1625404972771,-0.328897076456957,4.09539492385522,0.298133936324186,1
"16326","PmetTSAr1.1-023313",2.02323812228083,2.5880659098639,1.89139288353413,3.1242717702556,2.07540019374105,2.03550260059002,1.32008630973222,1.50024655130255,-0.495984548820578,1.09148303288652,0.0913748900552468,1
"16327","PmetTSAr1.1-023316",8.18287418344691,6.06856834037052,7.14000813534134,6.16911290228437,6.95441117551826,5.79552823779104,6.47470904297233,6.11421236002549,-0.119055908994258,2.73735344008537,0.678659844099324,1
"16328","PmetTSAr1.1-023318",5.9348318253571,6.81226544090612,7.2818626016064,4.92469957006392,7.10005329437728,6.72846692972813,4.6726864614331,6.22743851484078,-0.0131918870523676,2.64761386220912,0.970036577275154,1
"16329","PmetTSAr1.1-023319",4.31624132753244,4.87865297951355,5.57960900642568,4.65993077597446,4.58772674405916,5.39973606545409,4.98699272565506,5.3499358150223,0.0662189577133161,2.33102173483195,0.820710085958953,1
"16330","PmetTSAr1.1-023320",5.03561488212118,5.35461912385634,7.56557153413652,7.17523431982431,7.5733901806691,7.7179473605705,5.09176148039571,5.68961427946816,0.0512167153491581,2.69146209928962,0.868482706847347,1
"16331","PmetTSAr1.1-023322",1.48370795633928,1.93361246139257,1.5131143068273,2.11815035271566,1.49283171830497,2.26166955621114,1.55057757016166,1.33040731907962,-0.100683124120298,0.828390617461631,0.755953138802266,1
"16332","PmetTSAr1.1-023323",3.37206353713472,4.10520799495653,2.78980450321284,5.50719091706073,3.67746350119028,5.56936128216992,5.28034523892889,5.03856388928027,0.304027952652536,2.16710216751774,0.315465994691937,1
"16333","PmetTSAr1.1-023326",3.50694607862011,4.58117413929931,4.68119738674697,5.08356084651759,4.44208462520014,4.60815172078019,4.75650146522562,5.2084031215032,0.088372143614294,2.22456585815398,0.754525665685492,1
"16334","PmetTSAr1.1-023328",5.35034081225375,3.80772915474228,6.33616615983933,4.395161981885,4.84260045206245,3.98619259282213,5.04985397849945,3.36847810575478,-0.199706920650546,2.23133653980683,0.499281972109236,1
"16335","PmetTSAr1.1-023329",2.11315981660442,1.87411669334972,5.57960900642568,5.29537588178916,3.49541085261651,2.8836286841692,2.89161763084201,1.86823155445223,-0.416700348155354,1.72480081514013,0.268824673750861,1
"16336","PmetTSAr1.1-023330",2.87749421835496,3.56974608257089,2.03324734979919,2.67416482030353,3.67746350119028,3.59040042048518,5.44797524651393,3.51001079927389,0.53759705329197,1.80550888522205,0.0647338736027048,1
"16337","PmetTSAr1.1-023337",11.7797419563906,8.59713848219156,5.76874829477909,9.31986155194892,8.84775872068553,8.05719779400217,7.45953533753446,6.85018236632486,-0.185389995630918,3.06943835857899,0.552233570894961,1
"16338","PmetTSAr1.1-023338",5.44026250657734,5.65209796407058,5.81603311686745,6.27502041992016,5.82568475436084,5.06048563202242,5.9089577673728,5.83114697298727,-0.0359704340400817,2.53314414324251,0.901461608228628,1
"16339","PmetTSAr1.1-023339",4.45112386901783,4.31344318310649,2.60066521485943,3.62733247902557,4.4784951549149,2.742274336906,3.93930517824853,3.87799580242358,0.000235702685482319,1.93215070724229,1,1
"16340","PmetTSAr1.1-023341",3.19222014848753,2.37983072171393,9.97709746064253,3.09779489084666,3.13130555546895,2.71400346745336,0.942918792665873,3.08541271871657,-0.914710470114442,1.84607643660749,0.0464156915248037,1
"16341","PmetTSAr1.1-023342",6.20459690832788,7.10974428112036,4.39748845421685,6.06320538464859,5.20670574921,7.74621823002314,5.97181902021719,6.17082543743313,0.0758237133546732,2.62651691219822,0.800364433369471,1
"16342","PmetTSAr1.1-023345",4.63096725766501,3.48050243050662,2.55338039277107,3.60085559961663,2.47591602060336,5.28665258764353,6.01372652211345,4.50073965390765,0.361472400415023,2.04933056418086,0.270428281943386,1
"16343","PmetTSAr1.1-023348",4.63096725766501,2.5880659098639,3.30993754618473,3.38904056434506,2.91284237718042,2.2333986867585,0.901011290769612,7.13324775336307,-0.0787351899582975,1.78257107711462,0.863941939159369,1
"16344","PmetTSAr1.1-023350",5.71002758954812,7.70470196154884,5.39046971807227,4.65993077597446,5.46157945721329,5.56936128216992,7.87861035649707,4.9536442731688,0.025594254913001,2.58048767126496,0.938998900311295,1
"16345","PmetTSAr1.1-023351",7.23869639304919,7.46671888937745,4.20834916586344,7.09580368159747,5.38875839778378,5.6259030210752,6.57947779771298,6.73695621150957,-0.0981517820307409,2.66870475798345,0.748435111803456,1
"16346","PmetTSAr1.1-023355",15.2866880350107,10.4117594074984,10.7336546140562,7.06932680218853,8.3016007749642,7.88757257728634,7.37572033374194,7.89752429836626,-0.465118547742058,3.23554183512353,0.134566749628595,1
"16347","PmetTSAr1.1-023359",5.12553657644477,1.81462092530687,22.7912842465863,14.8005755896007,7.50056912123959,5.99342432395951,0.901011290769612,1.81161847704459,-1.45942443088406,2.93006405852597,0.0297831207188283,1
"16348","PmetTSAr1.1-023361",6.92397046291662,7.16924004916321,9.17325548514053,5.48071403765178,8.41083236410847,6.95463388534924,6.09754152590598,7.04832813725161,-0.0103956815125502,2.8503585629712,0.974188289993866,1
"16349","PmetTSAr1.1-023363",2.56276828822238,2.17159553356396,1.84410806144578,1.74747404099042,2.18463178288532,1.89414825332683,1.55057757016166,1.47194001259873,-0.23192504586133,0.988222073241918,0.402499374944561,1
"16350","PmetTSAr1.1-023366",9.39681705681541,7.10974428112036,7.04543849116463,7.59886439036744,11.4693168601479,3.50558781212726,3.08020138937518,3.53831733797771,-0.533164250939515,2.73079786268155,0.192348742405112,1
"16351","PmetTSAr1.1-023367",9.12705197384463,6.90150909297039,6.24159651566263,7.28114183746009,12.9257380487381,4.46679737351699,3.10115514032331,3.53831733797771,-0.302531836820853,2.75378969425897,0.473413787413275,1
"16352","PmetTSAr1.1-023372",11.1952509432873,15.8853700674405,13.9490225160642,15.7272663689138,12.197527454443,16.5667294992466,22.7138660277735,15.5685962871019,0.240383140300852,3.95860591106703,0.434319549254682,1
"16353","PmetTSAr1.1-023374",4.45112386901783,3.92672069082798,4.4447732763052,5.21594524356232,5.24311627892476,4.35371389570644,2.78684887610136,3.2552519509395,-0.212138917353066,2.09283802589464,0.482009512932922,1
"16354","PmetTSAr1.1-023375",6.47436199129866,9.16234827859862,6.14702687148592,7.25466495805115,8.08313759667567,8.82051126922343,8.71676039442229,8.09567006929301,0.213033892091726,2.98406185021016,0.461051660529566,1
"16355","PmetTSAr1.1-023379",4.8108106463122,3.30201512637807,3.40450719036143,4.63345389656552,3.45900032290175,5.39973606545409,5.17557648418823,5.03856388928027,0.242012406081825,2.16020154072361,0.417585884228658,1
"16356","PmetTSAr1.1-023381",9.35185620965362,12.8808337812766,5.43775454016062,8.39317077263582,8.04672706696092,7.32215518823355,9.76444794182881,9.02978584651913,-0.0799063130136441,3.14500331853695,0.807865554071841,1
"16357","PmetTSAr1.1-023385",2.11315981660442,2.20134341758538,1.70225359518072,1.74747404099042,1.82052648573776,1.38527260317932,1.92774508722801,2.23621655760192,-0.0748298498291974,0.965786381407788,0.786342499874654,1
"16358","PmetTSAr1.1-023386",13.0386456769209,11.2744480441197,11.8212055220883,14.1121767249681,11.5057273898627,13.1176834260246,11.0426267496648,11.0112435557866,-0.106707857743556,3.6059993844981,0.707920087656481,1
"16359","PmetTSAr1.1-023387",2.74261167686957,4.31344318310649,4.3502036321285,2.72711857912142,2.40309496117385,2.91189955362184,2.9544788836864,3.31186502834714,-0.282710002417757,1.71049349195022,0.320281282465015,1
"16360","PmetTSAr1.1-023389",4.8108106463122,5.56285431200631,5.1540456076305,5.77195971115018,4.95183204120672,4.63642259023283,5.07080772944758,5.46316196983759,-0.0839690412275332,2.38970002560936,0.764080033436644,1
"16361","PmetTSAr1.1-023390",10.2061123057277,11.2744480441197,6.05245722730921,12.0999338898882,7.90108494810189,14.2767890735828,15.3171919430834,9.2562381561497,0.237260421002635,3.4426337271656,0.480310509083945,1
"16362","PmetTSAr1.1-023391",18.6137907249836,15.855622183419,6.71444473654616,8.36669389322687,14.9647277127644,7.77448909947578,9.21965041717742,19.7579640152676,0.061209091385725,3.66864977171137,0.877980190888176,1
"16363","PmetTSAr1.1-023392",7.32861808737279,8.71613001827726,4.68119738674697,9.02861587845052,5.89850581379035,5.28665258764353,11.9436380404344,8.2088962241083,0.0739973943890602,2.94683148194294,0.832227942339262,1
"16364","PmetTSAr1.1-023397",2.47284659389879,2.37983072171393,1.89139288353413,2.09167347330672,1.56565277773448,2.79881607581128,2.59826511756818,2.26452309630574,0.0690591042554983,1.21614902655431,0.824715123385425,1
"16365","PmetTSAr1.1-023400",7.01389215724021,10.2630199873913,5.24861525180721,8.92270836081473,8.70211660182651,8.96186561648663,9.59681793424377,8.43534853373887,0.179032618218409,3.08128958909326,0.555787028584518,1
"16366","PmetTSAr1.1-023401",3.32710268997292,2.73680532997102,3.97192505542167,2.56825730266774,4.26003197662637,2.34648216456905,2.11632884576118,1.98145770926752,-0.237177549007039,1.56666983723883,0.450721734511946,1
"16367","PmetTSAr1.1-023404",13.0386456769209,14.516967402455,15.79313057751,18.560292465671,15.3652435396267,19.3938164445105,14.0180593842993,14.917545896914,0.0400718024396693,3.97857611021279,0.89124821617775,1
"16368","PmetTSAr1.1-023406",5.17049742360657,5.47361065994203,7.84928046666664,4.97765332888181,4.51490568462965,5.56936128216992,5.53179025030645,5.77453389557963,-0.12910486120425,2.5020133711173,0.658808536106618,1
"16369","PmetTSAr1.1-023408",10.3409948472131,15.8258742993976,9.12597066305217,14.5887605543291,10.8139273252823,22.5884246926587,26.7579399607627,17.3236016867389,0.634286113105006,4.00014348252579,0.0645173457263245,1
"16370","PmetTSAr1.1-023413",3.28214184281112,6.06856834037052,2.83708932530119,5.16299148474443,2.40309496117385,3.78829650665365,7.92051785839333,4.89703119576116,0.130317178983635,2.20927025982284,0.729202902612398,1
"16371","PmetTSAr1.1-023419",3.86663285591448,4.84890509549213,5.91060276104415,4.95117644947286,4.00515826862308,5.99342432395951,5.28034523892889,5.57638812465288,0.0932068053015282,2.35554423317003,0.754169264726737,1
"16372","PmetTSAr1.1-023420",3.77671116159088,4.1944516470208,4.3502036321285,5.98377474642175,2.91284237718042,3.84483824555893,3.28973889885649,4.47243311520383,-0.33732817629723,2.05870310257352,0.248854042010869,1
"16373","PmetTSAr1.1-023421",3.46198523145831,3.30201512637807,2.03324734979919,2.46234978503196,2.47591602060336,4.63642259023283,4.96603897470693,3.56662387668154,0.477958240351549,1.78023548962689,0.123924292552355,1
"16374","PmetTSAr1.1-023424",3.41702438429651,2.67730956192817,8.84226173052206,6.19558978169332,3.27694767432797,4.55160998187491,3.62499891402658,3.17033233482803,-0.526887811325751,2.17635136360717,0.148990185460131,1
"16375","PmetTSAr1.1-023427",4.18135878604705,4.72991355940643,3.07351343574296,6.08968226405753,4.4784951549149,8.19855214126537,9.45014167760686,5.54808158594906,0.611221067677075,2.53552032347145,0.0672307067336057,1
"16376","PmetTSAr1.1-023430",2.29300320525161,2.61781379388532,1.5131143068273,3.15074864966455,3.02207396632469,3.84483824555893,3.93930517824853,3.48170426057007,0.564859737258288,1.61225969739672,0.0475529520407545,1
"16377","PmetTSAr1.1-023433",5.84491013103351,5.0571402836421,5.81603311686745,3.99800879075082,5.31593733835427,5.31492345709617,5.02890022755132,4.84041811835351,-0.0110244136387597,2.38089979015152,0.96829393840946,1
"16378","PmetTSAr1.1-023434",6.11467521400429,7.37747523731318,4.3502036321285,6.98989616396169,5.24311627892476,9.1597617026551,8.3815003792522,7.27478044688218,0.273530625910406,2.79361516928507,0.379016453617379,1
"16379","PmetTSAr1.1-023436",2.3829248995752,2.76655321399244,2.83708932530119,1.5621358851278,2.40309496117385,1.78106477551627,2.82875637799762,1.92484463185988,-0.0837781315373799,1.24410497647409,0.768564868243491,1
"16380","PmetTSAr1.1-023437",5.39530165941555,5.74134161613485,8.84226173052206,3.28313304670928,4.73336886291819,3.19460824814823,4.65173271048497,5.01025735057644,-0.397489159433294,2.36574091068473,0.232364389616044,1
"16381","PmetTSAr1.1-023438",6.96893131007841,8.86486943838438,8.93683137469876,10.273029210671,8.22877971553469,5.65417389052784,8.25577787356342,11.6339874072707,-0.0547169774454057,3.11535170894734,0.866076949304481,1
"16382","PmetTSAr1.1-023439",4.49608471617962,5.20587970374922,2.69523485903613,5.79843659055913,3.93233720919357,6.64365432137021,7.6271653451195,6.19913197613696,0.419663334950593,2.43333316486035,0.198295354468881,1
"16383","PmetTSAr1.1-023440",5.12553657644477,3.89697280680656,5.20133042971886,6.98989616396169,5.60722157607231,4.69296432913811,2.57731136662005,4.07614157335033,-0.329268371863977,2.27096611492283,0.313657424962692,1
"16384","PmetTSAr1.1-023445",2.11315981660442,2.37983072171393,3.16808307991967,2.64768794089458,2.94925290689518,2.40302390347433,2.93352513273827,2.46266886723249,0.0623618097753203,1.42927785940832,0.829811333638758,1
"16385","PmetTSAr1.1-023447",7.73326571182895,8.98386097447008,6.5725902702811,11.3585812664377,8.19236918581994,13.1742251649299,11.1473955044054,10.162047394672,0.298219261962662,3.28360817921414,0.331915483567901,1
"16386","PmetTSAr1.1-023448",2.65268998254598,1.96336034541399,4.4447732763052,2.32996538798723,2.94925290689518,1.66798129770571,1.15245630214718,1.47194001259873,-0.655237866380711,1.24476982581402,0.0585859646296174,1
"16387","PmetTSAr1.1-023449",1.75347303931005,2.32033495367108,2.08053217188754,2.62121106148563,1.74770542630825,2.31821129511641,2.15823634765744,1.86823155445223,-0.123495633588485,1.12023835408941,0.651620913329085,1
"16388","PmetTSAr1.1-023450",3.91159370307627,5.56285431200631,3.54636165662649,5.6660521935144,3.49541085261651,5.06048563202242,3.89739767635227,5.18009658279937,-0.089446552571225,2.20407174312508,0.774790211465355,1
"16389","PmetTSAr1.1-023452",3.5519069257819,3.27226724235665,4.06649469959838,2.59473418207669,2.29386337202958,1.83760651442155,2.36777385713875,3.08541271871657,-0.483932880009117,1.55356945001267,0.0844196318063548,1
"16390","PmetTSAr1.1-023453",11.7797419563906,16.7183108200403,11.6793510558232,13.0795784280192,11.7241905681512,13.6265590761721,15.0028856788614,12.7945554941274,-0.00358846543528023,3.74062754018481,0.993199064488989,1
"16391","PmetTSAr1.1-023454",13.3084107598917,28.5877165445886,7.42371706787146,15.8861276453675,10.5954641469938,18.489148622026,24.0968135903501,23.1264421210223,0.225686847612036,4.15127784532068,0.57111727414517,1
"16392","PmetTSAr1.1-023457",2.47284659389879,1.66588150519975,5.62689382851404,1.13850581458467,3.27694767432797,1.21564738646349,0.942918792665873,1.21718116426433,-0.710572182941474,1.15248771751363,0.133885968668704,1
"16393","PmetTSAr1.1-023458",4.99065403495938,5.26537547179207,3.16808307991967,3.07131801143771,4.66054780348867,4.38198476515908,8.02528661313398,5.71792081817199,0.468653569305161,2.31641699291815,0.14812191367916,1
"16394","PmetTSAr1.1-023459",6.87900961575482,11.0364649719483,2.31695628232931,3.36256368493612,4.69695833320343,5.08875650147506,6.53757029581672,7.89752429836626,0.0361783152506171,2.59613935964044,0.934488911629927,1
"16395","PmetTSAr1.1-023460",7.64334401750536,7.58571042546314,5.0594759634538,7.62534126977639,8.629295542397,8.00065605509689,6.24421778254289,8.46365507244269,0.163331316000813,2.90119914245615,0.580458672528058,1
"16396","PmetTSAr1.1-023461",3.95655455023807,4.58117413929931,4.01920987751002,4.60697701715657,4.51490568462965,3.44904607322198,3.62499891402658,4.27428734427708,-0.118885150680947,2.06673760415355,0.673902902366396,1
"16397","PmetTSAr1.1-023467",5.57514504806273,7.2882315852489,4.06649469959838,5.48071403765178,5.49798998692805,4.57988085132755,5.80418901263215,5.80284043428345,-0.0507845123921803,2.479598995776,0.871293370143535,1
"16398","PmetTSAr1.1-023471",1.88835558079544,2.82604898203529,1.56039912891566,2.62121106148563,1.96616860459678,3.76002563720101,4.1907501896261,2.88726694778981,0.517983142385903,1.48018035749267,0.0941102620274693,1
"16399","PmetTSAr1.1-023472",1.93331642795724,1.99310822943541,1.70225359518072,2.62121106148563,2.00257913431154,1.83760651442155,2.38872760808688,1.89653809315605,-0.03017191714015,1.079415019204,0.949741399513402,1
"16400","PmetTSAr1.1-023473",7.95806994763793,6.84201332492754,9.26782512931723,8.8432777225879,9.10263242868882,3.42077520376934,2.61921886851631,5.43485543113377,-0.681905750720255,2.7510342092634,0.0682136935121427,1
"16401","PmetTSAr1.1-023475",4.67592810482681,4.52167837125646,48.7033667510038,14.4034223984665,10.0857167309872,10.2905964807607,1.78106883059109,4.01952849594268,-1.46562607644206,3.62371611413258,0.0286889530383595,1
"16402","PmetTSAr1.1-023476",3.73175031442909,3.92672069082798,2.1278169939759,3.36256368493612,3.53182138233126,4.35371389570644,4.50505645384806,3.93460887983122,0.308339844956393,1.90832569448836,0.279491027926738,1
"16403","PmetTSAr1.1-023479",3.28214184281112,2.67730956192817,3.6409313008032,5.95729786701281,2.91284237718042,4.24063041789588,3.16401639316771,2.91557348649364,-0.237792750951419,1.87310201255263,0.452521216550624,1
"16404","PmetTSAr1.1-023480",1.97827727511903,2.5880659098639,2.97894379156625,2.93893361439298,1.92975807488203,1.72452303661099,2.34682010619062,1.55685962871019,-0.47026359706967,1.21097667977554,0.086184977830167,1
"16405","PmetTSAr1.1-023482",2.15812066376622,2.91529263409956,1.79682323935742,3.04484113202877,2.25745284231483,3.27942085650615,2.59826511756818,2.49097540593631,0.08753717173771,1.39880185775159,0.748749535552669,1
"16406","PmetTSAr1.1-023483",5.39530165941555,7.2882315852489,2.08053217188754,4.76583829361024,3.60464244176077,8.70742779141287,10.0368467041545,7.35970006299365,0.602958197782244,2.64051583290189,0.127879944304632,1
"16407","PmetTSAr1.1-023484",10.5208382358603,12.1073887967196,25.2028101730923,16.7863415452716,9.57596931498064,13.8527260317932,10.8540429911316,8.91655969170384,-0.579548527594254,3.75789614304057,0.0867459747735665,1
"16408","PmetTSAr1.1-023485",5.17049742360657,6.12806410841336,6.33616615983933,9.50519970781154,5.64363210578707,7.52005127440203,6.1813565296985,5.40654889242995,-0.135964973532157,2.71207873811711,0.665234132030394,1
"16409","PmetTSAr1.1-023486",3.68678946726729,5.74134161613485,3.83007058915661,3.49494808198085,4.00515826862308,3.16633737869559,5.1546227332401,4.33090042168472,-0.00889358492042402,2.0846571772102,0.98520240268668,1
"16410","PmetTSAr1.1-023488",2.02323812228083,1.7253772732426,2.88437414738955,2.38291914680512,1.45642118859021,3.02498303143239,1.36199381162848,1.72669886093312,-0.24708855332997,1.09041060272602,0.441771328583964,1
"16411","PmetTSAr1.1-023493",8.54256096074128,17.1050333123189,7.61285635622487,7.33409559627799,10.6318746767085,11.1387225643398,13.4104006068035,10.1054343172644,0.156367991002623,3.43362292517221,0.641959777922424,1
"16412","PmetTSAr1.1-023496",4.09143709172346,4.40268683517077,3.92464023333332,4.68640765538341,4.66054780348867,3.84483824555893,4.65173271048497,4.64227234742676,0.0544448658355322,2.14634026813677,0.845948202336251,1
"16413","PmetTSAr1.1-023501",6.74412707426943,7.97243291774166,9.40967959558229,5.74548283174124,6.95441117551826,5.71071562943312,6.99855281667559,6.0009862052102,-0.216637585786415,2.80682870271278,0.462115364326825,1
"16414","PmetTSAr1.1-023504",2.96741591267855,2.85579686605671,4.58662774257026,2.51530354384985,3.31335820404273,2.48783651183225,3.31069264980462,4.10444811205415,0.0412329494828119,1.73279987656433,0.904623641773834,1
"16415","PmetTSAr1.1-023505",1.79843388647185,2.32033495367108,1.65496877309236,2.51530354384985,1.7112948965935,2.26166955621114,2.51445011377566,2.40605578982485,0.0933711449532708,1.14884443757856,0.739911715719412,1
"16416","PmetTSAr1.1-023506",2.78757252403137,2.26083918562823,1.60768395100401,1.53565900571886,1.82052648573776,1.78106477551627,2.11632884576118,1.6983923222293,-0.133737333493554,1.00707642652366,0.62875808377845,1
"16417","PmetTSAr1.1-023507",3.32710268997292,4.52167837125646,3.40450719036143,5.29537588178916,3.78669509033455,4.74950606804339,5.07080772944758,3.9063023411274,0.0765106524634473,2.11364713858615,0.786648867360379,1
"16418","PmetTSAr1.1-023509",6.33947944981327,6.24705564449906,5.67417865060239,9.29338467253998,8.41083236410847,8.45298996633912,6.05563402400972,8.69010738207327,0.193580777360203,2.89942400837567,0.518821685626115,1
"16419","PmetTSAr1.1-023511",10.9254858603165,12.6428507091052,5.20133042971886,8.15487885795531,9.10263242868882,6.19132041012799,8.71676039442229,8.26550930151594,-0.195870887387172,3.12321502641335,0.557991618618575,1
"16420","PmetTSAr1.1-023512",5.17049742360657,6.72302178884185,3.73550094497991,5.82491346996808,4.18721091719686,7.40696779659147,8.71676039442229,6.51050390187899,0.320728456654274,2.61097452295438,0.32173439860281,1
"16421","PmetTSAr1.1-023514",3.28214184281112,2.37983072171393,3.54636165662649,2.38291914680512,2.69437919889189,1.49835608098988,3.56213766118219,2.88726694778981,-0.11033539709141,1.50371923402477,0.71561195073131,1
"16422","PmetTSAr1.1-023515",1.43874710917748,1.42789843302836,1.5131143068273,1.58861276453675,1.31077906973119,1.49835608098988,1.29913255878409,1.13226154815287,-0.189276166660137,0.547142785234587,0.498520961643121,1
"16423","PmetTSAr1.1-023516",4.63096725766501,6.03882045634909,3.12079825783131,5.82491346996808,3.96874773890832,10.4036799585712,7.16618282426063,4.81211157964969,0.422645954376692,2.54135912718115,0.234506111132564,1
"16424","PmetTSAr1.1-023517",3.10229845416394,5.11663605168494,3.83007058915661,3.89210127311503,2.80361078803616,3.44904607322198,4.92413147281067,4.9536442731688,0.0171864346024038,2.02766856530096,0.962287902955929,1
"16425","PmetTSAr1.1-023518",3.91159370307627,3.68873761865659,2.83708932530119,3.41551744375401,4.87901098177721,4.9756730236645,3.37355390264901,3.48170426057007,0.265499417713026,1.95706756785239,0.341610984444799,1
"16426","PmetTSAr1.1-023520",2.427885746737,3.53999819854947,1.56039912891566,2.17110411153356,2.65796866917713,1.83760651442155,2.34682010619062,2.97218656390128,0.00557708661505144,1.32459322409047,0.987484678811186,1
"16427","PmetTSAr1.1-023523",4.63096725766501,5.38436700787776,3.35722236827308,3.99800879075082,4.51490568462965,5.96515345450687,4.86127021996628,3.99122195723886,0.152124833210841,2.2183457246915,0.60754615745769,1
"16428","PmetTSAr1.1-023525",5.66506674238632,7.67495407752742,4.68119738674697,5.95729786701281,7.28210594295105,5.59763215162256,5.95086526926906,6.68034313410192,0.0848281918164977,2.64407428933676,0.771213298385962,1
"16429","PmetTSAr1.1-023526",1.93331642795724,1.33865478096408,1.79682323935742,2.30348850857828,2.14822125317056,1.80933564496891,1.29913255878409,1.41532693519109,-0.1564250324576,0.858354192001983,0.611481010806843,1
"16430","PmetTSAr1.1-023527",2.29300320525161,2.70705744594959,2.97894379156625,2.14462723212461,2.4395054908886,2.00723173113738,1.29913255878409,1.81161847704459,-0.428792934950774,1.17768173796413,0.133380333913457,1
"16431","PmetTSAr1.1-023529",9.84642552843337,10.9769692039055,9.12597066305217,9.18747715490419,9.57596931498064,9.35765778882358,10.5187829759615,10.8414043235637,0.0419352053809954,3.32078915320837,0.884601249486322,1
"16432","PmetTSAr1.1-023530",4.49608471617962,5.0571402836421,3.87735541124497,4.68640765538341,5.27952680863951,5.56936128216992,6.01372652211345,5.54808158594906,0.304586771070646,2.35998182593598,0.268396560148698,1
"16433","PmetTSAr1.1-023531",2.06819896944263,3.80772915474228,4.30291881004014,1.13850581458467,2.29386337202958,1.52662695044252,1.32008630973222,2.37774925112102,-0.587983280675115,1.26340643145342,0.119269606906916,1
"16434","PmetTSAr1.1-023536",2.29300320525161,2.08235188149969,2.45881074859437,3.15074864966455,2.07540019374105,2.14858607840058,2.9544788836864,2.6042015607516,-0.0284404530183767,1.34273273849907,0.93147381122052,1
"16435","PmetTSAr1.1-023538",5.9797926725189,3.18302359029238,5.57960900642568,5.45423715824283,6.69953746751497,3.84483824555893,1.7182075777467,3.28355848964332,-0.381779679893704,2.17421834579215,0.317877463238296,1
"16436","PmetTSAr1.1-023542",4.85577149347399,1.93361246139257,2.83708932530119,3.73323999666136,6.9180006458035,3.08152477033767,2.32586635524249,2.54758848334395,0.150767969764482,1.83997518087366,0.696147144476939,1
"16437","PmetTSAr1.1-023545",4.54104556334142,4.87865297951355,3.45179201244979,6.0102516258307,4.87901098177721,6.86982127699133,5.65751275599524,5.37824235372613,0.266140858510126,2.40011051917844,0.36525277604241,1
"16438","PmetTSAr1.1-023549",1.75347303931005,3.06403205420668,1.98596252771084,2.59473418207669,2.65796866917713,2.91189955362184,3.2268776460121,1.89653809315605,0.176005885578087,1.36810024704486,0.535434821854861,1
"16439","PmetTSAr1.1-023552",7.50846147601997,8.1509202218702,3.87735541124497,5.32185276119811,6.80876905665924,7.7179473605705,5.51083649935832,7.52953929521658,0.146626401437786,2.72624478780919,0.648411053611447,1
"16440","PmetTSAr1.1-023555",7.46350062885817,6.96100486101324,5.67417865060239,5.34832964060705,7.64621124009861,6.10650780177007,8.42340788114846,6.28405159224842,0.162720943257195,2.76577781020382,0.584485265857139,1
"16441","PmetTSAr1.1-023557",4.58600641050321,4.16470376299937,7.80199564457828,5.56014467587862,6.55389534865595,4.43852650406435,3.28973889885649,3.28355848964332,-0.333593984606627,2.32444873828866,0.318318976489912,1
"16442","PmetTSAr1.1-023558",3.91159370307627,4.10520799495653,2.36424110441766,4.13039318779555,3.20412661489846,3.19460824814823,2.78684887610136,4.16106118946179,-0.128468662170632,1.82633576144007,0.672303269328182,1
"16443","PmetTSAr1.1-023559",3.23718099564933,3.65898973463516,3.73550094497991,3.73323999666136,2.80361078803616,4.35371389570644,3.87644392540414,3.51001079927389,0.0198289902054032,1.87891118141218,0.953231887603929,1
"16444","PmetTSAr1.1-023561",1.97827727511903,1.63613362117833,2.78980450321284,2.78007233793931,1.82052648573776,1.63971042825307,0.984826294562134,1.92484463185988,-0.53602589761137,0.997935288365643,0.0779898409347359,1
"16445","PmetTSAr1.1-023562",3.10229845416394,3.62924185061374,2.9316589694779,3.1242717702556,2.91284237718042,2.2333986867585,3.39450765359714,2.46266886723249,-0.21687709225441,1.60203865287563,0.427044615426196,1
"16446","PmetTSAr1.1-023563",21.6711283319858,9.9952890311985,5.72146347269074,6.43388169637383,9.06622189897406,3.98619259282213,5.30129898987702,11.4924547137516,-0.553477867651454,3.20987535158059,0.2125198187459,1
"16447","PmetTSAr1.1-023565",2.20308151092802,1.42789843302836,9.69338852811241,7.49295687273166,4.58772674405916,6.21959127958062,1.29913255878409,1.78331193834077,-0.584622530110086,2.13216044112738,0.299591862878926,1
"16448","PmetTSAr1.1-023569",3.73175031442909,4.37293895114934,6.24159651566263,4.92469957006392,6.33543217036742,8.87705300812871,6.24421778254289,4.9536442731688,0.455660797457949,2.52981717381093,0.141436805272375,1
"16449","PmetTSAr1.1-023570",2.06819896944263,2.26083918562823,2.50609557068272,2.30348850857828,2.07540019374105,1.80933564496891,1.96965258912427,1.27379424167198,-0.358560261972217,1.06403625390671,0.178258582894279,1
"16450","PmetTSAr1.1-023571",3.05733760700214,4.25394741506365,3.35722236827308,1.98576595567094,3.24053714461322,2.742274336906,2.2001438495537,3.45339772186625,-0.122420738976061,1.62884750896796,0.6859037568165,1
"16451","PmetTSAr1.1-023576",4.22631963320885,2.37983072171393,2.31695628232931,2.85950297616615,2.4395054908886,2.57264912019017,3.39450765359714,2.71742771556688,-0.0738669414695552,1.5477217087037,0.790741491154711,1
"16452","PmetTSAr1.1-023578",8.85728689087386,4.16470376299937,4.4447732763052,9.39929219017576,4.76977939263294,2.742274336906,1.42485506447287,7.13324775336307,-0.744636293459788,2.43808385444814,0.0929486977899394,1
"16453","PmetTSAr1.1-023579",2.65268998254598,2.52857014182105,6.61987509236945,3.99800879075082,4.07797932805259,3.05325390088503,2.9544788836864,3.28355848964332,-0.23751631040382,1.88622447373744,0.476140951323188,1
"16454","PmetTSAr1.1-023580",6.83404876859303,9.16234827859862,13.6653135835341,13.7415004132429,6.84517958637399,8.39644822743384,9.76444794182881,7.61445891132804,-0.41127868477465,3.25763188447162,0.198724547725174,1
"16455","PmetTSAr1.1-023582",4.7208889519886,3.92672069082798,1.56039912891566,2.06519659389777,4.4784951549149,3.5338586815799,3.05924763842705,4.07614157335033,0.301520177230227,1.80270317397018,0.384287367082685,1
"16456","PmetTSAr1.1-023583",5.53018420090094,6.84201332492754,6.76172955863451,8.07544821972847,7.17287435380679,10.4602216974765,10.2673379645839,8.66180084336944,0.425075295081049,3.00769718966729,0.15100337254288,1
"16457","PmetTSAr1.1-023584",5.75498843670992,6.69327390482042,3.02622861365461,2.78007233793931,2.91284237718042,4.80604780694866,5.80418901263215,3.51001079927389,-0.0965105778429311,2.16230627998808,0.786527480482557,1
"16458","PmetTSAr1.1-023585",2.15812066376622,3.15327570627095,1.56039912891566,1.00612141753994,2.07540019374105,1.15910564755821,1.19436380404344,2.03807078667516,-0.292933794509043,0.88681283491409,0.417709305478314,1
"16459","PmetTSAr1.1-023590",1.75347303931005,1.75512515726402,10.1189519269076,4.23630070543133,2.91284237718042,4.35371389570644,3.49927640833779,2.37774925112102,-0.436368313282947,1.97123553616929,0.348703664321632,1
"16460","PmetTSAr1.1-023593",2.74261167686957,3.42100666246377,2.36424110441766,1.69452028217253,2.65796866917713,2.60091998964281,2.32586635524249,2.46266886723249,-0.0249726499556401,1.37474256327446,0.948133149370846,1
"16461","PmetTSAr1.1-023594",3.41702438429651,1.93361246139257,4.39748845421685,7.09580368159747,4.66054780348867,4.80604780694866,3.2268776460121,4.35920696038854,0.0129318175529909,2.10437823899202,0.97594055145818,1
"16462","PmetTSAr1.1-023595",4.40616302185603,6.15781199243479,2.88437414738955,6.61921985223645,4.00515826862308,6.19132041012799,4.79840896712189,6.14251889872931,0.0684915816298722,2.38478893358185,0.826864987292398,1
"16463","PmetTSAr1.1-023596",2.47284659389879,2.61781379388532,2.17510181606425,2.03871971448883,2.58514760974762,2.65746172854809,5.82514276358028,2.88726694778981,0.5923569519525,1.57610170565541,0.0637083258924491,1
"16464","PmetTSAr1.1-023597",2.96741591267855,3.36151089442092,2.78980450321284,2.38291914680512,3.67746350119028,1.18737651701085,1.46676256636914,1.89653809315605,-0.495580824989256,1.33136601875418,0.148202747031383,1
"16465","PmetTSAr1.1-023600",4.13639793888525,4.31344318310649,4.06649469959838,3.94505503193292,4.69695833320343,4.43852650406435,3.83453642350788,3.651543492793,0.0119089210287401,2.06882815009197,0.966968505179741,1
"16466","PmetTSAr1.1-023601",3.23718099564933,4.49193048723504,5.43775454016062,4.97765332888181,4.1508003874821,4.86258954585394,7.12427532236437,5.15179004409555,0.232685187471629,2.32137265772729,0.451789152748681,1
"16467","PmetTSAr1.1-023602",3.37206353713472,3.4507545464852,3.35722236827308,2.35644226739618,3.67746350119028,1.78106477551627,1.61343882300605,2.49097540593631,-0.397154185992953,1.4915560278139,0.206093333546234,1
"16468","PmetTSAr1.1-023609",2.47284659389879,2.5880659098639,12.5304778534136,2.46234978503196,1.89334754516727,2.45956564237961,3.10115514032331,1.72669886093312,-1.11619031912725,1.88100629668471,0.0206581290481604,1
"16469","PmetTSAr1.1-023614",4.13639793888525,6.12806410841336,7.9911349329317,4.34220822306711,4.58772674405916,5.20183997928561,4.65173271048497,5.01025735057644,-0.213181095820406,2.40917644253168,0.481072053397846,1
"16470","PmetTSAr1.1-023616",5.66506674238632,9.10285251055577,5.43775454016062,7.25466495805115,6.1897900515084,6.78500866863341,8.25577787356342,7.86921775966244,0.0810095679809473,2.83590024305949,0.788342825879948,1
"16471","PmetTSAr1.1-023619",3.77671116159088,3.95646857484941,4.49205809839356,3.83914751429714,3.67746350119028,3.59040042048518,4.10693518583358,3.62323695408918,-0.0959742212216435,1.97920171591863,0.719698497398683,1
"16472","PmetTSAr1.1-023620",2.3379640524134,2.94504051812099,1.84410806144578,3.62733247902557,2.22104231260007,2.8836286841692,2.70303387230883,2.00976424797134,-0.142778144677795,1.40062481540573,0.641785980452035,1
"16473","PmetTSAr1.1-023623",1.48370795633928,2.97478840214241,1.84410806144578,2.03871971448883,1.82052648573776,2.37475303402169,1.88583758533175,2.37774925112102,0.00725409059448282,1.11556280213385,0.969416761655187,1
"16474","PmetTSAr1.1-023624",1.43874710917748,1.75512515726402,2.64795003694778,2.75359545853036,1.89334754516727,1.89414825332683,1.73916132869483,1.64177924482166,-0.267495589450188,1.02187862114843,0.365188567651152,1
"16475","PmetTSAr1.1-023630",4.31624132753244,6.00907257232767,8.46398315381523,5.24242212297127,4.4784951549149,4.26890128734852,3.87644392540414,5.8594535116911,-0.377095826554308,2.42434036134276,0.221232673855573,1
"16476","PmetTSAr1.1-023631",9.44177790397721,8.35915541002017,8.32212868755017,11.6498269399362,9.79443249326917,9.24457431101302,10.0578004551026,7.35970006299365,-0.0523948229457394,3.22377079375117,0.862512022364959,1
"16477","PmetTSAr1.1-023634",16.5905526027028,12.8510858972552,6.90358402489957,10.749613040032,7.35492700238057,9.44247039718149,12.1112680480194,12.6813293393121,-0.178318095686814,3.47881712043878,0.595038156914485,1
"16478","PmetTSAr1.1-023635",14.7471578690692,20.1690653665255,13.2870350068273,9.4787228284026,10.1949483201315,9.04667822484454,10.5606904778578,10.5300323978217,-0.515888514763444,3.62149171680476,0.0965260169995622,1
"16479","PmetTSAr1.1-023637",2.427885746737,3.77798127072086,4.20834916586344,3.01836425261982,3.53182138233126,4.15581780953796,7.60621159417137,4.52904619261147,0.566202655987268,2.08072187643748,0.0806899808099617,1
"16480","PmetTSAr1.1-023639",4.7658497991504,5.29512335581349,2.9316589694779,4.44811574070289,3.89592667947881,4.49506824296963,5.80418901263215,4.98195081187262,0.135398001166946,2.21612939952392,0.656362831405712,1
"16481","PmetTSAr1.1-023640",2.78757252403137,3.2127714743138,3.45179201244979,5.58662155528756,3.16771608518371,3.87310911501157,3.08020138937518,4.78380504094587,-0.0204085318836286,1.92981698557155,0.960136271971083,1
"16482","PmetTSAr1.1-023644",4.40616302185603,2.79630109801387,2.41152592650602,3.83914751429714,3.20412661489846,2.45956564237961,3.66690641592284,4.16106118946179,0.00458592996145308,1.77863590331991,0.99086858844464,1
"16483","PmetTSAr1.1-023646",1.97827727511903,1.6063857371569,5.01219114136544,2.17110411153356,3.38617926347224,2.82708694526392,1.94869883817614,1.89653809315605,-0.0907384325300043,1.40609319677767,0.805638738758956,1
"16484","PmetTSAr1.1-023647",3.82167200875268,4.10520799495653,15.2257127124497,5.93082098760386,5.71645316521658,8.56607344414968,7.1452290733125,4.92533773446498,-0.137810194777018,2.80307153063405,0.738830264977301,1
"16485","PmetTSAr1.1-023651",5.66506674238632,6.663526020799,2.97894379156625,7.70477190800323,4.84260045206245,5.23011084873825,6.55852404676485,6.73695621150957,0.0176462298782104,2.55329172193112,0.956986509950589,1
"16486","PmetTSAr1.1-023653",2.69765082970777,1.81462092530687,2.08053217188754,3.94505503193292,2.84002131775091,2.79881607581128,3.56213766118219,3.39678464445861,0.251854492650183,1.56621668638303,0.401373572575459,1
"16487","PmetTSAr1.1-023654",3.41702438429651,3.42100666246377,14.5637252032128,8.12840197854636,6.69953746751497,6.81327953808605,2.32586635524249,2.83065387038217,-0.661719951860119,2.6005714807481,0.168897665088951,1
"16488","PmetTSAr1.1-023657",3.73175031442909,5.65209796407058,4.11377952168673,3.44199432316295,4.69695833320343,5.08875650147506,6.20231028064663,4.6988854248344,0.288322877664915,2.25433184386502,0.326909324791832,1
"16489","PmetTSAr1.1-023662",14.0277843144804,9.81680172706995,2.83708932530119,10.2995060900799,6.11696899207889,3.95792172336949,1.42485506447287,13.3606862682038,-0.574461905380812,2.96095981036104,0.294140075344652,1
"16490","PmetTSAr1.1-023676",1.57362965066287,1.01142805672842,4.06649469959838,1.69452028217253,1.82052648573776,2.12031520894794,0.775288785080829,0.962422315929938,-0.548564044960428,0.842494082203089,0.186148573276003,1
"16491","PmetTSAr1.1-023677",2.24804235808981,1.90386457737114,2.26967146024096,1.93281219685304,1.31077906973119,1.18737651701085,1.61343882300605,2.12299040278663,-0.409713990079776,0.910377982062378,0.134049273899679,1
"16492","PmetTSAr1.1-023678",4.58600641050321,4.87865297951355,5.91060276104415,6.0102516258307,5.97132687321986,3.76002563720101,4.48410270289993,3.59493041538536,-0.266936417817807,2.30936722604854,0.37139890131524,1
"16493","PmetTSAr1.1-023684",9.08209112668284,10.3522636394556,5.76874829477909,6.96341928455275,7.9739060075314,7.63313475221258,15.9038969696311,10.7847912461561,0.395563805572175,3.22977260810476,0.240981048812523,1
"16494","PmetTSAr1.1-023685",12.1843895808468,12.0478930286768,23.1222780012047,15.647835730687,12.5616327515906,12.5805369064244,13.9971056333512,10.8414043235637,-0.332507833745359,3.82542913330534,0.287293230198785,1
"16495","PmetTSAr1.1-023687",4.7208889519886,2.94504051812099,7.04543849116463,5.29537588178916,3.31335820404273,4.57988085132755,3.39450765359714,3.59493041538536,-0.421579156398312,2.14154759818919,0.180396203609309,1
"16496","PmetTSAr1.1-023693",3.19222014848753,4.78940932744928,2.55338039277107,4.13039318779555,3.53182138233126,4.41025563461172,4.35838019721114,2.74573425427071,0.0302446610872128,1.91976149153115,0.918036654781046,1
"16497","PmetTSAr1.1-023694",3.5968677729437,4.64066990734216,2.97894379156625,3.60085559961663,3.49541085261651,5.99342432395951,5.11271523134384,4.38751349909237,0.35576933602071,2.10310086234008,0.222967129096803,1
"16498","PmetTSAr1.1-023697",4.99065403495938,4.72991355940643,5.39046971807227,5.11003772592654,4.44208462520014,4.9756730236645,3.35260015170088,4.81211157964969,-0.202741865564879,2.25772085876559,0.476326555143115,1
"16499","PmetTSAr1.1-023698",4.13639793888525,4.34319106712792,9.07868584096382,7.51943375214061,4.4784951549149,5.96515345450687,4.02312018204106,3.93460887983122,-0.445718617666663,2.45656524984645,0.182062785025056,1
"16500","PmetTSAr1.1-023699",2.87749421835496,5.38436700787776,2.45881074859437,2.11815035271566,3.38617926347224,2.45956564237961,6.45375529202419,4.50073965390765,0.387483696064519,1.91798205687261,0.29338109912376,1
"16501","PmetTSAr1.1-023705",2.29300320525161,2.37983072171393,3.30993754618473,3.33608680552717,2.91284237718042,3.36423346486407,1.88583758533175,2.20791001889809,-0.132381973505497,1.46954164916783,0.657751021080781,1
"16502","PmetTSAr1.1-023706",3.05733760700214,2.70705744594959,4.16106434377508,4.42163886129395,4.36926356577063,5.39973606545409,2.15823634765744,3.651543492793,0.114372606732452,1.92585311549978,0.725358184099025,1
"16503","PmetTSAr1.1-023712",2.427885746737,3.4507545464852,1.70225359518072,3.01836425261982,1.7112948965935,2.00723173113738,2.45158886093127,2.54758848334395,-0.289334780302439,1.31169691807566,0.324922755380548,1
"16504","PmetTSAr1.1-023713",5.79994928387171,6.06856834037052,6.33616615983933,5.05708396710865,5.60722157607231,4.15581780953796,7.35476658279381,6.17082543743313,0.00481363402374526,2.55593564714968,0.994666623237728,1
"16505","PmetTSAr1.1-023714",3.73175031442909,3.59949396659232,4.20834916586344,2.67416482030353,3.64105297147553,3.5338586815799,2.78684887610136,3.42509118316243,-0.0825590274119993,1.80931338517698,0.769523282676507,1
"16506","PmetTSAr1.1-023718",2.60772913538418,4.04571222691368,3.16808307991967,2.85950297616615,2.22104231260007,3.73175476774837,3.9183514273004,3.2552519509395,0.0520674461690121,1.71953538390162,0.862931673757297,1
"16507","PmetTSAr1.1-023720",1.48370795633928,1.81462092530687,1.89139288353413,2.5417804232588,1.60206330744923,1.55489781989516,1.84393008343548,1.64177924482166,-0.228083870554158,0.896158477715091,0.408110678634981,1
"16508","PmetTSAr1.1-023723",3.05733760700214,4.70016567538501,2.31695628232931,4.47459262011184,2.54873708003287,7.60486388275995,5.84609651452841,3.56662387668154,0.422946825119888,2.11850787492953,0.247214107047762,1
"16509","PmetTSAr1.1-023725",4.13639793888525,5.97932468830624,4.72848220883532,7.36057247568693,5.09747416006574,6.10650780177007,6.13944902780224,6.0009862052102,0.0674458163287863,2.52694596673069,0.822908247673331,1
"16510","PmetTSAr1.1-023727",2.51780744106059,3.30201512637807,2.36424110441766,3.20370240848244,2.91284237718042,4.1840886789906,3.54118391023405,3.02879964130892,0.256365391049132,1.67856443388401,0.348971141612675,1
"16511","PmetTSAr1.1-023728",10.8355641659929,12.5833549410624,9.26782512931723,10.9349511958946,10.8139273252823,11.3366186505083,10.8959504930279,12.2567312587548,0.0534058974630921,3.48285875432788,0.851255501650093,1
"16512","PmetTSAr1.1-023729",1.88835558079544,2.23109130160681,1.70225359518072,2.14462723212461,2.0389896640263,2.48783651183225,3.24783139696023,3.0004931026051,0.433324217768523,1.27144752678656,0.112729871872635,1
"16513","PmetTSAr1.1-023732",2.3379640524134,1.4873942010712,13.0506108963855,5.82491346996808,6.62671640808546,5.42800693490673,1.08959504930279,2.37774925112102,-0.548427157349145,2.26649140871072,0.357737689160028,1
"16514","PmetTSAr1.1-023733",2.24804235808981,5.53310642798488,1.93867770562248,6.08968226405753,3.02207396632469,3.98619259282213,6.34898653728354,4.24598080557326,0.147478805015122,2.09045789679687,0.697645556196237,1
"16515","PmetTSAr1.1-023735",4.7658497991504,5.94957680428482,2.60066521485943,7.06932680218853,4.55131621434441,7.49178040494939,6.76806155624615,6.39727774706371,0.300736019518554,2.52982378009965,0.368085325143898,1
"16516","PmetTSAr1.1-023739",2.96741591267855,2.97478840214241,2.64795003694778,2.22405787035145,2.22104231260007,1.49835608098988,2.64017261946444,2.71742771556688,-0.246041077137416,1.34758755461965,0.376782852648177,1
"16517","PmetTSAr1.1-023747",4.54104556334142,3.59949396659232,4.63391256465862,4.55402325833868,4.29644250634112,3.90137998446421,2.70303387230883,4.16106118946179,-0.204247768932039,2.0369744787847,0.474772325077402,1
"16518","PmetTSAr1.1-023748",2.427885746737,1.81462092530687,2.36424110441766,2.75359545853036,2.07540019374105,2.85535781471656,2.4725426118794,2.37774925112102,0.0664007026404119,1.29611857505246,0.813537779488598,1
"16519","PmetTSAr1.1-023750",6.33947944981327,9.45982711881286,4.63391256465862,4.50106949952079,7.60980071038385,6.02169519341215,6.57947779771298,6.87848890502868,0.116936608857192,2.71529396328517,0.715872883694542,1
"16520","PmetTSAr1.1-023751",8.40767841925589,10.6794903636913,3.83007058915661,6.32797417873805,7.82826388867238,5.90861171560159,7.64811909606763,6.93510198243632,-0.0490022261614231,2.86023923121562,0.890989655838856,1
"16521","PmetTSAr1.1-023756",7.55342232318177,3.80772915474228,7.09272331325299,10.0082604165815,6.37184270008217,9.18803257210774,2.11632884576118,3.28355848964332,-0.443714853100438,2.6393040635262,0.302743645966179,1
"16522","PmetTSAr1.1-023762",2.96741591267855,4.13495587897795,5.43775454016062,8.81680084317895,3.53182138233126,5.08875650147506,2.51445011377566,3.79307618631211,-0.522516745980007,2.201324791617,0.150123958843697,1
"16523","PmetTSAr1.1-023768",4.04647624456166,2.4690743737782,11.6320662337349,4.76583829361024,5.71645316521658,2.60091998964281,1.59248507205792,1.89653809315605,-0.957789214962584,2.12733613683848,0.044406251737078,1
"16524","PmetTSAr1.1-023771",9.93634722275697,10.5604988276056,8.36941350963852,8.81680084317895,8.99340083954455,8.87705300812871,7.39667408469007,6.76526275021339,-0.235603913449192,3.13305216990184,0.415916677294684,1
"16525","PmetTSAr1.1-023775",1.70851219214826,2.08235188149969,5.0594759634538,2.59473418207669,3.20412661489846,2.06377347004266,2.4725426118794,1.9531511705637,-0.233897635509324,1.42907110145781,0.49766111810571,1
"16526","PmetTSAr1.1-023779",3.10229845416394,5.17613181972779,3.49907683453814,4.26277758484027,4.33285303605588,3.95792172336949,5.28034523892889,4.78380504094587,0.189357863897581,2.12728379950835,0.509346372468889,1
"16527","PmetTSAr1.1-023781",4.18135878604705,5.77108950015627,3.07351343574296,3.73323999666136,3.60464244176077,5.68244475998048,7.20809032615689,5.03856388928027,0.361245894654134,2.28099441491962,0.261531671516401,1
"16528","PmetTSAr1.1-023784",2.06819896944263,2.91529263409956,2.2223866381526,2.32996538798723,2.0389896640263,3.25114998705351,3.68786016687097,2.49097540593631,0.267580275179628,1.43082876219385,0.352507193967304,1
"16529","PmetTSAr1.1-023785",1.88835558079544,2.02285611345684,3.49907683453814,2.48882666444091,2.25745284231483,2.37475303402169,1.86488383438361,2.23621655760192,-0.176736779160358,1.25370850769299,0.535700193262746,1
"16530","PmetTSAr1.1-023788",14.2525885502894,15.855622183419,8.13298939919676,11.8351650957988,11.6513695087217,9.04667822484454,16.0715269772161,13.6720581939459,0.0101287571635961,3.65902509906353,0.976595259913214,1
"16531","PmetTSAr1.1-023790",3.23718099564933,4.1944516470208,2.55338039277107,3.44199432316295,2.84002131775091,3.84483824555893,4.96603897470693,3.62323695408918,0.184667540848498,1.87131596778197,0.529661673589411,1
"16532","PmetTSAr1.1-023792",15.3316488821725,10.3225157554342,12.9087564301204,11.3056275076199,12.0154748058692,7.60486388275995,7.56430409227511,8.03905699188537,-0.501791133434177,3.41749720800835,0.100048644857522,1
"16533","PmetTSAr1.1-023793",2.69765082970777,4.43243471919219,4.87033667510038,3.52142496138979,3.56823191204602,4.72123519859075,2.9544788836864,2.77404079297453,-0.148319935616435,1.90733914659331,0.633809681032292,1
"16534","PmetTSAr1.1-023794",5.03561488212118,7.67495407752742,6.99815366907628,6.40740481696488,5.24311627892476,9.1597617026551,9.47109542855499,7.81260468225479,0.279593417206904,2.86701026930282,0.367791285155445,1
"16535","PmetTSAr1.1-023795",2.02323812228083,2.52857014182105,1.93867770562248,2.09167347330672,1.52924224801972,1.92241912277947,2.4725426118794,2.32113617371338,-0.0543429599703601,1.11712384214621,0.855666749216499,1
"16536","PmetTSAr1.1-023800",3.23718099564933,2.79630109801387,1.93867770562248,2.59473418207669,2.29386337202958,0.961209561389733,1.82297633248735,2.43436232852867,-0.497087865890563,1.2117967735065,0.113513035508021,1
"16537","PmetTSAr1.1-023801",4.90073234063579,5.44386277592061,5.57960900642568,3.7597168760703,4.44208462520014,3.13806650924295,4.79840896712189,2.77404079297453,-0.373761394212897,2.14063113838463,0.212226495873963,1
"16538","PmetTSAr1.1-023802",2.56276828822238,1.57663785313548,1.5131143068273,1.45622836749202,3.02207396632469,1.5831686893478,0.901011290769612,1.92484463185988,0.05654472671011,0.901792363969211,0.882998546955368,1
"16539","PmetTSAr1.1-023806",2.15812066376622,2.73680532997102,1.89139288353413,4.28925446424922,2.36668443145909,3.64694215939046,3.64595266497471,3.08541271871657,0.191575263547424,1.60979288959472,0.527950928613047,1
"16540","PmetTSAr1.1-023808",2.74261167686957,3.27226724235665,3.92464023333332,1.69452028217253,2.84002131775091,2.85535781471656,2.72398762325697,2.54758848334395,-0.0756065225428688,1.52593760507358,0.792083517982303,1
"16541","PmetTSAr1.1-023811",4.13639793888525,8.53764271414872,6.05245722730921,6.96341928455275,4.69695833320343,5.7672573683384,7.52239659037885,4.84041811835351,-0.171732554306497,2.61673702947996,0.593138165861332,1
"16542","PmetTSAr1.1-023812",2.3379640524134,2.11209976552111,2.55338039277107,1.21793645281151,1.63847383716399,1.4418143420846,1.7182075777467,1.52855309000637,-0.358199406938157,0.902955447181485,0.203126711581479,1
"16543","PmetTSAr1.1-023819",6.78908792143123,8.44839906208444,6.76172955863451,5.53366779646967,4.84260045206245,4.63642259023283,6.49566279392046,5.97267966650638,-0.324969799975595,2.64262569979445,0.267557258778608,1
"16544","PmetTSAr1.1-023823",2.3829248995752,2.73680532997102,3.12079825783131,5.85139034937702,2.51232655031811,4.94740215421186,3.81358267255975,4.01952849594268,0.111795452878837,1.90517739843361,0.739260198811799,1
"16545","PmetTSAr1.1-023825",2.06819896944263,1.36840266498551,17.0698207738955,7.04284992277958,4.40567409548539,4.80604780694866,1.25722505688783,1.47194001259873,-1.20552140620944,2.31119590416101,0.0582059452418427,1
"16546","PmetTSAr1.1-023828",11.4200551790962,11.2744480441197,15.5567064670682,12.6294714780671,9.24827454754784,12.8632456009508,12.1531755499157,11.9170527943089,-0.138150133708796,3.60788161190362,0.63480952186802,1
"16547","PmetTSAr1.1-023838",14.8820404105546,17.6404952247045,13.4288894730923,11.9675494928435,12.7072748704496,11.5627856061294,14.2695043956769,14.0400431970956,-0.139269299858782,3.79423182155804,0.631385732587567,1
"16548","PmetTSAr1.1-023839",2.87749421835496,3.48050243050662,6.80901438072287,4.34220822306711,3.67746350119028,2.94017042307448,3.41546140454527,2.91557348649364,-0.431648091460325,1.94833092214886,0.167358126328386,1
"16549","PmetTSAr1.1-023840",6.56428368562225,7.64520619350599,4.39748845421685,4.89822269065497,5.46157945721329,3.98619259282213,4.56791770669245,4.81211157964969,-0.322720913878212,2.41966485697679,0.283139294033004,1
"16550","PmetTSAr1.1-023841",2.87749421835496,3.83747703876371,2.50609557068272,3.57437872020768,3.38617926347224,2.68573259800072,2.64017261946444,2.54758848334395,-0.196853758467178,1.6181356820748,0.483536254015984,1
"16551","PmetTSAr1.1-023848",4.54104556334142,4.87865297951355,2.50609557068272,3.1242717702556,3.8231056200493,2.77054520635864,4.23265769152236,4.27428734427708,0.00348450469445365,1.93837681141717,1,1
"16552","PmetTSAr1.1-023852",4.40616302185603,6.09831622439194,4.30291881004014,4.84526893183708,3.89592667947881,13.5700173372668,17.5592432945334,6.22743851484078,1.06976561566874,2.94485459001623,0.0100170518043133,1
"16553","PmetTSAr1.1-023853",3.50694607862011,5.26537547179207,3.40450719036143,3.97153191134187,3.422589793187,8.5095317052444,5.74132775978776,3.56662387668154,0.39355730577916,2.2467018327396,0.249874087241483,1
"16554","PmetTSAr1.1-023858",3.68678946726729,3.2127714743138,3.45179201244979,3.83914751429714,3.422589793187,2.8836286841692,4.16979643867797,3.17033233482803,-0.0539731113920122,1.82453880769847,0.843247020980733,1
"16555","PmetTSAr1.1-023864",7.1487746987256,2.32033495367108,4.63391256465862,6.08968226405753,3.49541085261651,1.92241912277947,1.52962381921353,3.56662387668154,-0.944039728099523,1.95688346844568,0.0136514728507965,1
"16556","PmetTSAr1.1-023868",3.91159370307627,3.62924185061374,3.68821612289155,3.68028623784347,4.44208462520014,4.29717215680116,3.26878514790836,3.96291541853504,0.0969315291980735,1.97081382071336,0.72143679041938,1
"16557","PmetTSAr1.1-023869",3.64182862010549,4.52167837125646,3.26265272409637,3.83914751429714,4.04156879833783,4.21235954844324,6.62138529960924,5.49146850854141,0.415404737974634,2.17822044237939,0.157934303942356,1
"16558","PmetTSAr1.1-023871",4.13639793888525,4.25394741506365,3.02622861365461,3.83914751429714,4.18721091719686,4.72123519859075,4.44219520100367,4.84041811835351,0.251146350842383,2.08647770332761,0.358201102013195,1
"16559","PmetTSAr1.1-023876",2.69765082970777,3.39125877844235,5.57960900642568,3.91857815252398,4.1508003874821,3.16633737869559,2.80780262704949,2.74573425427071,-0.277191956647743,1.85223630205129,0.361303202777181,1
"16560","PmetTSAr1.1-023880",1.84339473363365,2.55831802584247,2.03324734979919,2.80654921734825,1.42001065887546,1.66798129770571,2.07442134386492,2.32113617371338,-0.309133396786978,1.10855783672473,0.275570679275572,1
"16561","PmetTSAr1.1-023881",8.72240434938847,13.1485647374695,8.41669833172688,4.84526893183708,8.99340083954455,8.3681773579812,7.4176278356382,7.33139352428982,-0.130116706101444,3.08125480212279,0.696809945184159,1
"16562","PmetTSAr1.1-023883",3.19222014848753,2.17159553356396,5.29590007389556,4.63345389656552,4.69695833320343,3.6752130288431,3.93930517824853,1.61347270611784,-0.133946653968049,1.89051203638841,0.715416377961574,1
"16563","PmetTSAr1.1-023888",4.00151539739986,4.61092202332074,3.21536790200802,5.90434410819491,5.60722157607231,5.65417389052784,6.89378406193494,6.36897120835989,0.46163011781123,2.42096743432088,0.116878381880112,1
"16564","PmetTSAr1.1-023893",2.15812066376622,3.36151089442092,1.5131143068273,3.23017928789139,1.60206330744923,3.19460824814823,3.58309141213032,3.17033233482803,0.163052194597271,1.48672718247565,0.617787253895962,1
"16565","PmetTSAr1.1-023894",3.28214184281112,2.76655321399244,2.36424110441766,2.5417804232588,2.73078972860665,2.94017042307448,2.89161763084201,2.97218656390128,0.0770070972905261,1.52255263989146,0.776599376059117,1
"16566","PmetTSAr1.1-023895",8.49760011357949,5.89008103624197,6.95086884698793,6.75160424928118,9.21186401783308,6.78500866863341,2.57731136662005,7.21816736947454,-0.125337917303915,2.76249461491963,0.733840307102618,1
"16567","PmetTSAr1.1-023898",4.49608471617962,3.98621645887083,1.60768395100401,3.99800879075082,4.69695833320343,4.01446346227477,5.57369775220271,4.04783503464651,0.375162794304893,2.04387269953969,0.249712049918592,1
"16568","PmetTSAr1.1-023904",7.1038138515638,6.09831622439194,8.55855279799194,4.95117644947286,5.5344005166428,6.02169519341215,6.97759906572746,5.12348350539173,-0.16946946561462,2.66696397208797,0.565708684265966,1
"16569","PmetTSAr1.1-023906",10.2510731528895,8.18066810589163,15.4621368228915,12.4706102016135,12.4159906327315,8.19855214126537,9.19869666622929,7.92583083707008,-0.296696174393041,3.40123247901444,0.347179459272308,1
"16570","PmetTSAr1.1-023911",4.63096725766501,5.47361065994203,4.53934292048191,5.13651460533548,3.0948950257542,5.08875650147506,4.21170394057423,8.23720276281212,0.0602797058935408,2.35542682960761,0.857219065173239,1
"16571","PmetTSAr1.1-023914",4.94569318779758,4.9381487475564,5.91060276104415,8.68441644613422,6.48107428922644,5.06048563202242,2.93352513273827,4.92533773446498,-0.342106435052003,2.47070248874747,0.307037230045229,1
"16572","PmetTSAr1.1-023917",2.20308151092802,2.82604898203529,2.64795003694778,2.64768794089458,3.60464244176077,3.56212955103254,4.16979643867797,3.56662387668154,0.526876309034198,1.68820564464862,0.0441750365504177,1
"16573","PmetTSAr1.1-023918",1.61859049782466,2.29058706964966,1.56039912891566,1.9063353174441,2.51232655031811,2.91189955362184,2.93352513273827,2.12299040278663,0.49656495747886,1.20322910528796,0.0645415267022136,1
"16574","PmetTSAr1.1-023920",14.342510244613,12.1073887967196,7.75471082248993,11.729257578163,14.3093381778988,10.4036799585712,6.11849527685411,5.57638812465288,-0.338013975455858,3.37111503849855,0.345215605736852,1
"16575","PmetTSAr1.1-023923",5.84491013103351,6.4255429486276,5.24861525180721,6.27502041992016,7.13646382409203,6.4174873657491,5.9089577673728,5.8594535116911,0.0865934402980877,2.63287652992151,0.759062383176824,1
"16576","PmetTSAr1.1-023925",2.3829248995752,4.61092202332074,2.03324734979919,4.07743942897765,2.4395054908886,1.92241912277947,2.34682010619062,4.13275465075797,-0.284906370753424,1.61458686577162,0.415505325088726,1
"16577","PmetTSAr1.1-023927",5.48522335373914,6.33629929656333,2.60066521485943,7.70477190800323,4.26003197662637,8.96186561648663,7.52239659037885,8.91655969170384,0.418464545741911,2.71170372247165,0.250274930434732,1
"16578","PmetTSAr1.1-023928",3.01237675984035,2.40957860573535,3.35722236827308,5.74548283174124,3.27694767432797,5.65417389052784,0.754335034132698,2.09468386408281,-0.308686739232953,1.74282274488032,0.51085027792653,1
"16579","PmetTSAr1.1-023932",3.5968677729437,4.64066990734216,2.41152592650602,3.44199432316295,4.58772674405916,2.85535781471656,2.51445011377566,4.41582003779619,0.0180879567292477,1.85601432230417,0.9420709376169,1
"16580","PmetTSAr1.1-023934",4.49608471617962,3.95646857484941,5.10676078554215,7.09580368159747,4.36926356577063,5.25838171819089,2.99638638558266,3.17033233482803,-0.39188165232582,2.20629885542201,0.214399309087734,1
"16581","PmetTSAr1.1-023936",2.29300320525161,1.81462092530687,2.55338039277107,3.23017928789139,2.54873708003287,3.08152477033767,1.59248507205792,1.9531511705637,-0.11703410290171,1.2883390404198,0.719987256644238,1
"16582","PmetTSAr1.1-023937",4.49608471617962,5.56285431200631,2.88437414738955,4.07743942897765,3.75028456061979,3.6752130288431,4.69364021238123,5.06687042798409,0.0110771162776408,2.11862970295626,0.978378192527952,1
"16583","PmetTSAr1.1-023938",6.38444029697506,5.23562758777064,7.42371706787146,11.9940263722524,6.84517958637399,6.81327953808605,5.46892899746206,6.6520365953981,-0.271038836193664,2.84086025308268,0.408343598973898,1
"16584","PmetTSAr1.1-023941",2.78757252403137,2.3500828376925,3.12079825783131,2.93893361439298,2.22104231260007,2.20512781730586,2.30491260429436,1.89653809315605,-0.371159630788781,1.3416662281173,0.151008783517938,1
"16585","PmetTSAr1.1-023946",2.87749421835496,3.3317630103995,2.36424110441766,4.87174581124603,3.96874773890832,2.91189955362184,3.62499891402658,3.28355848964332,0.024151654608421,1.79605058959772,0.927203120808405,1
"16586","PmetTSAr1.1-023950",2.427885746737,3.36151089442092,4.20834916586344,5.63957531410546,2.25745284231483,3.19460824814823,3.75072141971536,3.31186502834714,-0.32230016884949,1.84219232964759,0.305861097015529,1
"16587","PmetTSAr1.1-023952",4.18135878604705,2.32033495367108,2.69523485903613,2.17110411153356,2.94925290689518,1.49835608098988,2.2001438495537,1.41532693519109,-0.490725705995593,1.30837961470678,0.128721504759496,1
"16588","PmetTSAr1.1-023955",6.29451860265147,8.18066810589163,5.0594759634538,4.31573134365817,6.22620058122315,6.30440388793854,6.62138529960924,6.68034313410192,0.114807456448138,2.64941318640777,0.708089271914029,1
"16589","PmetTSAr1.1-023958",8.54256096074128,5.38436700787776,12.9087564301204,3.49494808198085,9.06622189897406,4.52333911242227,3.05924763842705,4.9536442731688,-0.488175572469758,2.70593867950618,0.245975454413857,1
"16590","PmetTSAr1.1-023959",6.56428368562225,7.67495407752742,7.80199564457828,10.3259829694889,7.42774806181008,10.5450343058344,9.26155791907368,9.87898200763378,0.195744144548235,3.12990505600411,0.510566986111944,1
"16591","PmetTSAr1.1-023960",4.85577149347399,3.80772915474228,3.40450719036143,3.20370240848244,4.58772674405916,2.77054520635864,2.45158886093127,3.2552519509395,-0.228563629860128,1.84581314394895,0.446472392292766,1
"16592","PmetTSAr1.1-023961",5.48522335373914,4.0754601109351,21.1836002955822,7.83715630504796,9.3575061366921,4.86258954585394,2.57731136662005,3.53831733797771,-0.924130277010041,2.88605950154032,0.0634774048121003,1
"16593","PmetTSAr1.1-023962",2.78757252403137,3.65898973463516,3.68821612289155,3.52142496138979,4.8061899223477,3.16633737869559,2.28395885334622,3.02879964130892,-0.0494600832559114,1.77605230237369,0.889401150029876,1
"16594","PmetTSAr1.1-023964",4.67592810482681,6.30655141254191,5.81603311686745,5.08356084651759,4.73336886291819,5.73898649888576,5.99277277116532,5.88776005039492,0.0314582147250914,2.48372914886251,0.917998664078008,1
"16595","PmetTSAr1.1-023965",2.02323812228083,2.88554475007814,3.54636165662649,3.86562439370609,2.7672002583214,3.90137998446421,4.58887145764058,3.79307618631211,0.288075124778154,1.80400059175694,0.329466120224698,1
"16596","PmetTSAr1.1-023966",2.96741591267855,3.65898973463516,2.08053217188754,2.91245673498404,2.4395054908886,2.48783651183225,1.32008630973222,2.94388002519746,-0.350944900712199,1.4118882943617,0.259172506800279,1
"16597","PmetTSAr1.1-023967",4.31624132753244,4.49193048723504,2.69523485903613,4.44811574070289,2.7672002583214,4.12754694008532,3.20592389506397,3.62323695408918,-0.220831658932835,1.91602819988978,0.450106628232222,1
"16598","PmetTSAr1.1-023969",3.5968677729437,3.65898973463516,2.2223866381526,3.15074864966455,4.33285303605588,4.91913128475922,4.27456519341862,2.68912117686306,0.356143105923282,1.87684782908495,0.22733891582264,1
"16599","PmetTSAr1.1-023973",3.23718099564933,1.39815054900693,11.4902117674698,7.17523431982431,3.96874773890832,4.29717215680116,2.2001438495537,3.05710618001275,-0.783480697692156,2.21519900633373,0.104846148125722,1
"16600","PmetTSAr1.1-023974",4.94569318779758,2.40957860573535,2.41152592650602,2.67416482030353,2.94925290689518,1.89414825332683,1.82297633248735,2.03807078667516,-0.514656031730024,1.42831512629569,0.104654613524596,1
"16601","PmetTSAr1.1-023975",6.78908792143123,4.64066990734216,6.14702687148592,5.26889900238021,10.8867483847118,6.58711258246493,1.90679133627988,4.01952849594268,0.0318188697161319,2.54295434311466,0.939664366444738,1
"16602","PmetTSAr1.1-023983",2.60772913538418,3.24251935833523,2.60066521485943,2.85950297616615,2.73078972860665,3.87310911501157,2.13728259670931,3.28355848964332,0.0814131155973665,1.57530727748476,0.766276874426451,1
"16603","PmetTSAr1.1-023987",3.14725930132574,4.58117413929931,1.84410806144578,3.15074864966455,3.05848449603944,4.63642259023283,3.56213766118219,3.82138272501593,0.23695375721626,1.82612551585045,0.441599804011712,1
"16604","PmetTSAr1.1-023989",4.00151539739986,6.21730776047764,3.12079825783131,4.65993077597446,4.1508003874821,5.99342432395951,6.30707903538728,5.32162927631848,0.270466347847641,2.33467784638156,0.379922977937746,1
"16605","PmetTSAr1.1-023992",4.04647624456166,6.99075274503466,3.35722236827308,5.74548283174124,4.00515826862308,9.21630344156038,5.04985397849945,3.39678464445861,0.101112652669027,2.40537445282619,0.777579330971361,1
"16606","PmetTSAr1.1-023994",5.62010589522453,5.62235008004915,1.93867770562248,5.40128339942494,5.49798998692805,4.55160998187491,3.9183514273004,3.93460887983122,-0.0608367994295847,2.20966031125023,0.872222877110513,1
"16607","PmetTSAr1.1-024003",2.3829248995752,3.71848550267801,2.31695628232931,3.44199432316295,2.4395054908886,3.30769172595879,3.39450765359714,2.80234733167835,0.0027253495065039,1.6065462525435,1,1
"16608","PmetTSAr1.1-024004",6.20459690832788,8.2699117579559,5.76874829477909,7.38704935509588,8.15595865610518,7.91584344673898,8.40245413020033,6.76526275021339,0.174148222307131,2.89259778768536,0.546005568951076,1
"16609","PmetTSAr1.1-024007",1.79843388647185,3.65898973463516,2.50609557068272,5.21594524356232,3.05848449603944,3.30769172595879,1.55057757016166,4.01952849594268,-0.157564009502459,1.68154315644465,0.688237003992001,1
"16610","PmetTSAr1.1-024010",5.75498843670992,2.4690743737782,11.3483573012048,5.87786722878597,5.57081104635756,4.26890128734852,2.55635761567192,2.80234733167835,-0.7423495729415,2.35532239657131,0.0735002998699257,1
"16611","PmetTSAr1.1-024011",2.24804235808981,2.88554475007814,3.35722236827308,4.42163886129395,2.87643184746567,3.36423346486407,2.51445011377566,2.54758848334395,-0.200673495487786,1.62768404862103,0.501383705699013,1
"16612","PmetTSAr1.1-024012",2.06819896944263,2.91529263409956,1.70225359518072,2.1975809909425,2.11181072345581,2.65746172854809,1.55057757016166,1.55685962871019,-0.188316338270152,1.10921781406335,0.543506138418568,1
"16613","PmetTSAr1.1-024014",5.08057572928297,6.00907257232767,3.92464023333332,4.87174581124603,4.51490568462965,3.6752130288431,4.33742644626301,4.98195081187262,-0.186853755620561,2.24386985785345,0.517272690186628,1
"16614","PmetTSAr1.1-024015",2.74261167686957,2.14184764954254,4.01920987751002,4.26277758484027,3.75028456061979,2.65746172854809,2.30491260429436,2.00976424797134,-0.301660894291824,1.60453593719806,0.340376970725078,1
"16615","PmetTSAr1.1-024018",1.84339473363365,1.57663785313548,8.7949769084337,4.97765332888181,3.0948950257542,1.97896086168474,1.9906063400724,1.6983923222293,-0.970432808310576,1.71542845458983,0.0336022447599787,1
"16616","PmetTSAr1.1-024022",6.06971436684249,4.67041779136358,2.83708932530119,3.62733247902557,4.04156879833783,4.1840886789906,5.44797524651393,4.84041811835351,0.108546274652906,2.17911008513956,0.738901961489549,1
"16617","PmetTSAr1.1-024023",3.19222014848753,4.8191572114707,4.20834916586344,3.7597168760703,3.16771608518371,2.79881607581128,3.83453642350788,3.99122195723886,-0.212349946660033,1.91977294080665,0.45030700066408,1
"16618","PmetTSAr1.1-024028",4.36120217469423,4.28369529908507,8.65312244216864,4.44811574070289,5.5344005166428,5.484548673812,4.50505645384806,3.9063023411274,-0.158217418377234,2.37797092758971,0.620938133928445,1
"16619","PmetTSAr1.1-024030",3.41702438429651,4.0754601109351,3.83007058915661,3.15074864966455,2.84002131775091,1.75279390606363,2.2001438495537,3.51001079927389,-0.492312053593359,1.6560678309259,0.0896894760497835,1
"16620","PmetTSAr1.1-024031",4.18135878604705,4.58117413929931,6.61987509236945,5.45423715824283,5.68004263550182,7.83103083838106,3.41546140454527,5.26501619891084,0.089878577782972,2.44274152105076,0.785212577489986,1
"16621","PmetTSAr1.1-024034",3.23718099564933,4.67041779136358,3.07351343574296,3.68028623784347,3.64105297147553,4.41025563461172,4.12788893678171,3.93460887983122,0.131266320117822,1.96874350624061,0.641446183421285,1
"16622","PmetTSAr1.1-024037",3.5519069257819,2.29058706964966,3.30993754618473,2.91245673498404,2.98566343660993,3.13806650924295,2.82875637799762,3.05710618001275,0.000497389639602703,1.61661018341436,1,1
"16623","PmetTSAr1.1-024038",1.93331642795724,2.3500828376925,1.56039912891566,3.23017928789139,1.96616860459678,2.57264912019017,2.6820801213607,2.66081463815924,0.109519548012786,1.2874933058331,0.698994116234371,1
"16624","PmetTSAr1.1-024040",2.20308151092802,4.72991355940643,2.31695628232931,2.32996538798723,2.87643184746567,4.01446346227477,4.06502768393732,3.28355848964332,0.292537351640116,1.72206323648951,0.345309828100608,1
"16625","PmetTSAr1.1-024042",2.69765082970777,2.29058706964966,1.93867770562248,2.43587290562301,1.63847383716399,2.20512781730586,1.92774508722801,2.17960348019427,-0.234154201253963,1.15376448981436,0.384622801379477,1
"16626","PmetTSAr1.1-024044",5.48522335373914,4.70016567538501,6.14702687148592,7.25466495805115,5.06106363035098,3.6752130288431,4.25361144247049,3.99122195723886,-0.476174847010198,2.35824598395526,0.101466057590537,1
"16627","PmetTSAr1.1-024049",3.5968677729437,3.39125877844235,4.72848220883532,3.07131801143771,3.20412661489846,4.29717215680116,4.33742644626301,3.67985003149682,0.0789027664256176,1.94421348244502,0.794076813699203,1
"16628","PmetTSAr1.1-024050",2.51780744106059,2.43932648975678,4.16106434377508,3.09779489084666,3.02207396632469,2.43129477292697,2.40968135903501,2.77404079297453,-0.197041797692519,1.54172326226261,0.486126280319242,1
"16629","PmetTSAr1.1-024054",1.97827727511903,2.3500828376925,1.89139288353413,1.50918212630991,1.52924224801972,1.04602216974765,1.67630007585044,1.83992501574841,-0.338358332930218,0.836430429225801,0.233690392464923,1
"16630","PmetTSAr1.1-024056",4.04647624456166,4.8191572114707,4.87033667510038,4.87174581124603,4.36926356577063,5.11702737092769,4.86127021996628,4.9536442731688,0.0521878477050001,2.26375416938471,0.852271544371748,1
"16631","PmetTSAr1.1-024061",4.27128048037064,4.16470376299937,3.45179201244979,2.62121106148563,4.4784951549149,4.91913128475922,4.75650146522562,3.70815657020064,0.303729919016368,2.03884818214068,0.29454759401773,1
"16632","PmetTSAr1.1-024062",2.427885746737,2.88554475007814,2.2223866381526,3.4684712025719,1.85693701545252,3.05325390088503,2.72398762325697,3.84968926371975,0.0558941992054675,1.52605364462896,0.846603988450641,1
"16633","PmetTSAr1.1-024064",8.94720858519745,8.06167656980593,7.14000813534134,7.94306382268374,6.99082170523301,7.46350953549675,7.83670285460081,8.18058968540448,-0.0742410237781732,2.97854873941647,0.794603518134792,1
"16634","PmetTSAr1.1-024069",3.19222014848753,2.85579686605671,3.12079825783131,2.35644226739618,3.75028456061979,3.16633737869559,3.14306264221958,2.49097540593631,0.126801115765908,1.61718819943569,0.649986583938504,1
"16635","PmetTSAr1.1-024070",3.41702438429651,4.78940932744928,2.78980450321284,3.70676311725241,2.98566343660993,2.91189955362184,4.84031646901815,3.70815657020064,-0.0267722989381215,1.89244930917285,0.932027644917306,1
"16636","PmetTSAr1.1-024072",5.66506674238632,6.12806410841336,6.61987509236945,5.56014467587862,6.51748481894119,8.08546866345481,7.37572033374194,6.48219736317517,0.249019425030309,2.72643375626786,0.381345522887981,1
"16637","PmetTSAr1.1-024074",1.57362965066287,2.40957860573535,2.83708932530119,1.87985843803515,2.0389896640263,1.80933564496891,1.02673379645839,1.18887462556051,-0.530570792347386,0.923804856149476,0.0893466765465401,1
"16638","PmetTSAr1.1-024075",7.64334401750536,7.58571042546314,5.24861525180721,6.98989616396169,6.29902164065266,5.85206997669631,7.31285908089755,6.59542351799046,-0.0766672416974755,2.75589118778527,0.794117190170299,1
"16639","PmetTSAr1.1-024077",3.82167200875268,4.40268683517077,3.26265272409637,3.54790184079874,3.422589793187,2.68573259800072,4.42124145005554,3.19863887353185,-0.130243905005672,1.87140295642376,0.646015745658929,1
"16640","PmetTSAr1.1-024079",17.2649653101297,15.498647575162,31.4444066887549,21.6051335976998,24.9776233843221,15.7751451545727,13.0960943425816,13.8985105035765,-0.341250170725734,4.26625981020444,0.310060312215618,1
"16641","PmetTSAr1.1-024080",1.57362965066287,2.5880659098639,1.65496877309236,2.62121106148563,1.63847383716399,1.72452303661099,2.55635761567192,2.46266886723249,-0.0193454720162873,1.11985909203533,0.970244622368147,1
"16642","PmetTSAr1.1-024082",3.32710268997292,5.74134161613485,2.78980450321284,4.20982382602238,3.89592667947881,3.27942085650615,3.9183514273004,4.33090042168472,-0.0672107252299905,2.00159333245587,0.837980761839768,1
"16643","PmetTSAr1.1-024083",3.64182862010549,4.90840086353498,4.06649469959838,3.68028623784347,3.31335820404273,3.81656737610629,3.77167517066349,3.28355848964332,-0.200200683426352,1.95293978576809,0.458630199307359,1
"16644","PmetTSAr1.1-024084",2.47284659389879,1.69562938922117,1.98596252771084,2.96541049380193,2.22104231260007,2.8836286841692,1.42485506447287,1.58516616741402,-0.177878146382913,1.14627472250362,0.574388127586831,1
"16645","PmetTSAr1.1-024088",7.68830486466715,10.6497424796698,6.09974204939757,5.77195971115018,7.9739060075314,4.07100520118004,4.92413147281067,6.99171505984396,-0.337503571236359,2.77151757708484,0.312142277931242,1
"16646","PmetTSAr1.1-024089",2.87749421835496,2.55831802584247,3.35722236827308,2.48882666444091,2.54873708003287,1.86587738387419,2.57731136662005,2.20791001889809,-0.285901623187099,1.38688123425227,0.280544251431517,1
"16647","PmetTSAr1.1-024091",2.47284659389879,2.17159553356396,2.31695628232931,3.52142496138979,2.29386337202958,1.69625216715835,2.11632884576118,2.23621655760192,-0.338344876549666,1.27172740889329,0.229525176730087,1
"16648","PmetTSAr1.1-024093",4.00151539739986,4.84890509549213,4.3502036321285,6.03672850523964,4.07797932805259,6.98290475480188,7.20809032615689,7.44461967910511,0.416623285346147,2.50901235010457,0.176626157071838,1
"16649","PmetTSAr1.1-024096",3.82167200875268,4.1944516470208,3.16808307991967,4.26277758484027,4.8061899223477,4.04273433172741,4.16979643867797,4.04783503464651,0.137560676275626,2.04576094461989,0.609845636603813,1
"16650","PmetTSAr1.1-024102",6.60924453278405,6.03882045634909,5.95788758313251,5.26889900238021,6.00773740293462,5.42800693490673,5.51083649935832,5.29332273761466,-0.101262957224422,2.54157165401076,0.718818728483094,1
"16651","PmetTSAr1.1-024103",3.14725930132574,2.5880659098639,4.06649469959838,2.99188737321088,2.91284237718042,5.28665258764353,2.30491260429436,3.51001079927389,0.135599603484179,1.76929235455779,0.674852778000065,1
"16652","PmetTSAr1.1-024106",2.78757252403137,6.60403025275615,2.17510181606425,5.56014467587862,2.80361078803616,5.93688258505423,4.96603897470693,3.82138272501593,0.0265776085470431,2.14065383775548,0.943930796433955,1
"16653","PmetTSAr1.1-024107",3.50694607862011,4.67041779136358,3.21536790200802,3.91857815252398,2.33027390174434,4.35371389570644,5.53179025030645,5.32162927631848,0.196602739429831,2.06284888602536,0.544070963032965,1
"16654","PmetTSAr1.1-024108",3.86663285591448,3.62924185061374,3.07351343574296,5.34832964060705,3.8231056200493,5.06048563202242,3.72976766876723,4.64227234742676,0.11005085085188,2.07509429491885,0.702587623840229,1
"16655","PmetTSAr1.1-024113",3.10229845416394,3.83747703876371,2.78980450321284,2.27701162916934,2.7672002583214,1.97896086168474,2.24205135144996,2.26452309630574,-0.378927917825772,1.44024867925038,0.17174619998773,1
"16656","PmetTSAr1.1-024114",5.35034081225375,3.48050243050662,7.04543849116463,4.50106949952079,3.13130555546895,3.76002563720101,6.1813565296985,5.40654889242995,-0.131677221471272,2.29694480392232,0.6813859954502,1
"16657","PmetTSAr1.1-024116",3.28214184281112,3.80772915474228,2.1278169939759,1.29736709103834,2.11181072345581,1.01775130029501,2.43063510998314,2.68912117686306,-0.345520119807785,1.26447590082317,0.343178304165737,1
"16658","PmetTSAr1.1-024117",3.46198523145831,4.16470376299937,2.41152592650602,1.9063353174441,3.422589793187,1.9506899922321,2.51445011377566,2.74573425427071,-0.171077064894371,1.52582844955147,0.59890359676962,1
"16659","PmetTSAr1.1-024118",1.93331642795724,3.71848550267801,4.91762149718874,5.53366779646967,3.31335820404273,4.24063041789588,2.97543263463453,2.63250809945542,-0.29593171843487,1.89565052301904,0.385041147304067,1
"16660","PmetTSAr1.1-024119",10.7456424716693,7.61545830948457,4.20834916586344,6.3014972993291,8.33801130467896,6.44575823520174,9.68063293803629,9.42607738837263,0.23189178622371,2.98362429727322,0.489317641878902,1
"16661","PmetTSAr1.1-024120",2.51780744106059,1.18991536085696,2.60066521485943,2.46234978503196,1.27436854001643,1.97896086168474,1.27817880783596,1.38702039648726,-0.556716588727666,0.916570638691435,0.0670982294490314,1
"16662","PmetTSAr1.1-024121",2.427885746737,3.12352782224953,1.5131143068273,1.50918212630991,1.45642118859021,0.989480430842372,1.2362713059397,1.41532693519109,-0.756330638028631,0.819363128626093,0.0144315888957733,1
"16663","PmetTSAr1.1-024127",7.64334401750536,8.74587790229868,11.3483573012048,5.98377474642175,8.88416925040029,6.19132041012799,8.96820540579986,8.94486623040766,-0.0290827527320914,3.06948632854407,0.925429251609077,1
"16664","PmetTSAr1.1-024133",4.7208889519886,5.89008103624197,2.31695628232931,1.98576595567094,3.49541085261651,3.08152477033767,2.89161763084201,3.42509118316243,-0.21198586369755,1.82166470527206,0.546074180745391,1
"16665","PmetTSAr1.1-024134",6.11467521400429,7.61545830948457,5.91060276104415,5.56014467587862,5.31593733835427,4.77777693749603,5.53179025030645,6.51050390187899,-0.187522911057163,2.57962555031425,0.5151185807562,1
"16666","PmetTSAr1.1-024135",1.75347303931005,1.96336034541399,1.56039912891566,1.87985843803515,1.42001065887546,1.69625216715835,1.69725382679857,1.78331193834077,-0.121022411035827,0.834075847974522,0.661155436620386,1
"16667","PmetTSAr1.1-024137",2.02323812228083,1.90386457737114,2.36424110441766,2.46234978503196,2.18463178288532,2.37475303402169,2.03251384196866,2.37774925112102,0.0331450618741123,1.18704357183842,0.903729733757021,1
"16668","PmetTSAr1.1-024150",9.30689536249182,12.553607057041,8.93683137469876,14.0592229661502,9.3575061366921,13.5134755983615,14.0599668861956,10.5017258591179,0.0790788450627194,3.53697380033404,0.795476355151431,1
"16669","PmetTSAr1.1-024154",2.3829248995752,3.39125877844235,4.25563398795179,3.99800879075082,3.53182138233126,5.23011084873825,3.33164640075275,3.05710618001275,0.10863283029565,1.89174099741612,0.720960991925025,1
"16670","PmetTSAr1.1-024155",8.45263926641769,9.81680172706995,7.61285635622487,9.45224594899365,8.48365342353798,12.6088077758771,9.76444794182881,10.5017258591179,0.22581664895527,3.27115889495166,0.438185781528063,1
"16671","PmetTSAr1.1-024156",4.09143709172346,5.23562758777064,2.78980450321284,3.70676311725241,3.75028456061979,5.39973606545409,5.82514276358028,4.07614157335033,0.266071737727472,2.14736142325678,0.380425834898355,1
"16672","PmetTSAr1.1-024157",4.36120217469423,3.51025031452804,2.78980450321284,3.38904056434506,4.95183204120672,3.16633737869559,4.25361144247049,3.28355848964332,0.154425694228543,1.91634329695084,0.595280392000173,1
"16673","PmetTSAr1.1-024158",2.83253337119316,3.27226724235665,1.93867770562248,2.96541049380193,2.73078972860665,3.13806650924295,2.97543263463453,2.80234733167835,0.0733387310824885,1.53539642087457,0.786719489303877,1
"16674","PmetTSAr1.1-024159",5.84491013103351,5.97932468830624,5.8633179389558,7.44000311391377,4.95183204120672,7.26561344932828,9.6177716851919,7.5578458339204,0.227001193866621,2.78364752178515,0.459613786010988,1
"16675","PmetTSAr1.1-024167",3.10229845416394,5.97932468830624,1.56039912891566,5.11003772592654,1.34718959944595,4.12754694008532,4.92413147281067,4.41582003779619,-0.0919053725570754,1.96368434035728,0.838403831948254,1
"16676","PmetTSAr1.1-024168",11.689820262067,13.0890689694266,11.9630599883534,9.79644538130995,12.4524011624463,11.1104516948872,10.3930604702727,10.1054343172644,-0.0790684584795237,3.50883205453059,0.783477734697958,1
"16677","PmetTSAr1.1-024169",2.96741591267855,3.74823338669944,2.9316589694779,3.99800879075082,3.02207396632469,3.90137998446421,4.48410270289993,4.38751349909237,0.207511908848258,1.90696440221891,0.458678583805785,1
"16678","PmetTSAr1.1-024170",2.69765082970777,4.10520799495653,3.35722236827308,3.73323999666136,2.18463178288532,2.96844129252712,2.89161763084201,3.39678464445861,-0.282395758155308,1.69190587099323,0.312193875650159,1
"16679","PmetTSAr1.1-024174",2.20308151092802,2.14184764954254,3.40450719036143,3.68028623784347,3.67746350119028,3.98619259282213,3.16401639316771,3.05710618001275,0.276998825462666,1.69076208330831,0.335179852373109,1
"16680","PmetTSAr1.1-024176",4.90073234063579,5.29512335581349,2.1278169939759,6.14263602287543,4.91542151149196,4.07100520118004,3.16401639316771,5.3499358150223,-0.0863285157318592,2.18974869010571,0.811716240727793,1
"16681","PmetTSAr1.1-024179",4.63096725766501,5.32487123983491,4.53934292048191,4.68640765538341,5.64363210578707,5.79552823779104,5.6994202578915,5.83114697298727,0.258465406726613,2.41526500471588,0.344120257522776,1
"16682","PmetTSAr1.1-024181",6.33947944981327,7.64520619350599,3.12079825783131,5.42776027883389,5.35234786806902,4.63642259023283,7.31285908089755,6.79356928891721,0.0945509435617623,2.5602528678994,0.774247148525712,1
"16683","PmetTSAr1.1-024188",3.41702438429651,2.82604898203529,2.36424110441766,1.9063353174441,2.84002131775091,2.20512781730586,2.72398762325697,1.75500539963695,-0.136528526579082,1.3567895208167,0.629082327879545,1
"16684","PmetTSAr1.1-024190",2.24804235808981,2.82604898203529,1.93867770562248,1.58861276453675,2.80361078803616,1.35700173372668,1.76011507964296,2.6042015607516,-0.0204449561556566,1.13681923235831,0.97186093418719,1
"16685","PmetTSAr1.1-024198",5.08057572928297,5.23562758777064,4.96490631927709,8.63146268731633,5.24311627892476,6.75673779918077,7.8995641074452,7.44461967910511,0.190734545006887,2.6957501747871,0.536961814886524,1
"16686","PmetTSAr1.1-024201",4.85577149347399,6.63377813677757,5.81603311686745,4.13039318779555,5.46157945721329,4.38198476515908,3.66690641592284,4.18936772816561,-0.278530321724238,2.30660281565272,0.348087718881085,1
"16687","PmetTSAr1.1-024202",2.24804235808981,3.36151089442092,2.60066521485943,3.65380935843452,3.16771608518371,2.45956564237961,2.99638638558266,3.19863887353185,-0.0167168876984028,1.59798076289452,0.977522628849322,1
"16688","PmetTSAr1.1-024207",3.05733760700214,3.80772915474228,2.26967146024096,3.7597168760703,2.29386337202958,2.79881607581128,3.72976766876723,3.08541271871657,-0.11799252099627,1.66412677500302,0.689152742278364,1
"16689","PmetTSAr1.1-024210",3.50694607862011,4.99764451559925,2.9316589694779,2.99188737321088,4.00515826862308,3.36423346486407,4.12788893678171,4.64227234742676,0.158024570523571,1.95854212268002,0.587864592960129,1
"16690","PmetTSAr1.1-024215",5.39530165941555,3.77798127072086,4.3502036321285,6.51331233460067,5.57081104635756,4.52333911242227,3.60404516307845,4.16106118946179,-0.170879824270908,2.26175999772825,0.576553851545268,1
"16691","PmetTSAr1.1-024219",1.88835558079544,2.55831802584247,1.60768395100401,2.22405787035145,1.49283171830497,2.96844129252712,2.99638638558266,2.80234733167835,0.306198069245433,1.25690404694813,0.296923557389744,1
"16692","PmetTSAr1.1-024223",2.3379640524134,1.24941112889981,1.89139288353413,2.51530354384985,3.60464244176077,1.4418143420846,0.942918792665873,1.24548770296816,-0.159383983072017,0.966418728120403,0.705304428850823,1
"16693","PmetTSAr1.1-024225",1.93331642795724,1.57663785313548,5.76874829477909,3.65380935843452,3.38617926347224,3.22287911760087,1.69725382679857,2.09468386408281,-0.313168389894702,1.56781439009679,0.420466797981166,1
"16694","PmetTSAr1.1-024228",3.91159370307627,3.95646857484941,3.21536790200802,3.1772255290735,3.05848449603944,2.79881607581128,3.41546140454527,3.51001079927389,-0.15596406038214,1.78274319614092,0.562480572706599,1
"16695","PmetTSAr1.1-024230",5.53018420090094,7.05024851307751,4.77576703092368,4.28925446424922,6.08055846236413,5.03221476256978,5.59465150315084,4.67057888613058,-0.0193693971455256,2.44343461437347,0.95336757173785,1
"16696","PmetTSAr1.1-024233",4.27128048037064,5.35461912385634,2.9316589694779,3.86562439370609,4.73336886291819,4.80604780694866,3.79262892161162,5.12348350539173,0.162264220842022,2.14564624859876,0.575948209734268,1
"16697","PmetTSAr1.1-024235",3.91159370307627,4.13495587897795,4.68119738674697,4.65993077597446,3.60464244176077,5.42800693490673,6.22326403159476,4.35920696038854,0.177125059598503,2.23042971407942,0.550940845017138,1
"16698","PmetTSAr1.1-024239",8.90224773803565,13.4460435776837,13.1924653626506,11.4909656634825,10.122127260702,14.7008521153724,18.1249945701329,13.3889928069077,0.261122814322609,3.69942679435084,0.397153765269446,1
"16699","PmetTSAr1.1-024241",2.24804235808981,3.71848550267801,3.35722236827308,2.72711857912142,2.29386337202958,2.57264912019017,2.26300510239809,3.2552519509395,-0.216956622826733,1.51855872115087,0.444763758910637,1
"16700","PmetTSAr1.1-024245",3.41702438429651,3.68873761865659,2.78980450321284,3.89210127311503,3.20412661489846,2.77054520635864,3.08020138937518,2.6042015607516,-0.24827669829477,1.69734200810878,0.359429503841831,1
"16701","PmetTSAr1.1-024251",3.73175031442909,3.77798127072086,2.69523485903613,3.49494808198085,3.27694767432797,3.56212955103254,2.87066387989388,3.17033233482803,-0.0942244757239693,1.7588484186142,0.745067430112445,1
"16702","PmetTSAr1.1-024256",6.20459690832788,8.21041598991305,4.53934292048191,11.226196869393,7.90108494810189,10.5733051752871,5.95086526926906,8.06736353058919,0.100871496135886,2.98270814452588,0.762861608941892,1
"16703","PmetTSAr1.1-024261",11.5549377205816,11.4529353482483,8.36941350963852,10.6701824018052,10.0128956715577,8.73569866086551,8.75866789631855,10.0771277785605,-0.163250665785872,3.32405224031221,0.572171211489756,1
"16704","PmetTSAr1.1-024263",3.50694607862011,3.48050243050662,2.88437414738955,4.23630070543133,3.71387403090504,4.12754694008532,3.18497014411584,2.85896040908599,-0.030171815763459,1.83296033612766,0.93328762771844,1
"16705","PmetTSAr1.1-024265",6.96893131007841,10.2630199873913,3.54636165662649,5.08356084651759,6.26261111093791,4.1840886789906,5.32225274082515,6.14251889872931,-0.242686633285416,2.59337853730964,0.491187265731436,1
"16706","PmetTSAr1.1-024269",2.51780744106059,2.94504051812099,2.31695628232931,1.80042779980831,2.62155813946238,3.27942085650615,2.49349636282753,1.86823155445223,0.100556748393746,1.34571334759764,0.729203971441584,1
"16707","PmetTSAr1.1-024272",4.36120217469423,7.25848370122748,6.52530544819275,4.58050013774762,3.05848449603944,3.59040042048518,7.16618282426063,5.3499358150223,-0.241263406650781,2.40619829997333,0.474314500934376,1
"16708","PmetTSAr1.1-024275",9.62162129262439,10.7389861317341,10.4972305036144,11.7557344575719,11.1416220927151,10.969097347624,12.0274530442269,11.2093893267134,0.0889965628343081,3.46726007472088,0.751474880242091,1
"16709","PmetTSAr1.1-024278",3.01237675984035,2.91529263409956,1.84410806144578,1.40327460867413,2.98566343660993,1.78106477551627,2.89161763084201,2.66081463815924,0.173399978442239,1.32045784093896,0.591219327720326,1
"16710","PmetTSAr1.1-024281",9.30689536249182,11.1257086240126,7.61285635622487,8.31374013440898,9.86725355269868,9.38592865827622,8.94725165485172,9.34115777226117,0.0446831647162063,3.21734103089354,0.877808090401629,1
"16711","PmetTSAr1.1-024285",4.45112386901783,6.93125697699181,2.08053217188754,3.83914751429714,3.89592667947881,5.51281954326464,7.56430409227511,4.41582003779619,0.303171440337115,2.29643120957365,0.40753359824141,1
"16712","PmetTSAr1.1-024289",5.35034081225375,6.96100486101324,3.40450719036143,5.32185276119811,5.75286369493133,7.46350953549675,8.77962164726668,7.89752429836626,0.503922087717629,2.68721597215075,0.106192502117783,1
"16713","PmetTSAr1.1-024290",4.18135878604705,5.77108950015627,2.74251968112449,3.68028623784347,3.8231056200493,4.15581780953796,8.3815003792522,5.09517696668791,0.389543114570928,2.26439869256925,0.253321034659596,1
"16714","PmetTSAr1.1-024296",12.6789588996265,7.43697100535602,1.93867770562248,3.23017928789139,4.11438985776735,2.26166955621114,2.57731136662005,9.00147930781531,-0.493259685047187,2.44742717721398,0.348701864032584,1
"16715","PmetTSAr1.1-024297",8.13791333628512,9.69781019098426,7.66014117831322,8.63146268731633,7.93749547781665,8.39644822743384,8.48626913399285,8.97317276911148,-0.0152885434825233,3.09660820871158,0.961620725948624,1
"16716","PmetTSAr1.1-024298",5.17049742360657,5.94957680428482,9.26782512931723,12.1264107692972,7.35492700238057,7.88757257728634,6.05563402400972,7.18986083077072,-0.193306942104886,2.94259964737917,0.562612611607111,1
"16717","PmetTSAr1.1-024301",4.54104556334142,5.20587970374922,3.02622861365461,6.96341928455275,3.0948950257542,5.484548673812,4.33742644626301,4.9536442731688,-0.148103108026457,2.25433167961594,0.657279722877815,1
"16718","PmetTSAr1.1-024305",2.74261167686957,1.27915901292124,4.39748845421685,2.30348850857828,2.65796866917713,1.86587738387419,0.796242536028959,1.52855309000637,-0.646477025658953,1.15984624937114,0.100040003831554,1
"16719","PmetTSAr1.1-024307",2.47284659389879,1.75512515726402,2.03324734979919,3.04484113202877,2.65796866917713,1.15910564755821,0.754335034132698,0.934115777226117,-0.780989859984754,0.927132952505743,0.0356130022225591,1
"16720","PmetTSAr1.1-024312",2.96741591267855,3.83747703876371,1.65496877309236,2.62121106148563,2.0389896640263,2.71400346745336,3.41546140454527,2.71742771556688,-0.0279076496775844,1.49315970982484,0.945142514423218,1
"16721","PmetTSAr1.1-024317",1.57362965066287,2.76655321399244,2.31695628232931,4.84526893183708,2.73078972860665,5.96515345450687,4.23265769152236,3.2552519509395,0.481914435250775,1.82327538020574,0.176693555277992,1
"16722","PmetTSAr1.1-024322",1.84339473363365,2.02285611345684,2.1278169939759,3.04484113202877,1.78411595602301,2.31821129511641,2.78684887610136,1.35871385778344,-0.133365866393534,1.15580683302084,0.669700738018954,1
"16723","PmetTSAr1.1-024329",6.83404876859303,8.95411309044865,7.56557153413652,8.81680084317895,6.04414793264938,8.33990648852856,12.9494180859447,9.85067546892996,0.209504526876167,3.12788323806256,0.508763276954507,1
"16724","PmetTSAr1.1-024331",5.84491013103351,5.41411489189919,5.81603311686745,6.03672850523964,5.46157945721329,6.58711258246493,4.98699272565506,5.88776005039492,-0.012192674718732,2.53978400887784,0.971393767562227,1
"16725","PmetTSAr1.1-024333",6.42940114413686,8.65663425023441,11.8684903441767,9.63758410485627,6.5903058783707,8.96186561648663,8.6538991415779,6.02929274391403,-0.273860432518622,3.07263984466862,0.378704903563508,1
"16726","PmetTSAr1.1-024335",2.65268998254598,3.53999819854947,2.36424110441766,2.43587290562301,3.49541085261651,3.47731694267462,3.24783139696023,3.45339772186625,0.308907006440962,1.65500389317753,0.251210248629923,1
"16727","PmetTSAr1.1-024341",4.49608471617962,4.22419953104222,8.60583762008029,2.38291914680512,4.26003197662637,3.22287911760087,2.55635761567192,3.67985003149682,-0.51744093884776,2.07660981548728,0.15424585132667,1
"16728","PmetTSAr1.1-024345",2.15812066376622,4.01596434289225,1.65496877309236,2.11815035271566,1.85693701545252,3.22287911760087,1.46676256636914,2.29282963500956,-0.181829527582049,1.27100695169126,0.597914400343533,1
"16729","PmetTSAr1.1-024346",7.46350062885817,8.92436520642723,6.19431169357427,7.33409559627799,7.13646382409203,7.0677173631598,7.31285908089755,6.82187582762103,-0.0798216054065517,2.87682356552477,0.786217818851458,1
"16730","PmetTSAr1.1-024349",8.04799164196152,8.74587790229868,4.3502036321285,10.1141679342173,8.04672706696092,10.4036799585712,10.3721067193246,8.26550930151594,0.243561676752208,3.10701117939104,0.448088516269241,1
"16731","PmetTSAr1.1-024356",2.06819896944263,2.49882225779962,2.1278169939759,1.77395092039937,1.89334754516727,1.86587738387419,2.55635761567192,2.23621655760192,0.0210560280382836,1.1314903729169,0.967425082091004,1
"16732","PmetTSAr1.1-024357",3.19222014848753,4.49193048723504,4.01920987751002,4.23630070543133,3.27694767432797,3.10979563979031,4.04407393298919,3.11371925742039,-0.235982602657676,1.90639525591032,0.387867544065312,1
"16733","PmetTSAr1.1-024358",4.18135878604705,4.61092202332074,13.523459117269,3.86562439370609,4.22362144691161,4.01446346227477,3.77167517066349,4.58565927001912,-0.652180024980714,2.42910388289441,0.0955125011705132,1
"16734","PmetTSAr1.1-024360",2.60772913538418,3.15327570627095,2.69523485903613,3.8126706348882,2.0389896640263,3.76002563720101,3.18497014411584,2.63250809945542,-0.081479369315202,1.6103707235729,0.788888593726972,1
"16735","PmetTSAr1.1-024361",3.05733760700214,4.87865297951355,4.3502036321285,3.62733247902557,3.34976873375749,1.92241912277947,1.67630007585044,2.80234733167835,-0.716381877367493,1.70513080223539,0.0195553699278564,1
"16736","PmetTSAr1.1-024362",2.29300320525161,2.94504051812099,2.17510181606425,3.30960992611823,2.25745284231483,3.30769172595879,2.59826511756818,3.48170426057007,0.109602534449871,1.51821409753433,0.692882481627454,1
"16737","PmetTSAr1.1-024363",5.17049742360657,4.70016567538501,7.14000813534134,7.70477190800323,7.10005329437728,5.42800693490673,5.13366898229197,4.47243311520383,-0.161485633506356,2.56415305770546,0.603263679275082,1
"16738","PmetTSAr1.1-024366",8.76736519655026,13.0890689694266,8.60583762008029,9.39929219017576,9.61237984469539,10.4319508280239,10.7283204854428,10.5017258591179,0.0488094083161012,3.35166380583542,0.867897678305861,1
"16739","PmetTSAr1.1-024367",4.00151539739986,3.98621645887083,2.60066521485943,2.88597985557509,2.0389896640263,2.0920443394953,2.13728259670931,2.40605578982485,-0.634585197332907,1.49807302359781,0.0200484126756303,1
"16740","PmetTSAr1.1-024369",4.40616302185603,3.51025031452804,5.81603311686745,5.00413020829076,4.91542151149196,3.44904607322198,2.05346759291679,2.80234733167835,-0.50767713764275,2.01538461275978,0.117563741221926,1
"16741","PmetTSAr1.1-024370",1.52866880350107,1.33865478096408,5.95788758313251,2.01224283507988,1.74770542630825,2.06377347004266,1.63439257395418,1.81161847704459,-0.564788463766031,1.20337523187557,0.164700263162545,1
"16742","PmetTSAr1.1-024372",5.03561488212118,5.11663605168494,2.26967146024096,2.17110411153356,3.38617926347224,2.43129477292697,1.82297633248735,2.94388002519746,-0.467723490033698,1.67809930925138,0.181289369428532,1
"16743","PmetTSAr1.1-024377",2.78757252403137,4.99764451559925,2.50609557068272,2.93893361439298,2.80361078803616,2.17685694785322,6.1813565296985,2.71742771556688,0.069841253758001,1.79176510725039,0.851401832756944,1
"16744","PmetTSAr1.1-024378",3.95655455023807,2.3500828376925,3.07351343574296,4.76583829361024,4.98824257092147,3.6752130288431,2.17919009860557,2.68912117686306,-0.0723540980820366,1.81409511428348,0.847966308388718,1
"16745","PmetTSAr1.1-024382",5.66506674238632,6.90150909297039,3.92464023333332,4.63345389656552,5.06106363035098,4.72123519859075,5.25939148798076,4.38751349909237,-0.122798795737135,2.35960008733477,0.68164906052115,1
"16746","PmetTSAr1.1-024384",2.15812066376622,3.56974608257089,2.03324734979919,2.17110411153356,2.18463178288532,2.20512781730586,2.17919009860557,2.66081463815924,-0.114606116026687,1.29838727615702,0.704679036891847,1
"16747","PmetTSAr1.1-024388",3.01237675984035,1.81462092530687,2.55338039277107,2.85950297616615,2.07540019374105,2.06377347004266,1.00578004551026,1.21718116426433,-0.694744660569809,1.08723504843682,0.0244942633356126,1
"16748","PmetTSAr1.1-024390",9.89138637559517,9.25159193066289,11.2537876570281,13.0001477897924,11.5057273898627,10.6298469141923,10.8330892401835,11.266002404121,0.0267959051438761,3.46157927037315,0.927023710827393,1
"16749","PmetTSAr1.1-024394",2.51780744106059,4.34319106712792,1.70225359518072,3.89210127311503,2.4395054908886,4.21235954844324,4.10693518583358,3.70815657020064,0.206613555336228,1.78291926364622,0.52751636600444,1
"16750","PmetTSAr1.1-024395",3.77671116159088,4.22419953104222,4.20834916586344,3.07131801143771,4.07797932805259,1.92241912277947,2.87066387989388,4.16106118946179,-0.230621170711502,1.84548517282048,0.454076098398185,1
"16751","PmetTSAr1.1-024396",13.892901772995,8.12117233784878,7.66014117831322,14.8800062278275,16.4939699607841,6.24786214903326,3.77167517066349,5.43485543113377,-0.483406741109472,3.26491835357397,0.261986180203331,1
"16752","PmetTSAr1.1-024397",6.24955775548968,7.58571042546314,5.39046971807227,6.56626609341856,5.35234786806902,7.46350953549675,6.80996905814241,6.59542351799046,0.0226740219734958,2.7154222418074,0.941749458862276,1
"16753","PmetTSAr1.1-024399",2.3829248995752,2.70705744594959,4.30291881004014,12.8412865133387,5.13388468978049,6.10650780177007,1.63439257395418,1.67008578352548,-0.618563295964573,2.22190879513366,0.250770216261463,1
"16754","PmetTSAr1.1-024400",2.83253337119316,3.15327570627095,1.56039912891566,2.67416482030353,2.14822125317056,2.94017042307448,2.30491260429436,2.12299040278663,-0.111048799410226,1.34046787314861,0.720164323467476,1
"16755","PmetTSAr1.1-024402",1.93331642795724,2.26083918562823,3.45179201244979,4.65993077597446,3.31335820404273,4.8343186764013,4.84031646901815,3.14202579612421,0.386679452109453,1.85858240502694,0.237557225331665,1
"16756","PmetTSAr1.1-024406",2.29300320525161,3.77798127072086,1.60768395100401,2.91245673498404,2.11181072345581,3.13806650924295,3.68786016687097,2.80234733167835,0.140902527604855,1.51860499766294,0.653371569629688,1
"16757","PmetTSAr1.1-024409",3.77671116159088,5.47361065994203,2.45881074859437,2.09167347330672,3.67746350119028,1.78106477551627,2.09537509481305,2.29282963500956,-0.494903093642882,1.5902584831502,0.160651078309646,1
"16758","PmetTSAr1.1-024411",7.68830486466715,7.88318926567739,6.00517240522086,5.95729786701281,7.17287435380679,7.209071710423,7.77384160175642,6.99171505984396,0.0825197436792331,2.83754284720795,0.77661034815187,1
"16759","PmetTSAr1.1-024412",5.71002758954812,6.30655141254191,18.7247895469879,7.46647999332272,6.29902164065266,8.87705300812871,7.48048908848259,5.63300120206052,-0.42986860403493,3.06320123285299,0.265131714197185,1
"16760","PmetTSAr1.1-024413",1.57362965066287,1.6063857371569,2.50609557068272,1.50918212630991,2.07540019374105,1.97896086168474,1.84393008343548,1.81161847704459,0.111883342595395,0.9415183428652,0.716084809041197,1
"16761","PmetTSAr1.1-024415",4.45112386901783,4.78940932744928,3.16808307991967,2.32996538798723,4.73336886291819,3.10979563979031,4.23265769152236,3.56662387668154,0.0868243901095372,1.94759310605634,0.789755268626874,1
"16762","PmetTSAr1.1-024416",1.97827727511903,3.74823338669944,3.02622861365461,3.91857815252398,2.47591602060336,4.26890128734852,4.10693518583358,3.0004931026051,0.123714233975808,1.76011667312412,0.685021806078323,1
"16763","PmetTSAr1.1-024417",3.23718099564933,2.26083918562823,1.98596252771084,2.09167347330672,2.7672002583214,1.97896086168474,2.15823634765744,2.03807078667516,-0.0974754616801691,1.24555125275228,0.730834084826909,1
"16764","PmetTSAr1.1-024422",2.427885746737,3.62924185061374,1.5131143068273,1.61508964394569,1.89334754516727,1.4418143420846,1.5086700682654,2.20791001889809,-0.390685830108078,1.0633586318992,0.230304269615145,1
"16765","PmetTSAr1.1-024423",1.52866880350107,1.87411669334972,1.74953841726907,2.48882666444091,2.00257913431154,1.61143955880043,1.63439257395418,1.55685962871019,-0.18647085405002,0.902150969671207,0.525603520895444,1
"16766","PmetTSAr1.1-024426",2.60772913538418,5.35461912385634,5.43775454016062,4.87174581124603,2.98566343660993,4.21235954844324,4.31647269531488,4.50073965390765,-0.190369143496295,2.12121159051505,0.539559664250506,1
"16767","PmetTSAr1.1-024431",4.63096725766501,4.75966144342786,2.2223866381526,3.73323999666136,3.60464244176077,3.27942085650615,4.84031646901815,3.96291541853504,0.0299590035775159,1.98055801951781,0.930880190486609,1
"16768","PmetTSAr1.1-024432",1.70851219214826,0.951932288685571,2.08053217188754,2.93893361439298,1.85693701545252,1.69625216715835,1.19436380404344,0.905809238522295,-0.452640278696076,0.785179760409959,0.20376618128727,1
"16769","PmetTSAr1.1-024433",6.42940114413686,8.29965964197732,9.88252781646583,5.53366779646967,7.9739060075314,7.7179473605705,6.91473781288307,4.64227234742676,-0.144301825705963,2.85383778999134,0.649048296673467,1
"16770","PmetTSAr1.1-024435",4.45112386901783,5.74134161613485,3.87735541124497,5.71900595233229,4.04156879833783,6.86982127699133,5.48988274841019,5.23670966020702,0.125560656296996,2.39173982482755,0.671760730545636,1
"16771","PmetTSAr1.1-024440",3.19222014848753,3.4507545464852,2.69523485903613,3.28313304670928,3.45900032290175,2.94017042307448,2.40968135903501,2.37774925112102,-0.183499792700604,1.60192177330507,0.516045606215707,1
"16772","PmetTSAr1.1-024441",2.427885746737,4.04571222691368,3.87735541124497,3.01836425261982,2.80361078803616,2.65746172854809,3.35260015170088,2.80234733167835,-0.201603375380248,1.67110835540975,0.464290669563662,1
"16773","PmetTSAr1.1-024442",2.51780744106059,3.3317630103995,1.5131143068273,1.16498269399362,1.52924224801972,2.03550260059002,2.45158886093127,2.83065387038217,0.0568086765453742,1.16160860372634,0.888310703672481,1
"16774","PmetTSAr1.1-024446",7.46350062885817,11.2744480441197,3.40450719036143,4.68640765538341,4.55131621434441,4.21235954844324,7.48048908848259,5.91606658909874,-0.276039510515728,2.63018134772697,0.462687196110518,1
"16775","PmetTSAr1.1-024449",2.87749421835496,3.18302359029238,3.73550094497991,3.15074864966455,3.34976873375749,4.12754694008532,4.21170394057423,3.82138272501593,0.26457046627365,1.85677471651174,0.328602163001407,1
"16776","PmetTSAr1.1-024451",2.11315981660442,1.96336034541399,2.55338039277107,2.11815035271566,2.22104231260007,2.82708694526392,1.86488383438361,1.78331193834077,-0.00588323221083688,1.16273254921621,0.999999999999999,1
"16777","PmetTSAr1.1-024453",2.29300320525161,2.29058706964966,5.0594759634538,6.03672850523964,5.20670574921,5.14529824038033,1.40390131352474,1.35871385778344,-0.263625223427503,1.86938623907964,0.578883985988178,1
"16778","PmetTSAr1.1-024459",18.3440256420129,2.14184764954254,21.0890306514055,3.52142496138979,13.1442012270267,4.15581780953796,1.76011507964296,5.12348350539173,-0.898579304311493,3.11619901560082,0.165130958287072,1
"16779","PmetTSAr1.1-024461",2.427885746737,2.3500828376925,2.03324734979919,1.85338155862621,2.80361078803616,2.62919085909545,2.26300510239809,2.12299040278663,0.179319909072465,1.24553563376875,0.502874901245897,1
"16780","PmetTSAr1.1-024462",3.68678946726729,3.30201512637807,3.6409313008032,5.85139034937702,5.5344005166428,4.04273433172741,4.69364021238123,4.24598080557326,0.161337453855205,2.15073991697893,0.583784619050984,1
"16781","PmetTSAr1.1-024465",2.20308151092802,3.59949396659232,9.69338852811241,2.1975809909425,1.78411595602301,2.03550260059002,9.03106665864425,5.40654889242995,0.0533137073863709,2.18713499558328,0.927551462342768,1
"16782","PmetTSAr1.1-024466",17.0851219214826,16.0043616035262,16.8806814855421,17.104064098179,19.0062965111023,18.0368147107838,19.5079421327095,15.4553701322867,0.102484908082081,4.12494346140938,0.71768864223814,1
"16783","PmetTSAr1.1-024468",2.51780744106059,3.56974608257089,1.70225359518072,2.64768794089458,2.84002131775091,2.8836286841692,3.12210889127144,3.2552519509395,0.202815574921904,1.52932939098678,0.472151217388042,1
"16784","PmetTSAr1.1-024469",2.06819896944263,3.83747703876371,1.60768395100401,2.03871971448883,1.92975807488203,2.54437825073753,3.26878514790836,2.63250809945542,0.113928953957547,1.35759842105172,0.723920661065784,1
"16785","PmetTSAr1.1-024470",5.03561488212118,5.59260219602773,3.07351343574296,3.65380935843452,5.02465310063623,3.73175476774837,5.59465150315084,5.3499358150223,0.181494143148143,2.23199802693288,0.552044550445566,1
"16786","PmetTSAr1.1-024471",2.60772913538418,2.94504051812099,2.36424110441766,2.78007233793931,2.47591602060336,2.48783651183225,2.76589512515323,3.76476964760829,0.100289494308759,1.50541826134989,0.712338082435084,1
"16787","PmetTSAr1.1-024473",5.79994928387171,5.17613181972779,2.2223866381526,3.7597168760703,4.51490568462965,2.2333986867585,2.72398762325697,3.42509118316243,-0.400718153075094,1.92153592114379,0.244563955557255,1
"16788","PmetTSAr1.1-024475",1.61859049782466,1.6063857371569,2.50609557068272,1.77395092039937,1.82052648573776,2.14858607840058,1.13150255119905,1.47194001259873,-0.190787883174278,0.858862139147639,0.526968750342285,1
"16789","PmetTSAr1.1-024481",1.84339473363365,1.01142805672842,1.89139288353413,1.35032084985624,2.07540019374105,1.5831686893478,1.57153132110979,1.78331193834077,0.218228549646904,0.760895847990429,0.471985497616007,1
"16790","PmetTSAr1.1-024486",5.79994928387171,2.85579686605671,2.78980450321284,5.82491346996808,5.82568475436084,4.63642259023283,2.36777385713875,5.63300120206052,0.0912544879712626,2.17810675407111,0.79967423183561,1
"16791","PmetTSAr1.1-024488",4.13639793888525,4.87865297951355,5.39046971807227,4.7393614142013,4.26003197662637,6.38921649629646,4.12788893678171,2.43436232852867,-0.153504506297037,2.20289134209169,0.636386830540339,1
"16792","PmetTSAr1.1-024489",2.06819896944263,3.36151089442092,2.17510181606425,3.28313304670928,2.65796866917713,2.82708694526392,2.76589512515323,2.77404079297453,0.00452555840976103,1.48919972644372,0.975566224994807,1
"16793","PmetTSAr1.1-024492",2.24804235808981,3.30201512637807,24.7772467742971,3.54790184079874,2.18463178288532,5.00394389311714,1.61343882300605,3.45339772186625,-1.46307602568469,2.53136480742172,0.0194174274920736,1
"16794","PmetTSAr1.1-024493",8.27279587777051,7.13949216514178,6.99815366907628,7.73124878741217,6.77235852694448,6.75673779918077,6.32803278633541,6.0009862052102,-0.22132532112803,2.81934508565843,0.430878580945546,1
"16795","PmetTSAr1.1-024500",3.68678946726729,6.5445344847133,5.0594759634538,4.52754637892973,4.00515826862308,5.85206997669631,5.59465150315084,5.32162927631848,0.0671181554354572,2.3620488356584,0.826244238859352,1
"16796","PmetTSAr1.1-024503",8.90224773803565,8.89461732240581,9.55153406184735,15.3036362983707,10.704695736138,10.5167634363818,8.98915915674799,10.8130977848599,-0.058847357303808,3.39566768133057,0.852326612686863,1
"16797","PmetTSAr1.1-024510",2.96741591267855,2.79630109801387,3.12079825783131,2.93893361439298,2.80361078803616,2.742274336906,2.64017261946444,2.49097540593631,-0.145947624364462,1.52164478565178,0.571364064464664,1
"16798","PmetTSAr1.1-024512",5.44026250657734,7.70470196154884,2.2223866381526,4.05096254956871,3.93233720919357,5.17356910983297,7.8995641074452,5.80284043428345,0.230609911022534,2.42032491630835,0.533182308098789,1
"16799","PmetTSAr1.1-024514",3.37206353713472,4.78940932744928,2.36424110441766,1.9063353174441,2.73078972860665,2.62919085909545,3.16401639316771,3.22694541223568,-0.0815443121750564,1.62561036550224,0.807915593082678,1
"16800","PmetTSAr1.1-024520",9.12705197384463,10.2630199873913,11.8684903441767,8.65793956672528,12.0882958652988,9.04667822484454,8.82152914916294,8.71841392077709,-0.0457105317549342,3.30453910364812,0.878631050047048,1
"16801","PmetTSAr1.1-024521",3.14725930132574,3.53999819854947,2.41152592650602,1.85338155862621,2.69437919889189,2.06377347004266,3.18497014411584,2.88726694778981,-0.0115748380564787,1.47722197983157,0.97668113116967,1
"16802","PmetTSAr1.1-024523",4.63096725766501,4.0754601109351,3.40450719036143,4.18334694661344,4.8061899223477,5.20183997928561,4.27456519341862,4.01952849594268,0.165459950913806,2.13341183612828,0.548889874746024,1
"16803","PmetTSAr1.1-024526",1.57362965066287,1.66588150519975,1.60768395100401,1.64156652335464,1.67488436687874,1.97896086168474,1.80202258153922,1.83992501574841,0.168319705016885,0.837509880507546,0.529788185505211,1
"16804","PmetTSAr1.1-024529",1.93331642795724,1.84436880932829,2.08053217188754,1.80042779980831,2.65796866917713,2.26166955621114,2.32586635524249,1.6983923222293,0.225526138467996,1.09518516881299,0.410957706411525,1
"16805","PmetTSAr1.1-024531",1.66355134498646,1.51714208509263,1.65496877309236,1.61508964394569,1.60206330744923,1.61143955880043,2.09537509481305,1.92484463185988,0.174690618400914,0.827494840828672,0.535897480087153,1
"16806","PmetTSAr1.1-024534",7.01389215724021,9.66806230696283,5.29590007389556,4.58050013774762,7.02723223494777,7.80275996892842,14.1647356409362,8.03905699188537,0.480691797576961,3.00411431402,0.165641320973238,1
"16807","PmetTSAr1.1-024535",2.60772913538418,2.61781379388532,1.98596252771084,3.04484113202877,2.4395054908886,2.60091998964281,2.6820801213607,2.54758848334395,-0.00548623057752016,1.39579072890944,1,1
"16808","PmetTSAr1.1-024536",3.19222014848753,3.51025031452804,2.1278169939759,3.28313304670928,2.47591602060336,3.42077520376934,3.49927640833779,4.04783503464651,0.146620997412287,1.70637449635667,0.604967815849212,1
"16809","PmetTSAr1.1-024540",1.75347303931005,2.29058706964966,1.79682323935742,1.93281219685304,2.00257913431154,1.9506899922321,1.84393008343548,1.52855309000637,-0.095059106487539,0.963241356926165,0.743954001342758,1
"16810","PmetTSAr1.1-024543",2.29300320525161,2.79630109801387,2.74251968112449,2.25053474976039,2.25745284231483,1.75279390606363,1.82297633248735,2.26452309630574,-0.319115949679631,1.21978861655416,0.233733424998522,1
"16811","PmetTSAr1.1-024544",1.57362965066287,3.03428417018526,2.78980450321284,1.80042779980831,1.89334754516727,1.97896086168474,1.78106883059109,2.26452309630574,-0.217495837188378,1.13670905633017,0.453252646798911,1
"16812","PmetTSAr1.1-024547",5.26041911793016,4.52167837125646,4.30291881004014,8.10192509913741,7.2456954132363,8.62261518305496,7.20809032615689,6.73695621150957,0.421613795892872,2.71601625366531,0.172245227290362,1
"16813","PmetTSAr1.1-024549",4.36120217469423,5.62235008004915,2.88437414738955,3.44199432316295,3.20412661489846,2.43129477292697,3.68786016687097,4.07614157335033,-0.285442305289275,1.91697495045193,0.347308710564094,1
"16814","PmetTSAr1.1-024550",4.27128048037064,4.78940932744928,4.30291881004014,4.05096254956871,4.26003197662637,4.80604780694866,5.09176148039571,4.04783503464651,0.065346194685677,2.17506209339405,0.82004830898527,1
"16815","PmetTSAr1.1-024552",2.78757252403137,2.70705744594959,1.98596252771084,1.24441333222045,2.91284237718042,1.35700173372668,1.2362713059397,2.03807078667516,-0.215415246525283,1.05945787558868,0.544822928417088,1
"16816","PmetTSAr1.1-024553",2.74261167686957,2.20134341758538,3.02622861365461,2.70064169971247,2.84002131775091,2.91189955362184,1.90679133627988,1.81161847704459,-0.17340350690952,1.36320448924266,0.540454869295518,1
"16817","PmetTSAr1.1-024555",4.13639793888525,6.06856834037052,1.60768395100401,3.04484113202877,3.45900032290175,3.42077520376934,6.36994028823167,3.99122195723886,0.212296174613996,2.03092069649734,0.571941210009947,1
"16818","PmetTSAr1.1-024556",5.57514504806273,5.681845848092,4.06649469959838,5.0306070876997,5.60722157607231,5.23011084873825,6.11849527685411,4.35920696038854,0.0653083185631291,2.39863749217845,0.822518767052404,1
"16819","PmetTSAr1.1-024563",2.427885746737,2.11209976552111,1.89139288353413,3.38904056434506,2.7672002583214,1.78106477551627,1.65534632490231,3.42509118316243,-0.0427983915184221,1.31831112255273,0.915448730969489,1
"16820","PmetTSAr1.1-024565",1.43874710917748,2.88554475007814,1.89139288353413,3.30960992611823,2.29386337202958,3.59040042048518,4.27456519341862,3.9063023411274,0.550230939805134,1.59809100063232,0.0819116738535225,1
"16821","PmetTSAr1.1-024566",4.45112386901783,6.30655141254191,2.78980450321284,5.00413020829076,3.71387403090504,5.88034084614895,5.51083649935832,4.84041811835351,0.100358601496559,2.28797959920688,0.746901229881843,1
"16822","PmetTSAr1.1-024570",2.92245506551675,3.3317630103995,2.08053217188754,2.78007233793931,2.00257913431154,3.98619259282213,6.34898653728354,5.15179004409555,0.655100260025734,1.86945707666927,0.0573098386461352,1
"16823","PmetTSAr1.1-024571",3.23718099564933,2.88554475007814,2.55338039277107,1.93281219685304,2.58514760974762,2.12031520894794,2.76589512515323,2.40605578982485,-0.0946302846903458,1.38875607293056,0.714037209046039,1
"16824","PmetTSAr1.1-024574",3.28214184281112,4.52167837125646,3.40450719036143,3.28313304670928,3.38617926347224,3.64694215939046,4.04407393298919,3.08541271871657,-0.0339758422923555,1.866261253856,0.915109417627868,1
"16825","PmetTSAr1.1-024575",2.92245506551675,4.25394741506365,2.64795003694778,2.99188737321088,2.7672002583214,2.57264912019017,5.07080772944758,3.62323695408918,0.131590026408366,1.77686246675607,0.670242400480078,1
"16826","PmetTSAr1.1-024576",5.30537996509196,6.72302178884185,6.14702687148592,6.11615914346648,4.98824257092147,8.39644822743384,7.69002659796389,7.303086985586,0.224810200460786,2.73373273010102,0.450808748018259,1
"16827","PmetTSAr1.1-024577",3.64182862010549,6.21730776047764,6.85629920281122,2.8330260967572,2.80361078803616,2.40302390347433,4.21170394057423,4.92533773446498,-0.440775791236684,2.10133668834277,0.209172332536983,1
"16828","PmetTSAr1.1-024578",3.32710268997292,3.83747703876371,3.12079825783131,2.40939602621407,3.27694767432797,2.2333986867585,3.72976766876723,2.6042015607516,-0.0962356055062996,1.64504840332208,0.742160436258302,1
"16829","PmetTSAr1.1-024579",4.18135878604705,2.70705744594959,1.65496877309236,2.8330260967572,3.422589793187,2.68573259800072,0.796242536028959,3.45339772186625,-0.142539751676146,1.47020810321535,0.732928228220941,1
"16830","PmetTSAr1.1-024582",2.20308151092802,1.36840266498551,3.97192505542167,1.95928907626199,2.33027390174434,2.31821129511641,1.36199381162848,1.78331193834077,-0.276079839147826,1.14271675632769,0.412455061006789,1
"16831","PmetTSAr1.1-024583",2.92245506551675,2.67730956192817,2.9316589694779,3.57437872020768,2.87643184746567,3.13806650924295,2.32586635524249,2.94388002519746,-0.107217357608147,1.57741853100283,0.697554217953382,1
"16832","PmetTSAr1.1-024586",10.1161906114042,18.3841923252401,2.31695628232931,3.41551744375401,6.73594799722972,1.63971042825307,5.76228151073589,8.35042891762741,-0.607322570794336,2.83848712317752,0.280557608295358,1
"16833","PmetTSAr1.1-024588",10.4758773886985,7.70470196154884,62.2268258682729,18.4808618274442,20.389896640263,15.8882286323832,7.60621159417137,9.31285123355734,-0.893996327234329,4.25062516445147,0.0977014114296304,1
"16834","PmetTSAr1.1-024589",1.70851219214826,1.96336034541399,1.56039912891566,1.58861276453675,1.49283171830497,1.52662695044252,1.90679133627988,1.72669886093312,-0.0329322360747957,0.805494963427854,0.916860657150708,1
"16835","PmetTSAr1.1-024595",3.14725930132574,3.62924185061374,2.08053217188754,2.32996538798723,2.80361078803616,2.91189955362184,2.45158886093127,2.54758848334395,-0.0674244843592923,1.4850673832875,0.831126708127047,1
"16836","PmetTSAr1.1-024598",7.1487746987256,8.35915541002017,4.91762149718874,5.0306070876997,4.33285303605588,5.85206997669631,6.47470904297233,6.11421236002549,-0.159331738484411,2.60696811659713,0.607180085883594,1
"16837","PmetTSAr1.1-024599",3.01237675984035,2.61781379388532,2.78980450321284,3.54790184079874,3.93233720919357,3.33596259541143,2.30491260429436,3.14202579612421,0.0782383036132998,1.65329646658653,0.777691975327625,1
"16838","PmetTSAr1.1-024602",5.79994928387171,5.56285431200631,6.00517240522086,6.46035857578278,5.8620952840756,5.96515345450687,6.13944902780224,6.48219736317517,0.036910339102986,2.60815212529596,0.901404081468454,1
"16839","PmetTSAr1.1-024603",2.51780744106059,3.62924185061374,1.89139288353413,3.36256368493612,2.33027390174434,3.78829650665365,4.52601020479619,4.10444811205415,0.365114969006168,1.74172521582821,0.235999955235807,1
"16840","PmetTSAr1.1-024604",3.23718099564933,3.53999819854947,3.83007058915661,4.07743942897765,3.38617926347224,3.59040042048518,3.54118391023405,3.17033233482803,-0.102841646084305,1.85139064393679,0.709541957530506,1
"16841","PmetTSAr1.1-024607",5.66506674238632,6.99075274503466,10.4499456815261,5.42776027883389,5.13388468978049,5.28665258764353,4.88222397091441,8.32212237892358,-0.26946727178658,2.71644574938565,0.412814587194212,1
"16842","PmetTSAr1.1-024609",4.99065403495938,5.32487123983491,4.58662774257026,2.75359545853036,3.93233720919357,3.90137998446421,7.31285908089755,5.03856388928027,0.19982150903524,2.26157365937899,0.550749839699155,1
"16843","PmetTSAr1.1-024611",8.63248265506487,5.29512335581349,1.5131143068273,3.70676311725241,4.51490568462965,6.53057084355966,4.73554771427749,4.58565927001912,0.0896505982413718,2.32224062325693,0.833168421676681,1
"16844","PmetTSAr1.1-024615",8.81232604371206,7.97243291774166,9.26782512931723,8.12840197854636,8.37442183439371,7.37869692713883,5.95086526926906,7.18986083077072,-0.242833675281393,2.98895129671929,0.39779804619317,1
"16845","PmetTSAr1.1-024616",5.48522335373914,4.64066990734216,5.01219114136544,6.06320538464859,5.75286369493133,5.79552823779104,4.81936271807002,5.97267966650638,0.0735220693955366,2.4606119365744,0.797496424000782,1
"16846","PmetTSAr1.1-024619",4.8108106463122,7.07999639709894,4.49205809839356,6.35445105814699,4.51490568462965,11.3083477810557,7.6271653451195,5.18009658279937,0.330317201266985,2.69917385866816,0.336387862489418,1
"16847","PmetTSAr1.1-024622",2.56276828822238,3.15327570627095,4.68119738674697,4.89822269065497,3.8231056200493,4.1840886789906,3.62499891402658,2.43436232852867,-0.123379054243772,1.89988282162436,0.691228606727058,1
"16848","PmetTSAr1.1-024624",1.43874710917748,1.7253772732426,2.45881074859437,2.88597985557509,2.29386337202958,2.2333986867585,1.52962381921353,2.29282963500956,-0.0402424495148327,1.11695614889369,0.926159591545,1
"16849","PmetTSAr1.1-024628",2.20308151092802,2.14184764954254,2.41152592650602,2.96541049380193,2.33027390174434,3.50558781212726,3.41546140454527,2.40605578982485,0.262046342775907,1.45457250830823,0.340041868245183,1
"16850","PmetTSAr1.1-024629",3.86663285591448,3.56974608257089,3.16808307991967,4.55402325833868,3.31335820404273,4.35371389570644,4.00216643109293,6.42558428576753,0.252890296618598,2.07874713028992,0.40069178802576,1
"16851","PmetTSAr1.1-024630",8.09295248912332,6.18755987645621,12.1994840987951,10.7760899194409,7.86467441838714,11.1669934337925,7.64811909606763,9.02978584651913,-0.060005315793546,3.19828859815924,0.850682413879254,1
"16852","PmetTSAr1.1-024633",6.15963606116608,6.69327390482042,5.48503936224898,6.0102516258307,5.35234786806902,7.35042605768619,7.24999782805315,5.63300120206052,0.0720362668027723,2.65702021424377,0.807119906164056,1
"16853","PmetTSAr1.1-024638",5.12553657644477,7.49646677339887,1.89139288353413,2.01224283507988,3.24053714461322,3.56212955103254,6.30707903538728,4.64227234742676,0.103658777955145,2.12278363831091,0.812444541230225,1
"16854","PmetTSAr1.1-024640",3.23718099564933,3.03428417018526,2.03324734979919,2.78007233793931,3.38617926347224,3.08152477033767,4.00216643109293,3.19863887353185,0.300358461840295,1.66056254990998,0.268469279537483,1
"16855","PmetTSAr1.1-024641",1.61859049782466,1.84436880932829,1.89139288353413,2.59473418207669,2.14822125317056,1.97896086168474,2.38872760808688,1.92484463185988,0.076672739562785,1.080835153633,0.785448973400234,1
"16856","PmetTSAr1.1-024642",5.17049742360657,6.663526020799,2.9316589694779,5.45423715824283,4.22362144691161,3.84483824555893,7.64811909606763,5.97267966650638,0.0994016502150351,2.40914269995835,0.770562015571991,1
"16857","PmetTSAr1.1-024645",6.56428368562225,2.11209976552111,6.71444473654616,9.31986155194892,8.92057978011504,7.43523866604411,1.57153132110979,3.31186502834714,-0.221224536268493,2.53437717713313,0.658555342512189,1
"16858","PmetTSAr1.1-024646",8.04799164196152,7.43697100535602,3.45179201244979,3.78619375547925,6.84517958637399,4.15581780953796,4.00216643109293,5.68961427946816,-0.137174837156644,2.45489885394847,0.703367801135887,1
"16859","PmetTSAr1.1-024647",5.62010589522453,6.63377813677757,4.16106434377508,5.56014467587862,5.5344005166428,5.00394389311714,6.45375529202419,7.16155429206689,0.134061342520734,2.54430668703547,0.649782818720461,1
"16860","PmetTSAr1.1-024649",1.93331642795724,2.32033495367108,2.31695628232931,3.52142496138979,2.33027390174434,4.12754694008532,3.64595266497471,3.31186502834714,0.403826101822889,1.5904277023556,0.171029894932699,1
"16861","PmetTSAr1.1-024651",3.23718099564933,3.68873761865659,8.41669833172688,4.68640765538341,4.00515826862308,3.6752130288431,1.96965258912427,2.91557348649364,-0.672631051106747,2.04209554039059,0.0573083735880843,1
"16862","PmetTSAr1.1-024653",4.22631963320885,3.86722492278513,3.97192505542167,3.20370240848244,3.53182138233126,4.38198476515908,5.19653023513636,3.76476964760829,0.151339240260916,2.02904864762657,0.600213533325759,1
"16863","PmetTSAr1.1-024655",4.27128048037064,2.20134341758538,4.82305185301203,6.69865049046329,3.96874773890832,5.88034084614895,1.80202258153922,2.63250809945542,-0.336598013107143,2.03219697173042,0.402220024074634,1
"16864","PmetTSAr1.1-024657",3.68678946726729,3.65898973463516,6.38345098192769,5.90434410819491,5.71645316521658,3.30769172595879,4.40028769910741,3.67985003149682,-0.200406293668463,2.2168521934224,0.532227091730791,1
"16865","PmetTSAr1.1-024663",1.97827727511903,2.26083918562823,1.89139288353413,1.16498269399362,1.82052648573776,2.54437825073753,1.73916132869483,1.81161847704459,0.124688426518829,0.971788426195235,0.687650995281694,1
"16866","PmetTSAr1.1-024664",9.03713027952104,5.17613181972779,8.32212868755017,10.6701824018052,6.29902164065266,6.16304954067535,8.1719628697709,7.33139352428982,-0.246314811151153,2.94605371763921,0.429873905624961,1
"16867","PmetTSAr1.1-024666",2.29300320525161,2.85579686605671,2.31695628232931,3.65380935843452,2.4395054908886,7.18080084097036,5.38511399366954,5.37824235372613,0.868962538386913,2.00615654082473,0.0106350650750165,1
"16868","PmetTSAr1.1-024668",2.29300320525161,1.33865478096408,2.26967146024096,2.93893361439298,1.85693701545252,1.4418143420846,1.13150255119905,1.50024655130255,-0.585781298306156,0.925981026273059,0.0538663294454278,1
"16869","PmetTSAr1.1-024669",3.19222014848753,3.42100666246377,3.45179201244979,3.1242717702556,2.69437919889189,3.16633737869559,2.87066387989388,3.651543492793,-0.0892300729878531,1.70352865065938,0.730673182946457,1
"16870","PmetTSAr1.1-024674",5.08057572928297,6.93125697699181,3.59364647871485,7.06932680218853,4.4784951549149,8.31163561907593,8.57008413778538,6.9067954437325,0.31479336397439,2.68791742136691,0.342422081891782,1
"16871","PmetTSAr1.1-024676",1.43874710917748,2.3500828376925,3.78278576706826,1.48270524690096,1.92975807488203,1.21564738646349,1.67630007585044,1.18887462556051,-0.581658028351241,0.94948054763164,0.085575956215239,1
"16872","PmetTSAr1.1-024677",3.14725930132574,3.30201512637807,2.60066521485943,3.1772255290735,2.40309496117385,2.40302390347433,2.59826511756818,2.88726694778981,-0.251132690080091,1.5242065184591,0.334445284854993,1
"16873","PmetTSAr1.1-024678",5.53018420090094,9.04335674251293,5.10676078554215,3.15074864966455,4.87901098177721,4.24063041789588,5.46892899746206,4.6988854248344,-0.24299339754733,2.41282369991345,0.466875160524506,1
"16874","PmetTSAr1.1-024680",4.99065403495938,3.42100666246377,3.68821612289155,7.81067942563901,7.10005329437728,4.63642259023283,2.15823634765744,4.64227234742676,-0.111157916973928,2.28242141356966,0.781653053378725,1
"16875","PmetTSAr1.1-024684",7.01389215724021,7.2882315852489,10.4499456815261,7.20171119923326,7.79185335895763,6.9263630158966,7.56430409227511,7.52953929521658,-0.0980490040411268,2.95926296131052,0.737127093311711,1
"16876","PmetTSAr1.1-024687",6.96893131007841,10.7984818997769,2.31695628232931,3.1242717702556,3.27694767432797,4.63642259023283,8.21387037166716,5.49146850854141,-0.101756035445979,2.50464113311404,0.82013641945177,1
"16877","PmetTSAr1.1-024691",1.97827727511903,1.81462092530687,4.30291881004014,2.40939602621407,1.92975807488203,2.77054520635864,2.09537509481305,1.9531511705637,-0.251166934561598,1.29824555005836,0.424635960308075,1
"16878","PmetTSAr1.1-024692",5.9797926725189,3.68873761865659,7.56557153413652,4.50106949952079,5.64363210578707,3.98619259282213,3.20592389506397,3.19863887353185,-0.436803104380512,2.2526338248132,0.182151636914527,1
"16879","PmetTSAr1.1-024695",2.78757252403137,1.7253772732426,2.08053217188754,2.03871971448883,1.82052648573776,2.12031520894794,2.66112637041257,1.9531511705637,0.00346521409737178,1.14339060516376,1,1
"16880","PmetTSAr1.1-024696",5.44026250657734,7.91293714969881,5.39046971807227,3.73323999666136,5.02465310063623,3.44904607322198,6.07658777495785,7.67107198873568,-0.0156451979069778,2.49821054840631,0.965947527230698,1
"16881","PmetTSAr1.1-024703",3.23718099564933,5.53310642798488,4.63391256465862,2.03871971448883,2.84002131775091,1.32873086427404,5.65751275599524,3.19863887353185,-0.239201895242171,1.85604907717872,0.549470420882258,1
"16882","PmetTSAr1.1-024708",2.427885746737,2.85579686605671,4.20834916586344,3.52142496138979,2.73078972860665,3.47731694267462,4.02312018204106,3.39678464445861,0.0719534359551314,1.76300189941195,0.817073650043793,1
"16883","PmetTSAr1.1-024710",1.93331642795724,3.12352782224953,2.26967146024096,2.51530354384985,2.73078972860665,2.742274336906,2.89161763084201,2.54758848334395,0.139858725286927,1.41202728056331,0.603553367031904,1
"16884","PmetTSAr1.1-024713",2.24804235808981,2.26083918562823,1.89139288353413,3.28313304670928,2.07540019374105,3.44904607322198,3.05924763842705,2.3494427124172,0.168551892463443,1.40455233460313,0.556663827577879,1
"16885","PmetTSAr1.1-024717",2.51780744106059,2.26083918562823,1.70225359518072,1.80042779980831,3.20412661489846,1.69625216715835,1.96965258912427,2.23621655760192,0.129437317758016,1.15828868251859,0.658152075432478,1
"16886","PmetTSAr1.1-024718",2.56276828822238,2.4690743737782,2.50609557068272,2.38291914680512,2.62155813946238,2.0920443394953,2.89161763084201,2.29282963500956,0.000553817440340279,1.34409784718924,1,1
"16887","PmetTSAr1.1-024722",2.69765082970777,3.36151089442092,2.2223866381526,4.15687006720449,2.25745284231483,4.80604780694866,3.87644392540414,3.56662387668154,0.215619096384242,1.78295842944067,0.490755189205181,1
"16888","PmetTSAr1.1-024724",5.57514504806273,8.32940752599875,7.04543849116463,9.00213899904157,6.15337952179364,8.82051126922343,7.56430409227511,6.28405159224842,-0.0576338179884724,2.89025375496789,0.854498534301717,1
"16889","PmetTSAr1.1-024735",4.49608471617962,6.51478660069188,4.87033667510038,4.05096254956871,4.11438985776735,4.89086041530658,5.07080772944758,6.0009862052102,0.0106953067447596,2.34058484603033,0.981238320132122,1
"16890","PmetTSAr1.1-024742",3.28214184281112,3.74823338669944,2.50609557068272,1.77395092039937,2.73078972860665,1.92241912277947,1.84393008343548,2.57589502204778,-0.320560376000126,1.37980447861323,0.286316009137235,1
"16891","PmetTSAr1.1-024744",2.427885746737,2.94504051812099,3.49907683453814,4.7393614142013,3.20412661489846,4.04273433172741,3.37355390264901,3.45339772186625,0.0418309606302975,1.81851033163284,0.880961407256561,1
"16892","PmetTSAr1.1-024747",5.48522335373914,5.77108950015627,6.43073580401604,5.0306070876997,6.04414793264938,4.91913128475922,4.31647269531488,4.78380504094587,-0.179852145928225,2.43373456428117,0.526319061818059,1
"16893","PmetTSAr1.1-024750",3.77671116159088,4.28369529908507,4.39748845421685,6.53978921400961,4.29644250634112,4.91913128475922,2.66112637041257,3.87799580242358,-0.277786698363272,2.1392965826057,0.374922043298352,1
"16894","PmetTSAr1.1-024752",5.48522335373914,6.06856834037052,3.54636165662649,5.42776027883389,4.4784951549149,3.76002563720101,5.53179025030645,5.49146850854141,-0.0940129990001449,2.33331607337746,0.762989665032859,1
"16895","PmetTSAr1.1-024757",4.63096725766501,8.32940752599875,5.0594759634538,6.96341928455275,4.44208462520014,11.2235351726978,6.11849527685411,5.12348350539173,0.104272579663835,2.71309627969566,0.768435306908915,1
"16896","PmetTSAr1.1-024759",2.56276828822238,2.67730956192817,3.35722236827308,3.09779489084666,3.02207396632469,3.27942085650615,3.10115514032331,3.05710618001275,0.0925172324486302,1.62359896005491,0.735438870008598,1
"16897","PmetTSAr1.1-024760",6.74412707426943,7.25848370122748,6.85629920281122,6.75160424928118,7.71903229952812,5.51281954326464,9.24060416812555,8.01075045318155,0.143334046456744,2.87308978767406,0.62662274706715,1
"16898","PmetTSAr1.1-024765",1.93331642795724,3.4507545464852,2.08053217188754,2.51530354384985,2.14822125317056,3.59040042048518,2.55635761567192,2.66081463815924,0.125426900848885,1.42528340694569,0.660557623018904,1
"16899","PmetTSAr1.1-024769",2.65268998254598,3.12352782224953,2.03324734979919,1.69452028217253,2.29386337202958,2.17685694785322,6.49566279392046,3.42509118316243,0.60536214134687,1.61504580238851,0.0984146404428266,1
"16900","PmetTSAr1.1-024771",2.15812066376622,3.80772915474228,1.65496877309236,2.72711857912142,1.85693701545252,1.9506899922321,4.00216643109293,2.51928194464013,-0.00568403212434605,1.41069176988664,1,1
"16901","PmetTSAr1.1-024774",11.5549377205816,12.3156239848696,10.2608063931727,11.0408587135304,10.8139273252823,11.67586908394,12.9913255878409,12.8794751102389,0.0984282744608586,3.55537346196421,0.728357121321422,1
"16902","PmetTSAr1.1-024782",1.61859049782466,2.88554475007814,10.1662367489959,2.25053474976039,2.18463178288532,1.86587738387419,8.8634366510592,5.88776005039492,0.159685637634062,2.1778452076006,0.78162399058594,1
"16903","PmetTSAr1.1-024783",5.39530165941555,5.86033315222055,3.6409313008032,3.52142496138979,4.22362144691161,4.38198476515908,4.96603897470693,4.27428734427708,-0.0444332965340998,2.20013547934812,0.883401466722879,1
"16904","PmetTSAr1.1-024787",2.56276828822238,3.18302359029238,2.03324734979919,2.38291914680512,2.11181072345581,4.12754694008532,3.85549017445601,2.80234733167835,0.344149623923285,1.56241769776734,0.245120994659824,1
"16905","PmetTSAr1.1-024788",8.00303079479973,9.28133981468432,11.3010724791164,7.54591063154955,8.73852713154126,8.67915692196024,7.56430409227511,8.91655969170384,-0.0909537017557184,3.13918410858308,0.755122407346597,1
"16906","PmetTSAr1.1-024792",3.91159370307627,4.31344318310649,1.74953841726907,3.28313304670928,2.7672002583214,4.77777693749603,5.19653023513636,3.62323695408918,0.301846122010277,1.91679301414335,0.359449606335905,1
"16907","PmetTSAr1.1-024794",3.77671116159088,4.67041779136358,5.0594759634538,3.97153191134187,3.64105297147553,3.92965085391685,4.10693518583358,3.14202579612421,-0.235351787587879,2.03421936214,0.387566086443967,1
"16908","PmetTSAr1.1-024800",4.09143709172346,3.65898973463516,3.54636165662649,5.61309843469651,3.71387403090504,4.60815172078019,3.89739767635227,3.48170426057007,-0.11126615082141,2.04993923531473,0.706650376532116,1
"16909","PmetTSAr1.1-024806",4.04647624456166,4.90840086353498,2.50609557068272,3.15074864966455,3.05848449603944,3.25114998705351,3.81358267255975,3.67985003149682,-0.0838798968230887,1.85469459999158,0.788801946448568,1
"16910","PmetTSAr1.1-024807",4.45112386901783,4.75966144342786,1.79682323935742,2.27701162916934,4.4784951549149,2.94017042307448,3.18497014411584,3.96291541853504,0.12848494571014,1.82497721189872,0.703444935283576,1
"16911","PmetTSAr1.1-024810",2.3829248995752,4.10520799495653,2.17510181606425,2.5417804232588,2.65796866917713,3.16633737869559,3.35260015170088,3.62323695408918,0.18517777478995,1.6182456228219,0.525439522106005,1
"16912","PmetTSAr1.1-024811",2.29300320525161,2.76655321399244,2.2223866381526,3.1772255290735,2.29386337202958,2.51610738128489,1.69725382679857,1.9531511705637,-0.321122746246047,1.27881182543094,0.247337194635052,1
"16913","PmetTSAr1.1-024816",2.29300320525161,2.3500828376925,1.93867770562248,2.14462723212461,1.92975807488203,3.16633737869559,2.84971012894575,2.17960348019427,0.21767081842286,1.27698494544918,0.43794247008131,1
"16914","PmetTSAr1.1-024817",6.24955775548968,4.84890509549213,7.09272331325299,3.33608680552717,4.51490568462965,2.96844129252712,3.16401639316771,3.02879964130892,-0.650679766376397,2.1515994168435,0.0391897800614849,1
"16915","PmetTSAr1.1-024820",2.78757252403137,2.20134341758538,2.9316589694779,1.64156652335464,2.98566343660993,2.37475303402169,2.6820801213607,1.98145770926752,0.0809136366994534,1.32393357667628,0.80197821668557,1
"16916","PmetTSAr1.1-024829",2.06819896944263,1.24941112889981,1.79682323935742,1.64156652335464,1.49283171830497,1.41354347263196,1.34104006068035,1.33040731907962,-0.265044349365973,0.674614810112722,0.3213093421432,1
"16917","PmetTSAr1.1-024830",3.37206353713472,4.37293895114934,2.83708932530119,4.15687006720449,3.16771608518371,4.60815172078019,5.95086526926906,3.9063023411274,0.256757008154016,2.04250593747897,0.395236805643525,1
"16918","PmetTSAr1.1-024831",2.24804235808981,2.73680532997102,1.74953841726907,1.64156652335464,2.07540019374105,1.24391825591612,1.36199381162848,1.35871385778344,-0.483605343680848,0.893238393263779,0.0981065195470469,1
"16919","PmetTSAr1.1-024837",1.79843388647185,1.30890689694266,2.1278169939759,1.72099716158148,1.27436854001643,1.80933564496891,2.2001438495537,1.38702039648726,-0.0366036587637119,0.818972532072038,0.886770871575022,1
"16920","PmetTSAr1.1-024844",2.427885746737,3.3317630103995,2.17510181606425,2.01224283507988,1.82052648573776,3.22287911760087,5.99277277116532,4.61396580872294,0.657471104818407,1.71252889764469,0.0631910768111718,1
"16921","PmetTSAr1.1-024845",2.51780744106059,3.27226724235665,2.03324734979919,3.8126706348882,2.18463178288532,3.5338586815799,3.58309141213032,4.41582003779619,0.229841146126418,1.69702027492397,0.457428541274141,1
"16922","PmetTSAr1.1-024848",12.2743112751704,14.9334377787549,14.5164403811244,16.5215727511822,14.2729276481841,16.849438193773,17.4335207888446,15.2855309000637,0.131834607370817,3.93806884637403,0.643257064111662,1
"16923","PmetTSAr1.1-024849",2.15812066376622,1.63613362117833,4.4447732763052,3.36256368493612,2.84002131775091,2.37475303402169,2.64017261946444,1.92484463185988,-0.241041155271312,1.44719934203931,0.453298022117299,1
"16924","PmetTSAr1.1-024850",2.06819896944263,2.17159553356396,3.21536790200802,1.61508964394569,2.69437919889189,1.13083477810557,1.17341005309531,1.27379424167198,-0.536836832052328,0.972779724499212,0.116539713378516,1
"16925","PmetTSAr1.1-024851",7.46350062885817,3.92672069082798,4.3502036321285,5.00413020829076,4.07797932805259,4.66469345968547,3.64595266497471,3.19863887353185,-0.409758600144524,2.19976732703112,0.179537200135477,1
"16926","PmetTSAr1.1-024853",1.57362965066287,1.10067170879269,2.45881074859437,1.80042779980831,1.52924224801972,1.13083477810557,1.32008630973222,1.07564847074523,-0.444542365787829,0.632347286711707,0.139142857523619,1
"16927","PmetTSAr1.1-024860",8.40767841925589,4.64066990734216,4.96490631927709,6.85751176691696,7.75544282924287,5.59763215162256,4.88222397091441,5.46316196983759,-0.0711777868128667,2.61521510543218,0.828063653599196,1
"16928","PmetTSAr1.1-024861",8.85728689087386,12.4346155209553,8.0857045771084,13.6355928956071,10.0493062012725,21.4293190451005,13.976151882403,13.502218961723,0.452715059746983,3.68042581297473,0.167696569493777,1
"16929","PmetTSAr1.1-024863",4.27128048037064,5.17613181972779,2.78980450321284,4.7393614142013,3.89592667947881,4.8343186764013,6.07658777495785,5.09517696668791,0.226063116706923,2.2270534006441,0.458623632835128,1
"16930","PmetTSAr1.1-024867",3.05733760700214,2.32033495367108,1.89139288353413,5.32185276119811,3.64105297147553,5.45627780435937,5.34320649177328,5.43485543113377,0.650026109249937,2.04809797028158,0.0554210161677888,1
"16931","PmetTSAr1.1-024872",4.00151539739986,4.64066990734216,2.9316589694779,2.30348850857828,3.53182138233126,1.97896086168474,6.47470904297233,3.51001079927389,0.163934013957982,1.90274250247779,0.658478931239291,1
"16932","PmetTSAr1.1-024884",7.41853978169638,9.31108769870574,3.02622861365461,1.82690467921726,4.87901098177721,1.10256390865293,1.34104006068035,3.02879964130892,-1.06496970759747,2.01303310357047,0.0389808388489957,1
"16933","PmetTSAr1.1-024885",6.24955775548968,9.1326003945772,2.69523485903613,5.45423715824283,4.98824257092147,7.37869692713883,6.16040277875037,6.39727774706371,0.0794253161988494,2.61535412591409,0.821505535786737,1
"16934","PmetTSAr1.1-024889",2.87749421835496,1.45764631704978,13.8071680497991,6.27502041992016,3.96874773890832,2.79881607581128,1.19436380404344,1.47194001259873,-1.37252781554189,2.09007869079359,0.0129937824130321,1
"16935","PmetTSAr1.1-024891",1.84339473363365,1.54688996911405,2.08053217188754,1.93281219685304,1.74770542630825,2.14858607840058,1.29913255878409,1.38702039648726,-0.170746424204248,0.85190795751896,0.548384048243473,1
"16936","PmetTSAr1.1-024893",4.67592810482681,5.53310642798488,3.07351343574296,4.395161981885,4.36926356577063,4.72123519859075,4.9450852237588,4.58565927001912,0.0714667352760565,2.20291676916651,0.806151708238094,1
"16937","PmetTSAr1.1-024896",2.69765082970777,3.83747703876371,1.70225359518072,2.78007233793931,2.94925290689518,3.16633737869559,2.87066387989388,2.49097540593631,0.0476295515523513,1.52569050225501,0.866312475088363,1
"16938","PmetTSAr1.1-024902",1.88835558079544,1.93361246139257,1.56039912891566,2.72711857912142,1.63847383716399,2.37475303402169,1.86488383438361,2.97218656390128,0.114441306662188,1.12963445749954,0.696356206485978,1
"16939","PmetTSAr1.1-024903",1.79843388647185,3.2127714743138,4.53934292048191,3.57437872020768,2.65796866917713,2.26166955621114,2.30491260429436,1.86823155445223,-0.531564135167965,1.50233576561575,0.0844518452620289,1
"16940","PmetTSAr1.1-024910",2.47284659389879,2.14184764954254,4.72848220883532,2.70064169971247,2.40309496117385,2.03550260059002,2.7449413742051,2.03807078667516,-0.37211199670704,1.43805409825956,0.215100335937032,1
"16941","PmetTSAr1.1-024916",1.43874710917748,0.981680172706995,3.26265272409637,2.38291914680512,1.60206330744923,1.32873086427404,1.08959504930279,1.21718116426433,-0.619491226115868,0.775140471985252,0.0708444909412953,1
"16942","PmetTSAr1.1-024917",2.3829248995752,1.21966324487839,1.74953841726907,1.87985843803515,1.63847383716399,1.55489781989516,0.963872543614003,0.99072885463376,-0.49253838045268,0.676330640998279,0.10570886459611,1
"16943","PmetTSAr1.1-024918",3.5968677729437,3.83747703876371,6.19431169357427,5.85139034937702,5.13388468978049,6.64365432137021,3.12210889127144,4.50073965390765,-0.00816856968730193,2.29822948191502,0.98840788426009,1
"16944","PmetTSAr1.1-024921",2.47284659389879,1.69562938922117,1.74953841726907,1.80042779980831,1.67488436687874,1.66798129770571,1.61343882300605,2.06637732537899,-0.129049163900053,0.926150433915694,0.62282377885913,1
"16945","PmetTSAr1.1-024922",4.18135878604705,5.8008373841777,2.55338039277107,4.18334694661344,4.36926356577063,4.21235954844324,4.37933394815927,4.81211157964969,0.0815550054919599,2.13074906611323,0.777689267148608,1
"16946","PmetTSAr1.1-024927",2.60772913538418,2.40957860573535,2.78980450321284,2.93893361439298,1.89334754516727,2.60091998964281,2.38872760808688,2.51928194464013,-0.188727853312524,1.36706235957222,0.468212177279146,1
"16947","PmetTSAr1.1-024928",4.63096725766501,4.1944516470208,6.24159651566263,5.00413020829076,5.49798998692805,6.47402910465438,4.50505645384806,5.09517696668791,0.105561715262805,2.39616728888752,0.72495015263431,1
"16948","PmetTSAr1.1-024935",1.93331642795724,2.97478840214241,1.74953841726907,1.58861276453675,1.7112948965935,2.742274336906,3.2268776460121,2.80234733167835,0.347765177425723,1.27025206970598,0.250893334696722,1
"16949","PmetTSAr1.1-024937",2.24804235808981,3.39125877844235,3.78278576706826,2.09167347330672,2.80361078803616,2.91189955362184,4.27456519341862,3.0004931026051,0.18306951658494,1.64473949531969,0.552488179447575,1
"16950","PmetTSAr1.1-024938",2.15812066376622,3.39125877844235,2.31695628232931,2.46234978503196,1.96616860459678,2.48783651183225,2.45158886093127,3.34017156705096,-0.0161893598880861,1.399296253566,0.961966893008386,1
"16951","PmetTSAr1.1-024944",3.05733760700214,2.94504051812099,1.70225359518072,1.72099716158148,2.65796866917713,3.33596259541143,5.36416024272141,3.31186502834714,0.644302850600225,1.62531655135788,0.0458114970860384,1
"16952","PmetTSAr1.1-024947",6.24955775548968,5.97932468830624,5.39046971807227,7.89011006386585,6.66312693780021,6.13477867122271,7.24999782805315,5.6046946633567,0.00585473877460856,2.69167861985342,0.985110019780159,1
"16953","PmetTSAr1.1-024950",1.70851219214826,2.20134341758538,1.84410806144578,2.03871971448883,1.27436854001643,1.75279390606363,2.55635761567192,1.89653809315605,-0.0522744321706248,0.982970107731861,0.864100041011666,1
"16954","PmetTSAr1.1-024961",4.04647624456166,3.83747703876371,6.24159651566263,3.4684712025719,5.17029521949525,2.71400346745336,2.9544788836864,4.10444811205415,-0.234232653715372,2.0412631678007,0.462248157465543,1
"16955","PmetTSAr1.1-024965",6.24955775548968,6.63377813677757,7.23457777951804,7.46647999332272,4.87901098177721,8.08546866345481,10.2882917155321,8.46365507244269,0.20344443997731,2.90340895361162,0.516044067053573,1
"16956","PmetTSAr1.1-024966",9.08209112668284,12.5238591730195,5.34318489598392,4.1039163083866,7.02723223494777,4.74950606804339,6.9356915638312,6.87848890502868,-0.279512803794428,2.8359317923183,0.443240497368224,1
"16957","PmetTSAr1.1-024973",3.05733760700214,3.89697280680656,2.97894379156625,3.52142496138979,3.38617926347224,4.43852650406435,5.57369775220271,4.81211157964969,0.435416538304143,2.01087141965023,0.125654175306306,1
"16958","PmetTSAr1.1-024976",5.12553657644477,1.30890689694266,1.56039912891566,4.58050013774762,3.422589793187,3.16633737869559,1.63439257395418,2.00976424797134,-0.302068103706154,1.53904551799652,0.480641777137537,1
"16959","PmetTSAr1.1-024982",5.66506674238632,3.80772915474228,2.50609557068272,3.1772255290735,3.38617926347224,3.84483824555893,3.72976766876723,3.0004931026051,-0.115070847062829,1.8869703162148,0.706986039231745,1
"16960","PmetTSAr1.1-024984",2.06819896944263,2.52857014182105,2.2223866381526,2.09167347330672,1.34718959944595,2.96844129252712,3.12210889127144,2.66081463815924,0.188110524284696,1.28977698362417,0.533480943238428,1
"16961","PmetTSAr1.1-024985",1.48370795633928,1.81462092530687,2.64795003694778,2.32996538798723,1.56565277773448,2.742274336906,3.49927640833779,1.72669886093312,0.213952612161824,1.19855958743206,0.515740321449622,1
"16962","PmetTSAr1.1-024987",3.91159370307627,4.22419953104222,5.76874829477909,5.69252907292335,4.33285303605588,4.09927607063268,4.52601020479619,3.56662387668154,-0.245920928371446,2.19371092613715,0.390926134509437,1
"16963","PmetTSAr1.1-024989",1.79843388647185,1.54688996911405,15.79313057751,8.2078326167732,4.87901098177721,4.74950606804339,1.63439257395418,1.10395500944905,-1.1448547289139,2.32089088493857,0.0712625540065649,1
"16964","PmetTSAr1.1-024990",4.45112386901783,5.89008103624197,6.47802062610439,4.18334694661344,4.58772674405916,3.95792172336949,4.27456519341862,4.89703119576116,-0.243655125722942,2.29162194779042,0.398850420893953,1
"16965","PmetTSAr1.1-025000",6.96893131007841,8.00218080176308,7.14000813534134,8.47260141086266,7.17287435380679,7.66140562166522,7.98337911123772,8.15228314670065,0.0168328224401478,2.95588109380719,0.954963924377296,1
"16966","PmetTSAr1.1-025002",3.41702438429651,2.5880659098639,4.58662774257026,4.58050013774762,4.33285303605588,3.47731694267462,2.6820801213607,3.08541271871657,-0.163271576707227,1.86753663078728,0.588843109828189,1
"16967","PmetTSAr1.1-025004",4.27128048037064,4.04571222691368,1.84410806144578,3.01836425261982,2.14822125317056,3.25114998705351,1.61343882300605,2.6042015607516,-0.45964742054152,1.54005149780401,0.159888402508559,1
"16968","PmetTSAr1.1-025005",5.88987097819531,6.21730776047764,6.09974204939757,10.3524598488978,7.28210594295105,8.96186561648663,5.00794647660319,4.98195081187262,-0.127164431063926,2.7893443274808,0.705860932852628,1
"16969","PmetTSAr1.1-025010",3.37206353713472,5.681845848092,1.65496877309236,2.64768794089458,2.65796866917713,1.4418143420846,2.49349636282753,3.31186502834714,-0.438036306797592,1.57141482567719,0.23718128669122,1
"16970","PmetTSAr1.1-025013",4.8108106463122,5.97932468830624,5.76874829477909,4.28925446424922,4.55131621434441,5.54109041271728,4.44219520100367,5.32162927631848,-0.0692240730247457,2.36385821709777,0.810496005235102,1
"16971","PmetTSAr1.1-025015",2.15812066376622,1.87411669334972,2.36424110441766,1.77395092039937,3.02207396632469,2.17685694785322,1.86488383438361,2.43436232852867,0.218111095333247,1.1799185264956,0.42943965505007,1
"16972","PmetTSAr1.1-025019",5.03561488212118,5.0571402836421,5.10676078554215,5.08356084651759,6.5903058783707,5.39973606545409,5.00794647660319,5.40654889242995,0.141435660362408,2.43209417421784,0.611882057530661,1
"16973","PmetTSAr1.1-025020",2.87749421835496,3.95646857484941,4.20834916586344,4.13039318779555,4.4784951549149,4.15581780953796,4.79840896712189,3.39678464445861,0.14744348335438,2.02337612814175,0.601652613189311,1
"16974","PmetTSAr1.1-025022",2.29300320525161,3.48050243050662,2.26967146024096,3.1242717702556,3.27694767432797,3.10979563979031,4.44219520100367,3.56662387668154,0.358812980157409,1.70815915529439,0.198624163074328,1
"16975","PmetTSAr1.1-025023",4.8108106463122,5.65209796407058,4.72848220883532,5.61309843469651,4.55131621434441,5.23011084873825,5.07080772944758,4.52904619261147,-0.104130177596527,2.34679858374948,0.708569746216323,1
"16976","PmetTSAr1.1-025031",2.83253337119316,3.80772915474228,3.16808307991967,3.01836425261982,2.87643184746567,3.10979563979031,4.08598143488545,3.62323695408918,0.0958439399296805,1.7576537713446,0.729265030712628,1
"16977","PmetTSAr1.1-025032",1.52866880350107,1.99310822943541,2.50609557068272,1.9063353174441,1.60206330744923,2.00723173113738,2.32586635524249,1.41532693519109,-0.0990530665136806,0.979904677530084,0.714627044812059,1
"16978","PmetTSAr1.1-025039",2.3829248995752,3.51025031452804,7.61285635622487,5.61309843469651,8.629295542397,6.38921649629646,2.01156009102053,1.67008578352548,-0.0350224110804674,2.25608163947498,0.948426395199718,1
"16979","PmetTSAr1.1-025047",6.96893131007841,5.47361065994203,16.9279663076305,3.73323999666136,10.0493062012725,4.43852650406435,2.07442134386492,4.72719196353823,-0.636554832848414,2.77114031843565,0.193657531530428,1
"16980","PmetTSAr1.1-025048",1.97827727511903,2.32033495367108,2.74251968112449,1.95928907626199,1.78411595602301,1.61143955880043,1.36199381162848,1.72669886093312,-0.472939599980373,0.991991688603059,0.0805718997727806,1
"16981","PmetTSAr1.1-025052",4.27128048037064,3.56974608257089,3.73550094497991,4.20982382602238,4.04156879833783,3.98619259282213,3.85549017445601,4.38751349909237,0.0432185670037012,2.02452859342183,0.88017148713113,1
"16982","PmetTSAr1.1-025066",2.87749421835496,1.90386457737114,3.02622861365461,3.99800879075082,2.07540019374105,5.23011084873825,5.25939148798076,3.39678464445861,0.438555777095409,1.82524241336027,0.202976183325462,1
"16983","PmetTSAr1.1-025067",3.23718099564933,4.8191572114707,2.60066521485943,4.50106949952079,3.64105297147553,3.95792172336949,2.80780262704949,3.82138272501593,-0.102915496922253,1.9028474103428,0.741388882994572,1
"16984","PmetTSAr1.1-025070",5.03561488212118,5.26537547179207,7.23457777951804,6.46035857578278,4.98824257092147,10.6015760447397,10.4768754740653,7.38800660169747,0.481921620513112,2.85846958379226,0.13946848272332,1
"16985","PmetTSAr1.1-025074",2.3379640524134,1.57663785313548,2.88437414738955,8.34021701381793,11.0323905035708,5.85206997669631,1.00578004551026,1.21718116426433,0.328827478814326,2.11775928544851,0.60492524349458,1
"16986","PmetTSAr1.1-025075",2.56276828822238,1.54688996911405,2.97894379156625,2.88597985557509,2.4395054908886,1.9506899922321,2.24205135144996,2.03807078667516,-0.197268081882683,1.25498039817619,0.480534485972965,1
"16987","PmetTSAr1.1-025084",4.36120217469423,4.34319106712792,4.25563398795179,2.8330260967572,3.89592667947881,3.87310911501157,4.37933394815927,3.2552519509395,-0.0300498100153183,1.98478629271522,0.916232289690589,1
"16988","PmetTSAr1.1-025085",2.20308151092802,2.64756167790674,4.25563398795179,4.23630070543133,2.22104231260007,4.3254430262538,3.39450765359714,3.08541271871657,-0.0326572461300154,1.74875382290469,0.920697890922781,1
"16989","PmetTSAr1.1-025086",2.92245506551675,5.65209796407058,2.36424110441766,4.55402325833868,3.75028456061979,2.79881607581128,3.18497014411584,4.41582003779619,-0.142255495767593,1.91616784386333,0.679229862587445,1
"16990","PmetTSAr1.1-025088",3.77671116159088,5.62235008004915,4.63391256465862,3.68028623784347,3.67746350119028,4.66469345968547,4.4631489519518,4.04783503464651,-0.0709901680278167,2.13206782794791,0.806991654613724,1
"16991","PmetTSAr1.1-025090",2.60772913538418,3.03428417018526,2.03324734979919,3.04484113202877,2.4395054908886,2.71400346745336,2.30491260429436,2.71742771556688,-0.0859276859870127,1.42038616062665,0.776701692621744,1
"16992","PmetTSAr1.1-025091",3.77671116159088,5.47361065994203,3.45179201244979,3.44199432316295,3.96874773890832,6.67192519082285,5.95086526926906,5.97267966650638,0.48174683784496,2.29570369734484,0.111975691408421,1
"16993","PmetTSAr1.1-025092",3.68678946726729,5.0571402836421,2.31695628232931,4.52754637892973,4.11438985776735,4.86258954585394,5.53179025030645,4.47243311520383,0.277325788304719,2.13561199702958,0.360900842512406,1
"16994","PmetTSAr1.1-025094",7.1937355458874,5.26537547179207,5.62689382851404,4.1039163083866,5.35234786806902,2.54437825073753,2.05346759291679,3.2552519509395,-0.752467510687102,2.1592916408586,0.0275173450004282,1
"16995","PmetTSAr1.1-025095",4.36120217469423,4.72991355940643,2.55338039277107,3.01836425261982,3.93233720919357,2.60091998964281,3.31069264980462,3.22694541223568,-0.169750828290183,1.8183507333674,0.57383166819003,1
"16996","PmetTSAr1.1-025097",5.08057572928297,5.83058526819912,4.58662774257026,5.13651460533548,3.13130555546895,5.79552823779104,7.81574910365268,7.38800660169747,0.227810881975769,2.50255951156982,0.487755010460193,1
"16997","PmetTSAr1.1-025101",7.32861808737279,6.30655141254191,5.81603311686745,5.374806520016,6.62671640808546,5.42800693490673,4.04407393298919,4.61396580872294,-0.262960324420031,2.52251706398802,0.374747919235881,1
"16998","PmetTSAr1.1-025103",7.95806994763793,8.44839906208444,2.64795003694778,7.73124878741217,4.58772674405916,8.42471909688648,11.3569330138867,10.2186604720796,0.367361822013998,2.95411298403803,0.345648158204566,1
"16999","PmetTSAr1.1-025108",4.36120217469423,6.84201332492754,1.79682323935742,5.0306070876997,4.04156879833783,5.88034084614895,5.23843773703263,4.13275465075797,0.0915183118574044,2.2446148591506,0.796082914729786,1
"17000","PmetTSAr1.1-025115",5.48522335373914,9.22184404664147,5.91060276104415,5.21594524356232,5.38875839778378,6.98290475480188,5.88800401642467,6.36897120835989,-0.0703864124215102,2.67171305825786,0.824577032007779,1
"17001","PmetTSAr1.1-025116",6.20459690832788,6.30655141254191,4.3502036321285,6.51331233460067,5.64363210578707,7.54832214385467,7.35476658279381,5.43485543113377,0.150972213515147,2.64101220766962,0.610589130014264,1
"17002","PmetTSAr1.1-025117",4.7658497991504,5.0571402836421,5.20133042971886,6.03672850523964,5.89850581379035,5.54109041271728,5.84609651452841,5.83114697298727,0.132208060667169,2.48200454239054,0.635184563717647,1
"17003","PmetTSAr1.1-025119",2.69765082970777,3.65898973463516,1.70225359518072,2.22405787035145,2.7672002583214,2.60091998964281,2.55635761567192,2.80234733167835,0.05174282665228,1.42835911998788,0.854032872399641,1
"17004","PmetTSAr1.1-025122",5.30537996509196,6.18755987645621,7.51828671204816,7.62534126977639,6.44466375951168,5.08875650147506,6.51661654486859,6.53881044058282,-0.116186912075925,2.69255916702837,0.692098764725158,1
"17005","PmetTSAr1.1-025124",3.82167200875268,4.04571222691368,4.77576703092368,3.86562439370609,5.20670574921,4.12754694008532,4.35838019721114,4.67057888613058,0.154024022710831,2.14375977704029,0.581522305734024,1
"17006","PmetTSAr1.1-025126",6.83404876859303,4.22419953104222,14.0908769823293,6.19558978169332,8.81134819097078,3.13806650924295,2.93352513273827,7.16155429206689,-0.507255225936535,2.74637670666085,0.241107474822489,1
"17007","PmetTSAr1.1-025130",1.66355134498646,2.61781379388532,1.65496877309236,1.82690467921726,1.96616860459678,1.86587738387419,1.84393008343548,2.40605578982485,0.0455295193184761,1.03258323299657,0.864986021793215,1
"17008","PmetTSAr1.1-025137",7.82318740615254,9.37058346674859,5.62689382851404,7.89011006386585,7.17287435380679,6.47402910465438,6.97759906572746,9.48269046578027,-0.0311253677953591,2.93869708572626,0.92457463251517,1
"17009","PmetTSAr1.1-025141",1.79843388647185,2.64756167790674,1.84410806144578,2.25053474976039,1.78411595602301,2.54437825073753,3.41546140454527,2.85896040908599,0.309969382528779,1.30177818979468,0.281480818373623,1
"17010","PmetTSAr1.1-025142",4.45112386901783,4.22419953104222,5.0594759634538,3.33608680552717,5.35234786806902,2.91189955362184,2.17919009860557,3.11371925742039,-0.336187622370482,1.95472688159239,0.296666701440673,1
"17011","PmetTSAr1.1-025146",2.11315981660442,1.93361246139257,2.1278169939759,2.59473418207669,2.69437919889189,1.89414825332683,1.9906063400724,2.80234733167835,0.0878910172346028,1.22061515277912,0.748790037819598,1
"17012","PmetTSAr1.1-025147",2.15812066376622,2.49882225779962,4.30291881004014,2.22405787035145,2.73078972860665,2.34648216456905,2.01156009102053,2.49097540593631,-0.216958708298875,1.40435492709078,0.457566919516357,1
"17013","PmetTSAr1.1-025155",1.93331642795724,3.30201512637807,2.83708932530119,5.26889900238021,1.96616860459678,4.55160998187491,4.14884268772984,3.99122195723886,0.129691165845395,1.83821495817488,0.708236756664048,1
"17014","PmetTSAr1.1-025158",4.27128048037064,3.42100666246377,1.70225359518072,2.43587290562301,2.33027390174434,2.34648216456905,2.22109760050183,3.99122195723886,-0.119821437835697,1.53603941060385,0.720518526037337,1
"17015","PmetTSAr1.1-025159",5.44026250657734,5.41411489189919,2.1278169939759,3.44199432316295,2.69437919889189,2.65746172854809,2.93352513273827,4.78380504094587,-0.330984079078932,1.90610269142664,0.337574828934376,1
"17016","PmetTSAr1.1-025160",4.18135878604705,3.59949396659232,3.68821612289155,2.62121106148563,4.29644250634112,3.3925043343167,4.14884268772984,5.15179004409555,0.275301105186436,1.98015827298723,0.342353216772006,1
"17017","PmetTSAr1.1-025161",3.86663285591448,6.12806410841336,2.88437414738955,3.01836425261982,4.76977939263294,4.29717215680116,5.65751275599524,5.3499358150223,0.333210914716535,2.19092218263187,0.286024003847937,1
"17018","PmetTSAr1.1-025167",9.71154298694798,9.81680172706995,6.19431169357427,8.04897134031952,8.41083236410847,7.57659301330731,8.04624036408211,9.39777084966881,-0.0159031970207417,3.08122027979487,0.962210773763115,1
"17019","PmetTSAr1.1-025170",1.93331642795724,2.40957860573535,2.2223866381526,2.03871971448883,1.63847383716399,2.34648216456905,1.92774508722801,1.64177924482166,-0.185787115055722,1.05728151812728,0.48795317378091,1
"17020","PmetTSAr1.1-025171",5.44026250657734,4.0754601109351,7.14000813534134,3.78619375547925,5.64363210578707,4.66469345968547,4.92413147281067,3.93460887983122,-0.0868974776763853,2.32268140802614,0.772755966866878,1
"17021","PmetTSAr1.1-025175",1.57362965066287,1.07092382477127,1.65496877309236,1.13850581458467,1.56565277773448,1.49835608098988,0.880057539821481,1.41532693519109,-0.0134505197951345,0.488311523224147,0.976802088182379,1
"17022","PmetTSAr1.1-025176",2.3379640524134,1.30890689694266,4.39748845421685,4.26277758484027,2.84002131775091,2.14858607840058,0.796242536028959,2.49097540593631,-0.578087601915451,1.39013131969378,0.164225449079939,1
"17023","PmetTSAr1.1-025177",2.96741591267855,5.11663605168494,2.08053217188754,4.87174581124603,2.91284237718042,5.71071562943312,6.95664531477933,4.92533773446498,0.441551554309266,2.17746552802029,0.214802884903782,1
"17024","PmetTSAr1.1-025178",3.64182862010549,3.30201512637807,2.50609557068272,4.68640765538341,2.84002131775091,4.41025563461172,4.06502768393732,4.13275465075797,0.123821924087178,1.91365838620325,0.67196798432775,1
"17025","PmetTSAr1.1-025180",2.87749421835496,3.59949396659232,3.45179201244979,6.11615914346648,3.8231056200493,6.36094562684382,5.76228151073589,4.78380504094587,0.363825005083989,2.22384302204594,0.255281868925053,1
"17026","PmetTSAr1.1-025186",1.88835558079544,2.76655321399244,2.17510181606425,2.51530354384985,1.92975807488203,2.65746172854809,3.87644392540414,2.94388002519746,0.287748323693896,1.41489411519426,0.324255875975352,1
"17027","PmetTSAr1.1-025188",2.65268998254598,3.2127714743138,1.5131143068273,2.30348850857828,2.40309496117385,3.27942085650615,2.24205135144996,2.17960348019427,0.0520635949624328,1.34412136510145,0.849022507446355,1
"17028","PmetTSAr1.1-025190",4.40616302185603,4.52167837125646,4.06649469959838,4.52754637892973,3.96874773890832,3.50558781212726,4.14884268772984,3.82138272501593,-0.182954639484698,2.06410640440535,0.494588095533514,1
"17029","PmetTSAr1.1-025191",8.72240434938847,5.53310642798488,8.65312244216864,5.56014467587862,7.90108494810189,4.94740215421186,6.3908940391798,6.14251889872931,-0.162283708871522,2.76169203631784,0.600553874960786,1
"17030","PmetTSAr1.1-025194",3.01237675984035,2.05260399747826,3.45179201244979,2.46234978503196,2.4395054908886,1.69625216715835,1.2362713059397,1.78331193834077,-0.618969352532123,1.20954316343948,0.0354575382338652,1
"17031","PmetTSAr1.1-025197",2.65268998254598,2.5880659098639,2.97894379156625,2.99188737321088,2.7672002583214,2.94017042307448,4.08598143488545,2.26452309630574,0.110520334989067,1.57241190698275,0.710177975506657,1
"17032","PmetTSAr1.1-025199",1.84339473363365,1.99310822943541,2.64795003694778,1.69452028217253,1.96616860459678,1.92241912277947,1.55057757016166,1.55685962871019,-0.219806815850682,0.964342214960117,0.416540798363285,1
"17033","PmetTSAr1.1-025202",13.1285673712445,15.2011687349477,12.4359082092369,11.3850581458467,11.4329063304332,7.94411431619162,9.53395668139938,9.2562381561497,-0.451052009290302,3.50402820170999,0.12016627332159,1
"17034","PmetTSAr1.1-025203",4.40616302185603,6.48503871667045,12.6723323196787,8.28726325500003,5.68004263550182,7.15252997151772,6.09754152590598,4.72719196353823,-0.427135519432665,2.80577295143899,0.217090080071891,1
"17035","PmetTSAr1.1-025205",2.87749421835496,2.94504051812099,1.93867770562248,2.25053474976039,2.40309496117385,2.45956564237961,3.31069264980462,1.9531511705637,0.0194029930089534,1.36859520738363,0.960915254930804,1
"17036","PmetTSAr1.1-025206",2.427885746737,2.52857014182105,1.79682323935742,2.03871971448883,1.3836001291607,2.00723173113738,2.05346759291679,1.58516616741402,-0.316543341419812,1.02811735224432,0.244101474375196,1
"17037","PmetTSAr1.1-025208",4.54104556334142,5.62235008004915,6.28888133775098,6.24854354051121,5.02465310063623,5.08875650147506,6.76806155624615,7.69937852743951,0.115156258619643,2.57920438172008,0.699385151498592,1
"17038","PmetTSAr1.1-025212",2.56276828822238,2.49882225779962,2.78980450321284,4.28925446424922,2.62155813946238,4.09927607063268,3.05924763842705,2.77404079297453,0.0424445804886814,1.65715205997009,0.888706281885205,1
"17039","PmetTSAr1.1-025216",2.96741591267855,4.43243471919219,4.72848220883532,5.87786722878597,4.1508003874821,6.13477867122271,6.01372652211345,4.67057888613058,0.217126811219196,2.30525845527298,0.479986004057562,1
"17040","PmetTSAr1.1-025217",5.03561488212118,5.59260219602773,3.73550094497991,6.0102516258307,4.51490568462965,3.76002563720101,4.06502768393732,5.15179004409555,-0.225461737237449,2.26204868793925,0.445289287544475,1
"17041","PmetTSAr1.1-025219",3.32710268997292,3.48050243050662,2.45881074859437,3.23017928789139,3.85951614976406,3.95792172336949,4.44219520100367,4.16106118946179,0.390422377053028,1.88094529122478,0.141616887899248,1
"17042","PmetTSAr1.1-025222",2.96741591267855,2.82604898203529,2.69523485903613,2.78007233793931,2.7672002583214,3.08152477033767,2.82875637799762,3.14202579612421,0.069308653422357,1.55982649794435,0.801617987276564,1
"17043","PmetTSAr1.1-025224",3.19222014848753,4.22419953104222,2.50609557068272,2.1975809909425,3.67746350119028,3.25114998705351,3.54118391023405,2.83065387038217,0.131648458417743,1.69642842721718,0.660409040113471,1
"17044","PmetTSAr1.1-025228",5.08057572928297,4.46218260321361,4.3502036321285,3.65380935843452,4.36926356577063,4.21235954844324,4.10693518583358,4.3025938829809,-0.0436690148700103,2.12937158153186,0.87520477036692,1
"17045","PmetTSAr1.1-025229",3.95655455023807,6.30655141254191,4.25563398795179,4.52754637892973,3.67746350119028,5.484548673812,5.46892899746206,5.51977504724523,0.0798945455338267,2.31266138843146,0.794966220332195,1
"17046","PmetTSAr1.1-025233",2.24804235808981,2.43932648975678,2.78980450321284,1.74747404099042,2.54873708003287,2.8836286841692,1.92774508722801,2.51928194464013,0.103538800653265,1.29012475773904,0.721937994917137,1
"17047","PmetTSAr1.1-025236",2.92245506551675,4.46218260321361,2.2223866381526,1.72099716158148,2.22104231260007,2.68573259800072,2.87066387989388,2.49097540593631,-0.141032782650409,1.46612208952419,0.661236142526637,1
"17048","PmetTSAr1.1-025238",2.83253337119316,3.59949396659232,2.83708932530119,2.43587290562301,3.20412661489846,4.1840886789906,3.26878514790836,2.66081463815924,0.1855717038086,1.67428093840395,0.514485410399228,1
"17049","PmetTSAr1.1-025242",3.77671116159088,4.13495587897795,4.63391256465862,3.60085559961663,3.49541085261651,3.6752130288431,2.91257138179014,3.651543492793,-0.232580946036797,1.9227013662578,0.39172311871835,1
"17050","PmetTSAr1.1-025249",2.29300320525161,1.90386457737114,3.07351343574296,2.32996538798723,2.11181072345581,3.44904607322198,3.33164640075275,1.78331193834077,0.166148219012457,1.37698257460338,0.594153631392242,1
"17051","PmetTSAr1.1-025250",3.5519069257819,2.88554475007814,12.6250474975903,3.86562439370609,6.99082170523301,2.31821129511641,1.21531755499157,2.03807078667516,-0.869566552466992,2.1575652699337,0.101917268703231,1
"17052","PmetTSAr1.1-025259",1.43874710917748,1.36840266498551,2.64795003694778,2.64768794089458,3.20412661489846,2.45956564237961,1.34104006068035,1.33040731907962,0.0298315047605972,1.07774906494407,0.93603528695369,1
"17053","PmetTSAr1.1-025260",4.45112386901783,6.39579506460618,1.79682323935742,4.15687006720449,3.64105297147553,3.02498303143239,3.45736890644153,4.07614157335033,-0.249651047988533,1.9789009251318,0.478788428588989,1
"17054","PmetTSAr1.1-025263",2.83253337119316,3.95646857484941,5.76874829477909,4.02448567015976,3.89592667947881,3.10979563979031,3.03829388747892,3.17033233482803,-0.32767216399121,1.91802295042514,0.265328840687653,1
"17055","PmetTSAr1.1-025264",1.88835558079544,1.7253772732426,3.21536790200802,3.38904056434506,2.14822125317056,3.90137998446421,2.80780262704949,1.92484463185988,0.0792023865503119,1.42725540642582,0.817296052531786,1
"17056","PmetTSAr1.1-025266",7.37357893453458,8.24016387393447,8.27484386546182,6.38092793755594,5.71645316521658,4.09927607063268,5.61560525409897,5.91606658909874,-0.502597190079957,2.70182549485911,0.0845674146154084,1
"17057","PmetTSAr1.1-025267",2.78757252403137,3.53999819854947,3.49907683453814,3.41551744375401,3.45900032290175,2.79881607581128,3.41546140454527,2.94388002519746,-0.0723641614526346,1.71995497565796,0.797093181190209,1
"17058","PmetTSAr1.1-025272",2.11315981660442,2.5880659098639,3.78278576706826,3.7597168760703,2.4395054908886,2.20512781730586,2.01156009102053,1.89653809315605,-0.522430773634758,1.40932622915632,0.0666648324648536,1
"17059","PmetTSAr1.1-025276",3.10229845416394,3.24251935833523,3.97192505542167,4.07743942897765,3.49541085261651,3.64694215939046,2.97543263463453,3.45339772186625,-0.0878421793430721,1.83019544056463,0.756979690478326,1
"17060","PmetTSAr1.1-025277",6.33947944981327,8.00218080176308,6.66715991445781,8.60498580790738,6.37184270008217,8.70742779141287,7.24999782805315,7.41631314040129,0.00430324639310135,2.90423358423113,0.989817973795925,1
"17061","PmetTSAr1.1-025278",2.65268998254598,1.93361246139257,2.83708932530119,3.99800879075082,2.4395054908886,4.52333911242227,3.47832265738966,3.34017156705096,0.26995579270768,1.68644445505046,0.383008208745248,1
"17062","PmetTSAr1.1-025281",9.75650383410978,8.56739059817014,9.22054030722888,7.20171119923326,8.04672706696092,6.33267475739118,7.29190532994942,7.41631314040129,-0.254990858090155,3.00607621079383,0.374523969765273,1
"17063","PmetTSAr1.1-025282",4.18135878604705,4.55142625527789,4.11377952168673,6.3014972993291,3.02207396632469,4.49506824296963,4.86127021996628,4.33090042168472,-0.197700546863288,2.18565977485328,0.504962206435014,1
"17064","PmetTSAr1.1-025284",1.66355134498646,1.63613362117833,2.41152592650602,2.48882666444091,1.96616860459678,2.77054520635864,1.61343882300605,1.61347270611784,-0.0465439830243433,1.0571308967121,0.89064983769971,1
"17065","PmetTSAr1.1-025288",1.97827727511903,1.69562938922117,2.60066521485943,1.87985843803515,1.7112948965935,1.66798129770571,2.4725426118794,2.12299040278663,-0.0133364042125365,1.05378188673548,0.950047832541402,1
"17066","PmetTSAr1.1-025290",3.37206353713472,2.20134341758538,3.07351343574296,5.56014467587862,1.96616860459678,4.04273433172741,2.99638638558266,2.40605578982485,-0.317160584209773,1.70813971819877,0.345457409806425,1
"17067","PmetTSAr1.1-025292",2.3379640524134,3.15327570627095,2.36424110441766,2.48882666444091,2.11181072345581,1.89414825332683,1.9906063400724,2.17960348019427,-0.346129814121991,1.24814406643328,0.188300545009133,1
"17068","PmetTSAr1.1-025304",4.09143709172346,3.48050243050662,2.60066521485943,3.07131801143771,4.00515826862308,3.08152477033767,2.38872760808688,3.05710618001275,-0.085549577721932,1.71333976335756,0.771361410001137,1
"17069","PmetTSAr1.1-025305",3.46198523145831,5.35461912385634,1.84410806144578,4.50106949952079,2.33027390174434,3.90137998446421,6.16040277875037,3.39678464445861,0.0558022960388847,1.98057183222031,0.878374203495531,1
"17070","PmetTSAr1.1-025314",8.76736519655026,10.590246711627,3.87735541124497,4.71288453479235,7.46415859152483,2.20512781730586,3.52023015928592,3.99122195723886,-0.706230210576258,2.50926920636516,0.0865567725566868,1
"17071","PmetTSAr1.1-025315",2.92245506551675,4.10520799495653,3.02622861365461,3.44199432316295,2.0389896640263,3.70348389829574,5.84609651452841,3.84968926371975,0.196901941946585,1.88371409067381,0.549890040888922,1
"17072","PmetTSAr1.1-025319",2.83253337119316,1.21966324487839,6.80901438072287,3.1772255290735,3.53182138233126,1.4418143420846,1.40390131352474,3.0004931026051,-0.579346261198457,1.56756203408971,0.192181711693269,1
"17073","PmetTSAr1.1-025322",5.30537996509196,8.32940752599875,4.16106434377508,6.72512736987223,5.71645316521658,6.19132041012799,6.68424655245363,4.38751349909237,-0.0977231116449108,2.58646840791299,0.762704644478587,1
"17074","PmetTSAr1.1-025325",2.92245506551675,2.05260399747826,9.03140101887547,3.57437872020768,4.40567409548539,2.26166955621114,1.25722505688783,1.6983923222293,-0.870266729334071,1.77891641223372,0.0586929725043726,1
"17075","PmetTSAr1.1-025327",4.27128048037064,4.72991355940643,5.39046971807227,3.60085559961663,4.36926356577063,5.00394389311714,4.44219520100367,3.67985003149682,-0.036714692579848,2.168035498326,0.897688923307953,1
"17076","PmetTSAr1.1-025331",5.03561488212118,8.06167656980593,4.30291881004014,5.0306070876997,4.69695833320343,6.98290475480188,8.06719411503024,6.36897120835989,0.21815984925158,2.61827727425814,0.491459923833713,1
"17077","PmetTSAr1.1-025332",2.92245506551675,2.88554475007814,2.45881074859437,3.1772255290735,3.24053714461322,3.27942085650615,2.82875637799762,3.02879964130892,0.106277491563982,1.60467933904438,0.686762578679829,1
"17078","PmetTSAr1.1-025333",2.24804235808981,1.90386457737114,5.39046971807227,4.07743942897765,2.87643184746567,2.77054520635864,1.65534632490231,2.00976424797134,-0.549187498544288,1.54368941066063,0.119065064846745,1
"17079","PmetTSAr1.1-025337",5.03561488212118,4.40268683517077,4.25563398795179,4.36868510247606,3.8231056200493,4.21235954844324,3.2268776460121,4.52904619261147,-0.194197269519623,2.10079209713208,0.48519991398726,1
"17080","PmetTSAr1.1-025340",6.20459690832788,6.57428236873473,6.47802062610439,7.28114183746009,5.13388468978049,6.2761330184859,4.84031646901815,7.07663467595543,-0.187389727605757,2.65395654681119,0.516042309377618,1
"17081","PmetTSAr1.1-025345",4.63096725766501,6.75276967286327,2.64795003694778,4.97765332888181,3.75028456061979,7.09598823261244,5.02890022755132,4.61396580872294,0.103659058792709,2.32439863742482,0.76115795169035,1
"17082","PmetTSAr1.1-025347",5.88987097819531,7.94268503372023,6.66715991445781,6.3014972993291,6.40825322979693,6.33267475739118,7.56430409227511,7.75599160484715,0.0659114726268008,2.79130330908813,0.824170366659578,1
"17083","PmetTSAr1.1-025349",1.43874710917748,2.97478840214241,2.64795003694778,4.52754637892973,2.54873708003287,3.19460824814823,2.6820801213607,2.43436232852867,-0.106609410382044,1.52419793276747,0.761686487166824,1
"17084","PmetTSAr1.1-025353",1.88835558079544,1.27915901292124,1.79682323935742,1.35032084985624,1.45642118859021,1.27218912536876,0.942918792665873,1.13226154815287,-0.388684287275162,0.526526333837636,0.184857626819296,1
"17085","PmetTSAr1.1-025354",3.19222014848753,3.3317630103995,2.78980450321284,4.18334694661344,2.84002131775091,2.48783651183225,3.37355390264901,4.24598080557326,-0.0643987708435525,1.7533513303191,0.825895860596101,1
"17086","PmetTSAr1.1-025359",11.1053292489637,9.45982711881286,8.55855279799194,5.63957531410546,10.6318746767085,7.52005127440203,7.24999782805315,6.02929274391403,-0.144733412634596,3.05769226575202,0.653902749737792,1
"17087","PmetTSAr1.1-025361",4.63096725766501,2.97478840214241,8.41669833172688,4.18334694661344,5.24311627892476,3.84483824555893,1.94869883817614,2.57589502204778,-0.569351991977033,2.09297059626316,0.134012371043882,1
"17088","PmetTSAr1.1-025368",7.68830486466715,3.42100666246377,5.43775454016062,5.63957531410546,5.68004263550182,5.484548673812,3.66690641592284,3.53831733797771,-0.271264255926993,2.35618937440355,0.409438493250082,1
"17089","PmetTSAr1.1-025371",3.82167200875268,3.77798127072086,3.30993754618473,2.88597985557509,4.84260045206245,2.96844129252712,5.59465150315084,3.2552519509395,0.275145874090388,1.95280489815525,0.361566454848686,1
"17090","PmetTSAr1.1-025383",2.60772913538418,3.74823338669944,2.2223866381526,2.48882666444091,2.11181072345581,2.12031520894794,1.9906063400724,1.38702039648726,-0.547473871673863,1.25955978857376,0.0534283589804919,1
"17091","PmetTSAr1.1-025388",1.88835558079544,2.11209976552111,2.26967146024096,2.93893361439298,2.87643184746567,3.25114998705351,2.59826511756818,2.46266886723249,0.270324671535352,1.38735938533996,0.311493532211119,1
"17092","PmetTSAr1.1-025397",2.92245506551675,1.66588150519975,27.6143360995983,12.8942402721566,8.22877971553469,11.5062438672242,2.03251384196866,3.0004931026051,-0.86415356770378,3.13172513103314,0.208598659686232,1
"17093","PmetTSAr1.1-025398",4.18135878604705,4.25394741506365,2.17510181606425,3.1772255290735,3.8231056200493,1.9506899922321,2.55635761567192,3.34017156705096,-0.248024533388526,1.69650814208028,0.438037609564036,1
"17094","PmetTSAr1.1-025400",2.83253337119316,2.49882225779962,3.26265272409637,3.15074864966455,2.91284237718042,2.54437825073753,1.92774508722801,2.40605578982485,-0.26698187983187,1.45802703457736,0.323629841394863,1
"17095","PmetTSAr1.1-025401",3.77671116159088,3.83747703876371,7.04543849116463,4.63345389656552,3.8231056200493,3.87310911501157,3.2268776460121,3.59493041538536,-0.406996605519206,2.09688321342471,0.169855593750401,1
"17096","PmetTSAr1.1-025407",1.84339473363365,1.93361246139257,3.45179201244979,2.43587290562301,2.73078972860665,1.4418143420846,0.796242536028959,1.21718116426433,-0.656577271243082,1.0191075621007,0.0712637461649194,1
"17097","PmetTSAr1.1-025412",2.20308151092802,2.82604898203529,2.1278169939759,1.93281219685304,1.85693701545252,2.40302390347433,2.01156009102053,2.12299040278663,-0.115457750303231,1.16811147512657,0.67601696482664,1
"17098","PmetTSAr1.1-025417",5.08057572928297,6.21730776047764,3.45179201244979,2.99188737321088,4.4784951549149,3.30769172595879,3.87644392540414,4.3025938829809,-0.153744628285462,2.09513918419573,0.625811643062643,1
"17099","PmetTSAr1.1-025418",1.79843388647185,1.99310822943541,2.17510181606425,1.53565900571886,1.27436854001643,1.04602216974765,1.36199381162848,1.35871385778344,-0.561982629612239,0.697727725130914,0.0357567963706829,1
"17100","PmetTSAr1.1-025419",4.27128048037064,4.13495587897795,3.68821612289155,3.04484113202877,2.7672002583214,5.08875650147506,3.9812126801448,3.76476964760829,0.0488368104563323,1.96527679658521,0.877043414045459,1
"17101","PmetTSAr1.1-025422",2.47284659389879,2.40957860573535,2.17510181606425,1.00612141753994,2.07540019374105,1.38527260317932,1.52962381921353,1.86823155445223,-0.225832270869196,0.938880577927069,0.470921733930042,1
"17102","PmetTSAr1.1-025423",6.69916622710764,7.91293714969881,8.41669833172688,9.10804651667735,7.10005329437728,11.1387225643398,11.2521642591461,8.29381584021976,0.233898971235574,3.13900754201532,0.436599842919645,1
"17103","PmetTSAr1.1-025425",3.73175031442909,3.48050243050662,1.79682323935742,3.65380935843452,3.71387403090504,4.12754694008532,3.14306264221958,2.88726694778981,0.122887937771982,1.75815963945667,0.676486637844363,1
"17104","PmetTSAr1.1-025427",1.61859049782466,2.49882225779962,1.65496877309236,2.40939602621407,1.85693701545252,2.34648216456905,1.69725382679857,2.09468386408281,-0.0514452840089214,1.06238788776347,0.885086381626887,1
"17105","PmetTSAr1.1-025430",4.04647624456166,4.28369529908507,3.30993754618473,2.25053474976039,3.34976873375749,1.47008521153724,2.09537509481305,2.91557348649364,-0.500953261651555,1.59260823658428,0.119989883128553,1
"17106","PmetTSAr1.1-025434",1.57362965066287,1.45764631704978,1.93867770562248,2.75359545853036,1.63847383716399,1.9506899922321,1.17341005309531,1.55685962871019,-0.304839208396386,0.86076860288658,0.324933251313149,1
"17107","PmetTSAr1.1-025435",6.51932283846045,8.83512155436296,7.47100188995981,10.8025667988499,7.42774806181008,12.2978282118981,10.0158929532064,9.79406239152231,0.231266586865047,3.20423044948236,0.45039173187273,1
"17108","PmetTSAr1.1-025438",2.3379640524134,2.05260399747826,2.78980450321284,2.91245673498404,1.34718959944595,1.4418143420846,1.96965258912427,3.0004931026051,-0.373202223159506,1.19592433130637,0.219128606646118,1
"17109","PmetTSAr1.1-025444",3.41702438429651,5.20587970374922,3.12079825783131,4.92469957006392,2.84002131775091,4.3254430262538,5.4270214955658,3.9063023411274,-0.0172879271463196,2.07655522225319,0.964250219726903,1
"17110","PmetTSAr1.1-025446",2.427885746737,2.40957860573535,1.89139288353413,2.14462723212461,2.62155813946238,1.32873086427404,1.63439257395418,1.92484463185988,-0.252971551309126,1.07360335612922,0.388669568807008,1
"17111","PmetTSAr1.1-025447",1.52866880350107,2.11209976552111,1.65496877309236,1.61508964394569,2.0389896640263,1.89414825332683,2.05346759291679,1.67008578352548,0.141140931989611,0.914858214948839,0.596732695044197,1
"17112","PmetTSAr1.1-025448",2.11315981660442,1.45764631704978,4.39748845421685,2.32996538798723,1.89334754516727,1.86587738387419,2.15823634765744,2.46266886723249,-0.281310021569759,1.25411853716967,0.377370711235945,1
"17113","PmetTSAr1.1-025449",9.71154298694798,13.3865478096408,11.5374965895582,16.8392953040895,9.86725355269868,20.6377347004266,18.627884592888,18.0029586156306,0.382190487719909,3.89736928365585,0.239879751878199,1
"17114","PmetTSAr1.1-025453",3.46198523145831,4.01596434289225,3.12079825783131,6.35445105814699,3.96874773890832,5.20183997928561,4.29551894436675,4.86872465705734,0.105031010239744,2.16400761219792,0.727976453378894,1
"17115","PmetTSAr1.1-025457",2.92245506551675,2.49882225779962,3.49907683453814,2.75359545853036,2.69437919889189,2.77054520635864,1.42485506447287,1.72669886093312,-0.441251328645288,1.37110240316987,0.13523201921022,1
"17116","PmetTSAr1.1-025470",3.05733760700214,3.80772915474228,4.58662774257026,2.70064169971247,2.87643184746567,3.84483824555893,3.89739767635227,3.19863887353185,-0.0261959954527009,1.83020818883093,0.925918437848132,1
"17117","PmetTSAr1.1-025471",1.57362965066287,2.70705744594959,2.83708932530119,1.5621358851278,1.56565277773448,1.49835608098988,2.24205135144996,2.12299040278663,-0.213431941575198,1.05186092179935,0.477782912467635,1
"17118","PmetTSAr1.1-025472",2.11315981660442,2.37983072171393,1.79682323935742,2.75359545853036,2.18463178288532,2.91189955362184,2.57731136662005,2.43436232852867,0.150952140564028,1.29984334322985,0.574942871851261,1
"17119","PmetTSAr1.1-025474",3.37206353713472,5.83058526819912,3.49907683453814,2.72711857912142,4.55131621434441,2.96844129252712,2.9544788836864,2.77404079297453,-0.226520728607224,1.86514219617095,0.479912615314137,1
"17120","PmetTSAr1.1-025478",3.01237675984035,3.56974608257089,2.45881074859437,1.9063353174441,3.422589793187,1.69625216715835,2.13728259670931,2.40605578982485,-0.185834232333442,1.39602395152009,0.554577661661858,1
"17121","PmetTSAr1.1-025479",2.02323812228083,1.57663785313548,7.23457777951804,2.99188737321088,3.78669509033455,2.12031520894794,1.29913255878409,0.877502699818473,-0.774668662969517,1.47127814885535,0.107610350933837,1
"17122","PmetTSAr1.1-025481",1.61859049782466,3.12352782224953,2.78980450321284,5.26889900238021,2.54873708003287,3.73175476774837,2.72398762325697,3.73646310890447,-0.0182306684214275,1.70683549844195,0.983124183757636,1
"17123","PmetTSAr1.1-025483",3.95655455023807,4.72991355940643,2.83708932530119,4.92469957006392,3.49541085261651,4.94740215421186,6.36994028823167,4.75549850224205,0.247802883778515,2.19395569869809,0.420252927843995,1
"17124","PmetTSAr1.1-025490",1.75347303931005,1.7253772732426,1.84410806144578,4.34220822306711,1.56565277773448,3.44904607322198,2.32586635524249,2.37774925112102,-0.00251132156756905,1.31925221560464,1,1
"17125","PmetTSAr1.1-025491",5.9797926725189,6.30655141254191,7.84928046666664,11.0408587135304,8.22877971553469,6.64365432137021,6.1813565296985,7.58615237262422,-0.126019363483194,2.9144993661767,0.690835856927423,1
"17126","PmetTSAr1.1-025492",2.427885746737,4.31344318310649,3.40450719036143,3.78619375547925,3.20412661489846,3.50558781212726,2.80780262704949,3.08541271871657,-0.153277594715026,1.75730937489864,0.600822780519019,1
"17127","PmetTSAr1.1-025493",2.47284659389879,3.59949396659232,2.74251968112449,3.28313304670928,3.20412661489846,3.78829650665365,3.24783139696023,3.05710618001275,0.128494869363119,1.69643711926155,0.635896384058105,1
"17128","PmetTSAr1.1-025499",3.05733760700214,4.04571222691368,3.45179201244979,3.44199432316295,2.18463178288532,3.19460824814823,3.87644392540414,3.39678464445861,-0.142002417618175,1.76398287583578,0.612934541476377,1
"17129","PmetTSAr1.1-025512",6.20459690832788,5.59260219602773,5.20133042971886,5.42776027883389,3.53182138233126,6.24786214903326,7.22904407710502,8.03905699188537,0.162553192552132,2.5852785301713,0.610279874239289,1
"17130","PmetTSAr1.1-025513",5.03561488212118,3.59949396659232,30.4514254248995,11.0673355929393,10.559053617279,9.44247039718149,4.06502768393732,4.92533773446498,-0.78992588211583,3.31078441749387,0.145358709952808,1
"17131","PmetTSAr1.1-025522",6.56428368562225,6.4255429486276,7.9911349329317,5.6660521935144,7.20928488352154,4.52333911242227,3.79262892161162,5.46316196983759,-0.345781985736826,2.58604274950778,0.262907051866774,1
"17132","PmetTSAr1.1-025528",3.50694607862011,1.7253772732426,1.70225359518072,3.23017928789139,2.00257913431154,2.68573259800072,2.53540386472379,2.80234733167835,-0.018478230747952,1.37139121721112,0.952347677001534,1
"17133","PmetTSAr1.1-025530",2.29300320525161,1.33865478096408,2.2223866381526,1.72099716158148,2.47591602060336,1.27218912536876,1.36199381162848,1.50024655130255,-0.195205147656544,0.866532775598273,0.529077473497057,1
"17134","PmetTSAr1.1-025533",2.3829248995752,2.79630109801387,2.74251968112449,1.5621358851278,2.22104231260007,1.66798129770571,1.63439257395418,1.81161847704459,-0.36828558048736,1.10756835816715,0.186227830328158,1
"17135","PmetTSAr1.1-025534",6.24955775548968,4.22419953104222,4.82305185301203,6.08968226405753,7.02723223494777,5.00394389311714,4.42124145005554,6.11421236002549,0.075004416164912,2.47319446283048,0.806273376851779,1
"17136","PmetTSAr1.1-025536",1.66355134498646,2.55831802584247,3.68821612289155,3.60085559961663,2.4395054908886,3.61867128993782,2.87066387989388,3.11371925742039,0.0632851686241886,1.58935635868284,0.836481118084429,1
"17137","PmetTSAr1.1-025537",6.47436199129866,6.06856834037052,3.92464023333332,7.30761871686904,5.78927422464609,5.96515345450687,7.10332157141624,5.66130774076434,0.041816604316033,2.60992507172374,0.889386316977724,1
"17138","PmetTSAr1.1-025541",1.93331642795724,1.87411669334972,1.84410806144578,1.5621358851278,2.29386337202958,1.13083477810557,1.57153132110979,1.92484463185988,-0.063635559829807,0.866711518074045,0.853466723565526,1
"17139","PmetTSAr1.1-025548",3.05733760700214,3.53999819854947,8.22755904337346,6.75160424928118,10.4498220281348,7.29388431878091,2.43063510998314,2.00976424797134,0.0372327997839143,2.46471313758183,0.937770422497935,1
"17140","PmetTSAr1.1-025551",5.17049742360657,4.22419953104222,3.83007058915661,5.26889900238021,4.18721091719686,4.74950606804339,2.49349636282753,3.62323695408918,-0.302162297906743,2.08766870839142,0.316544117676405,1
"17141","PmetTSAr1.1-025559",2.78757252403137,3.83747703876371,3.68821612289155,2.40939602621407,3.13130555546895,2.71400346745336,3.64595266497471,2.63250809945542,-0.0647705649295806,1.66269301505924,0.821810457774411,1
"17142","PmetTSAr1.1-025560",6.38444029697506,3.62924185061374,10.1189519269076,17.7395092039937,10.4862325578495,9.86653343897108,1.27817880783596,4.41582003779619,-0.542808752091669,3.00801512286766,0.322918332686257,1
"17143","PmetTSAr1.1-025562",2.87749421835496,2.73680532997102,1.5131143068273,1.42975148808307,2.40309496117385,2.68573259800072,3.62499891402658,2.37774925112102,0.381193337297527,1.33537195300135,0.220662564116032,1
"17144","PmetTSAr1.1-025563",3.5519069257819,3.27226724235665,3.45179201244979,3.91857815252398,3.27694767432797,3.02498303143239,2.07442134386492,3.14202579612421,-0.308027572733896,1.70962199296039,0.265295464944437,1
"17145","PmetTSAr1.1-025564",1.88835558079544,1.54688996911405,2.17510181606425,1.13850581458467,1.31077906973119,1.01775130029501,1.38294756257661,0.877502699818473,-0.531902850467871,0.552770517262475,0.0704221963199994,1
"17146","PmetTSAr1.1-025567",2.47284659389879,2.49882225779962,1.65496877309236,1.85338155862621,1.34718959944595,1.32873086427404,1.61343882300605,1.72669886093312,-0.491566609462307,0.90342561526481,0.0697483511634754,1
"17147","PmetTSAr1.1-025570",4.13639793888525,4.9381487475564,5.24861525180721,4.18334694661344,4.44208462520014,3.76002563720101,1.7182075777467,2.97218656390128,-0.527780554646909,1.99103039657446,0.0978386049838107,1
"17148","PmetTSAr1.1-025573",2.65268998254598,2.70705744594959,2.45881074859437,2.59473418207669,2.54873708003287,2.43129477292697,2.72398762325697,2.6042015607516,-0.0148310042606104,1.40730267195732,0.957579476292877,1
"17149","PmetTSAr1.1-025574",2.65268998254598,2.70705744594959,2.41152592650602,1.72099716158148,3.05848449603944,1.80933564496891,2.26300510239809,2.85896040908599,0.0747065577816067,1.31777116053701,0.801335138538805,1
"17150","PmetTSAr1.1-025579",1.61859049782466,1.21966324487839,2.55338039277107,2.46234978503196,2.07540019374105,2.48783651183225,2.28395885334622,2.06637732537899,0.187270778119129,1.11001273493388,0.544273694199895,1
"17151","PmetTSAr1.1-025580",2.69765082970777,3.27226724235665,6.99815366907628,6.43388169637383,3.422589793187,2.85535781471656,1.38294756257661,4.10444811205415,-0.725565623683618,1.98064169401265,0.0613480151411919,1
"17152","PmetTSAr1.1-025584",3.32710268997292,5.83058526819912,3.02622861365461,6.56626609341856,4.91542151149196,8.76396953031815,7.31285908089755,4.6988854248344,0.447656714109142,2.49391492691757,0.194133059684398,1
"17153","PmetTSAr1.1-025587",2.74261167686957,3.4507545464852,2.26967146024096,3.83914751429714,2.0389896640263,4.3254430262538,3.31069264980462,2.00976424797134,-0.0781889935406567,1.61724032192266,0.819472227228134,1
"17154","PmetTSAr1.1-025591",7.68830486466715,6.48503871667045,4.3502036321285,4.89822269065497,6.11696899207889,4.80604780694866,5.11271523134384,5.8594535116911,-0.0976925431493884,2.51677255128464,0.750024802619768,1
"17155","PmetTSAr1.1-025592",2.83253337119316,3.2127714743138,3.6409313008032,2.72711857912142,2.4395054908886,3.33596259541143,3.03829388747892,3.28355848964332,-0.0308452515358046,1.64358657986613,0.910369723772491,1
"17156","PmetTSAr1.1-025593",1.61859049782466,0.892436520642723,10.8755090803212,3.30960992611823,4.04156879833783,3.33596259541143,1.34104006068035,1.52855309000637,-0.70172996299927,1.76403569018463,0.231006340248288,1
"17157","PmetTSAr1.1-025596",2.20308151092802,1.93361246139257,5.62689382851404,2.62121106148563,3.422589793187,1.78106477551627,1.55057757016166,1.67008578352548,-0.554803238152396,1.4016983733461,0.141424676078764,1
"17158","PmetTSAr1.1-025599",5.26041911793016,6.45529083264903,1.93867770562248,6.98989616396169,3.85951614976406,5.08875650147506,4.86127021996628,6.51050390187899,-0.0283063986128068,2.37668220969163,0.95128157560816,1
"17159","PmetTSAr1.1-025603",5.12553657644477,2.37983072171393,4.06649469959838,3.23017928789139,3.53182138233126,2.68573259800072,2.09537509481305,2.54758848334395,-0.443429854280216,1.70219737705669,0.150180497504067,1
"17160","PmetTSAr1.1-025604",3.73175031442909,5.38436700787776,3.6409313008032,10.246552331262,5.64363210578707,14.5029560292039,12.8865568331003,8.77502699818473,0.856864178969645,3.03336122814988,0.0312654864151625,1
"17161","PmetTSAr1.1-025610",3.91159370307627,3.68873761865659,2.64795003694778,3.70676311725241,3.75028456061979,3.36423346486407,4.10693518583358,3.22694541223568,0.0474528284940615,1.85402923922853,0.867481591469098,1
"17162","PmetTSAr1.1-025615",8.76736519655026,11.155456508034,5.0594759634538,3.65380935843452,7.2456954132363,6.95463388534924,5.97181902021719,5.54808158594906,-0.155597386765668,2.77674440000375,0.665830215744139,1
"17163","PmetTSAr1.1-025616",3.14725930132574,5.0571402836421,3.45179201244979,5.40128339942494,3.8231056200493,4.04273433172741,4.77745521617375,3.79307618631211,-0.0599146758503483,2.08957517099959,0.858560592356157,1
"17164","PmetTSAr1.1-025629",7.82318740615254,7.4072231213346,14.1381618044176,10.8025667988499,11.1780326224299,7.209071710423,7.75288785080829,6.6520365953981,-0.292892810558462,3.19730623523506,0.367848143212986,1
"17165","PmetTSAr1.1-025634",3.46198523145831,4.43243471919219,2.83708932530119,5.26889900238021,4.26003197662637,6.07823693231743,4.00216643109293,5.66130774076434,0.313449452725743,2.19248602391962,0.300471443616111,1
"17166","PmetTSAr1.1-025646",4.00151539739986,1.7253772732426,2.36424110441766,4.23630070543133,3.8231056200493,3.6752130288431,1.29913255878409,1.98145770926752,-0.201210237126342,1.55712712296104,0.60701340282765,1
"17167","PmetTSAr1.1-025648",10.9254858603165,9.7573059590271,9.59881888393571,23.3526076386902,13.8724118213218,19.8461503557527,15.2124231883427,16.4744055256242,0.283903862724709,3.90241475532008,0.4090398527568,1
"17168","PmetTSAr1.1-025650",1.70851219214826,1.93361246139257,1.65496877309236,1.74747404099042,2.51232655031811,2.12031520894794,2.51445011377566,2.23621655760192,0.408418865374069,1.08389020234679,0.112117859258948,1
"17169","PmetTSAr1.1-025654",3.5519069257819,6.00907257232767,3.12079825783131,4.07743942897765,4.00515826862308,2.91189955362184,6.43280154107606,5.03856388928027,0.131336153684988,2.15877313827737,0.692038701592742,1
"17170","PmetTSAr1.1-025655",3.32710268997292,3.06403205420668,2.31695628232931,4.65993077597446,3.05848449603944,3.02498303143239,3.89739767635227,3.56662387668154,0.0128810681933463,1.77959008122673,0.962474237071991,1
"17171","PmetTSAr1.1-025658",9.93634722275697,9.84654961109138,1.70225359518072,2.06519659389777,8.04672706696092,1.47008521153724,18.0830870682366,9.87898200763378,0.670848608084867,2.94593677302482,0.284433227976012,1
"17172","PmetTSAr1.1-025673",2.51780744106059,1.42789843302836,16.596972553012,4.26277758484027,4.87901098177721,3.98619259282213,2.15823634765744,1.64177924482166,-0.967379366461449,2.23477370314929,0.0992148559162039,1
"17173","PmetTSAr1.1-025677",1.48370795633928,1.90386457737114,2.45881074859437,2.59473418207669,1.92975807488203,2.34648216456905,1.96965258912427,1.58516616741402,-0.113200125737845,1.06798015640375,0.700356422842354,1
"17174","PmetTSAr1.1-025678",1.75347303931005,2.64756167790674,2.26967146024096,2.43587290562301,1.96616860459678,1.63971042825307,1.38294756257661,2.12299040278663,-0.371779303268189,1.06130625052615,0.180065385584458,1
"17175","PmetTSAr1.1-025681",1.88835558079544,2.40957860573535,2.36424110441766,3.04484113202877,2.0389896640263,2.48783651183225,2.76589512515323,2.46266886723249,0.00231926578304349,1.32191884179438,1,1
"17176","PmetTSAr1.1-025682",3.19222014848753,4.0754601109351,3.59364647871485,3.52142496138979,3.93233720919357,4.91913128475922,4.44219520100367,3.96291541853504,0.261395439962349,2.00760580142123,0.331801591626801,1
"17177","PmetTSAr1.1-025685",2.69765082970777,2.4690743737782,2.97894379156625,4.87174581124603,2.4395054908886,3.61867128993782,3.60404516307845,2.6042015607516,-0.0888355672702995,1.69082385275337,0.773994427717768,1
"17178","PmetTSAr1.1-025688",2.427885746737,2.79630109801387,2.08053217188754,2.03871971448883,2.73078972860665,1.97896086168474,2.07442134386492,2.12299040278663,-0.0763811177828517,1.22703209296288,0.789416725607901,1
"17179","PmetTSAr1.1-025690",3.46198523145831,5.41411489189919,2.9316589694779,4.1039163083866,4.00515826862308,4.74950606804339,3.14306264221958,4.81211157964969,0.062068197769887,2.05101863994262,0.828923004987886,1
"17180","PmetTSAr1.1-025695",2.3379640524134,3.53999819854947,1.79682323935742,5.24242212297127,2.18463178288532,3.56212955103254,4.37933394815927,4.38751349909237,0.159105688494031,1.81036756635793,0.650250479861591,1
"17181","PmetTSAr1.1-025698",1.66355134498646,2.32033495367108,1.89139288353413,1.9063353174441,1.56565277773448,2.17685694785322,1.65534632490231,2.29282963500956,-0.0226698931195063,0.998309632423681,0.964837813393346,1
"17182","PmetTSAr1.1-025700",6.06971436684249,7.37747523731318,10.7809394361445,7.28114183746009,10.41341149842,11.5062438672242,9.05202040959238,7.78429814355097,0.299686787757776,3.14471044257145,0.329652966974392,1
"17183","PmetTSAr1.1-025704",4.00151539739986,4.70016567538501,3.54636165662649,5.18946836415338,3.96874773890832,4.1840886789906,4.1907501896261,4.10444811205415,-0.0895461829445651,2.10470567691843,0.758943152290292,1
"17184","PmetTSAr1.1-025708",1.84339473363365,1.45764631704978,2.26967146024096,5.374806520016,2.4395054908886,2.71400346745336,1.90679133627988,2.23621655760192,-0.248754617742689,1.37731002551054,0.512015237347411,1
"17185","PmetTSAr1.1-025710",2.87749421835496,4.43243471919219,4.30291881004014,5.56014467587862,2.94925290689518,5.65417389052784,4.35838019721114,4.75549850224205,0.0419248101781146,2.14745677760119,0.899654120320941,1
"17186","PmetTSAr1.1-025711",3.41702438429651,3.24251935833523,3.02622861365461,4.68640765538341,3.60464244176077,2.99671216197976,2.34682010619062,2.83065387038217,-0.298251011669907,1.73507173873088,0.302099246855656,1
"17187","PmetTSAr1.1-025712",1.57362965066287,1.57663785313548,2.03324734979919,3.91857815252398,3.56823191204602,2.82708694526392,1.82297633248735,1.92484463185988,0.13692829334636,1.30490575826849,0.678127434769078,1
"17188","PmetTSAr1.1-025715",2.56276828822238,3.65898973463516,5.34318489598392,3.1242717702556,2.98566343660993,3.10979563979031,3.60404516307845,2.49097540593631,-0.262045165361232,1.77243616639297,0.373967402408523,1
"17189","PmetTSAr1.1-025719",2.51780744106059,3.09377993822811,2.1278169939759,1.77395092039937,2.47591602060336,2.06377347004266,2.51445011377566,2.29282963500956,-0.0251496270158162,1.27429771781243,0.942761912855668,1
"17190","PmetTSAr1.1-025722",3.19222014848753,4.28369529908507,1.93867770562248,2.46234978503196,2.80361078803616,3.6752130288431,4.40028769910741,3.93460887983122,0.316479178949138,1.76864810114485,0.304520166349763,1
"17191","PmetTSAr1.1-025725",1.57362965066287,1.07092382477127,1.79682323935742,1.42975148808307,1.42001065887546,1.10256390865293,0.963872543614003,1.41532693519109,-0.254973670165786,0.484971607826924,0.385787640297225,1
"17192","PmetTSAr1.1-025727",2.11315981660442,3.15327570627095,1.89139288353413,1.2708902116294,1.52924224801972,1.52662695044252,1.25722505688783,1.47194001259873,-0.546528527592597,0.873773908598091,0.0745832980402785,1
"17193","PmetTSAr1.1-025731",2.3829248995752,4.96789663157782,4.11377952168673,3.97153191134187,3.49541085261651,3.78829650665365,3.35260015170088,2.43436232852867,-0.245324950567122,1.85852460549034,0.425024242687942,1
"17194","PmetTSAr1.1-025735",8.09295248912332,9.22184404664147,39.1991175112448,7.73124878741217,10.9231589144266,7.26561344932828,9.91112419846573,9.85067546892996,-0.757283873685388,3.67864022107005,0.107250389911316,1
"17195","PmetTSAr1.1-025738",1.70851219214826,2.82604898203529,1.65496877309236,2.48882666444091,1.7112948965935,1.9506899922321,2.57731136662005,1.64177924482166,-0.146838299048491,1.0970278555713,0.630128254562324,1
"17196","PmetTSAr1.1-025743",1.84339473363365,2.29058706964966,2.31695628232931,2.35644226739618,2.4395054908886,1.41354347263196,2.32586635524249,2.71742771556688,0.00969987710914723,1.18621641730573,0.985178507473583,1
"17197","PmetTSAr1.1-025748",8.3627175720941,8.89461732240581,5.91060276104415,6.32797417873805,7.2456954132363,8.08546866345481,11.0007192477685,9.56761008189174,0.284285577231283,3.04313257968856,0.349418720430269,1
"17198","PmetTSAr1.1-025752",5.17049742360657,8.21041598991305,3.16808307991967,5.50719091706073,4.66054780348867,4.43852650406435,3.77167517066349,3.84968926371975,-0.406253394506383,2.29610964000909,0.210625369767814,1
"17199","PmetTSAr1.1-025753",3.68678946726729,4.78940932744928,2.17510181606425,5.21594524356232,3.49541085261651,4.35371389570644,4.81936271807002,4.07614157335033,0.0703639308863033,2.05282178247924,0.822705751459571,1
"17200","PmetTSAr1.1-025755",1.48370795633928,2.67730956192817,1.84410806144578,1.35032084985624,1.45642118859021,0.989480430842372,1.73916132869483,1.98145770926752,-0.254207248644147,0.80895555252987,0.413110821088787,1
"17201","PmetTSAr1.1-025758",4.63096725766501,5.02739239962067,3.35722236827308,3.91857815252398,4.04156879833783,3.36423346486407,5.46892899746206,4.47243311520383,0.0353462371310937,2.1212654846869,0.904189891943555,1
"17202","PmetTSAr1.1-025772",6.33947944981327,7.64520619350599,6.05245722730921,7.30761871686904,6.00773740293462,6.86982127699133,7.69002659796389,6.05759928261785,-0.0393393805425443,2.76806125070189,0.89556970301875,1
"17203","PmetTSAr1.1-025773",4.13639793888525,4.99764451559925,6.28888133775098,3.86562439370609,3.85951614976406,8.05719779400217,6.09754152590598,3.39678464445861,0.155189725947834,2.36466587092911,0.653376967468048,1
"17204","PmetTSAr1.1-025777",4.49608471617962,4.0754601109351,4.16106434377508,3.86562439370609,3.45900032290175,5.34319432654881,4.08598143488545,3.51001079927389,-0.0142255997448027,2.06540119987368,0.960234009170511,1
"17205","PmetTSAr1.1-025779",4.54104556334142,5.50335854396346,4.16106434377508,5.34832964060705,4.8061899223477,6.47402910465438,4.92413147281067,4.75549850224205,0.0965340570453668,2.35900952278647,0.737534033679505,1
"17206","PmetTSAr1.1-025793",2.20308151092802,2.5880659098639,1.5131143068273,2.14462723212461,2.29386337202958,2.57264912019017,2.30491260429436,1.75500539963695,0.0695639260191279,1.16184316761502,0.787696487934331,1
"17207","PmetTSAr1.1-025795",2.60772913538418,2.05260399747826,2.26967146024096,3.57437872020768,2.87643184746567,3.27942085650615,2.61921886851631,2.3494427124172,0.0746429029215554,1.46891531264825,0.783657976103516,1
"17208","PmetTSAr1.1-025799",3.46198523145831,4.31344318310649,3.83007058915661,3.1772255290735,3.49541085261651,2.77054520635864,4.02312018204106,3.51001079927389,-0.0972803339654179,1.86152687515296,0.722201287860781,1
"17209","PmetTSAr1.1-025802",2.3379640524134,2.4690743737782,2.2223866381526,3.52142496138979,2.14822125317056,3.08152477033767,3.66690641592284,2.85896040908599,0.152649412860054,1.51560100593663,0.593164493659863,1
"17210","PmetTSAr1.1-025805",11.3750943319344,10.6794903636913,5.53232418433733,6.83103488750802,9.46673772583637,8.59434431360232,7.20809032615689,7.64276545003186,-0.0657633957975353,3.08332380057591,0.841624060736495,1
"17211","PmetTSAr1.1-025813",5.75498843670992,8.1509202218702,3.45179201244979,8.65793956672528,5.89850581379035,9.951346047329,11.1893030063017,6.73695621150957,0.373101519970529,2.91700617162475,0.290096814339901,1
"17212","PmetTSAr1.1-025814",9.71154298694798,5.62235008004915,12.5304778534136,9.16100027549525,8.44724289382322,4.63642259023283,3.41546140454527,4.01952849594268,-0.85325496274839,2.85452404134198,0.0182548713212406,1
"17213","PmetTSAr1.1-025815",3.5519069257819,2.85579686605671,3.83007058915661,5.56014467587862,3.75028456061979,4.04273433172741,3.31069264980462,3.11371925742039,-0.156972913240323,1.93131726798149,0.599562267698959,1
"17214","PmetTSAr1.1-025817",1.97827727511903,0.981680172706995,15.1784278903614,8.18135573736425,7.75544282924287,5.484548673812,2.05346759291679,1.72669886093312,-0.62909344816902,2.4470263020016,0.334291161191062,1
"17215","PmetTSAr1.1-025822",3.73175031442909,6.90150909297039,2.17510181606425,3.94505503193292,2.58514760974762,4.74950606804339,5.46892899746206,4.52904619261147,0.0457393651228684,2.11621420023982,0.904847137771741,1
"17216","PmetTSAr1.1-025826",3.5519069257819,3.59949396659232,4.11377952168673,2.32996538798723,3.0948950257542,1.92241912277947,2.72398762325697,4.41582003779619,-0.156128157869918,1.71071792207504,0.61455447314439,1
"17217","PmetTSAr1.1-025828",4.8108106463122,4.61092202332074,3.78278576706826,7.70477190800323,6.51748481894119,8.02892692454953,7.10332157141624,6.36897120835989,0.416725979060301,2.62951759309036,0.176882330243808,1
"17218","PmetTSAr1.1-025831",3.19222014848753,2.67730956192817,13.4288894730923,3.70676311725241,6.51748481894119,4.07100520118004,1.42485506447287,2.68912117686306,-0.645088633136462,2.24546964304539,0.211587873107365,1
"17219","PmetTSAr1.1-025833",8.40767841925589,3.53999819854947,20.1906190317268,4.1039163083866,13.3990749350299,3.90137998446421,1.27817880783596,1.92484463185988,-0.822431157606447,2.82957092441171,0.202245480302693,1
"17220","PmetTSAr1.1-025835",2.96741591267855,3.24251935833523,2.26967146024096,2.64768794089458,3.45900032290175,3.3925043343167,2.99638638558266,2.37774925112102,0.129987456228642,1.57646113490392,0.641092710188939,1
"17221","PmetTSAr1.1-025836",12.139428733685,13.5650351137694,13.9017376939759,12.7618558751119,13.2898433458857,13.6265590761721,12.9075105840484,12.3416508748663,-0.00565106120516548,3.71454888057538,0.986185277954183,1
"17222","PmetTSAr1.1-025837",2.83253337119316,1.4873942010712,1.74953841726907,1.98576595567094,1.3836001291607,4.55160998187491,1.06864129835466,1.18887462556051,0.0275057606351504,1.06259692715303,0.967682874706882,1
"17223","PmetTSAr1.1-025844",1.48370795633928,1.27915901292124,1.60768395100401,1.72099716158148,1.74770542630825,1.5831686893478,1.67630007585044,1.3021007803758,0.0496430166496195,0.68845196782688,0.867878691781855,1
"17224","PmetTSAr1.1-025853",2.87749421835496,1.51714208509263,1.5131143068273,1.80042779980831,2.87643184746567,1.89414825332683,0.775288785080829,2.06637732537899,-0.0256520487143964,0.975333817589491,0.959681179687545,1
"17225","PmetTSAr1.1-025857",7.86814825331434,1.66588150519975,51.2094623216866,16.1508964394569,24.5406970277451,10.6015760447397,1.42485506447287,1.55685962871019,-1.01240327125586,3.84712567142816,0.228424339938893,1
"17226","PmetTSAr1.1-025858",5.30537996509196,7.05024851307751,2.45881074859437,3.1242717702556,5.13388468978049,4.52333911242227,8.06719411503024,5.71792081817199,0.38504035599163,2.39091391579982,0.281442243571076,1
"17227","PmetTSAr1.1-025859",4.40616302185603,5.62235008004915,2.64795003694778,4.23630070543133,3.53182138233126,3.92965085391685,4.65173271048497,4.21767426686944,-0.0540418316187783,2.07835836794014,0.867814261746633,1
"17228","PmetTSAr1.1-025864",2.74261167686957,2.91529263409956,3.68821612289155,2.40939602621407,3.16771608518371,1.80933564496891,1.48771631731727,3.02879964130892,-0.311741873291248,1.43649720545106,0.311654035536068,1
"17229","PmetTSAr1.1-025865",1.79843388647185,2.3500828376925,1.60768395100401,1.37679772926518,2.07540019374105,2.06377347004266,2.17919009860557,1.47194001259873,0.126151673797009,0.94777844762614,0.657803453445434,1
"17230","PmetTSAr1.1-025867",3.37206353713472,3.15327570627095,3.97192505542167,4.55402325833868,3.20412661489846,3.98619259282213,3.28973889885649,3.82138272501593,-0.0751465924163325,1.89958938323046,0.790935372902901,1
"17231","PmetTSAr1.1-025872",3.82167200875268,1.42789843302836,4.87033667510038,2.17110411153356,3.53182138233126,1.55489781989516,1.04768754740653,3.19863887353185,-0.393685104763375,1.45436900134117,0.353245365811673,1
"17232","PmetTSAr1.1-025876",2.87749421835496,3.83747703876371,2.26967146024096,1.9063353174441,3.02207396632469,2.40302390347433,1.9906063400724,3.28355848964332,-0.0318615133916406,1.46374835345196,0.931835787472722,1
"17233","PmetTSAr1.1-025879",3.10229845416394,2.94504051812099,3.02622861365461,2.46234978503196,2.7672002583214,2.0920443394953,3.20592389506397,3.02879964130892,-0.049424403084869,1.53029126666483,0.855474575774114,1
"17234","PmetTSAr1.1-025883",2.51780744106059,2.40957860573535,2.26967146024096,2.56825730266774,2.62155813946238,2.40302390347433,2.55635761567192,2.51928194464013,0.0458649293276805,1.34800786904929,0.867364536263879,1
"17235","PmetTSAr1.1-025884",13.7130583843478,14.8441941266906,8.18027422128511,9.18747715490419,11.1780326224299,9.89480430842372,15.0657469317058,12.3416508748663,0.0783908757307079,3.56880894512718,0.805570366740106,1
"17236","PmetTSAr1.1-025886",6.78908792143123,2.32033495367108,1.93867770562248,2.38291914680512,2.54873708003287,2.00723173113738,1.17341005309531,1.61347270611784,-0.870621909014887,1.39863030617384,0.0286377571708334,1
"17237","PmetTSAr1.1-025890",2.3379640524134,3.48050243050662,3.35722236827308,3.68028623784347,3.56823191204602,4.29717215680116,1.9906063400724,2.49097540593631,-0.0681223862208883,1.6830928733697,0.849305739360828,1
"17238","PmetTSAr1.1-025891",3.14725930132574,2.17159553356396,4.01920987751002,2.35644226739618,4.73336886291819,2.00723173113738,1.27817880783596,2.3494427124172,-0.176814408602142,1.4863491753996,0.641206772503529,1
"17239","PmetTSAr1.1-025895",4.54104556334142,5.14638393570637,5.34318489598392,6.24854354051121,4.33285303605588,8.17028127181273,9.42918792665873,5.80284043428345,0.383238872184572,2.63226997069845,0.231613443075334,1
"17240","PmetTSAr1.1-025896",1.61859049782466,1.33865478096408,1.84410806144578,1.93281219685304,1.85693701545252,2.91189955362184,2.2001438495537,1.83992501574841,0.390920198260678,1.00624929667611,0.169333179877255,1
"17241","PmetTSAr1.1-025897",2.56276828822238,2.70705744594959,2.17510181606425,3.57437872020768,2.80361078803616,3.33596259541143,3.64595266497471,4.72719196353823,0.390030640754367,1.70609782372522,0.174175151426121,1
"17242","PmetTSAr1.1-025898",1.70851219214826,1.57663785313548,1.70225359518072,1.87985843803515,1.56565277773448,1.5831686893478,1.9906063400724,2.09468386408281,0.07883834759174,0.869228592043541,0.784504627409423,1
"17243","PmetTSAr1.1-025900",9.35185620965362,12.7915901292124,2.1278169939759,6.06320538464859,5.02465310063623,11.5062438672242,15.2752844411871,11.8321331781975,0.523644977251282,3.22148878656965,0.253125912619522,1
"17244","PmetTSAr1.1-025905",2.02323812228083,2.82604898203529,2.2223866381526,1.32384397044729,1.78411595602301,1.69625216715835,1.34104006068035,1.81161847704459,-0.341035524825925,0.951391950499307,0.24980768604548,1
"17245","PmetTSAr1.1-025907",4.94569318779758,7.2882315852489,2.55338039277107,3.38904056434506,5.13388468978049,2.48783651183225,2.91257138179014,3.73646310890447,-0.356252765605052,2.04093882985975,0.325506534437281,1
"17246","PmetTSAr1.1-025909",2.11315981660442,2.3500828376925,2.41152592650602,1.87985843803515,2.58514760974762,1.75279390606363,2.26300510239809,3.34017156705096,0.184760003589851,1.26178430677046,0.523720272977495,1
"17247","PmetTSAr1.1-025912",2.47284659389879,2.85579686605671,2.36424110441766,3.09779489084666,2.54873708003287,3.76002563720101,4.92413147281067,2.85896040908599,0.385117917082049,1.6705663293395,0.186197845719669,1
"17248","PmetTSAr1.1-025914",1.97827727511903,2.43932648975678,1.60768395100401,3.07131801143771,2.07540019374105,2.48783651183225,2.40968135903501,2.17960348019427,-0.00587751198977641,1.23276088380589,1,1
"17249","PmetTSAr1.1-025915",2.11315981660442,2.70705744594959,2.55338039277107,2.14462723212461,2.62155813946238,2.17685694785322,2.51445011377566,1.83992501574841,-0.0574303478978831,1.25968997714681,0.836353032440823,1
"17250","PmetTSAr1.1-025923",3.19222014848753,2.88554475007814,3.21536790200802,3.28313304670928,3.13130555546895,2.2333986867585,2.43063510998314,2.49097540593631,-0.293377015988114,1.54311777502979,0.271104153922064,1
"17251","PmetTSAr1.1-025924",4.58600641050321,4.28369529908507,7.84928046666664,5.40128339942494,4.87901098177721,4.57988085132755,3.4364151554934,3.34017156705096,-0.445079312130306,2.27630727076265,0.148955925725071,1
"17252","PmetTSAr1.1-025925",4.04647624456166,4.31344318310649,3.12079825783131,2.35644226739618,3.78669509033455,3.47731694267462,3.47832265738966,2.68912117686306,-0.0413021989728368,1.79377708739552,0.888309767598223,1
"17253","PmetTSAr1.1-025932",2.69765082970777,2.17159553356396,2.64795003694778,2.88597985557509,2.25745284231483,2.43129477292697,2.32586635524249,2.66081463815924,-0.102902639056367,1.36174381806352,0.693148845435402,1
"17254","PmetTSAr1.1-025933",1.61859049782466,2.14184764954254,2.88437414738955,1.85338155862621,1.52924224801972,2.2333986867585,2.43063510998314,1.6983923222293,-0.0917894508204091,1.07686066244098,0.738178722038175,1
"17255","PmetTSAr1.1-025940",1.61859049782466,2.05260399747826,9.55153406184735,3.15074864966455,4.22362144691161,2.00723173113738,0.775288785080829,1.50024655130255,-0.946518953504706,1.649938860766,0.0801677155853618,1
"17256","PmetTSAr1.1-025941",3.28214184281112,4.70016567538501,3.59364647871485,2.75359545853036,4.26003197662637,3.36423346486407,2.89161763084201,4.21767426686944,0.0359272203280914,1.88460220232561,0.903656428265536,1
"17257","PmetTSAr1.1-025944",2.96741591267855,3.39125877844235,4.11377952168673,2.56825730266774,2.73078972860665,3.33596259541143,3.47832265738966,3.99122195723886,0.0620963456873542,1.75803453620416,0.851816064779609,1
"17258","PmetTSAr1.1-025948",2.96741591267855,4.31344318310649,2.1278169939759,3.38904056434506,3.20412661489846,3.16633737869559,2.28395885334622,3.2552519509395,-0.116870399035797,1.65670872165682,0.711863205793716,1
"17259","PmetTSAr1.1-025960",3.14725930132574,2.37983072171393,2.50609557068272,3.30960992611823,3.38617926347224,1.49835608098988,1.84393008343548,2.29282963500956,-0.341367755801139,1.37876469319582,0.266643810607421,1
"17260","PmetTSAr1.1-025961",3.41702438429651,2.32033495367108,3.40450719036143,2.67416482030353,3.78669509033455,2.54437825073753,1.96965258912427,3.08541271871657,-0.0532903291606053,1.56189714259272,0.858841498876993,1
"17261","PmetTSAr1.1-025970",2.83253337119316,2.76655321399244,2.2223866381526,3.01836425261982,2.33027390174434,1.97896086168474,1.67630007585044,2.29282963500956,-0.400478485061634,1.29172743929952,0.13563802625337,1
"17262","PmetTSAr1.1-025971",11.6448594149052,17.8784782968759,6.38345098192769,8.63146268731633,8.88416925040029,9.10321996374982,8.73771414537042,10.9263239396752,-0.244045507504299,3.36992568354473,0.475616135258373,1
"17263","PmetTSAr1.1-025979",4.18135878604705,4.22419953104222,3.83007058915661,4.42163886129395,3.67746350119028,5.28665258764353,3.81358267255975,4.47243311520383,0.0489356860057702,2.10497994357397,0.866923886601896,1
"17264","PmetTSAr1.1-025987",2.60772913538418,2.05260399747826,3.97192505542167,3.70676311725241,2.65796866917713,3.44904607322198,3.96025892919667,3.0004931026051,0.0894832052487185,1.6956344376263,0.778596232844874,1
"17265","PmetTSAr1.1-025988",1.61859049782466,1.99310822943541,1.65496877309236,1.32384397044729,1.60206330744923,2.28994042566378,1.69725382679857,1.41532693519109,0.0905178273565886,0.816877293843582,0.768898994470504,1
"17266","PmetTSAr1.1-026002",16.5905526027028,20.4367963227184,7.61285635622487,9.37281531076681,10.1585377904167,7.7179473605705,8.77962164726668,10.4451127817102,-0.542784609756096,3.51694390373632,0.118893303520032,1
"17267","PmetTSAr1.1-026008",14.567314480422,17.818982528833,6.5725902702811,10.0082604165815,11.3600852710036,10.2905964807607,9.45014167760686,8.32212237892358,-0.314433869965633,3.47380469069332,0.354283605276942,1
"17268","PmetTSAr1.1-026011",1.48370795633928,2.08235188149969,1.65496877309236,1.80042779980831,1.56565277773448,1.97896086168474,2.22109760050183,1.81161847704459,0.107665469086916,0.91997188389072,0.687812932939112,1
"17269","PmetTSAr1.1-026019",3.46198523145831,3.92672069082798,4.16106434377508,2.8330260967572,2.91284237718042,3.61867128993782,2.72398762325697,3.51001079927389,-0.168496613251611,1.78671345388862,0.53377339926111,1
"17270","PmetTSAr1.1-026020",7.1038138515638,7.43697100535602,6.95086884698793,13.0001477897924,10.1585377904167,19.9592338335633,11.3150255119905,9.6525296980032,0.563823551476912,3.42908970024599,0.102050707143976,1
"17271","PmetTSAr1.1-026021",1.52866880350107,2.11209976552111,3.54636165662649,2.06519659389777,1.60206330744923,1.32873086427404,0.921965041717742,1.72669886093312,-0.730706033514894,0.92745370448056,0.0216523878511673,1
"17272","PmetTSAr1.1-026022",2.83253337119316,3.89697280680656,2.69523485903613,2.22405787035145,2.58514760974762,2.37475303402169,2.55635761567192,2.97218656390128,-0.152801826329599,1.49965964742527,0.596058642921219,1
"17273","PmetTSAr1.1-026023",3.19222014848753,1.87411669334972,4.72848220883532,3.97153191134187,3.45900032290175,2.91189955362184,2.82875637799762,1.64177924482166,-0.341604813539262,1.64520549704152,0.302077690130857,1
"17274","PmetTSAr1.1-026027",1.70851219214826,1.99310822943541,3.12079825783131,3.01836425261982,2.00257913431154,2.60091998964281,2.22109760050183,2.51928194464013,-0.0746458338869043,1.29865112471204,0.812519514186803,1
"17275","PmetTSAr1.1-026029",1.66355134498646,2.08235188149969,2.17510181606425,3.09779489084666,2.33027390174434,2.17685694785322,2.4725426118794,2.37774925112102,0.0413666828164804,1.24119074174229,0.883838047568965,1
"17276","PmetTSAr1.1-026037",4.09143709172346,4.55142625527789,5.20133042971886,6.3014972993291,4.98824257092147,5.79552823779104,5.13366898229197,4.58565927001912,0.0227050373423155,2.36334969344336,0.936918136320666,1
"17277","PmetTSAr1.1-026040",1.79843388647185,2.3500828376925,1.93867770562248,2.62121106148563,1.60206330744923,2.68573259800072,2.93352513273827,1.75500539963695,0.0425206674330294,1.18928387795411,0.900521656733918,1
"17278","PmetTSAr1.1-026045",2.24804235808981,2.26083918562823,2.50609557068272,3.28313304670928,1.60206330744923,2.96844129252712,3.66690641592284,3.11371925742039,0.143428679072926,1.47329701781826,0.651413011664502,1
"17279","PmetTSAr1.1-026049",1.88835558079544,1.42789843302836,3.12079825783131,2.96541049380193,1.42001065887546,2.48783651183225,2.89161763084201,3.0004931026051,0.0692572715791445,1.30151392536367,0.847835222645606,1
"17280","PmetTSAr1.1-026050",3.10229845416394,3.71848550267801,1.98596252771084,2.46234978503196,2.80361078803616,2.54437825073753,2.2001438495537,3.17033233482803,-0.0803589195617439,1.49075187444125,0.802325498478653,1
"17281","PmetTSAr1.1-026052",3.41702438429651,3.98621645887083,4.4447732763052,4.05096254956871,4.40567409548539,4.04273433172741,3.47832265738966,3.59493041538536,-0.0373311038322691,1.99534527919789,0.904773586602712,1
"17282","PmetTSAr1.1-026054",4.99065403495938,4.49193048723504,4.20834916586344,5.53366779646967,4.55131621434441,5.54109041271728,4.16979643867797,4.04783503464651,-0.0729904385725929,2.24908434090966,0.800398952492798,1
"17283","PmetTSAr1.1-026059",3.01237675984035,4.99764451559925,2.03324734979919,3.73323999666136,3.31335820404273,2.91189955362184,3.37355390264901,3.96291541853504,-0.0331021023313861,1.8017549843052,0.938988713923919,1
"17284","PmetTSAr1.1-026062",7.46350062885817,9.37058346674859,4.68119738674697,2.64768794089458,5.68004263550182,3.64694215939046,3.35260015170088,4.58565927001912,-0.486527826967698,2.38686899696697,0.195432253968557,1
"17285","PmetTSAr1.1-026064",2.02323812228083,2.55831802584247,2.9316589694779,3.07131801143771,2.40309496117385,4.26890128734852,3.58309141213032,3.31186502834714,0.357703498414326,1.62674483694588,0.212972376417069,1
"17286","PmetTSAr1.1-026069",2.47284659389879,3.95646857484941,1.84410806144578,2.56825730266774,3.49541085261651,2.65746172854809,1.84393008343548,3.45339772186625,0.0632773536007013,1.51102411261457,0.833020383287089,1
"17287","PmetTSAr1.1-026072",1.66355134498646,1.93361246139257,3.12079825783131,6.67217361105434,2.54873708003287,3.33596259541143,6.41184779012793,6.05759928261785,0.450139481259751,2.01767292596062,0.293113923573878,1
"17288","PmetTSAr1.1-026078",4.63096725766501,5.20587970374922,1.79682323935742,3.36256368493612,3.34976873375749,3.64694215939046,2.49349636282753,3.17033233482803,-0.251058610274577,1.81520174209436,0.459368435521657,1
"17289","PmetTSAr1.1-026079",3.95655455023807,5.14638393570637,2.08053217188754,4.18334694661344,3.0948950257542,4.60815172078019,2.9544788836864,3.87799580242358,-0.087945298094628,1.92790049052551,0.793637207014417,1
"17290","PmetTSAr1.1-026082",2.69765082970777,2.73680532997102,2.60066521485943,7.62534126977639,3.89592667947881,4.69296432913811,2.57731136662005,3.31186502834714,-0.124580966417971,1.94011643295021,0.757470930695413,1
"17291","PmetTSAr1.1-026083",5.03561488212118,4.01596434289225,4.91762149718874,7.04284992277958,5.75286369493133,7.74621823002314,5.57369775220271,4.75549850224205,0.178994989016499,2.5034759922236,0.555269840600611,1
"17292","PmetTSAr1.1-026090",1.52866880350107,1.51714208509263,2.55338039277107,1.85338155862621,1.56565277773448,2.85535781471656,2.09537509481305,1.78331193834077,0.167775221293954,1.02211019373227,0.604160608092794,1
"17293","PmetTSAr1.1-026092",6.60924453278405,7.2882315852489,3.87735541124497,6.69865049046329,5.20670574921,5.90861171560159,6.26517153349102,5.32162927631848,-0.110967986562754,2.57614083235221,0.717724619733385,1
"17294","PmetTSAr1.1-026095",3.82167200875268,3.3317630103995,6.66715991445781,4.87174581124603,4.04156879833783,3.73175476774837,3.79262892161162,3.31186502834714,-0.325473208095765,2.08729812450814,0.276859577196866,1
"17295","PmetTSAr1.1-026097",3.19222014848753,2.97478840214241,2.97894379156625,3.97153191134187,2.94925290689518,2.71400346745336,1.78106883059109,2.74573425427071,-0.374932675741522,1.571001616865,0.180648962843715,1
"17296","PmetTSAr1.1-026113",5.66506674238632,5.20587970374922,5.48503936224898,5.61309843469651,5.38875839778378,5.08875650147506,5.72037400883963,5.37824235372613,-0.0252350217373636,2.46056616851731,0.926074987359783,1
"17297","PmetTSAr1.1-026120",2.06819896944263,3.27226724235665,2.69523485903613,2.99188737321088,2.69437919889189,2.28994042566378,2.4725426118794,2.88726694778981,-0.10199176208568,1.45162706409345,0.722712338994743,1
"17298","PmetTSAr1.1-026122",3.23718099564933,5.20587970374922,2.41152592650602,3.09779489084666,2.94925290689518,3.56212955103254,4.69364021238123,4.01952849594268,0.122717366239909,1.89449150276122,0.689506064194528,1
"17299","PmetTSAr1.1-026124",1.70851219214826,2.32033495367108,1.93867770562248,2.01224283507988,2.29386337202958,2.31821129511641,1.88583758533175,1.89653809315605,0.061608514797385,1.07700544991773,0.8117644293689,1
"17300","PmetTSAr1.1-026125",2.92245506551675,4.84890509549213,3.21536790200802,4.20982382602238,3.38617926347224,3.90137998446421,5.02890022755132,4.07614157335033,0.10507397750822,2.00694356035667,0.718951124278766,1
"17301","PmetTSAr1.1-026130",6.15963606116608,8.80537367034153,2.74251968112449,3.54790184079874,5.5344005166428,4.77777693749603,8.33959287735594,6.02929274391403,0.214448829606553,2.53927531148516,0.563802118812544,1
"17302","PmetTSAr1.1-026135",3.23718099564933,1.63613362117833,1.93867770562248,2.17110411153356,1.92975807488203,1.55489781989516,1.52962381921353,1.55685962871019,-0.446107482709493,0.997147940979103,0.115570363240295,1
"17303","PmetTSAr1.1-026139",10.9704467074783,9.7573059590271,4.25563398795179,2.56825730266774,5.75286369493133,1.78106477551627,6.1813565296985,4.75549850224205,-0.575124423838798,2.53702719817521,0.208750793398417,1
"17304","PmetTSAr1.1-026141",3.14725930132574,2.49882225779962,14.8474341357429,9.26690779313103,4.62413727377392,9.35765778882358,2.40968135903501,2.20791001889809,-0.677287052056947,2.60607500591834,0.211952131112861,1
"17305","PmetTSAr1.1-026143",2.427885746737,3.53999819854947,2.08053217188754,5.29537588178916,3.27694767432797,2.82708694526392,2.11632884576118,3.2552519509395,-0.234610880439395,1.66471213703705,0.48764471970718,1
"17306","PmetTSAr1.1-026145",14.9719621048781,15.6473869952691,11.6320662337349,18.1366623951279,13.981643410466,17.6410225384469,21.8128547370039,17.9180389995191,0.240135090654979,4.04780761134348,0.422832316509853,1
"17307","PmetTSAr1.1-026148",7.32861808737279,10.3225157554342,5.43775454016062,14.2975148808307,6.33543217036742,9.55555387499205,8.96820540579986,11.3226154815287,-0.0505366618466281,3.21260485784884,0.89044502719012,1
"17308","PmetTSAr1.1-026151",3.5968677729437,3.80772915474228,2.41152592650602,2.64768794089458,2.18463178288532,3.84483824555893,3.66690641592284,3.31186502834714,0.0650536649375015,1.70046110226791,0.833821974458982,1
"17309","PmetTSAr1.1-026155",2.29300320525161,2.64756167790674,2.74251968112449,2.17110411153356,3.0948950257542,2.00723173113738,2.51445011377566,2.85896040908599,0.08725466663577,1.37900027206603,0.758576843102092,1
"17310","PmetTSAr1.1-026158",2.69765082970777,3.39125877844235,2.31695628232931,2.1975809909425,2.65796866917713,2.51610738128489,3.60404516307845,3.0004931026051,0.153346888339147,1.51797388417084,0.591168146313673,1
"17311","PmetTSAr1.1-026160",1.43874710917748,1.27915901292124,1.93867770562248,1.77395092039937,1.27436854001643,1.35700173372668,1.2362713059397,1.72669886093312,-0.196733220561334,0.642696485174884,0.488418116890294,1
"17312","PmetTSAr1.1-026161",2.74261167686957,2.20134341758538,4.77576703092368,2.91245673498404,2.73078972860665,1.92241912277947,2.36777385713875,2.00976424797134,-0.476056422914663,1.46292259443542,0.109924276662532,1
"17313","PmetTSAr1.1-026162",3.01237675984035,1.84436880932829,2.60066521485943,3.91857815252398,3.422589793187,3.33596259541143,2.03251384196866,2.85896040908599,0.0262624137098566,1.5549981847659,0.926410832196504,1
"17314","PmetTSAr1.1-026164",1.70851219214826,1.13041959281412,2.31695628232931,2.67416482030353,1.82052648573776,1.80933564496891,1.445808815421,1.55685962871019,-0.243675418013604,0.899697439997377,0.429470102089136,1
"17315","PmetTSAr1.1-026165",3.77671116159088,2.97478840214241,4.87033667510038,5.11003772592654,2.65796866917713,6.02169519341215,6.47470904297233,3.56662387668154,0.166861993894957,2.16993254242491,0.637064489686739,1
"17316","PmetTSAr1.1-026166",6.78908792143123,7.97243291774166,2.64795003694778,3.68028623784347,8.3016007749642,4.72123519859075,3.45736890644153,6.17082543743313,0.0983393034038323,2.4664220385824,0.793647349176213,1
"17317","PmetTSAr1.1-026170",1.75347303931005,1.57663785313548,1.70225359518072,4.05096254956871,3.24053714461322,1.92241912277947,1.84393008343548,1.38702039648726,-0.134472122494171,1.16956558808347,0.736063749297115,1
"17318","PmetTSAr1.1-026172",2.02323812228083,3.27226724235665,4.63391256465862,3.7597168760703,2.33027390174434,3.08152477033767,2.24205135144996,2.49097540593631,-0.432623191487284,1.60243096692373,0.153152381724714,1
"17319","PmetTSAr1.1-026175",2.20308151092802,2.82604898203529,6.80901438072287,4.15687006720449,3.89592667947881,3.16633737869559,2.13728259670931,2.37774925112102,-0.466682223783769,1.80512088911799,0.192874064650124,1
"17320","PmetTSAr1.1-026176",3.05733760700214,3.15327570627095,2.31695628232931,2.56825730266774,3.05848449603944,2.0920443394953,1.88583758533175,2.63250809945542,-0.20815119003044,1.40760237046885,0.464957825535241,1
"17321","PmetTSAr1.1-026179",5.44026250657734,10.0845326832628,2.26967146024096,7.46647999332272,4.00515826862308,6.61538345191757,7.81574910365268,7.52953929521658,0.0361642892161217,2.69629787044051,0.928471240737188,1
"17322","PmetTSAr1.1-026180",2.29300320525161,3.03428417018526,2.17510181606425,2.30348850857828,2.36668443145909,2.31821129511641,1.78106883059109,1.86823155445223,-0.24569092646629,1.21867217729769,0.368086085191947,1
"17323","PmetTSAr1.1-026183",3.23718099564933,1.7253772732426,4.63391256465862,2.8330260967572,2.58514760974762,2.12031520894794,2.11632884576118,1.81161847704459,-0.515855388024089,1.42153397847314,0.0987808308917911,1
"17324","PmetTSAr1.1-026185",1.97827727511903,1.87411669334972,1.65496877309236,2.48882666444091,1.82052648573776,2.62919085909545,1.9906063400724,2.20791001889809,0.104388388209863,1.10206149061837,0.696277329643609,1
"17325","PmetTSAr1.1-026191",4.99065403495938,6.27680352852048,5.24861525180721,6.51331233460067,4.55131621434441,5.99342432395951,6.78901530719428,5.63300120206052,-0.00465084950876322,2.54028979986216,0.994471876282031,1
"17326","PmetTSAr1.1-026192",1.66355134498646,2.14184764954254,1.56039912891566,1.45622836749202,1.49283171830497,1.27218912536876,1.42485506447287,1.67008578352548,-0.223861672965357,0.718478971264382,0.418915029151779,1
"17327","PmetTSAr1.1-026195",4.27128048037064,4.49193048723504,4.39748845421685,7.25466495805115,4.91542151149196,7.7179473605705,5.61560525409897,6.08590582132167,0.248983329952614,2.5017648563218,0.415508423685492,1
"17328","PmetTSAr1.1-026196",3.37206353713472,4.0754601109351,2.1278169939759,2.96541049380193,2.22104231260007,1.97896086168474,3.83453642350788,2.80234733167835,-0.208988765932496,1.57960652742937,0.49503522984393,1
"17329","PmetTSAr1.1-026201",2.06819896944263,2.49882225779962,1.70225359518072,1.13850581458467,1.85693701545252,2.26166955621114,2.70303387230883,2.3494427124172,0.31734695639621,1.09632025576647,0.293846943848416,1
"17330","PmetTSAr1.1-026208",3.86663285591448,5.02739239962067,5.0594759634538,3.57437872020768,4.69695833320343,3.13806650924295,4.06502768393732,3.70815657020064,-0.167131327612119,2.07010984016103,0.563912162929941,1
"17331","PmetTSAr1.1-026210",2.29300320525161,2.23109130160681,1.89139288353413,1.80042779980831,2.18463178288532,2.37475303402169,2.36777385713875,2.6042015607516,0.217651062839992,1.19016980526102,0.407672327513849,1
"17332","PmetTSAr1.1-026212",2.78757252403137,3.74823338669944,2.83708932530119,4.02448567015976,2.87643184746567,5.39973606545409,4.81936271807002,4.13275465075797,0.358762665312365,1.96388994835865,0.228491798406667,1
"17333","PmetTSAr1.1-026213",2.74261167686957,1.99310822943541,11.1592180128514,3.70676311725241,5.8620952840756,2.8836286841692,1.21531755499157,1.75500539963695,-0.742906752041563,1.97922283584727,0.160619861101124,1
"17334","PmetTSAr1.1-026217",1.52866880350107,2.40957860573535,1.56039912891566,2.32996538798723,1.82052648573776,1.01775130029501,1.55057757016166,2.68912117686306,-0.161644980201295,0.947509988965371,0.641617075142525,1
"17335","PmetTSAr1.1-026218",3.37206353713472,4.01596434289225,3.54636165662649,3.89210127311503,4.40567409548539,4.74950606804339,3.9812126801448,2.97218656390128,0.115526741166752,1.97474903290739,0.67573905476834,1
"17336","PmetTSAr1.1-026225",4.54104556334142,5.65209796407058,2.17510181606425,1.48270524690096,3.56823191204602,2.48783651183225,5.61560525409897,6.51050390187899,0.393955223428777,2.026030785644,0.347217301671616,1
"17337","PmetTSAr1.1-026229",5.62010589522453,7.46671888937745,3.73550094497991,5.40128339942494,6.48107428922644,5.73898649888576,5.67846650694337,6.34066466965606,0.120410841538745,2.55438161135119,0.688521838595454,1
"17338","PmetTSAr1.1-026232",3.10229845416394,3.30201512637807,2.88437414738955,2.59473418207669,3.16771608518371,3.36423346486407,4.65173271048497,4.3025938829809,0.386633087682274,1.80276958342621,0.158452684498733,1
"17339","PmetTSAr1.1-026237",4.58600641050321,5.11663605168494,9.12597066305217,5.11003772592654,3.27694767432797,4.46679737351699,4.71459396332936,5.23670966020702,-0.42965467575476,2.39421178315018,0.174821587794289,1
"17340","PmetTSAr1.1-026239",1.52866880350107,1.66588150519975,2.36424110441766,2.40939602621407,2.25745284231483,2.14858607840058,1.11054880025092,1.18887462556051,-0.262989785800357,0.918493899779991,0.417304573371082,1
"17341","PmetTSAr1.1-026240",3.5968677729437,4.52167837125646,2.64795003694778,4.28925446424922,3.16771608518371,4.04273433172741,4.42124145005554,3.93460887983122,0.0434862008175246,1.96240821994953,0.883161094002156,1
"17342","PmetTSAr1.1-026242",2.78757252403137,2.64756167790674,1.74953841726907,1.95928907626199,2.51232655031811,2.45956564237961,2.55635761567192,1.98145770926752,0.0563754580272833,1.25938874375273,0.855491419705914,1
"17343","PmetTSAr1.1-026250",1.61859049782466,2.20134341758538,2.17510181606425,2.72711857912142,1.85693701545252,2.85535781471656,3.75072141971536,2.29282963500956,0.301707293455525,1.32629563849929,0.306615335550313,1
"17344","PmetTSAr1.1-026252",1.57362965066287,1.36840266498551,1.79682323935742,2.93893361439298,1.63847383716399,2.17685694785322,1.67630007585044,1.41532693519109,-0.164075060666187,0.916731400215515,0.615400194487779,1
"17345","PmetTSAr1.1-026254",1.57362965066287,1.75512515726402,1.89139288353413,2.25053474976039,1.52924224801972,3.22287911760087,2.36777385713875,2.00976424797134,0.287989936358476,1.10021349867653,0.330816138403185,1
"17346","PmetTSAr1.1-026256",5.35034081225375,5.50335854396346,2.74251968112449,4.1039163083866,4.44208462520014,3.70348389829574,4.90317772186254,5.57638812465288,0.0712650835012212,2.20357125967887,0.819247047060918,1
"17347","PmetTSAr1.1-026258",2.51780744106059,3.18302359029238,5.0594759634538,3.25665616730033,2.73078972860665,2.37475303402169,2.22109760050183,3.82138272501593,-0.327726434117681,1.67771608839309,0.284086151914566,1
"17348","PmetTSAr1.1-026261",1.79843388647185,2.55831802584247,3.12079825783131,3.4684712025719,3.13130555546895,2.8836286841692,2.59826511756818,2.57589502204778,0.022708854990606,1.50094826572634,0.929310269288108,1
"17349","PmetTSAr1.1-026266",2.02323812228083,2.61781379388532,1.56039912891566,3.1242717702556,1.82052648573776,2.62919085909545,2.70303387230883,2.54758848334395,0.0454296104208763,1.29258082646087,0.880495251414701,1
"17350","PmetTSAr1.1-026268",2.11315981660442,2.26083918562823,3.45179201244979,2.46234978503196,3.53182138233126,3.90137998446421,2.55635761567192,2.3494427124172,0.263933624212829,1.52984827277266,0.368674734939637,1
"17351","PmetTSAr1.1-026276",2.74261167686957,3.62924185061374,2.78980450321284,1.98576595567094,3.13130555546895,2.65746172854809,4.04407393298919,4.3025938829809,0.345958099401911,1.68997565930079,0.241261816514881,1
"17352","PmetTSAr1.1-026278",1.79843388647185,1.51714208509263,5.10676078554215,1.42975148808307,2.29386337202958,1.9506899922321,1.21531755499157,1.3021007803758,-0.532917473402318,1.08026781379196,0.182938454969886,1
"17353","PmetTSAr1.1-026280",2.65268998254598,2.61781379388532,1.5131143068273,3.41551744375401,2.0389896640263,2.94017042307448,2.57731136662005,2.12299040278663,-0.0848955196873319,1.35232884469388,0.789215546957982,1
"17354","PmetTSAr1.1-026281",3.5519069257819,3.86722492278513,3.54636165662649,3.54790184079874,2.69437919889189,5.68244475998048,5.07080772944758,5.09517696668791,0.356181154378174,2.070901036677,0.236448829659258,1
"17355","PmetTSAr1.1-026282",3.37206353713472,4.75966144342786,2.9316589694779,2.96541049380193,2.58514760974762,4.07100520118004,6.99855281667559,5.83114697298727,0.475743299518762,2.09246671081933,0.161775609787984,1
"17356","PmetTSAr1.1-026283",2.47284659389879,1.81462092530687,5.20133042971886,2.78007233793931,3.24053714461322,1.89414825332683,0.754335034132698,1.78331193834077,-0.681125374578162,1.33989756180651,0.0939223799268169,1
"17357","PmetTSAr1.1-026284",5.12553657644477,4.34319106712792,3.12079825783131,2.70064169971247,3.16771608518371,1.86587738387419,1.13150255119905,2.29282963500956,-0.862159144312751,1.59158040523716,0.0113309258955219,1
"17358","PmetTSAr1.1-026287",2.15812066376622,2.49882225779962,1.60768395100401,3.52142496138979,1.23795801030168,2.48783651183225,2.99638638558266,1.6983923222293,-0.218749089253629,1.23148076055834,0.509870149551296,1
"17359","PmetTSAr1.1-026289",3.50694607862011,4.90840086353498,41.9889220144577,4.395161981885,3.64105297147553,11.3366186505083,2.34682010619062,2.71742771556688,-1.44910532286903,3.2273636304085,0.0401177506885132,1
"17360","PmetTSAr1.1-026291",2.51780744106059,2.73680532997102,1.89139288353413,3.20370240848244,2.22104231260007,3.19460824814823,2.80780262704949,3.05710618001275,0.116047965335911,1.47117935617569,0.676569186561982,1
"17361","PmetTSAr1.1-026292",1.97827727511903,3.2127714743138,2.83708932530119,1.40327460867413,2.00257913431154,1.66798129770571,1.76011507964296,1.9531511705637,-0.350217633046442,1.10899381642062,0.241424579859117,1
"17362","PmetTSAr1.1-026302",3.95655455023807,4.64066990734216,4.58662774257026,3.20370240848244,4.07797932805259,2.60091998964281,3.05924763842705,3.82138272501593,-0.273639189919038,1.92523094083984,0.338215857107605,1
"17363","PmetTSAr1.1-026303",5.12553657644477,5.94957680428482,3.83007058915661,6.3014972993291,4.98824257092147,5.51281954326464,4.73554771427749,6.51050390187899,0.0311513511068697,2.44250939314577,0.913126346786917,1
"17364","PmetTSAr1.1-026304",3.28214184281112,2.73680532997102,4.87033667510038,3.4684712025719,2.00257913431154,2.94017042307448,2.17919009860557,2.80234733167835,-0.524543242100713,1.62613526323239,0.0678489704737423,1
"17365","PmetTSAr1.1-026306",1.43874710917748,2.11209976552111,2.03324734979919,2.22405787035145,1.45642118859021,2.742274336906,2.66112637041257,1.89653809315605,0.165734917039947,1.09765087027242,0.578937232994448,1
"17366","PmetTSAr1.1-026308",1.84339473363365,2.49882225779962,1.60768395100401,2.62121106148563,1.67488436687874,4.24063041789588,3.24783139696023,2.63250809945542,0.453434792829461,1.38998501433011,0.151025364851781,1
"17367","PmetTSAr1.1-026309",2.15812066376622,2.52857014182105,1.79682323935742,1.82690467921726,2.29386337202958,1.5831686893478,1.80202258153922,1.86823155445223,-0.147631407825843,1.02981586669354,0.601573549072323,1
"17368","PmetTSAr1.1-026311",3.32710268997292,4.37293895114934,2.03324734979919,6.38092793755594,4.55131621434441,3.08152477033767,3.93930517824853,2.37774925112102,-0.219094844297249,1.93663421207847,0.549493315457647,1
"17369","PmetTSAr1.1-026314",1.61859049782466,1.16016747683554,4.58662774257026,1.82690467921726,2.29386337202958,1.52662695044252,1.04768754740653,1.24548770296816,-0.58253383962959,0.96501285237578,0.144500188783423,1
"17370","PmetTSAr1.1-026316",3.82167200875268,3.95646857484941,2.97894379156625,3.28313304670928,4.44208462520014,3.5338586815799,3.81358267255975,3.82138272501593,0.149530612844853,1.91418626856244,0.577075871872424,1
"17371","PmetTSAr1.1-026318",1.93331642795724,1.36840266498551,4.53934292048191,1.82690467921726,2.0389896640263,2.26166955621114,2.03251384196866,1.86823155445223,-0.219461764287001,1.189908259609,0.507652496273893,1
"17372","PmetTSAr1.1-026331",8.76736519655026,4.58117413929931,9.22054030722888,6.11615914346648,5.24311627892476,4.91913128475922,5.51083649935832,4.35920696038854,-0.512507980907182,2.61747234785719,0.0996018435077556,1
"17373","PmetTSAr1.1-026333",3.05733760700214,2.85579686605671,3.07351343574296,4.20982382602238,3.422589793187,2.54437825073753,1.9906063400724,2.83065387038217,-0.302298315037732,1.61181179667966,0.293907624558996,1
"17374","PmetTSAr1.1-026334",2.87749421835496,4.52167837125646,1.98596252771084,6.98989616396169,3.38617926347224,6.61538345191757,4.69364021238123,2.68912117686306,0.0782031107340146,2.10349355720641,0.835944802871309,1
"17375","PmetTSAr1.1-026342",2.20308151092802,2.97478840214241,1.70225359518072,2.40939602621407,1.42001065887546,3.50558781212726,4.75650146522562,3.9063023411274,0.547991015765657,1.55479479924395,0.112769528825095,1
"17376","PmetTSAr1.1-026344",3.19222014848753,2.52857014182105,3.12079825783131,2.06519659389777,3.20412661489846,2.06377347004266,2.09537509481305,1.86823155445223,-0.237636291984499,1.36070884565096,0.408650783337494,1
"17377","PmetTSAr1.1-026350",1.61859049782466,2.02285611345684,2.17510181606425,2.93893361439298,1.34718959944595,3.27942085650615,2.70303387230883,2.32113617371338,0.138387083846772,1.24573648745382,0.665421540992817,1
"17378","PmetTSAr1.1-026352",3.91159370307627,6.30655141254191,2.45881074859437,5.18946836415338,4.1508003874821,3.42077520376934,4.90317772186254,4.72719196353823,-0.0616806142921405,2.15525696813045,0.865455786048466,1
"17379","PmetTSAr1.1-026356",2.02323812228083,2.17159553356396,3.30993754618473,4.55402325833868,2.84002131775091,4.1840886789906,3.39450765359714,2.68912117686306,0.115548924663025,1.68419640456283,0.711992777171003,1
"17380","PmetTSAr1.1-026361",3.91159370307627,5.47361065994203,2.74251968112449,4.1039163083866,3.34976873375749,5.82379910724368,6.32803278633541,4.35920696038854,0.288825023374657,2.19700642467842,0.367448326469843,1
"17381","PmetTSAr1.1-026365",4.54104556334142,4.61092202332074,4.25563398795179,3.65380935843452,4.07797932805259,2.65746172854809,2.59826511756818,3.56662387668154,-0.406638844654343,1.92540442815034,0.150813709374483,1
"17382","PmetTSAr1.1-026367",1.88835558079544,2.52857014182105,1.65496877309236,1.80042779980831,1.82052648573776,2.0920443394953,1.84393008343548,1.58516616741402,-0.108052024760432,0.97434732539376,0.700364216721693,1
"17383","PmetTSAr1.1-026372",1.43874710917748,2.32033495367108,2.1278169939759,2.03871971448883,1.52924224801972,1.86587738387419,2.24205135144996,1.89653809315605,-0.0724024469953061,0.998441022822608,0.793260542089814,1
"17384","PmetTSAr1.1-026377",3.82167200875268,4.13495587897795,2.41152592650602,5.374806520016,3.78669509033455,4.9756730236645,3.77167517066349,2.74573425427071,-0.051117563224356,1.98040460123118,0.887827562917904,1
"17385","PmetTSAr1.1-026380",5.75498843670992,6.93125697699181,4.4447732763052,4.97765332888181,7.90108494810189,5.23011084873825,7.20809032615689,5.57638812465288,0.226622323906685,2.60120171386152,0.451331539190399,1
"17386","PmetTSAr1.1-026389",2.06819896944263,4.70016567538501,1.56039912891566,1.40327460867413,2.00257913431154,1.24391825591612,1.61343882300605,1.75500539963695,-0.567367616997426,1.07373897879729,0.123321428848631,1
"17387","PmetTSAr1.1-026391",6.33947944981327,16.0043616035262,9.17325548514053,4.65993077597446,5.20670574921,3.78829650665365,17.3287520341039,12.3699574135701,0.0981616867823506,3.23764663210914,0.838328987634399,1
"17388","PmetTSAr1.1-026396",2.87749421835496,4.01596434289225,1.79682323935742,3.54790184079874,2.51232655031811,2.31821129511641,3.2268776460121,3.39678464445861,-0.103993603699941,1.59976786273582,0.748444912681976,1
"17389","PmetTSAr1.1-026398",2.24804235808981,1.93361246139257,2.17510181606425,3.7597168760703,2.0389896640263,3.05325390088503,2.30491260429436,2.12299040278663,-0.0957317966173692,1.33381079699828,0.762046791568754,1
"17390","PmetTSAr1.1-026400",3.01237675984035,3.24251935833523,1.60768395100401,2.11815035271566,1.78411595602301,2.26166955621114,3.4364151554934,2.66081463815924,0.0273889023795545,1.36926541638105,0.940740908925981,1
"17391","PmetTSAr1.1-026409",4.67592810482681,5.02739239962067,2.2223866381526,4.42163886129395,2.69437919889189,4.49506824296963,4.84031646901815,4.44412657650001,0.00945264027768733,2.06104221494434,0.97930894655669,1
"17392","PmetTSAr1.1-026412",4.67592810482681,4.40268683517077,4.01920987751002,4.02448567015976,3.64105297147553,5.45627780435937,7.16618282426063,4.89703119576116,0.309988720527681,2.27932382271866,0.301712947010295,1
"17393","PmetTSAr1.1-026415",6.65420537994584,6.663526020799,4.4447732763052,5.61309843469651,5.24311627892476,5.65417389052784,5.44797524651393,6.53881044058282,-0.0318852314884828,2.5473308024622,0.917706516337279,1
"17394","PmetTSAr1.1-026419",4.45112386901783,4.61092202332074,4.53934292048191,2.93893361439298,3.67746350119028,3.81656737610629,2.53540386472379,3.51001079927389,-0.287741245852462,1.93085084000552,0.317106326538261,1
"17395","PmetTSAr1.1-026422",3.86663285591448,3.36151089442092,3.16808307991967,3.68028623784347,3.05848449603944,3.95792172336949,3.16401639316771,3.42509118316243,-0.0492119622310592,1.81628136707832,0.859780643189734,1
"17396","PmetTSAr1.1-026427",2.02323812228083,2.64756167790674,1.93867770562248,1.53565900571886,2.00257913431154,1.78106477551627,2.38872760808688,2.03807078667516,0.0151739155651354,1.07531980340779,0.983508142585067,1
"17397","PmetTSAr1.1-026429",2.78757252403137,2.97478840214241,4.20834916586344,2.25053474976039,4.18721091719686,2.03550260059002,2.01156009102053,2.37774925112102,-0.205051341225088,1.53750908195258,0.53326397786824,1
"17398","PmetTSAr1.1-026437",3.14725930132574,3.62924185061374,3.30993754618473,3.89210127311503,2.65796866917713,3.30769172595879,3.49927640833779,3.42509118316243,-0.117695115470926,1.77523191726057,0.668572412527484,1
"17399","PmetTSAr1.1-026438",2.06819896944263,2.64756167790674,7.18729295742969,3.01836425261982,2.54873708003287,1.63971042825307,1.86488383438361,1.6983923222293,-0.939623911111614,1.52296817630395,0.0113214539692999,1
"17400","PmetTSAr1.1-026440",4.22631963320885,4.84890509549213,11.7266358779116,7.83715630504796,4.8061899223477,7.54832214385467,6.1813565296985,4.50073965390765,-0.311018058197087,2.70366159227916,0.385729885148929,1
"17401","PmetTSAr1.1-026444",3.14725930132574,5.08688816766352,3.16808307991967,5.13651460533548,2.91284237718042,3.92965085391685,3.52023015928592,4.10444811205415,-0.200110204950322,1.97965431152508,0.506931084590445,1
"17402","PmetTSAr1.1-026451",1.79843388647185,2.52857014182105,2.03324734979919,1.21793645281151,2.22104231260007,1.80933564496891,1.52962381921353,2.00976424797134,-0.00440433267706609,0.964340051507138,1,1
"17403","PmetTSAr1.1-026453",7.1487746987256,7.58571042546314,7.80199564457828,6.98989616396169,7.10005329437728,7.83103083838106,8.23482412261529,7.44461967910511,0.0531794063884248,2.92210186293092,0.854994468039307,1
"17404","PmetTSAr1.1-026455",2.3829248995752,2.55831802584247,2.60066521485943,2.8330260967572,2.18463178288532,3.42077520376934,4.6726864614331,3.651543492793,0.429357717666773,1.63698976774509,0.141896885463046,1
"17405","PmetTSAr1.1-026470",4.09143709172346,2.43932648975678,10.4026608594377,3.04484113202877,6.44466375951168,6.30440388793854,1.34104006068035,2.57589502204778,-0.259412781072195,2.20635680167496,0.606620795217875,1
"17406","PmetTSAr1.1-026473",9.26193451533002,12.9403295493195,7.04543849116463,7.78420254623007,7.75544282924287,8.53780257469704,10.8121354892353,12.5964097232007,0.0998462785616094,3.27196309740082,0.754646449555177,1
"17407","PmetTSAr1.1-026478",3.5519069257819,4.55142625527789,3.73550094497991,6.91046552573485,2.69437919889189,8.76396953031815,5.95086526926906,6.6520365953981,0.35646704560103,2.44028976478543,0.330832004746492,1
"17408","PmetTSAr1.1-026479",4.94569318779758,6.4255429486276,3.45179201244979,8.28726325500003,3.49541085261651,8.17028127181273,5.67846650694337,6.68034313410192,0.0518635474069591,2.57668465219865,0.881354068633107,1
"17409","PmetTSAr1.1-026480",5.17049742360657,7.02050062905609,4.53934292048191,5.63957531410546,5.06106363035098,6.81327953808605,6.41184779012793,5.23670966020702,0.0703304195772284,2.53709527269642,0.810240138330252,1
"17410","PmetTSAr1.1-026483",2.24804235808981,2.73680532997102,1.56039912891566,4.05096254956871,2.33027390174434,3.22287911760087,2.26300510239809,2.77404079297453,-0.0172501033526586,1.44294145796607,0.988868465836672,1
"17411","PmetTSAr1.1-026487",8.67744350222667,2.91529263409956,3.87735541124497,3.4684712025719,4.58772674405916,2.77054520635864,1.38294756257661,2.51928194464013,-0.751393914093961,1.93047721527993,0.0639057187066109,1
"17412","PmetTSAr1.1-026489",3.77671116159088,6.81226544090612,2.26967146024096,5.45423715824283,3.20412661489846,5.71071562943312,4.12788893678171,5.97267966650638,0.0475759834945533,2.24479056342588,0.890739382363255,1
"17413","PmetTSAr1.1-026491",3.19222014848753,3.4507545464852,4.20834916586344,3.28313304670928,3.78669509033455,3.76002563720101,3.18497014411584,3.56662387668154,0.0177668555987831,1.8530991969113,0.951213087473077,1
"17414","PmetTSAr1.1-026502",8.72240434938847,10.3522636394556,5.76874829477909,7.99601758150163,7.79185335895763,6.84155040753869,7.73193409986016,8.40704199503505,-0.0959111801686556,3.00281451225376,0.754170381734194,1
"17415","PmetTSAr1.1-026503",4.7658497991504,4.34319106712792,4.16106434377508,4.13039318779555,3.71387403090504,5.484548673812,5.76228151073589,5.83114697298727,0.260393380911701,2.27512302183023,0.366800114970099,1
"17416","PmetTSAr1.1-026504",1.97827727511903,1.69562938922117,1.74953841726907,1.82690467921726,1.60206330744923,2.85535781471656,2.22109760050183,1.83992501574841,0.239599748285941,1.02586498495677,0.406367842660577,1
"17417","PmetTSAr1.1-026513",1.84339473363365,2.32033495367108,1.5131143068273,1.58861276453675,2.54873708003287,1.83760651442155,2.09537509481305,1.41532693519109,0.110207816710415,0.969320356644372,0.699487616486564,1
"17418","PmetTSAr1.1-026514",4.04647624456166,3.89697280680656,1.84410806144578,5.08356084651759,4.11438985776735,3.30769172595879,4.90317772186254,2.83065387038217,0.0208046489535034,1.93494855491534,0.948427480738022,1
"17419","PmetTSAr1.1-026519",2.51780744106059,3.15327570627095,4.58662774257026,3.97153191134187,4.11438985776735,4.41025563461172,3.87644392540414,3.02879964130892,0.116398870496553,1.91431310320888,0.692288183674924,1
"17420","PmetTSAr1.1-026526",2.3829248995752,2.17159553356396,2.1278169939759,1.93281219685304,2.47591602060336,1.9506899922321,1.92774508722801,2.06637732537899,-0.0338818504152712,1.12925368005216,0.916128078944827,1
"17421","PmetTSAr1.1-026527",6.02475351968069,9.40033135077002,5.43775454016062,9.4787228284026,5.82568475436084,7.18080084097036,8.52817663588911,8.15228314670065,-0.0344572447400727,2.92126872310142,0.919636387705863,1
"17422","PmetTSAr1.1-026528",2.47284659389879,2.40957860573535,2.83708932530119,1.80042779980831,2.98566343660993,2.82708694526392,2.26300510239809,2.20791001889809,0.116826505321038,1.34043603542696,0.678175792707317,1
"17423","PmetTSAr1.1-026531",3.23718099564933,4.1944516470208,3.40450719036143,4.55402325833868,3.38617926347224,3.84483824555893,3.89739767635227,4.10444811205415,-0.0199499689797138,1.9613747612277,0.964802317753708,1
"17424","PmetTSAr1.1-026532",1.84339473363365,2.94504051812099,1.5131143068273,2.35644226739618,2.07540019374105,2.17685694785322,2.17919009860557,2.71742771556688,0.0639693448683602,1.19809355284873,0.812741127954767,1
"17425","PmetTSAr1.1-026537",6.92397046291662,9.81680172706995,4.91762149718874,4.58050013774762,6.15337952179364,6.04996606286479,10.9588117458723,7.84091122095862,0.241335121974136,2.85316168152276,0.480165222116328,1
"17426","PmetTSAr1.1-026538",4.09143709172346,5.47361065994203,1.79682323935742,3.1772255290735,4.11438985776735,2.06377347004266,2.84971012894575,3.42509118316243,-0.232061209392331,1.78090819613479,0.515277454090455,1
"17427","PmetTSAr1.1-026544",2.87749421835496,2.94504051812099,3.73550094497991,2.85950297616615,2.4395054908886,3.13806650924295,2.82875637799762,2.6042015607516,-0.166323522423597,1.57855157662728,0.518921408190687,1
"17428","PmetTSAr1.1-026545",2.56276828822238,1.96336034541399,1.70225359518072,2.46234978503196,2.14822125317056,1.41354347263196,1.19436380404344,1.75500539963695,-0.432125280617909,0.967781812565639,0.13746786720879,1
"17429","PmetTSAr1.1-026547",5.17049742360657,3.62924185061374,37.9224273148593,11.4909656634825,12.1611169247283,10.7994721309082,4.63077895953684,5.37824235372613,-0.819387780925815,3.51398823064373,0.156427979305575,1
"17430","PmetTSAr1.1-026555",2.02323812228083,2.76655321399244,3.02622861365461,2.01224283507988,2.11181072345581,2.14858607840058,1.86488383438361,2.49097540593631,-0.187596163488443,1.24046520681855,0.491967238424366,1
"17431","PmetTSAr1.1-026561",1.61859049782466,1.99310822943541,3.35722236827308,3.54790184079874,2.58514760974762,2.51610738128489,2.89161763084201,2.57589502204778,0.00496287604649366,1.43279997277215,1,1
"17432","PmetTSAr1.1-026565",2.15812066376622,2.20134341758538,2.08053217188754,1.69452028217253,1.89334754516727,1.32873086427404,1.34104006068035,2.12299040278663,-0.285339922343409,0.93189379690594,0.306647417225854,1
"17433","PmetTSAr1.1-026566",2.02323812228083,1.54688996911405,1.89139288353413,1.32384397044729,1.7112948965935,1.61143955880043,2.26300510239809,1.35871385778344,0.0562795418143437,0.828303390793725,0.885673897653662,1
"17434","PmetTSAr1.1-026570",5.21545827076836,2.17159553356396,3.78278576706826,9.24043091372208,8.66570607211175,4.15581780953796,1.04768754740653,7.16155429206689,0.03823437193868,2.38895910843266,0.938768350287229,1
"17435","PmetTSAr1.1-026571",10.6557207773457,14.9036898947335,3.12079825783131,7.81067942563901,5.93491634350511,12.5239951675192,15.3381456940315,12.8228620328312,0.35246816345422,3.38779304281656,0.404914992866031,1
"17436","PmetTSAr1.1-026572",2.02323812228083,1.69562938922117,3.02622861365461,3.04484113202877,2.33027390174434,3.30769172595879,2.43063510998314,2.40605578982485,0.0990256333057019,1.37584871826591,0.751537211785392,1
"17437","PmetTSAr1.1-026574",2.87749421835496,3.4507545464852,2.83708932530119,3.09779489084666,3.05848449603944,3.16633737869559,3.60404516307845,2.94388002519746,0.0570114911341207,1.67556644941485,0.831994458687106,1
"17438","PmetTSAr1.1-026590",2.96741591267855,3.71848550267801,2.97894379156625,4.02448567015976,3.49541085261651,3.02498303143239,3.89739767635227,3.651543492793,0.0334834558047372,1.82228395467068,0.901929549117276,1
"17439","PmetTSAr1.1-026594",2.74261167686957,2.49882225779962,2.83708932530119,2.14462723212461,2.33027390174434,1.63971042825307,1.76011507964296,1.72669886093312,-0.453517848068175,1.17759476101101,0.0877631528026863,1
"17440","PmetTSAr1.1-026595",2.65268998254598,3.18302359029238,1.89139288353413,2.99188737321088,1.92975807488203,3.5338586815799,1.9906063400724,3.62323695408918,0.0394851870493727,1.48090949963937,0.901441546156003,1
"17441","PmetTSAr1.1-026596",4.99065403495938,5.94957680428482,3.83007058915661,7.70477190800323,2.94925290689518,10.262325611308,6.30707903538728,7.27478044688218,0.250987739722366,2.64001424111918,0.49935817021531,1
"17442","PmetTSAr1.1-026597",10.3859556943749,10.590246711627,9.40967959558229,9.66406098426522,10.6318746767085,7.35042605768619,5.78323526168402,8.40704199503505,-0.318454781767609,3.18307445739745,0.290303406758735,1
"17443","PmetTSAr1.1-026610",5.88987097819531,3.59949396659232,3.92464023333332,5.32185276119811,6.04414793264938,3.5338586815799,2.4725426118794,2.68912117686306,-0.352252612485369,2.08263034626782,0.305595930987838,1
"17444","PmetTSAr1.1-026617",6.74412707426943,4.22419953104222,39.8138201983934,13.7150235338339,12.4159906327315,10.8842847392661,4.75650146522562,5.66130774076434,-0.935080651382534,3.62098099168807,0.0901045503743063,1
"17445","PmetTSAr1.1-026618",3.05733760700214,3.18302359029238,2.41152592650602,2.43587290562301,2.62155813946238,2.79881607581128,2.78684887610136,3.31186502834714,0.0553782698815064,1.53028363520652,0.852992892352411,1
"17446","PmetTSAr1.1-026620",7.37357893453458,11.1257086240126,8.36941350963852,7.04284992277958,9.24827454754784,9.52728300553941,8.50722288494098,6.45389082447135,-0.00859862721533347,3.09054155648358,0.982031825747313,1
"17447","PmetTSAr1.1-026624",2.427885746737,2.26083918562823,3.26265272409637,2.75359545853036,2.4395054908886,2.54437825073753,2.26300510239809,2.09468386408281,-0.19296334199779,1.35772908914639,0.457992085564731,1
"17448","PmetTSAr1.1-026626",1.88835558079544,2.61781379388532,6.66715991445781,1.64156652335464,1.67488436687874,2.48783651183225,3.01734013653079,3.62323695408918,-0.232523507954957,1.58564758008169,0.566253145348166,1
"17449","PmetTSAr1.1-026630",3.37206353713472,4.31344318310649,2.60066521485943,3.1242717702556,3.78669509033455,3.10979563979031,3.54118391023405,3.62323695408918,0.0622280120844393,1.80670956713575,0.825983440695096,1
"17450","PmetTSAr1.1-026631",2.06819896944263,2.40957860573535,2.2223866381526,2.75359545853036,2.00257913431154,2.40302390347433,2.40968135903501,2.80234733167835,0.0198594877872882,1.29247783200342,0.9410892668757,1
"17451","PmetTSAr1.1-026632",3.73175031442909,1.75512515726402,2.74251968112449,2.06519659389777,2.47591602060336,2.12031520894794,1.42485506447287,1.78331193834077,-0.393668276259884,1.20723244234339,0.20041900169181,1
"17452","PmetTSAr1.1-026634",1.52866880350107,2.73680532997102,2.08053217188754,6.46035857578278,2.29386337202958,5.7672573683384,4.54696395574432,3.56662387668154,0.327238931584346,1.88934369393346,0.423015566028503,1
"17453","PmetTSAr1.1-026647",1.43874710917748,1.57663785313548,1.70225359518072,1.61508964394569,1.45642118859021,1.41354347263196,1.86488383438361,1.27379424167198,-0.0684822429289588,0.68266463648415,0.802610272440257,1
"17454","PmetTSAr1.1-026663",2.02323812228083,2.97478840214241,1.84410806144578,2.27701162916934,1.74770542630825,2.20512781730586,3.14306264221958,2.12299040278663,0.0153809703072476,1.23983163649805,0.972067441514624,1
"17455","PmetTSAr1.1-026667",2.56276828822238,3.95646857484941,1.93867770562248,2.59473418207669,2.14822125317056,3.27942085650615,2.17919009860557,2.91557348649364,-0.0798631780347349,1.46614008883883,0.806720966312233,1
"17456","PmetTSAr1.1-026682",4.7208889519886,8.32940752599875,5.72146347269074,3.52142496138979,3.31335820404273,3.16633737869559,6.01372652211345,6.22743851484078,-0.249193598120982,2.37565599220845,0.479092818712438,1
"17457","PmetTSAr1.1-026685",1.79843388647185,2.49882225779962,15.8877002216867,1.69452028217253,2.29386337202958,1.63971042825307,2.22109760050183,3.59493041538536,-1.15966278399972,1.99033431232557,0.0487350486273202,1
"17458","PmetTSAr1.1-026686",2.47284659389879,2.17159553356396,5.01219114136544,14.165130483786,5.27952680863951,8.33990648852856,2.6820801213607,3.93460887983122,-0.240147302655949,2.47984348987048,0.648383517536001,1
"17459","PmetTSAr1.1-026687",5.12553657644477,5.08688816766352,2.88437414738955,3.4684712025719,3.53182138233126,3.10979563979031,2.57731136662005,2.77404079297453,-0.470308873016418,1.85828618196535,0.109184803587143,1
"17460","PmetTSAr1.1-026692",2.78757252403137,3.71848550267801,4.06649469959838,4.1039163083866,2.94925290689518,4.43852650406435,2.32586635524249,3.76476964760829,-0.127064309912711,1.84008432983273,0.680947267570575,1
"17461","PmetTSAr1.1-026695",4.49608471617962,5.26537547179207,4.20834916586344,5.63957531410546,4.36926356577063,5.42800693490673,5.32225274082515,4.89703119576116,0.0269557084268987,2.32765863022698,0.920676473991223,1
"17462","PmetTSAr1.1-026704",4.90073234063579,6.30655141254191,4.30291881004014,4.84526893183708,5.75286369493133,3.36423346486407,4.23265769152236,4.75549850224205,-0.174049719640544,2.2832792869078,0.565146651991157,1
"17463","PmetTSAr1.1-026705",5.26041911793016,6.57428236873473,7.09272331325299,7.12228056100642,6.11696899207889,7.37869692713883,7.45953533753446,6.48219736317517,0.074684412372389,2.75508082220787,0.796526388583091,1
"17464","PmetTSAr1.1-026709",3.10229845416394,1.42789843302836,9.26782512931723,2.27701162916934,3.24053714461322,2.26166955621114,0.859103788873351,1.21718116426433,-1.08303664670172,1.57460154888468,0.0349195346357773,1
"17465","PmetTSAr1.1-026713",3.28214184281112,3.27226724235665,2.41152592650602,3.15074864966455,2.51232655031811,2.65746172854809,2.89161763084201,3.08541271871657,-0.122385167308411,1.57098818649515,0.650900800497416,1
"17466","PmetTSAr1.1-026716",3.86663285591448,2.29058706964966,6.5725902702811,4.395161981885,5.97132687321986,2.82708694526392,1.08959504930279,2.46266886723249,-0.475408521012536,1.89697695128618,0.277263889378372,1
"17467","PmetTSAr1.1-026719",5.17049742360657,4.1944516470208,4.01920987751002,4.76583829361024,4.00515826862308,3.90137998446421,3.9812126801448,4.04783503464651,-0.187658746964648,2.11108058985267,0.487264307656547,1
"17468","PmetTSAr1.1-026725",1.66355134498646,1.69562938922117,2.2223866381526,2.09167347330672,2.00257913431154,1.78106477551627,1.55057757016166,1.72669886093312,-0.124992700443065,0.926092805988066,0.650877533760532,1
"17469","PmetTSAr1.1-026735",4.45112386901783,5.62235008004915,5.29590007389556,6.03672850523964,5.38875839778378,5.31492345709617,4.58887145764058,4.61396580872294,-0.108808920458214,2.38575016382583,0.700966719754032,1
"17470","PmetTSAr1.1-026741",2.427885746737,2.11209976552111,2.26967146024096,2.22405787035145,2.07540019374105,2.31821129511641,2.45158886093127,1.86823155445223,-0.0452081889055709,1.18860542181484,0.855676288909392,1
"17471","PmetTSAr1.1-026749",2.69765082970777,3.92672069082798,2.97894379156625,3.60085559961663,3.64105297147553,3.10979563979031,3.77167517066349,3.53831733797771,0.083610002626402,1.79682271946545,0.753772770305858,1
"17472","PmetTSAr1.1-026751",3.64182862010549,3.00453628616383,2.69523485903613,3.15074864966455,2.69437919889189,4.80604780694866,3.4364151554934,3.51001079927389,0.211867760951056,1.77920532080707,0.458903182163959,1
"17473","PmetTSAr1.1-026753",7.46350062885817,10.6199945956484,7.9911349329317,7.8636331844569,5.35234786806902,7.26561344932828,6.76806155624615,6.56711697928664,-0.386983371650286,2.91603399399706,0.185973431616333,1
"17474","PmetTSAr1.1-026756",2.83253337119316,4.1944516470208,2.60066521485943,2.25053474976039,3.02207396632469,1.92241912277947,2.61921886851631,3.22694541223568,-0.143144517035271,1.5332674142536,0.640214516945319,1
"17475","PmetTSAr1.1-026758",2.427885746737,4.22419953104222,2.17510181606425,3.1772255290735,2.00257913431154,2.20512781730586,1.7182075777467,1.67008578352548,-0.673945784738675,1.32893843758809,0.0209176263984756,1
"17476","PmetTSAr1.1-026761",2.78757252403137,3.68873761865659,1.89139288353413,2.64768794089458,2.07540019374105,2.37475303402169,4.73554771427749,6.02929274391403,0.464402374692406,1.7458256921576,0.19748211688842,1
"17477","PmetTSAr1.1-026763",5.71002758954812,10.2035242193485,2.36424110441766,6.6456967316454,4.40567409548539,8.62261518305496,8.54913038683724,6.87848890502868,0.187906260775532,2.75495846677206,0.631695755555401,1
"17478","PmetTSAr1.1-026768",2.427885746737,2.20134341758538,2.69523485903613,4.26277758484027,2.98566343660993,5.03221476256978,8.3815003792522,4.41582003779619,0.843672033613605,2.04691566483154,0.0170662760088452,1
"17479","PmetTSAr1.1-026771",2.20308151092802,3.59949396659232,1.60768395100401,3.54790184079874,3.34976873375749,3.30769172595879,4.31647269531488,2.17960348019427,0.251463695080905,1.62686227472891,0.431102587968806,1
"17480","PmetTSAr1.1-026773",6.20459690832788,5.71159373211343,5.20133042971886,5.24242212297127,5.97132687321986,5.11702737092769,4.16979643867797,5.80284043428345,-0.0881059521362961,2.45555134521109,0.764547019859706,1
"17481","PmetTSAr1.1-026776",3.01237675984035,3.4507545464852,1.70225359518072,2.27701162916934,1.89334754516727,2.68573259800072,2.4725426118794,1.86823155445223,-0.228392714840428,1.31259887522711,0.434250681062576,1
"17482","PmetTSAr1.1-026786",3.01237675984035,3.15327570627095,3.16808307991967,3.25665616730033,2.51232655031811,3.6752130288431,2.6820801213607,1.86823155445223,-0.229405183748873,1.57343622449981,0.41075519186968,1
"17483","PmetTSAr1.1-026794",3.05733760700214,3.68873761865659,2.64795003694778,2.8330260967572,2.18463178288532,2.96844129252712,4.52601020479619,3.11371925742039,0.0701386488018664,1.67634323149359,0.8216443080763,1
"17484","PmetTSAr1.1-026799",3.50694607862011,2.08235188149969,1.56039912891566,1.93281219685304,1.89334754516727,2.68573259800072,2.09537509481305,1.98145770926752,-0.0616129046616891,1.18644027191857,0.835126702928624,1
"17485","PmetTSAr1.1-026806",2.3379640524134,1.54688996911405,2.60066521485943,2.64768794089458,2.18463178288532,2.2333986867585,2.01156009102053,1.75500539963695,-0.154814869214631,1.15198341220064,0.586420487898757,1
"17486","PmetTSAr1.1-026817",2.78757252403137,3.56974608257089,2.64795003694778,2.32996538798723,2.94925290689518,3.05325390088503,3.28973889885649,2.94388002519746,0.110366050616062,1.58989875492406,0.690818729007918,1
"17487","PmetTSAr1.1-026818",3.28214184281112,3.62924185061374,3.07351343574296,2.99188737321088,3.20412661489846,3.02498303143239,4.29551894436675,3.31186502834714,0.0954752927552751,1.77251907560586,0.738850577510045,1
"17488","PmetTSAr1.1-026819",3.14725930132574,5.77108950015627,4.82305185301203,3.94505503193292,3.31335820404273,5.65417389052784,8.57008413778538,4.75549850224205,0.336226606916127,2.34235791076727,0.32656579821326,1
"17489","PmetTSAr1.1-026820",1.88835558079544,2.76655321399244,1.65496877309236,1.35032084985624,1.89334754516727,1.01775130029501,2.76589512515323,2.66081463815924,0.124711331159776,1.04697483510991,0.720332765889419,1
"17490","PmetTSAr1.1-026821",3.86663285591448,6.90150909297039,2.08053217188754,2.64768794089458,3.49541085261651,3.78829650665365,6.11849527685411,4.67057888613058,0.219476605256187,2.09408363737442,0.552472299623541,1
"17491","PmetTSAr1.1-026826",3.5968677729437,4.34319106712792,8.700407264257,4.18334694661344,4.76977939263294,3.47731694267462,4.06502768393732,5.09517696668791,-0.254271191359015,2.27181749455334,0.447099303688509,1
"17492","PmetTSAr1.1-026828",3.5519069257819,2.94504051812099,4.11377952168673,3.49494808198085,3.85951614976406,3.87310911501157,3.35260015170088,3.70815657020064,0.0715781122252979,1.87617896022521,0.800843306847075,1
"17493","PmetTSAr1.1-026830",2.92245506551675,1.07092382477127,5.20133042971886,3.28313304670928,2.84002131775091,2.71400346745336,0.963872543614003,2.09468386408281,-0.53338939475093,1.42092571125159,0.202955847056411,1
"17494","PmetTSAr1.1-026831",1.57362965066287,1.01142805672842,1.70225359518072,2.22405787035145,1.74770542630825,2.51610738128489,0.963872543614003,1.75500539963695,0.0911876660146829,0.804837582340253,0.786612034167118,1
"17495","PmetTSAr1.1-026838",2.06819896944263,1.7253772732426,1.89139288353413,4.23630070543133,1.56565277773448,1.61143955880043,1.7182075777467,2.54758848334395,-0.425418954920583,1.16136748742407,0.202167245763939,1
"17496","PmetTSAr1.1-026852",2.69765082970777,3.4507545464852,3.45179201244979,3.25665616730033,3.96874773890832,2.99671216197976,3.03829388747892,3.45339772186625,0.0603002415027307,1.74431544243492,0.823177017052689,1
"17497","PmetTSAr1.1-026855",3.10229845416394,3.12352782224953,9.26782512931723,4.13039318779555,3.56823191204602,2.96844129252712,1.5086700682654,5.2084031215032,-0.564053963332877,2.05355916506986,0.176741272745891,1
"17498","PmetTSAr1.1-026856",3.19222014848753,2.20134341758538,20.616182430522,7.89011006386585,6.77235852694448,6.2761330184859,2.38872760808688,2.85896040908599,-0.888855072563271,2.7123476941454,0.116311344096381,1
"17499","PmetTSAr1.1-026863",5.88987097819531,4.04571222691368,4.58662774257026,5.24242212297127,5.75286369493133,2.99671216197976,2.61921886851631,4.16106118946179,-0.352614663900406,2.15811324890639,0.271692130244302,1
"17500","PmetTSAr1.1-026864",2.83253337119316,3.83747703876371,1.65496877309236,1.98576595567094,2.18463178288532,2.31821129511641,2.26300510239809,1.86823155445223,-0.261345856868828,1.2813513676156,0.389590592011507,1
"17501","PmetTSAr1.1-026869",3.37206353713472,2.26083918562823,2.03324734979919,2.30348850857828,1.27436854001643,2.34648216456905,2.15823634765744,2.77404079297453,-0.210192473207894,1.24795893997125,0.473538354497143,1
"17502","PmetTSAr1.1-026873",3.19222014848753,4.49193048723504,4.63391256465862,7.14875744041537,4.55131621434441,5.25838171819089,6.60043154866111,7.04832813725161,0.264931488121163,2.44321237391841,0.406361889800447,1
"17503","PmetTSAr1.1-026877",2.15812066376622,2.20134341758538,1.93867770562248,1.50918212630991,1.82052648573776,2.20512781730586,1.42485506447287,1.52855309000637,-0.160726746337987,0.929756625907443,0.584471357299644,1
"17504","PmetTSAr1.1-026881",4.94569318779758,4.70016567538501,3.02622861365461,3.62733247902557,4.29644250634112,3.76002563720101,6.62138529960924,5.74622735687581,0.327112388869372,2.22009665480071,0.294226581708941,1
"17505","PmetTSAr1.1-026894",1.84339473363365,3.36151089442092,1.98596252771084,1.58861276453675,1.78411595602301,2.2333986867585,1.88583758533175,2.17960348019427,-0.124199258394482,1.11834097539663,0.695546720718024,1
"17506","PmetTSAr1.1-026904",1.52866880350107,1.01142805672842,1.70225359518072,1.00612141753994,1.31077906973119,1.01775130029501,0.921965041717742,1.16056808685669,-0.232940063088978,0.331235506907823,0.435629803597862,1
"17507","PmetTSAr1.1-026909",5.03561488212118,7.13949216514178,4.39748845421685,8.10192509913741,4.84260045206245,7.09598823261244,8.50722288494098,8.43534853373887,0.223847544750702,2.75899930563264,0.486690109963561,1
"17508","PmetTSAr1.1-026921",1.75347303931005,2.37983072171393,1.89139288353413,2.25053474976039,1.82052648573776,2.62919085909545,2.89161763084201,2.43436232852867,0.237704359089848,1.21794203569978,0.385206412601467,1
"17509","PmetTSAr1.1-026923",3.41702438429651,2.85579686605671,2.64795003694778,2.48882666444091,2.29386337202958,2.2333986867585,0.901011290769612,2.03807078667516,-0.619993498764725,1.26845133740328,0.0449906462826768,1
"17510","PmetTSAr1.1-026925",2.83253337119316,5.59260219602773,1.89139288353413,4.18334694661344,2.91284237718042,4.9756730236645,4.31647269531488,4.33090042168472,0.180896332925303,1.98365650871204,0.591876263764037,1
"17511","PmetTSAr1.1-026932",2.87749421835496,2.61781379388532,2.83708932530119,2.38291914680512,1.89334754516727,2.71400346745336,2.40968135903501,2.29282963500956,-0.193023365719948,1.35711784419286,0.454919323952937,1
"17512","PmetTSAr1.1-026935",4.7658497991504,4.96789663157782,5.76874829477909,2.62121106148563,6.04414793264938,1.61143955880043,2.03251384196866,2.80234733167835,-0.540617120905145,1.95173810987407,0.177028376996197,1
"17513","PmetTSAr1.1-026938",1.61859049782466,2.5880659098639,1.65496877309236,2.56825730266774,1.31077906973119,1.01775130029501,3.41546140454527,2.88726694778981,0.033418945097815,1.14201460459941,0.941849167462892,1
"17514","PmetTSAr1.1-026941",2.29300320525161,5.53310642798488,1.60768395100401,2.32996538798723,2.33027390174434,3.84483824555893,3.72976766876723,3.59493041538536,0.191097745687345,1.69263480440308,0.594489521163125,1
"17515","PmetTSAr1.1-026943",2.02323812228083,3.03428417018526,13.0506108963855,3.91857815252398,2.40309496117385,2.85535781471656,2.61921886851631,2.17960348019427,-1.12420963778925,2.01548104665205,0.0150733160152575,1
"17516","PmetTSAr1.1-026955",2.427885746737,2.4690743737782,1.65496877309236,2.32996538798723,1.56565277773448,1.47008521153724,1.48771631731727,1.58516616741402,-0.5480133220424,0.950723927893858,0.0408844781887292,1
"17517","PmetTSAr1.1-026963",1.66355134498646,2.11209976552111,1.93867770562248,1.5621358851278,1.52924224801972,1.18737651701085,1.38294756257661,1.72669886093312,-0.321686436746501,0.761654977304636,0.23743200714633,1
"17518","PmetTSAr1.1-026964",4.36120217469423,3.4507545464852,2.9316589694779,6.6456967316454,3.75028456061979,6.98290475480188,4.12788893678171,3.28355848964332,0.0564516817187842,2.17333559389533,0.869145610863359,1
"17519","PmetTSAr1.1-026972",1.84339473363365,3.51025031452804,2.55338039277107,2.64768794089458,2.65796866917713,2.34648216456905,3.01734013653079,3.0004931026051,0.0550564344884019,1.46681222793318,0.842382815595264,1
"17520","PmetTSAr1.1-026974",5.30537996509196,4.67041779136358,8.46398315381523,5.53366779646967,5.24311627892476,4.3254430262538,3.56213766118219,4.58565927001912,-0.434808911875055,2.39509757230692,0.152688419666765,1
"17521","PmetTSAr1.1-026978",4.00151539739986,4.10520799495653,1.98596252771084,3.49494808198085,3.05848449603944,2.77054520635864,2.26300510239809,2.68912117686306,-0.343014688334901,1.63538974657409,0.250498513787042,1
"17522","PmetTSAr1.1-026979",2.24804235808981,4.10520799495653,1.84410806144578,2.27701162916934,2.11181072345581,3.56212955103254,6.51661654486859,3.9063023411274,0.618071162521021,1.76647612920169,0.0891533052464969,1
"17523","PmetTSAr1.1-026985",1.93331642795724,3.06403205420668,2.03324734979919,2.80654921734825,2.4395054908886,2.79881607581128,2.28395885334622,2.15129694149045,-0.0387497097557443,1.32485463036632,0.917266652533312,1
"17524","PmetTSAr1.1-026988",3.46198523145831,3.09377993822811,3.07351343574296,3.52142496138979,3.71387403090504,3.13806650924295,2.87066387989388,3.05710618001275,-0.045822557281771,1.72290197191594,0.870235503580617,1
"17525","PmetTSAr1.1-026992",2.3379640524134,2.3500828376925,2.69523485903613,3.54790184079874,3.27694767432797,3.02498303143239,3.4364151554934,2.54758848334395,0.162699261843312,1.56958727064455,0.551090851679345,1
"17526","PmetTSAr1.1-026995",2.3379640524134,2.20134341758538,7.04543849116463,12.0469801310703,5.46157945721329,3.3925043343167,1.2362713059397,2.49097540593631,-0.915587304719561,2.19628463837084,0.0798271610057261,1
"17527","PmetTSAr1.1-026997",2.96741591267855,4.75966144342786,1.79682323935742,4.81879205242814,1.49283171830497,2.99671216197976,3.83453642350788,3.59493041538536,-0.27073560366572,1.74742930479975,0.458701388286828,1
"17528","PmetTSAr1.1-026999",11.465016026258,14.8441941266906,9.40967959558229,11.5703963017093,10.0128956715577,17.9802729718785,13.5570768634404,14.2098824293185,0.236919006962708,3.69493327139262,0.441392496397105,1
"17529","PmetTSAr1.1-027002",1.48370795633928,0.892436520642723,2.41152592650602,2.22405787035145,1.31077906973119,1.18737651701085,1.21531755499157,1.55685962871019,-0.405603929345597,0.668794547985695,0.20681285390058,1
"17530","PmetTSAr1.1-027004",3.64182862010549,4.58117413929931,3.68821612289155,4.13039318779555,3.20412661489846,6.04996606286479,6.28612528443915,4.47243311520383,0.319920533602514,2.19482929680668,0.296546822033834,1
"17531","PmetTSAr1.1-027006",4.85577149347399,4.70016567538501,4.3502036321285,4.26277758484027,4.66054780348867,5.93688258505423,4.48410270289993,4.47243311520383,0.106213747066844,2.25616383837502,0.705160585722667,1
"17532","PmetTSAr1.1-027008",1.97827727511903,2.61781379388532,3.6409313008032,2.01224283507988,2.00257913431154,1.55489781989516,1.06864129835466,1.61347270611784,-0.719179125435014,1.07607639319323,0.0182491451615214,1
"17533","PmetTSAr1.1-027014",2.78757252403137,2.14184764954254,2.45881074859437,1.82690467921726,2.25745284231483,1.49835608098988,1.06864129835466,1.41532693519109,-0.568051991659152,0.984945872137462,0.0537019387728427,1
"17534","PmetTSAr1.1-027015",1.97827727511903,2.20134341758538,3.16808307991967,1.98576595567094,2.00257913431154,1.72452303661099,1.7182075777467,1.67008578352548,-0.384481500456657,1.07648360322248,0.157256671504982,1
"17535","PmetTSAr1.1-027016",1.84339473363365,2.29058706964966,1.98596252771084,1.95928907626199,2.25745284231483,1.35700173372668,1.21531755499157,1.16056808685669,-0.450621081567408,0.858881331833729,0.128752928010204,1
"17536","PmetTSAr1.1-027017",2.11315981660442,2.55831802584247,4.3502036321285,2.5417804232588,2.22104231260007,1.89414825332683,2.55635761567192,1.92484463185988,-0.416769310686041,1.36359459206287,0.151897884689552,1
"17537","PmetTSAr1.1-027021",1.88835558079544,2.20134341758538,3.92464023333332,2.25053474976039,2.29386337202958,2.51610738128489,2.91257138179014,2.51928194464013,0.00977456128110433,1.39049185588379,1,1
"17538","PmetTSAr1.1-027028",2.92245506551675,2.73680532997102,4.06649469959838,2.5417804232588,3.31335820404273,2.94017042307448,3.16401639316771,3.22694541223568,0.0521727241119804,1.66490855678223,0.869885146447532,1
"17539","PmetTSAr1.1-027031",4.00151539739986,3.71848550267801,3.68821612289155,2.70064169971247,3.67746350119028,3.16633737869559,2.38872760808688,2.88726694778981,-0.219293711432346,1.73631802151812,0.42990814500847,1
"17540","PmetTSAr1.1-027032",4.7658497991504,6.12806410841336,4.4447732763052,7.73124878741217,2.94925290689518,9.64036648334997,6.64233905055737,6.70864967280575,0.16726755581609,2.63232283517961,0.643876055013438,1
"17541","PmetTSAr1.1-027041",4.00151539739986,4.9381487475564,5.81603311686745,7.30761871686904,4.55131621434441,7.52005127440203,7.64811909606763,6.45389082447135,0.245520435480669,2.60895082774535,0.436354906776255,1
"17542","PmetTSAr1.1-027044",3.73175031442909,5.41411489189919,2.97894379156625,3.70676311725241,4.4784951549149,4.60815172078019,4.31647269531488,3.51001079927389,0.0894047982902047,2.05632781354991,0.756635140378194,1
"17543","PmetTSAr1.1-027045",3.05733760700214,3.24251935833523,2.1278169939759,2.32996538798723,2.47591602060336,2.79881607581128,4.42124145005554,2.91557348649364,0.234250604835624,1.58014956083529,0.431982991414311,1
"17544","PmetTSAr1.1-027048",5.9348318253571,8.47814694610587,3.12079825783131,5.53366779646967,4.91542151149196,6.4174873657491,9.82730919467321,7.81260468225479,0.326971202299133,2.71828159685853,0.351163417649199,1
"17545","PmetTSAr1.1-027057",2.15812066376622,2.3500828376925,2.55338039277107,3.36256368493612,3.24053714461322,2.48783651183225,2.55635761567192,1.89653809315605,-0.0452604469390014,1.39954689792018,0.898442288653292,1
"17546","PmetTSAr1.1-027063",2.47284659389879,2.11209976552111,1.70225359518072,2.78007233793931,1.56565277773448,4.3254430262538,2.51445011377566,2.3494427124172,0.243991376138235,1.34875989940458,0.453296927133874,1
"17547","PmetTSAr1.1-027065",2.15812066376622,2.40957860573535,3.30993754618473,3.52142496138979,2.94925290689518,3.16633737869559,2.40968135903501,2.6042015607516,-0.0400955006941367,1.52469289215128,0.90617248340383,1
"17548","PmetTSAr1.1-027072",3.77671116159088,4.96789663157782,7.2818626016064,4.20982382602238,4.4784951549149,4.94740215421186,4.25361144247049,4.38751349909237,-0.16016289680429,2.27598573507585,0.597029132829387,1
"17549","PmetTSAr1.1-027073",6.38444029697506,7.79394561361311,3.54636165662649,2.88597985557509,5.13388468978049,2.77054520635864,4.29551894436675,3.70815657020064,-0.374815912673551,2.20831837603644,0.292946385089317,1
"17550","PmetTSAr1.1-027077",2.3379640524134,1.66588150519975,2.17510181606425,1.48270524690096,1.96616860459678,1.15910564755821,1.46676256636914,1.47194001259873,-0.328293427602842,0.820895533383353,0.240020163346515,1
"17551","PmetTSAr1.1-027078",1.43874710917748,1.42789843302836,1.70225359518072,1.64156652335464,1.67488436687874,1.07429303920029,1.61343882300605,1.33040731907962,-0.125161168528976,0.630047655704952,0.6508016041845,1
"17552","PmetTSAr1.1-027079",2.20308151092802,2.20134341758538,1.70225359518072,1.21793645281151,1.49283171830497,1.24391825591612,1.73916132869483,2.03807078667516,-0.158053895024158,0.838400676064582,0.580205105773834,1
"17553","PmetTSAr1.1-027087",2.65268998254598,3.86722492278513,3.02622861365461,2.93893361439298,3.27694767432797,2.2333986867585,2.93352513273827,3.48170426057007,-0.0716540162603609,1.63853613271674,0.816451356252081,1
"17554","PmetTSAr1.1-027091",4.40616302185603,4.34319106712792,1.56039912891566,2.22405787035145,3.78669509033455,2.57264912019017,1.9906063400724,2.85896040908599,-0.168039925367967,1.59691660074321,0.650190161647922,1
"17555","PmetTSAr1.1-027099",2.47284659389879,2.49882225779962,2.03324734979919,2.01224283507988,2.22104231260007,2.0920443394953,2.11632884576118,2.3494427124172,-0.0391290409301999,1.19225594399519,0.903511744518263,1
"17556","PmetTSAr1.1-027101",7.46350062885817,8.00218080176308,5.62689382851404,6.88398864632591,7.35492700238057,8.48126083579176,7.85765660554894,6.93510198243632,0.129403879916866,2.88575553862454,0.654627560345173,1
"17557","PmetTSAr1.1-027103",2.96741591267855,4.04571222691368,3.49907683453814,4.44811574070289,3.8231056200493,4.63642259023283,5.2174839860845,3.51001079927389,0.196777559934608,2.03141441800456,0.488911412887243,1
"17558","PmetTSAr1.1-027105",2.74261167686957,2.55831802584247,5.8633179389558,3.25665616730033,2.80361078803616,2.45956564237961,1.2362713059397,4.10444811205415,-0.441803919441145,1.66650178941206,0.237723642111086,1
"17559","PmetTSAr1.1-027115",2.69765082970777,3.56974608257089,3.49907683453814,4.18334694661344,2.7672002583214,4.60815172078019,4.4631489519518,5.51977504724523,0.313347036092362,1.99428575473807,0.298086832382853,1
"17560","PmetTSAr1.1-027116",1.57362965066287,1.51714208509263,1.74953841726907,1.64156652335464,1.7112948965935,1.72452303661099,1.61343882300605,1.38702039648726,-0.00890655504681599,0.744152962729145,1,1
"17561","PmetTSAr1.1-027118",4.04647624456166,4.31344318310649,5.48503936224898,4.71288453479235,3.71387403090504,4.43852650406435,4.96603897470693,5.29332273761466,-0.00800336927117505,2.22753048962032,0.978970510423578,1
"17562","PmetTSAr1.1-027124",4.36120217469423,3.62924185061374,3.87735541124497,2.14462723212461,3.49541085261651,2.03550260059002,2.11632884576118,2.03807078667516,-0.531440347054626,1.5889798528765,0.0849265634081569,1
"17563","PmetTSAr1.1-027127",2.3379640524134,1.69562938922117,3.59364647871485,2.75359545853036,1.92975807488203,3.25114998705351,2.57731136662005,2.09468386408281,-0.0636643936059449,1.37151710860211,0.831464231846587,1
"17564","PmetTSAr1.1-027136",2.3829248995752,2.55831802584247,1.93867770562248,3.15074864966455,2.25745284231483,5.00394389311714,5.65751275599524,3.73646310890447,0.728682562873164,1.77174382328142,0.0235912901112379,1
"17565","PmetTSAr1.1-027141",1.84339473363365,1.75512515726402,1.79682323935742,2.22405787035145,1.45642118859021,2.12031520894794,1.7182075777467,1.75500539963695,-0.114065644241294,0.923412044279669,0.668827497499,1
"17566","PmetTSAr1.1-027144",2.02323812228083,1.27915901292124,4.01920987751002,2.35644226739618,3.13130555546895,2.34648216456905,1.63439257395418,1.81161847704459,-0.112456147610653,1.24707110544046,0.751503780761226,1
"17567","PmetTSAr1.1-027147",2.74261167686957,4.58117413929931,4.01920987751002,5.32185276119811,3.56823191204602,3.84483824555893,3.77167517066349,3.76476964760829,-0.163304574024592,2.00647138155585,0.579520617064136,1
"17568","PmetTSAr1.1-027150",4.7658497991504,4.72991355940643,1.98596252771084,1.72099716158148,2.87643184746567,1.9506899922321,2.07442134386492,2.29282963500956,-0.523549461984491,1.51225694542285,0.137884788639903,1
"17569","PmetTSAr1.1-027159",1.61859049782466,1.63613362117833,2.69523485903613,2.59473418207669,2.0389896640263,1.52662695044252,1.82297633248735,1.58516616741402,-0.294975690765906,0.998250021408969,0.30101339289498,1
"17570","PmetTSAr1.1-027162",2.87749421835496,3.27226724235665,1.60768395100401,2.1975809909425,2.58514760974762,1.63971042825307,2.38872760808688,2.66081463815924,-0.108995128501401,1.3023650035296,0.733313577530099,1
"17571","PmetTSAr1.1-027170",2.83253337119316,1.99310822943541,3.54636165662649,4.13039318779555,2.36668443145909,2.54437825073753,1.9906063400724,2.03807078667516,-0.486130362658702,1.45215822464602,0.0933273224640882,1
"17572","PmetTSAr1.1-027173",1.79843388647185,2.79630109801387,20.9944610072288,2.91245673498404,2.11181072345581,5.42800693490673,1.32008630973222,2.00976424797134,-1.38686974219619,2.303665096674,0.0332937817777877,1
"17573","PmetTSAr1.1-027175",3.37206353713472,5.14638393570637,2.1278169939759,2.67416482030353,3.67746350119028,1.97896086168474,3.16401639316771,3.28355848964332,-0.145393750994414,1.69673012069201,0.663893344758211,1
"17574","PmetTSAr1.1-027177",2.51780744106059,2.85579686605671,2.97894379156625,3.78619375547925,2.4395054908886,3.05325390088503,1.82297633248735,2.77404079297453,-0.275970646464433,1.50552335140169,0.34124442733068,1
"17575","PmetTSAr1.1-027186",2.56276828822238,3.95646857484941,3.83007058915661,6.6456967316454,2.40309496117385,5.93688258505423,5.30129898987702,5.32162927631848,0.154403958957411,2.19221626758733,0.665462909479414,1
"17576","PmetTSAr1.1-027193",7.23869639304919,10.0547847992413,3.21536790200802,5.95729786701281,5.97132687321986,5.73898649888576,5.13366898229197,5.26501619891084,-0.263579855329581,2.61741590822712,0.446962711784873,1
"17577","PmetTSAr1.1-027194",2.20308151092802,1.7253772732426,16.2186939763052,5.374806520016,4.98824257092147,4.52333911242227,1.90679133627988,2.29282963500956,-0.894715763565979,2.30224657666246,0.113512317986072,1
"17578","PmetTSAr1.1-027197",2.24804235808981,2.49882225779962,2.1278169939759,3.04484113202877,3.13130555546895,3.87310911501157,3.68786016687097,3.31186502834714,0.48935135271077,1.61409358984992,0.0648219705652287,1
"17579","PmetTSAr1.1-027201",2.60772913538418,3.06403205420668,2.36424110441766,2.40939602621407,2.73078972860665,2.03550260059002,3.08020138937518,2.68912117686306,0.0117465592791386,1.42551338344924,0.986819978045797,1
"17580","PmetTSAr1.1-027202",2.96741591267855,3.18302359029238,10.6390849698795,3.86562439370609,2.80361078803616,4.04273433172741,3.28973889885649,2.54758848334395,-0.695748701463734,2.0733763817747,0.0783245092466025,1
"17581","PmetTSAr1.1-027203",5.21545827076836,7.70470196154884,3.87735541124497,4.34220822306711,4.66054780348867,4.89086041530658,5.36416024272141,6.51050390187899,0.0170508421576806,2.42946251173828,0.955631210901306,1
"17582","PmetTSAr1.1-027206",1.84339473363365,2.97478840214241,2.08053217188754,4.87174581124603,2.40309496117385,3.56212955103254,4.4631489519518,3.17033233482803,0.198498615940278,1.69997104682259,0.549747507238755,1
"17583","PmetTSAr1.1-027207",2.47284659389879,2.08235188149969,1.60768395100401,3.1772255290735,2.29386337202958,3.16633737869559,1.27817880783596,2.23621655760192,-0.0724399155040042,1.23393175784525,0.849304522455837,1
"17584","PmetTSAr1.1-027210",2.427885746737,1.84436880932829,1.84410806144578,1.5621358851278,1.89334754516727,1.10256390865293,1.25722505688783,1.21718116426433,-0.490154409476202,0.760838888002955,0.0890450844270971,1
"17585","PmetTSAr1.1-027211",2.78757252403137,1.66588150519975,3.07351343574296,2.30348850857828,2.47591602060336,1.69625216715835,1.52962381921353,2.17960348019427,-0.314659958554611,1.17862968322472,0.286645518291479,1
"17586","PmetTSAr1.1-027228",3.37206353713472,2.55831802584247,17.3062448843373,6.35445105814699,6.00773740293462,4.43852650406435,2.07442134386492,2.15129694149045,-1.01152776833649,2.47527582939337,0.0541883401934854,1
"17587","PmetTSAr1.1-027234",2.3379640524134,3.00453628616383,1.74953841726907,2.56825730266774,2.07540019374105,4.01446346227477,3.66690641592284,3.2552519509395,0.425034844672495,1.53965670962534,0.148685886206657,1
"17588","PmetTSAr1.1-027240",1.79843388647185,2.76655321399244,1.60768395100401,3.07131801143771,2.36668443145909,2.60091998964281,2.59826511756818,2.23621655760192,0.0668174331693627,1.2935048509207,0.81193528861167,1
"17589","PmetTSAr1.1-027249",3.64182862010549,4.52167837125646,3.49907683453814,3.30960992611823,3.31335820404273,3.25114998705351,4.86127021996628,3.93460887983122,0.0393895084917747,1.94748699070553,0.905134399374511,1
"17590","PmetTSAr1.1-027255",10.5208382358603,7.88318926567739,3.21536790200802,8.04897134031952,6.22620058122315,9.89480430842372,6.89378406193494,11.0961631718981,0.200018360653003,3.00716712483675,0.585401347679729,1
"17591","PmetTSAr1.1-027259",2.87749421835496,2.64756167790674,2.2223866381526,2.46234978503196,2.7672002583214,1.9506899922321,1.78106883059109,2.15129694149045,-0.247950660795932,1.27141740033984,0.367421505863856,1
"17592","PmetTSAr1.1-027271",2.87749421835496,3.24251935833523,2.17510181606425,2.25053474976039,3.24053714461322,1.72452303661099,3.20592389506397,2.51928194464013,0.01749743366781,1.44192303127182,0.964293312008852,1
"17593","PmetTSAr1.1-027272",2.3829248995752,1.42789843302836,12.7669019638554,4.68640765538341,4.04156879833783,4.07100520118004,1.59248507205792,1.64177924482166,-0.904160564436399,2.03777194955954,0.0954074241433435,1
"17594","PmetTSAr1.1-027279",1.48370795633928,2.02285611345684,2.83708932530119,1.85338155862621,1.85693701545252,1.27218912536876,1.21531755499157,1.64177924482166,-0.456247939869892,0.868098664016582,0.122612569538784,1
"17595","PmetTSAr1.1-027288",2.3829248995752,2.73680532997102,2.08053217188754,3.33608680552717,2.00257913431154,3.5338586815799,2.4725426118794,2.57589502204778,-0.00128555209929397,1.43708633377313,1,1
"17596","PmetTSAr1.1-027295",3.86663285591448,4.43243471919219,8.51126797590358,5.74548283174124,5.06106363035098,2.85535781471656,3.56213766118219,3.76476964760829,-0.565169801813243,2.25521170352171,0.0857695875895634,1
"17597","PmetTSAr1.1-027302",1.66355134498646,1.51714208509263,2.03324734979919,4.02448567015976,1.96616860459678,2.82708694526392,1.73916132869483,1.55685962871019,-0.205010226960201,1.15859456518904,0.565013504917643,1
"17598","PmetTSAr1.1-027305",4.94569318779758,4.49193048723504,4.63391256465862,4.15687006720449,4.18721091719686,4.07100520118004,4.33742644626301,4.89703119576116,-0.0569453526135422,2.17775385269199,0.841927708949578,1
"17599","PmetTSAr1.1-027311",2.83253337119316,3.18302359029238,2.26967146024096,1.9063353174441,1.96616860459678,1.75279390606363,1.63439257395418,2.09468386408281,-0.453951093358708,1.17659162733415,0.0980867319794406,1
"17600","PmetTSAr1.1-027323",2.83253337119316,3.18302359029238,4.77576703092368,4.50106949952079,3.38617926347224,5.45627780435937,4.79840896712189,3.39678464445861,0.15805606038372,2.03800841203815,0.607631848840505,1
"17601","PmetTSAr1.1-027328",1.43874710917748,1.21966324487839,9.504249239759,3.20370240848244,2.98566343660993,2.31821129511641,1.19436380404344,1.3021007803758,-0.975634649777614,1.54847024091241,0.0653779136110977,1
"17602","PmetTSAr1.1-027331",1.66355134498646,2.11209976552111,3.40450719036143,1.74747404099042,2.33027390174434,2.06377347004266,2.55635761567192,2.03807078667516,0.0231223187207454,1.19963315674195,0.957764185840269,1
"17603","PmetTSAr1.1-027340",1.79843388647185,2.55831802584247,2.17510181606425,2.40939602621407,1.78411595602301,2.20512781730586,1.65534632490231,1.89653809315605,-0.255691558406832,1.0855233650883,0.339097812358244,1
"17604","PmetTSAr1.1-027351",1.97827727511903,2.14184764954254,2.31695628232931,1.9063353174441,1.34718959944595,2.45956564237961,2.15823634765744,1.92484463185988,-0.0687594026118822,1.06433953288669,0.786876996030304,1
"17605","PmetTSAr1.1-027353",2.65268998254598,1.84436880932829,7.32914742369475,3.20370240848244,2.36668443145909,1.63971042825307,1.48771631731727,2.68912117686306,-0.871213674991528,1.55528166513459,0.0252713896904584,1
"17606","PmetTSAr1.1-027354",2.02323812228083,2.64756167790674,2.36424110441766,3.86562439370609,2.14822125317056,2.48783651183225,2.40968135903501,2.46266886723249,-0.208489033441713,1.38841775154493,0.477383028631549,1
"17607","PmetTSAr1.1-027359",1.66355134498646,1.96336034541399,10.7336546140562,3.30960992611823,4.18721091719686,2.79881607581128,0.880057539821481,1.52855309000637,-0.911460297184711,1.77011462028319,0.0975629466321152,1
"17608","PmetTSAr1.1-027375",2.20308151092802,2.91529263409956,1.79682323935742,1.61508964394569,2.22104231260007,1.27218912536876,1.67630007585044,1.98145770926752,-0.262642119379647,1.01329340789425,0.385420752394586,1
"17609","PmetTSAr1.1-027402",1.84339473363365,1.99310822943541,1.98596252771084,1.45622836749202,2.0389896640263,2.06377347004266,1.84393008343548,1.52855309000637,0.0431812235743671,0.928582295228635,0.887524287000401,1
"17610","PmetTSAr1.1-027407",2.06819896944263,1.6063857371569,4.77576703092368,2.01224283507988,2.7672002583214,1.78106477551627,1.13150255119905,1.27379424167198,-0.587074106518856,1.14813839619177,0.119844226845018,1
"17611","PmetTSAr1.1-027409",4.18135878604705,3.92672069082798,6.00517240522086,3.54790184079874,4.4784951549149,2.77054520635864,3.62499891402658,3.34017156705096,-0.309227736882974,2.01266235626554,0.298327514261653,1
"17612","PmetTSAr1.1-027410",6.24955775548968,7.22873581720606,3.26265272409637,4.07743942897765,6.15337952179364,3.16633737869559,4.65173271048497,5.2084031215032,-0.121699232494322,2.3392139041072,0.721632517495645,1
"17613","PmetTSAr1.1-027411",6.24955775548968,8.29965964197732,3.78278576706826,4.05096254956871,5.42516892749854,4.49506824296963,5.88800401642467,5.3499358150223,-0.082602367088186,2.46110237920543,0.802943703641777,1
"17614","PmetTSAr1.1-027431",1.70851219214826,1.4873942010712,3.45179201244979,1.77395092039937,1.52924224801972,1.75279390606363,1.06864129835466,2.29282963500956,-0.331234889737939,0.95017100647056,0.312787614372382,1
"17615","PmetTSAr1.1-027452",12.0495070393614,16.9860417762332,8.74769208634535,6.48683545519172,10.4498220281348,6.64365432137021,7.29190532994942,8.03905699188537,-0.450571041439962,3.2693346686783,0.189777652427663,1
"17616","PmetTSAr1.1-027454",2.02323812228083,2.73680532997102,1.60768395100401,1.21793645281151,1.20154748058692,1.3004599948214,1.94869883817614,1.58516616741402,-0.319378524790805,0.818938726338125,0.296366234230353,1
"17617","PmetTSAr1.1-027457",4.40616302185603,5.41411489189919,2.97894379156625,3.28313304670928,3.05848449603944,3.22287911760087,3.2268776460121,3.0004931026051,-0.364320049592581,1.86165393214119,0.203924455394344,1
"17618","PmetTSAr1.1-027462",1.97827727511903,2.64756167790674,3.40450719036143,2.46234978503196,2.4395054908886,3.13806650924295,2.93352513273827,2.17960348019427,0.0326575914948019,1.4380048566854,0.937424983118878,1
"17619","PmetTSAr1.1-027478",7.73326571182895,10.0845326832628,7.56557153413652,2.22405787035145,9.64879037441015,4.38198476515908,11.0635805006129,6.48219736317517,0.195796526597335,2.89874811804247,0.645237621803282,1
"17620","PmetTSAr1.1-027498",1.88835558079544,2.32033495367108,2.17510181606425,3.20370240848244,2.65796866917713,3.44904607322198,3.9183514273004,2.57589502204778,0.387415364504186,1.50896258282512,0.174874681264991,1
"17621","PmetTSAr1.1-027504",1.93331642795724,2.61781379388532,2.03324734979919,2.09167347330672,2.29386337202958,1.89414825332683,1.61343882300605,1.6983923222293,-0.224251767619747,1.05756079390875,0.426156334238499,1
"17622","PmetTSAr1.1-027505",2.60772913538418,3.03428417018526,2.83708932530119,3.38904056434506,3.02207396632469,3.50558781212726,3.41546140454527,3.14202579612421,0.136655834451674,1.67140328340306,0.599898979796422,1
"17623","PmetTSAr1.1-027509",6.51932283846045,8.3889032940416,4.82305185301203,8.76384708436106,6.48107428922644,11.3083477810557,15.0028856788614,10.2752735494873,0.593972709263085,3.17395087197491,0.0764945909014693,1
"17624","PmetTSAr1.1-027510",3.50694607862011,3.62924185061374,1.79682323935742,2.51530354384985,3.422589793187,2.8836286841692,3.41546140454527,3.96291541853504,0.253203695311711,1.68147472941498,0.389309181418512,1
"17625","PmetTSAr1.1-027512",2.06819896944263,2.55831802584247,1.60768395100401,2.22405787035145,2.25745284231483,2.71400346745336,2.53540386472379,1.89653809315605,0.14385533504001,1.20156731244406,0.594547718866101,1
"17626","PmetTSAr1.1-027514",2.11315981660442,1.75512515726402,3.40450719036143,2.75359545853036,2.07540019374105,2.17685694785322,0.880057539821481,2.37774925112102,-0.420372157663384,1.16527046111588,0.212273980032725,1
"17627","PmetTSAr1.1-027528",2.92245506551675,2.49882225779962,2.9316589694779,2.8330260967572,3.64105297147553,2.65746172854809,2.61921886851631,2.6042015607516,0.0400935987686665,1.53439199923106,0.890243665345821,1
"17628","PmetTSAr1.1-027529",5.12553657644477,6.33629929656333,2.41152592650602,5.16299148474443,4.04156879833783,5.08875650147506,4.48410270289993,3.67985003149682,-0.143446686372581,2.20442970662473,0.668082870370741,1
"17629","PmetTSAr1.1-027533",4.94569318779758,2.23109130160681,9.07868584096382,5.6660521935144,7.93749547781665,3.47731694267462,1.40390131352474,2.15129694149045,-0.552767412220139,2.21634922254207,0.260651529842617,1
"17630","PmetTSAr1.1-027537",6.47436199129866,6.81226544090612,6.47802062610439,6.11615914346648,6.40825322979693,5.39973606545409,6.24421778254289,5.74622735687581,-0.120982466459366,2.64837233284313,0.664347106985207,1
"17631","PmetTSAr1.1-027544",2.24804235808981,2.02285611345684,3.26265272409637,2.32996538798723,2.14822125317056,2.8836286841692,2.36777385713875,1.92484463185988,-0.070429133970272,1.29630664349923,0.79302195658432,1
"17632","PmetTSAr1.1-027549",2.427885746737,1.18991536085696,2.2223866381526,2.38291914680512,1.78411595602301,2.65746172854809,1.94869883817614,2.12299040278663,0.0587674431587593,1.10544542778857,0.865334499656776,1
"17633","PmetTSAr1.1-027555",1.61859049782466,2.3500828376925,4.30291881004014,2.48882666444091,2.00257913431154,1.69625216715835,1.78106883059109,2.12299040278663,-0.495225267293571,1.2308014289326,0.107486373312468,1
"17634","PmetTSAr1.1-027570",4.49608471617962,3.53999819854947,3.21536790200802,4.23630070543133,2.98566343660993,2.8836286841692,3.2268776460121,3.11371925742039,-0.342769919364387,1.81613564831075,0.200149245798428,1
"17635","PmetTSAr1.1-027573",3.82167200875268,5.44386277592061,4.49205809839356,2.93893361439298,4.55131621434441,5.11702737092769,2.43063510998314,4.5573527313153,-0.00603630172614642,2.07935504072284,1,1
"17636","PmetTSAr1.1-027575",4.36120217469423,6.18755987645621,3.6409313008032,4.15687006720449,3.8231056200493,6.02169519341215,4.58887145764058,4.6988854248344,0.0579812878351156,2.24838019554313,0.843979103062076,1
"17637","PmetTSAr1.1-027576",2.51780744106059,2.20134341758538,2.31695628232931,3.57437872020768,2.87643184746567,3.59040042048518,2.61921886851631,3.02879964130892,0.182430976568874,1.53932532918989,0.510160328857844,1
"17638","PmetTSAr1.1-027577",3.77671116159088,2.97478840214241,1.74953841726907,1.37679772926518,3.56823191204602,1.61143955880043,2.01156009102053,1.75500539963695,-0.144662768323026,1.26590268952947,0.689693946182037,1
"17639","PmetTSAr1.1-027582",2.15812066376622,2.55831802584247,1.5131143068273,1.93281219685304,1.45642118859021,2.51610738128489,2.40968135903501,2.09468386408281,0.0548301677632777,1.1026205144729,0.860952373644286,1
"17640","PmetTSAr1.1-027588",3.82167200875268,3.2127714743138,5.57960900642568,4.31573134365817,3.67746350119028,2.68573259800072,2.51445011377566,2.74573425427071,-0.542456936287062,1.85551786629367,0.0611919583994948,1
"17641","PmetTSAr1.1-027601",3.86663285591448,4.72991355940643,3.49907683453814,3.94505503193292,3.16771608518371,4.01446346227477,4.58887145764058,4.35920696038854,0.00814671690004224,2.03123614519634,0.983565130094365,1
"17642","PmetTSAr1.1-027606",2.15812066376622,2.3500828376925,2.1278169939759,1.69452028217253,2.14822125317056,1.63971042825307,1.73916132869483,2.49097540593631,-0.0553587571889507,1.0716821972328,0.850158715332015,1
"17643","PmetTSAr1.1-027634",2.74261167686957,2.91529263409956,2.41152592650602,3.1242717702556,3.422589793187,2.60091998964281,2.26300510239809,2.80234733167835,-0.0256709782397662,1.50912282158682,0.950645991624269,1
"17644","PmetTSAr1.1-027640",2.78757252403137,1.16016747683554,5.91060276104415,2.38291914680512,26.6889182809156,1.13083477810557,1.13150255119905,0.962422315929938,1.2887986337906,2.40633950007207,0.128592850983256,1
"17645","PmetTSAr1.1-027641",2.15812066376622,1.75512515726402,2.60066521485943,2.46234978503196,1.96616860459678,1.86587738387419,2.4725426118794,1.58516616741402,-0.176534093231012,1.1162383987468,0.519973773323961,1
"17646","PmetTSAr1.1-027651",5.12553657644477,2.29058706964966,3.59364647871485,4.63345389656552,3.71387403090504,3.22287911760087,2.36777385713875,4.21767426686944,-0.210835866556423,1.88753821768352,0.510835678093785,1
"17647","PmetTSAr1.1-027664",2.47284659389879,2.49882225779962,3.21536790200802,3.99800879075082,2.51232655031811,3.08152477033767,3.49927640833779,2.23621655760192,-0.104960418210724,1.58706503199196,0.721632631927631,1
"17648","PmetTSAr1.1-027666",1.43874710917748,1.63613362117833,2.88437414738955,2.22405787035145,2.33027390174434,1.55489781989516,1.46676256636914,1.64177924482166,-0.230996700255076,0.964576071007291,0.459937475892452,1
"17649","PmetTSAr1.1-027667",1.79843388647185,2.73680532997102,1.98596252771084,2.03871971448883,1.85693701545252,2.12031520894794,1.67630007585044,1.89653809315605,-0.191442718662231,1.0536650641771,0.490857786755408,1
"17650","PmetTSAr1.1-027671",3.86663285591448,3.68873761865659,2.97894379156625,5.0306070876997,4.55131621434441,6.47402910465438,4.60982520858871,5.18009658279937,0.413464740393219,2.20701144637112,0.157199140577335,1
"17651","PmetTSAr1.1-027677",6.24955775548968,6.90150909297039,3.87735541124497,4.87174581124603,5.06106363035098,4.49506824296963,8.88439040200733,6.08590582132167,0.164419402610304,2.55409875020173,0.616859843088815,1
"17652","PmetTSAr1.1-027683",2.3829248995752,2.05260399747826,3.12079825783131,1.50918212630991,2.00257913431154,1.41354347263196,1.90679133627988,1.55685962871019,-0.381134632800041,1.03055028542413,0.190496694888185,1
"17653","PmetTSAr1.1-027693",6.51932283846045,11.2149522760769,1.60768395100401,3.4684712025719,3.78669509033455,3.44904607322198,4.58887145764058,4.81211157964969,-0.457352352695055,2.32127815760898,0.306194932117708,1
"17654","PmetTSAr1.1-027702",1.79843388647185,1.87411669334972,2.03324734979919,1.93281219685304,1.23795801030168,1.72452303661099,1.82297633248735,1.75500539963695,-0.213670771225466,0.874699294787175,0.414229895702699,1
"17655","PmetTSAr1.1-027705",3.46198523145831,3.4507545464852,2.83708932530119,3.30960992611823,3.53182138233126,4.15581780953796,4.84031646901815,3.45339772186625,0.292185076483046,1.88670765976026,0.285617453850342,1
"17656","PmetTSAr1.1-027708",2.78757252403137,3.51025031452804,7.04543849116463,3.83914751429714,3.85951614976406,3.3925043343167,3.39450765359714,3.651543492793,-0.260517471908641,1.99535844020673,0.417669380503432,1
"17657","PmetTSAr1.1-027710",2.74261167686957,2.88554475007814,2.78980450321284,2.40939602621407,3.13130555546895,3.05325390088503,3.24783139696023,2.40605578982485,0.131441884476502,1.53368859451374,0.618199160942837,1
"17658","PmetTSAr1.1-027716",2.47284659389879,3.06403205420668,2.50609557068272,2.17110411153356,2.40309496117385,3.61867128993782,4.08598143488545,3.62323695408918,0.431415895238172,1.61480347275817,0.128221131295343,1
"17659","PmetTSAr1.1-027723",2.60772913538418,2.91529263409956,1.84410806144578,2.01224283507988,1.96616860459678,2.51610738128489,2.24205135144996,3.05710618001275,0.0592827508954309,1.29811704481766,0.835199358078709,1
"17660","PmetTSAr1.1-027726",2.02323812228083,3.06403205420668,3.16808307991967,3.83914751429714,2.25745284231483,3.44904607322198,4.35838019721114,2.66081463815924,0.0731524940339704,1.66596724291905,0.817813783437318,1
"17661","PmetTSAr1.1-027735",3.28214184281112,2.94504051812099,3.83007058915661,3.30960992611823,3.20412661489846,3.27942085650615,3.20592389506397,2.80234733167835,-0.0937759605142365,1.71840832829148,0.722287554063012,1
"17662","PmetTSAr1.1-027741",3.86663285591448,5.11663605168494,1.60768395100401,4.395161981885,1.96616860459678,4.52333911242227,3.20592389506397,3.31186502834714,-0.209134250206786,1.83593110471431,0.564085571902559,1
"17663","PmetTSAr1.1-027751",2.427885746737,3.80772915474228,3.07351343574296,4.1039163083866,2.07540019374105,4.52333911242227,4.79840896712189,3.62323695408918,0.161815529567135,1.85896900745572,0.611300971169016,1
"17664","PmetTSAr1.1-027752",2.3829248995752,2.05260399747826,1.60768395100401,1.58861276453675,2.00257913431154,1.52662695044252,1.55057757016166,1.41532693519109,-0.234470951116485,0.865584701261069,0.401165130706755,1
"17665","PmetTSAr1.1-027753",1.52866880350107,2.02285611345684,1.74953841726907,1.82690467921726,1.89334754516727,1.78106477551627,2.32586635524249,2.57589502204778,0.263190885883945,1.02157514888409,0.332256843259304,1
"17666","PmetTSAr1.1-027755",2.69765082970777,3.98621645887083,1.98596252771084,3.52142496138979,2.22104231260007,1.80933564496891,2.34682010619062,1.75500539963695,-0.594622229010064,1.38105588169207,0.0410706214044005,1
"17667","PmetTSAr1.1-027758",3.28214184281112,4.1944516470208,12.7669019638554,3.01836425261982,13.836001291607,2.742274336906,0.984826294562134,7.16155429206689,0.0880244362353848,2.59264849611756,0.889015323206692,1
"17668","PmetTSAr1.1-027765",1.97827727511903,1.4873942010712,1.60768395100401,2.14462723212461,2.07540019374105,2.03550260059002,1.82297633248735,2.49097540593631,0.217021778026418,1.01351288882808,0.41403162608793,1
"17669","PmetTSAr1.1-027777",4.45112386901783,4.96789663157782,1.70225359518072,2.80654921734825,3.45900032290175,1.55489781989516,2.80780262704949,3.14202579612421,-0.350330304659303,1.66524085303569,0.332356071595749,1
"17670","PmetTSAr1.1-027781",3.28214184281112,1.18991536085696,6.19431169357427,4.52754637892973,4.40567409548539,4.69296432913811,0.984826294562134,2.09468386408281,-0.319893079072403,1.79294211292468,0.510861934149997,1
"17671","PmetTSAr1.1-027791",2.3829248995752,3.51025031452804,2.36424110441766,3.28313304670928,2.51232655031811,3.44904607322198,3.64595266497471,2.57589502204778,0.0726404822899047,1.60178945294956,0.793613469298199,1
"17672","PmetTSAr1.1-027815",2.47284659389879,2.61781379388532,1.65496877309236,1.2708902116294,2.33027390174434,1.83760651442155,1.92774508722801,1.55685962871019,-0.0667161025597945,1.01191295998554,0.842089238474345,1
"17673","PmetTSAr1.1-027816",3.64182862010549,3.3317630103995,4.06649469959838,2.5417804232588,3.56823191204602,2.54437825073753,1.90679133627988,2.37774925112102,-0.386394864768713,1.60696579952555,0.187776545215015,1
"17674","PmetTSAr1.1-027826",5.9348318253571,6.99075274503466,5.72146347269074,6.03672850523964,5.46157945721329,6.33267475739118,6.8728303109868,6.22743851484078,0.0122561351691947,2.64660936111332,0.973649870870163,1
"17675","PmetTSAr1.1-027828",3.77671116159088,5.14638393570637,2.60066521485943,4.87174581124603,3.49541085261651,7.91584344673898,5.40606774461767,6.82187582762103,0.522455160759993,2.34475374593507,0.118303454844793,1
"17676","PmetTSAr1.1-027832",2.29300320525161,2.79630109801387,1.74953841726907,2.59473418207669,2.11181072345581,3.19460824814823,2.57731136662005,2.66081463815924,0.152321239318839,1.35923907339314,0.577592807700924,1
"17677","PmetTSAr1.1-027845",1.43874710917748,2.88554475007814,1.70225359518072,2.67416482030353,1.60206330744923,1.63971042825307,1.38294756257661,1.44363347389491,-0.54173860981635,0.93419350132837,0.0705900258832536,1
"17678","PmetTSAr1.1-027851",2.20308151092802,2.05260399747826,2.83708932530119,3.49494808198085,1.89334754516727,2.2333986867585,2.15823634765744,2.43436232852867,-0.282086187256972,1.30737666101582,0.312932300494383,1
"17679","PmetTSAr1.1-027852",2.3829248995752,2.40957860573535,4.82305185301203,6.38092793755594,3.38617926347224,5.37146519600145,2.84971012894575,3.45339772186625,-0.0909605336259898,1.98031580750576,0.811990647577643,1
"17680","PmetTSAr1.1-027862",2.02323812228083,3.30201512637807,2.50609557068272,6.16911290228437,1.45642118859021,5.11702737092769,3.75072141971536,9.19962507874206,0.473849664979267,2.0944652360751,0.307995160496294,1
"17681","PmetTSAr1.1-027863",2.78757252403137,2.40957860573535,10.0716671048192,2.46234978503196,4.55131621434441,2.71400346745336,2.70303387230883,1.81161847704459,-0.584717584351495,1.89620452762893,0.194228108127408,1
"17682","PmetTSAr1.1-027865",2.15812066376622,1.87411669334972,2.1278169939759,2.8330260967572,2.7672002583214,2.85535781471656,3.39450765359714,2.74573425427071,0.384294727834976,1.41300767119204,0.148686690843917,1
"17683","PmetTSAr1.1-027874",3.19222014848753,2.02285611345684,3.07351343574296,2.38291914680512,2.84002131775091,2.14858607840058,1.88583758533175,2.00976424797134,-0.260385361031374,1.31925108650798,0.346538370380461,1
"17684","PmetTSAr1.1-027882",2.11315981660442,2.32033495367108,13.0978957184738,7.78420254623007,5.35234786806902,6.21959127958062,1.65534632490231,2.09468386408281,-0.724739108206545,2.35620800061022,0.185830581750501,1
"17685","PmetTSAr1.1-027892",3.91159370307627,6.99075274503466,3.21536790200802,3.91857815252398,3.38617926347224,5.90861171560159,5.63655900504711,5.8594535116911,0.202203759179602,2.30024774185237,0.541337835244227,1
"17686","PmetTSAr1.1-027894",2.96741591267855,3.03428417018526,4.25563398795179,2.93893361439298,3.56823191204602,2.742274336906,4.10693518583358,3.82138272501593,0.116830891782434,1.8031176594024,0.699622180764802,1
"17687","PmetTSAr1.1-027895",6.60924453278405,6.75276967286327,3.45179201244979,2.30348850857828,4.1508003874821,2.60091998964281,2.2001438495537,2.6042015607516,-0.72901769206609,1.95675613608222,0.0474559140428249,1
"17688","PmetTSAr1.1-027897",4.7208889519886,3.98621645887083,5.91060276104415,1.77395092039937,2.84002131775091,3.73175476774837,2.89161763084201,3.19863887353185,-0.362131036372395,1.87892817884084,0.279606069403202,1
"17689","PmetTSAr1.1-027898",3.82167200875268,5.77108950015627,2.03324734979919,3.97153191134187,2.91284237718042,4.38198476515908,4.81936271807002,5.2084031215032,0.146571366687837,2.06632407118477,0.660369609436903,1
"17690","PmetTSAr1.1-027904",1.66355134498646,1.96336034541399,1.56039912891566,2.1975809909425,1.74770542630825,2.14858607840058,1.9906063400724,2.12299040278663,0.105933399585702,0.993699560770281,0.681674429517364,1
"17691","PmetTSAr1.1-027907",2.56276828822238,2.20134341758538,3.54636165662649,4.87174581124603,3.20412661489846,4.29717215680116,3.60404516307845,3.11371925742039,0.105693652752013,1.8038140807905,0.734639049392189,1
"17692","PmetTSAr1.1-027916",2.47284659389879,1.99310822943541,1.70225359518072,3.07131801143771,1.52924224801972,1.92241912277947,2.05346759291679,3.19863887353185,-0.0905086953718316,1.20717154761676,0.787596751926036,1
"17693","PmetTSAr1.1-027917",5.44026250657734,3.59949396659232,3.45179201244979,6.0102516258307,2.73078972860665,3.92965085391685,3.64595266497471,4.67057888613058,-0.304941942536134,2.08653495504325,0.318694855058777,1
"17694","PmetTSAr1.1-027930",2.427885746737,3.48050243050662,1.5131143068273,6.03672850523964,2.94925290689518,4.21235954844324,2.78684887610136,3.79307618631211,0.0163917545224101,1.79705316495962,0.956205386151343,1
"17695","PmetTSAr1.1-027933",2.56276828822238,2.4690743737782,1.74953841726907,1.50918212630991,2.00257913431154,1.38527260317932,1.82297633248735,2.09468386408281,-0.179867218976938,1.00506590566326,0.530515869992687,1
"17696","PmetTSAr1.1-027934",2.92245506551675,1.6063857371569,3.6409313008032,3.38904056434506,2.40309496117385,2.31821129511641,1.5086700682654,1.6983923222293,-0.544300336289881,1.31363117631518,0.0785931032697775,1
"17697","PmetTSAr1.1-027936",4.58600641050321,4.61092202332074,6.14702687148592,4.42163886129395,4.84260045206245,4.69296432913811,4.37933394815927,5.09517696668791,-0.0535159435773645,2.29396063315042,0.845075380076043,1
"17698","PmetTSAr1.1-027945",1.57362965066287,1.84436880932829,4.91762149718874,2.01224283507988,1.60206330744923,2.28994042566378,1.96965258912427,1.41532693519109,-0.4920980442628,1.17047324540154,0.162858966287238,1
"17699","PmetTSAr1.1-027952",4.00151539739986,5.59260219602773,3.30993754618473,2.8330260967572,3.34976873375749,2.91189955362184,6.07658777495785,7.9541373757739,0.367726921565915,2.19350651541777,0.315393184463905,1
"17700","PmetTSAr1.1-027959",3.5519069257819,4.52167837125646,2.64795003694778,2.99188737321088,3.31335820404273,2.43129477292697,2.59826511756818,2.32113617371338,-0.370185637626444,1.63512355226357,0.197981895626083,1
"17701","PmetTSAr1.1-027961",2.3379640524134,1.69562938922117,1.74953841726907,1.72099716158148,1.7112948965935,1.15910564755821,1.17341005309531,1.3021007803758,-0.491722423406994,0.729899132359788,0.0817175848323836,1
"17702","PmetTSAr1.1-027962",1.93331642795724,1.33865478096408,2.2223866381526,2.75359545853036,1.92975807488203,2.2333986867585,1.65534632490231,1.86823155445223,-0.106049985974248,1.03703831810068,0.729540632439985,1
"17703","PmetTSAr1.1-027969",2.29300320525161,2.67730956192817,2.78980450321284,2.17110411153356,2.91284237718042,1.63971042825307,1.80202258153922,1.0473419320414,-0.431061419524177,1.15008045657484,0.170026421791496,1
"17704","PmetTSAr1.1-027972",4.18135878604705,2.23109130160681,2.1278169939759,5.16299148474443,3.20412661489846,3.95792172336949,2.01156009102053,2.09468386408281,-0.289921786512025,1.66995376709144,0.417919004334361,1
"17705","PmetTSAr1.1-027979",3.05733760700214,2.08235188149969,1.84410806144578,2.25053474976039,2.0389896640263,1.69625216715835,1.82297633248735,2.00976424797134,-0.285556691856002,1.10898503556079,0.296072047376945,1
"17706","PmetTSAr1.1-027982",3.28214184281112,2.94504051812099,1.84410806144578,1.21793645281151,1.89334754516727,1.4418143420846,2.05346759291679,1.86823155445223,-0.34709586893001,1.0860114701414,0.277182120364369,1
"17707","PmetTSAr1.1-027989",1.93331642795724,1.4873942010712,1.5131143068273,1.93281219685304,1.63847383716399,2.06377347004266,2.7449413742051,2.23621655760192,0.345904592756756,1.00886890886334,0.217267596003805,1
"17708","PmetTSAr1.1-027993",1.84339473363365,3.15327570627095,2.50609557068272,2.56825730266774,1.42001065887546,1.72452303661099,1.57153132110979,1.89653809315605,-0.612312482849173,1.10141199274994,0.0255416975579257,1
"17709","PmetTSAr1.1-027994",6.74412707426943,4.10520799495653,4.53934292048191,4.18334694661344,4.91542151149196,4.15581780953796,1.15245630214718,2.88726694778981,-0.581838107444675,2.04597473602846,0.132073416886765,1
"17710","PmetTSAr1.1-028005",6.74412707426943,5.97932468830624,3.68821612289155,6.48683545519172,7.28210594295105,8.62261518305496,8.44436163209659,6.87848890502868,0.445139564118691,2.77314865326557,0.141986467191249,1
"17711","PmetTSAr1.1-028016",2.60772913538418,2.02285611345684,1.84410806144578,1.48270524690096,2.84002131775091,1.27218912536876,1.88583758533175,1.9531511705637,-0.000178847231055775,1.03095844915774,1,1
"17712","PmetTSAr1.1-028019",1.66355134498646,1.69562938922117,1.98596252771084,1.48270524690096,1.27436854001643,1.83760651442155,1.67630007585044,1.35871385778344,-0.135565683092343,0.749394665124818,0.615731160199263,1
"17713","PmetTSAr1.1-028026",2.20308151092802,2.32033495367108,2.26967146024096,1.58861276453675,2.51232655031811,2.51610738128489,1.92774508722801,1.81161847704459,0.067259757509137,1.13851865300235,0.827071197780508,1
"17714","PmetTSAr1.1-028028",4.7208889519886,5.20587970374922,1.56039912891566,3.83914751429714,2.58514760974762,5.39973606545409,3.16401639316771,3.651543492793,-0.0543123507036368,1.9387535514529,0.893430015658544,1
"17715","PmetTSAr1.1-028033",2.02323812228083,1.7253772732426,8.41669833172688,1.98576595567094,4.18721091719686,1.5831686893478,0.775288785080829,1.55685962871019,-0.804708094373235,1.48894531223932,0.132124424646417,1
"17716","PmetTSAr1.1-028042",4.90073234063579,5.71159373211343,4.01920987751002,3.07131801143771,2.91284237718042,2.34648216456905,2.57731136662005,3.45339772186625,-0.648548391091169,1.87863622841582,0.0271219883457071,1
"17717","PmetTSAr1.1-028046",4.7658497991504,4.96789663157782,1.93867770562248,1.77395092039937,2.73078972860665,3.44904607322198,1.88583758533175,2.09468386408281,-0.406047561020301,1.58774917348585,0.271849719079149,1
"17718","PmetTSAr1.1-028050",3.95655455023807,5.20587970374922,2.31695628232931,2.72711857912142,3.53182138233126,2.8836286841692,3.66690641592284,3.51001079927389,-0.0673047191779799,1.82329018345855,0.83700240369968,1
"17719","PmetTSAr1.1-028056",1.75347303931005,1.6063857371569,1.93867770562248,2.17110411153356,1.52924224801972,2.2333986867585,2.15823634765744,1.9531511705637,0.0804006182920939,0.987536742798972,0.786807561804357,1
"17720","PmetTSAr1.1-028064",3.32710268997292,3.30201512637807,2.74251968112449,2.62121106148563,2.87643184746567,2.60091998964281,3.60404516307845,3.36847810575478,0.0581095527256938,1.64077317103003,0.843503632090979,1
"17721","PmetTSAr1.1-028077",1.61859049782466,2.88554475007814,3.12079825783131,3.07131801143771,5.27952680863951,2.68573259800072,1.34104006068035,2.23621655760192,0.0960249708915745,1.50371054683088,0.791659511945141,1
"17722","PmetTSAr1.1-028080",6.65420537994584,6.96100486101324,15.6985609333333,6.5927429728275,7.71903229952812,3.73175476774837,3.35260015170088,5.83114697298727,-0.799112624705987,2.82884130316982,0.0369288856131099,1
"17723","PmetTSAr1.1-028087",3.5968677729437,6.30655141254191,2.1278169939759,3.07131801143771,2.73078972860665,4.72123519859075,4.14884268772984,4.04783503464651,0.0471353203723035,1.96893145373813,0.889302772893299,1
"17724","PmetTSAr1.1-028089",2.15812066376622,2.64756167790674,1.93867770562248,2.91245673498404,2.69437919889189,3.02498303143239,3.64595266497471,3.14202579612421,0.364985550998687,1.50686554430655,0.174181670832654,1
"17725","PmetTSAr1.1-028092",3.82167200875268,5.9198289202634,2.97894379156625,5.50719091706073,3.56823191204602,6.84155040753869,5.99277277116532,5.26501619891084,0.244504068065258,2.33957643184271,0.448585166865542,1
"17726","PmetTSAr1.1-028096",1.88835558079544,1.21966324487839,2.69523485903613,2.72711857912142,1.67488436687874,2.2333986867585,1.69725382679857,2.40605578982485,-0.0866870200778885,1.08871757322993,0.783205920066237,1
"17727","PmetTSAr1.1-028107",4.8108106463122,6.21730776047764,2.17510181606425,3.01836425261982,3.422589793187,2.79881607581128,5.02890022755132,3.651543492793,-0.122910351291889,1.98447204324033,0.726804048639017,1
"17728","PmetTSAr1.1-028108",5.21545827076836,6.57428236873473,3.78278576706826,4.26277758484027,5.09747416006574,4.60815172078019,5.53179025030645,4.64227234742676,0.00127504242731289,2.33022762688621,1,1
"17729","PmetTSAr1.1-028110",5.35034081225375,5.23562758777064,3.40450719036143,3.01836425261982,5.78927422464609,5.25838171819089,6.1813565296985,5.43485543113377,0.415577046958573,2.32889434545831,0.169013030872995,1
"17730","PmetTSAr1.1-028111",5.12553657644477,3.92672069082798,4.49205809839356,10.0082604165815,6.99082170523301,8.62261518305496,6.45375529202419,7.33139352428982,0.314805586982986,2.74195440407544,0.352108331108513,1
"17731","PmetTSAr1.1-028114",2.74261167686957,3.36151089442092,2.97894379156625,2.1975809909425,2.51232655031811,1.4418143420846,2.22109760050183,2.37774925112102,-0.398817368068796,1.34179822958293,0.155395044774365,1
"17732","PmetTSAr1.1-028115",2.51780744106059,1.84436880932829,2.60066521485943,2.72711857912142,2.00257913431154,4.07100520118004,2.70303387230883,2.40605578982485,0.212130538407933,1.418586514138,0.488225035724233,1
"17733","PmetTSAr1.1-028136",2.15812066376622,2.64756167790674,1.93867770562248,1.50918212630991,2.0389896640263,1.49835608098988,1.92774508722801,1.9531511705637,-0.153360177729854,1.01294976861375,0.593254500899355,1
"17734","PmetTSAr1.1-028137",1.43874710917748,2.20134341758538,1.56039912891566,1.77395092039937,1.85693701545252,1.78106477551627,2.15823634765744,1.89653809315605,0.131667242391229,0.926353125316262,0.620856135166129,1
"17735","PmetTSAr1.1-028142",2.69765082970777,3.03428417018526,2.50609557068272,2.70064169971247,2.73078972860665,3.02498303143239,2.80780262704949,2.88726694778981,0.0630702084748354,1.51713544418304,0.821554661733414,1
"17736","PmetTSAr1.1-028148",2.47284659389879,2.02285611345684,2.69523485903613,1.19145957340256,2.51232655031811,1.32873086427404,1.38294756257661,1.50024655130255,-0.312396275520546,0.952204590479625,0.333145103883544,1
"17737","PmetTSAr1.1-028151",8.00303079479973,8.62688636621299,4.82305185301203,4.60697701715657,7.10005329437728,4.60815172078019,5.86705026547654,5.51977504724523,-0.175299049613502,2.63285937600602,0.586420751459156,1
"17738","PmetTSAr1.1-028159",4.27128048037064,5.89008103624197,4.25563398795179,7.25466495805115,4.18721091719686,3.90137998446421,5.2174839860845,6.48219736317517,-0.135577810863333,2.39265863880008,0.668982829663972,1
"17739","PmetTSAr1.1-028161",1.97827727511903,2.20134341758538,1.5131143068273,2.85950297616615,1.74770542630825,2.31821129511641,1.63439257395418,2.46266886723249,-0.0835206049037387,1.10823416545813,0.802513659842414,1
"17740","PmetTSAr1.1-028166",4.40616302185603,6.57428236873473,3.49907683453814,8.73737020495211,4.62413727377392,5.99342432395951,4.52601020479619,6.9067954437325,-0.0813183587072337,2.51853166922943,0.81942764654421,1
"17741","PmetTSAr1.1-028173",2.29300320525161,3.00453628616383,3.54636165662649,4.92469957006392,2.58514760974762,6.16304954067535,3.26878514790836,2.97218656390128,0.118200143677237,1.87325899049299,0.729957799302624,1
"17742","PmetTSAr1.1-028179",5.26041911793016,4.10520799495653,4.11377952168673,5.77195971115018,4.44208462520014,4.69296432913811,3.81358267255975,4.78380504094587,-0.12137310757531,2.22769303522357,0.679442436790228,1
"17743","PmetTSAr1.1-028180",3.5519069257819,3.48050243050662,1.89139288353413,3.62733247902557,3.16771608518371,3.16633737869559,3.35260015170088,3.39678464445861,0.0525996672132893,1.70979273098755,0.85004121988309,1
"17744","PmetTSAr1.1-028182",1.48370795633928,1.51714208509263,2.1278169939759,2.38291914680512,2.29386337202958,1.78106477551627,1.00578004551026,1.38702039648726,-0.235051578671953,0.8508998008089,0.47647470649693,1
"17745","PmetTSAr1.1-028183",2.51780744106059,2.05260399747826,1.65496877309236,1.64156652335464,2.07540019374105,1.63971042825307,2.89161763084201,1.9531511705637,0.133054563952203,1.08190119036627,0.664654916276657,1
"17746","PmetTSAr1.1-028184",2.87749421835496,3.77798127072086,2.31695628232931,1.85338155862621,3.13130555546895,2.14858607840058,2.30491260429436,2.40605578982485,-0.120985092843098,1.41174973933321,0.69225147188944,1
"17747","PmetTSAr1.1-028187",2.87749421835496,3.39125877844235,1.84410806144578,3.60085559961663,1.89334754516727,3.36423346486407,4.44219520100367,3.34017156705096,0.152300477278018,1.66380009882074,0.64232760541813,1
"17748","PmetTSAr1.1-028201",2.56276828822238,3.12352782224953,1.70225359518072,3.70676311725241,1.56565277773448,5.17356910983297,4.77745521617375,3.2552519509395,0.408760906839084,1.7277171138131,0.261537436907719,1
"17749","PmetTSAr1.1-028210",1.52866880350107,1.04117594074984,1.65496877309236,1.24441333222045,1.60206330744923,1.15910564755821,0.859103788873351,0.905809238522295,-0.273711825788693,0.378783161157261,0.388715184439858,1
"17750","PmetTSAr1.1-028218",4.54104556334142,3.42100666246377,2.31695628232931,4.55402325833868,2.73078972860665,2.8836286841692,3.4364151554934,3.67985003149682,-0.222427986109915,1.81128083045084,0.4622711941885,1
"17751","PmetTSAr1.1-028220",1.93331642795724,1.93361246139257,3.30993754618473,1.64156652335464,1.42001065887546,3.08152477033767,4.33742644626301,2.83065387038217,0.423300708258321,1.39417654180131,0.232382068934377,1
"17752","PmetTSAr1.1-028226",6.74412707426943,7.2882315852489,6.05245722730921,8.55203204908949,5.60722157607231,10.5167634363818,7.52239659037885,6.99171505984396,0.0961248617227817,2.90251861979573,0.756157027693149,1
"17753","PmetTSAr1.1-028232",3.5968677729437,4.22419953104222,2.97894379156625,3.15074864966455,4.87901098177721,3.33596259541143,4.86127021996628,4.5573527313153,0.335280145931715,2.00507010031693,0.236948491888513,1
"17754","PmetTSAr1.1-028234",2.11315981660442,2.88554475007814,1.89139288353413,2.93893361439298,3.13130555546895,2.31821129511641,3.52023015928592,2.94388002519746,0.265834540600348,1.4791550349804,0.336684895492529,1
"17755","PmetTSAr1.1-028235",2.47284659389879,4.75966144342786,3.92464023333332,4.60697701715657,3.16771608518371,4.46679737351699,2.99638638558266,2.66081463815924,-0.252832778686787,1.88610887058338,0.41540030728028,1
"17756","PmetTSAr1.1-028236",2.11315981660442,1.30890689694266,16.8333966634538,8.65793956672528,4.69695833320343,6.36094562684382,0.942918792665873,2.43436232852867,-1.00186149442764,2.44660745248381,0.12625725862955,1
"17757","PmetTSAr1.1-028238",4.63096725766501,3.86722492278513,4.82305185301203,2.35644226739618,2.40309496117385,3.16633737869559,4.10693518583358,3.0004931026051,-0.292489161158688,1.84728836279138,0.333287006778097,1
"17758","PmetTSAr1.1-028244",3.10229845416394,4.49193048723504,6.33616615983933,4.55402325833868,2.98566343660993,4.07100520118004,4.04407393298919,2.91557348649364,-0.394708678401326,2.04270933235923,0.191630015549378,1
"17759","PmetTSAr1.1-028249",4.54104556334142,5.38436700787776,3.6409313008032,5.24242212297127,4.62413727377392,6.13477867122271,6.6632928015055,5.18009658279937,0.262587173706794,2.3915060646284,0.361667607225573,1
"17760","PmetTSAr1.1-028260",1.79843388647185,2.20134341758538,1.98596252771084,2.62121106148563,2.4395054908886,1.21564738646349,3.39450765359714,3.96291541853504,0.351412743997436,1.33514145965207,0.292331510123782,1
"17761","PmetTSAr1.1-028268",2.60772913538418,1.4873942010712,7.51828671204816,3.07131801143771,4.73336886291819,2.45956564237961,1.15245630214718,1.38702039648726,-0.593921977671773,1.62533801106309,0.222531746605879,1
"17762","PmetTSAr1.1-028278",1.84339473363365,3.24251935833523,1.74953841726907,2.99188737321088,2.4395054908886,1.4418143420846,1.90679133627988,2.26452309630574,-0.307194890031494,1.2018992269662,0.327061670903753,1
"17763","PmetTSAr1.1-028289",4.13639793888525,4.43243471919219,3.12079825783131,4.28925446424922,3.53182138233126,5.51281954326464,6.28612528443915,4.92533773446498,0.341851643751615,2.20198150096222,0.251117404922154,1
"17764","PmetTSAr1.1-028294",1.75347303931005,2.43932648975678,2.1278169939759,3.83914751429714,1.42001065887546,5.11702737092769,4.6726864614331,3.31186502834714,0.51047968302584,1.66221794467686,0.174837451670625,1
"17765","PmetTSAr1.1-028300",7.1937355458874,8.95411309044865,4.58662774257026,5.40128339942494,4.95183204120672,7.209071710423,8.73771414537042,7.58615237262422,0.124518999246239,2.78591666118633,0.703687083310724,1
"17766","PmetTSAr1.1-028305",3.50694607862011,2.76655321399244,3.40450719036143,5.85139034937702,5.97132687321986,5.6259030210752,4.1907501896261,4.9536442731688,0.409938658051789,2.20188486700477,0.186802253371398,1
"17767","PmetTSAr1.1-028311",4.85577149347399,4.04571222691368,2.60066521485943,4.58050013774762,2.84002131775091,2.99671216197976,3.64595266497471,4.33090042168472,-0.220601859372939,1.92631306015446,0.460827267948678,1
"17768","PmetTSAr1.1-028312",3.5968677729437,5.53310642798488,4.63391256465862,5.42776027883389,2.87643184746567,4.77777693749603,5.57369775220271,3.96291541853504,-0.158173692219867,2.2066437545037,0.609907854922114,1
"17769","PmetTSAr1.1-028317",2.56276828822238,4.61092202332074,2.69523485903613,3.44199432316295,2.4395054908886,2.68573259800072,3.72976766876723,3.45339772186625,-0.117106443782618,1.70988254391916,0.705945946494582,1
"17770","PmetTSAr1.1-028320",2.06819896944263,2.32033495367108,2.9316589694779,1.9063353174441,2.51232655031811,2.60091998964281,2.70303387230883,2.37774925112102,0.153548401746792,1.31497702503962,0.574816657733163,1
"17771","PmetTSAr1.1-028323",2.87749421835496,4.70016567538501,1.84410806144578,4.65993077597446,2.18463178288532,4.29717215680116,2.78684887610136,4.52904619261147,-0.0385114261704589,1.83091463082878,0.92513574650806,1
"17772","PmetTSAr1.1-028337",3.14725930132574,4.04571222691368,3.30993754618473,3.30960992611823,4.18721091719686,1.86587738387419,1.57153132110979,2.66081463815924,-0.43833897549973,1.61607121763941,0.182512661561839,1
"17773","PmetTSAr1.1-028343",2.87749421835496,4.61092202332074,2.78980450321284,4.47459262011184,3.71387403090504,3.33596259541143,2.30491260429436,3.93460887983122,-0.164036511735069,1.83585431759388,0.599865779193444,1
"17774","PmetTSAr1.1-028350",2.60772913538418,2.91529263409956,4.06649469959838,3.97153191134187,3.34976873375749,4.26890128734852,3.31069264980462,3.19863887353185,0.058033124105792,1.81703781098402,0.839953378593166,1
"17775","PmetTSAr1.1-028357",1.84339473363365,2.79630109801387,2.08053217188754,2.11815035271566,1.42001065887546,1.83760651442155,1.80202258153922,2.51928194464013,-0.224653114596177,1.08103451662338,0.433572436330832,1
"17776","PmetTSAr1.1-028358",3.32710268997292,4.25394741506365,3.73550094497991,4.65993077597446,3.64105297147553,4.74950606804339,4.44219520100367,4.44412657650001,0.109328437623726,2.07861857466588,0.695520575770233,1
"17777","PmetTSAr1.1-028360",2.56276828822238,3.80772915474228,2.36424110441766,2.93893361439298,1.7112948965935,2.60091998964281,3.01734013653079,3.05710618001275,-0.169332759363516,1.4982075750412,0.564644912979142,1
"17778","PmetTSAr1.1-028367",1.97827727511903,2.82604898203529,2.55338039277107,1.42975148808307,1.92975807488203,0.989480430842372,1.11054880025092,1.50024655130255,-0.674954094704954,0.879368681513004,0.0301285168452197,1
"17779","PmetTSAr1.1-028374",2.15812066376622,3.53999819854947,2.78980450321284,3.49494808198085,2.62155813946238,6.64365432137021,5.13366898229197,3.59493041538536,0.582653283125429,1.93470892987682,0.076047644014408,1
"17780","PmetTSAr1.1-028376",3.95655455023807,3.89697280680656,6.28888133775098,3.54790184079874,4.04156879833783,2.68573259800072,2.82875637799762,2.71742771556688,-0.524872190963708,1.92327126772,0.0776470907868669,1
"17781","PmetTSAr1.1-028395",1.61859049782466,2.23109130160681,2.64795003694778,1.74747404099042,2.25745284231483,2.20512781730586,4.65173271048497,1.81161847704459,0.417876388990928,1.30248327354146,0.213803351163123,1
"17782","PmetTSAr1.1-028407",2.47284659389879,3.09377993822811,2.03324734979919,2.38291914680512,2.73078972860665,3.78829650665365,2.82875637799762,1.9531511705637,0.173464816581763,1.44696101955143,0.54566399568831,1
"17783","PmetTSAr1.1-028413",2.65268998254598,2.29058706964966,2.88437414738955,3.4684712025719,2.36668443145909,2.03550260059002,2.13728259670931,2.85896040908599,-0.269157189639075,1.40392944240866,0.327698146610486,1
"17784","PmetTSAr1.1-028423",1.61859049782466,1.27915901292124,4.49205809839356,1.24441333222045,1.63847383716399,1.5831686893478,1.32008630973222,1.89653809315605,-0.404543796038547,0.945297859416891,0.284961649765774,1
"17785","PmetTSAr1.1-028427",1.75347303931005,1.87411669334972,1.65496877309236,1.82690467921726,1.92975807488203,1.15910564755821,1.36199381162848,1.52855309000637,-0.263633712284101,0.760632181838759,0.360569907541698,1
"17786","PmetTSAr1.1-028431",2.3829248995752,2.40957860573535,2.03324734979919,2.88597985557509,1.89334754516727,2.82708694526392,3.12210889127144,2.26452309630574,0.0575758956674663,1.34795847812828,0.838862967535848,1
"17787","PmetTSAr1.1-028432",1.93331642795724,2.11209976552111,1.56039912891566,3.36256368493612,1.67488436687874,4.57988085132755,3.81358267255975,3.31186502834714,0.568811425230162,1.52189232892992,0.0931966209774734,1
"17788","PmetTSAr1.1-028436",3.19222014848753,4.16470376299937,16.2659787983935,3.1772255290735,4.51490568462965,2.94017042307448,4.16979643867797,3.87799580242358,-0.784476426275184,2.41139175498172,0.0942516866801914,1
"17789","PmetTSAr1.1-028437",3.01237675984035,3.80772915474228,2.1278169939759,1.66804340276359,3.0948950257542,1.55489781989516,1.25722505688783,1.58516616741402,-0.515228261990569,1.21091569728058,0.142009092450871,1
"17790","PmetTSAr1.1-028449",2.60772913538418,3.48050243050662,2.26967146024096,3.54790184079874,2.29386337202958,3.6752130288431,3.33164640075275,2.51928194464013,-0.016158763899863,1.6016420278036,0.967678204894257,1
"17791","PmetTSAr1.1-028460",1.52866880350107,4.01596434289225,5.1540456076305,3.49494808198085,2.62155813946238,4.35371389570644,4.44219520100367,2.91557348649364,0.0168812155311956,1.86052540124677,0.970767835061894,1
"17792","PmetTSAr1.1-028462",2.96741591267855,2.55831802584247,12.4359082092369,3.78619375547925,2.51232655031811,2.68573259800072,2.51445011377566,2.85896040908599,-1.03324509500816,2.02568048900047,0.0174554664534235,1
"17793","PmetTSAr1.1-028463",1.93331642795724,2.26083918562823,3.40450719036143,1.77395092039937,2.91284237718042,2.68573259800072,1.80202258153922,2.20791001889809,0.0402555287241451,1.2788667816074,0.907639802139081,1
"17794","PmetTSAr1.1-028475",3.64182862010549,3.98621645887083,5.91060276104415,4.07743942897765,3.31335820404273,3.08152477033767,3.68786016687097,4.81211157964969,-0.237334611995454,2.04267626801511,0.422343573322818,1
"17795","PmetTSAr1.1-028494",2.96741591267855,5.59260219602773,1.5131143068273,1.80042779980831,2.47591602060336,1.80933564496891,2.22109760050183,2.00976424797134,-0.486861174568419,1.38490861467936,0.188836215260117,1
"17796","PmetTSAr1.1-028508",1.43874710917748,2.52857014182105,2.41152592650602,2.96541049380193,2.14822125317056,1.9506899922321,1.86488383438361,1.92484463185988,-0.259089003627487,1.1490282609945,0.37170986102491,1
"17797","PmetTSAr1.1-028512",2.3379640524134,3.30201512637807,1.65496877309236,2.48882666444091,3.24053714461322,3.76002563720101,3.05924763842705,2.80234733167835,0.381979164404787,1.53610926571381,0.172572822896623,1
"17798","PmetTSAr1.1-028513",2.78757252403137,3.06403205420668,5.0594759634538,4.68640765538341,4.00515826862308,5.11702737092769,4.12788893678171,4.50073965390765,0.186808127552136,2.0813187175471,0.533850881578582,1
"17799","PmetTSAr1.1-028519",1.97827727511903,2.43932648975678,4.87033667510038,3.4684712025719,2.80361078803616,1.27218912536876,2.53540386472379,2.03807078667516,-0.558034408271705,1.44775312561726,0.0974834621142404,1
"17800","PmetTSAr1.1-028520",1.88835558079544,1.57663785313548,2.45881074859437,1.13850581458467,1.96616860459678,1.80933564496891,1.13150255119905,1.44363347389491,-0.142369053212163,0.787500781424616,0.631263755288332,1
"17801","PmetTSAr1.1-028526",1.93331642795724,1.87411669334972,1.56039912891566,1.11202893517572,2.00257913431154,1.10256390865293,1.57153132110979,1.75500539963695,-0.00737419039670188,0.740651187446004,0.980465696144816,1
"17802","PmetTSAr1.1-028528",1.84339473363365,2.26083918562823,6.14702687148592,5.18946836415338,2.80361078803616,3.64694215939046,3.39450765359714,2.6042015607516,-0.308108390422082,1.82558110492063,0.407344255316289,1
"17803","PmetTSAr1.1-028535",3.05733760700214,4.46218260321361,3.87735541124497,5.00413020829076,2.51232655031811,4.86258954585394,4.4631489519518,4.86872465705734,0.0248460556702458,2.07317282714631,0.942474698064844,1
"17804","PmetTSAr1.1-028537",1.43874710917748,2.23109130160681,1.79682323935742,1.58861276453675,1.63847383716399,0.989480430842372,1.57153132110979,1.6983923222293,-0.264446034957971,0.748144527679951,0.36714968720919,1
"17805","PmetTSAr1.1-028543",3.46198523145831,2.79630109801387,1.79682323935742,3.1772255290735,4.11438985776735,1.4418143420846,1.04768754740653,1.13226154815287,-0.555050514653626,1.27603817257395,0.178766857951362,1
"17806","PmetTSAr1.1-028560",1.61859049782466,1.21966324487839,4.06649469959838,1.85338155862621,1.92975807488203,1.52662695044252,1.38294756257661,1.38702039648726,-0.479920118492053,0.939180824131589,0.168766878628575,1
"17807","PmetTSAr1.1-028564",1.88835558079544,2.32033495367108,1.65496877309236,2.11815035271566,1.82052648573776,1.72452303661099,2.59826511756818,1.67008578352548,-0.0322623652293869,1.02936447710865,0.915246371458579,1
"17808","PmetTSAr1.1-028577",2.56276828822238,2.40957860573535,7.75471082248993,2.48882666444091,2.33027390174434,3.61867128993782,2.66112637041257,1.33040731907962,-0.603804561921515,1.67175699525961,0.140075925491506,1
"17809","PmetTSAr1.1-028578",3.91159370307627,3.12352782224953,13.5707439393574,3.28313304670928,5.17029521949525,3.13806650924295,3.35260015170088,2.49097540593631,-0.750935500657358,2.25878686677211,0.0946821982065749,1
"17810","PmetTSAr1.1-028596",4.85577149347399,4.04571222691368,4.4447732763052,4.23630070543133,5.02465310063623,4.86258954585394,4.65173271048497,4.01952849594268,0.079336709672103,2.19460309968931,0.779683254420747,1
"17811","PmetTSAr1.1-028597",1.43874710917748,2.14184764954254,5.43775454016062,1.87985843803515,1.3836001291607,1.80933564496891,2.72398762325697,2.20791001889809,-0.405761556877622,1.28002978854069,0.279663978359838,1
"17812","PmetTSAr1.1-028606",3.64182862010549,3.15327570627095,1.74953841726907,4.18334694661344,3.38617926347224,3.08152477033767,2.53540386472379,2.71742771556688,-0.130624959057429,1.64164397299543,0.69031934193861,1
"17813","PmetTSAr1.1-028608",2.87749421835496,3.2127714743138,3.83007058915661,3.09779489084666,3.27694767432797,3.13806650924295,2.91257138179014,3.48170426057007,-0.0223826022614958,1.71702600403365,0.945740668750966,1
"17814","PmetTSAr1.1-028616",3.37206353713472,3.86722492278513,2.08053217188754,3.52142496138979,2.69437919889189,2.79881607581128,2.59826511756818,2.74573425427071,-0.253560448017593,1.59629601653381,0.368708758899365,1
"17815","PmetTSAr1.1-028623",2.427885746737,2.17159553356396,2.2223866381526,2.62121106148563,1.78411595602301,2.94017042307448,2.07442134386492,3.45339772186625,0.118237619781228,1.33688532535661,0.68085975629745,1
"17816","PmetTSAr1.1-028628",1.61859049782466,1.57663785313548,3.12079825783131,1.9063353174441,1.85693701545252,2.06377347004266,2.13728259670931,2.12299040278663,0.00836052282640533,1.07576618647685,1,1
"17817","PmetTSAr1.1-028634",1.97827727511903,2.91529263409956,1.60768395100401,1.58861276453675,1.49283171830497,2.40302390347433,1.82297633248735,1.89653809315605,-0.0904504639399548,1.01961145643939,0.763016760555195,1
"17818","PmetTSAr1.1-028636",3.77671116159088,4.55142625527789,3.78278576706826,3.73323999666136,4.62413727377392,4.89086041530658,5.02890022755132,4.6988854248344,0.279195154980474,2.15437763313246,0.30265748438991,1
"17819","PmetTSAr1.1-028651",1.48370795633928,2.43932648975678,3.07351343574296,2.01224283507988,1.67488436687874,1.63971042825307,3.05924763842705,2.57589502204778,0.00157031077922233,1.20717597728452,1,1
"17820","PmetTSAr1.1-028656",3.01237675984035,3.00453628616383,4.68119738674697,2.38291914680512,2.14822125317056,2.79881607581128,2.51445011377566,2.77404079297453,-0.34110790306019,1.56879708922591,0.233455433952179,1
"17821","PmetTSAr1.1-028657",6.38444029697506,6.27680352852048,4.30291881004014,5.13651460533548,4.73336886291819,4.55160998187491,5.1546227332401,5.66130774076434,-0.137169746998314,2.41599074970293,0.63583636969847,1
"17822","PmetTSAr1.1-028659",2.69765082970777,5.50335854396346,3.26265272409637,2.14462723212461,3.13130555546895,2.68573259800072,2.4725426118794,3.84968926371975,-0.169305791100266,1.71331342589783,0.611610692665072,1
"17823","PmetTSAr1.1-028669",5.53018420090094,6.45529083264903,1.93867770562248,5.11003772592654,3.71387403090504,5.484548673812,5.72037400883963,6.02929274391403,0.134813461139182,2.34201657564223,0.70322875177454,1
"17824","PmetTSAr1.1-028673",2.87749421835496,4.1944516470208,1.74953841726907,2.85950297616615,3.27694767432797,4.12754694008532,4.6726864614331,3.59493041538536,0.416955310160356,1.80430118426306,0.169403650328485,1
"17825","PmetTSAr1.1-028674",2.96741591267855,1.93361246139257,1.98596252771084,1.85338155862621,1.85693701545252,1.32873086427404,1.67630007585044,1.81161847704459,-0.380785934214827,0.985463176944083,0.168785130156363,1
"17826","PmetTSAr1.1-028675",2.60772913538418,2.61781379388532,1.60768395100401,2.96541049380193,2.87643184746567,2.68573259800072,1.86488383438361,2.23621655760192,-0.0371496103062156,1.31954478094237,0.93353457782224,1
"17827","PmetTSAr1.1-028686",2.78757252403137,2.85579686605671,2.64795003694778,4.18334694661344,2.14822125317056,3.98619259282213,3.12210889127144,3.28355848964332,0.00352427023256842,1.6757852036807,0.989974777669946,1
"17828","PmetTSAr1.1-028687",5.71002758954812,4.87865297951355,5.53232418433733,5.0306070876997,6.04414793264938,4.9756730236645,4.90317772186254,5.03856388928027,-0.0126116241073653,2.41195898827235,0.968447797680836,1
"17829","PmetTSAr1.1-028690",3.91159370307627,4.04571222691368,2.55338039277107,2.91245673498404,4.00515826862308,3.42077520376934,3.62499891402658,4.18936772816561,0.180280484066396,1.86647396182675,0.517159073315927,1
"17830","PmetTSAr1.1-028694",1.75347303931005,3.42100666246377,1.5131143068273,1.77395092039937,2.47591602060336,2.00723173113738,2.61921886851631,2.46266886723249,0.164337393982759,1.21538352984508,0.577173753430275,1
"17831","PmetTSAr1.1-028696",4.22631963320885,6.30655141254191,2.2223866381526,3.70676311725241,3.56823191204602,5.7672573683384,5.34320649177328,5.51977504724523,0.290964600075622,2.21888011034713,0.384655033957938,1
"17832","PmetTSAr1.1-028710",1.84339473363365,1.84436880932829,5.8633179389558,2.43587290562301,2.07540019374105,3.42077520376934,2.89161763084201,1.75500539963695,-0.227936414671799,1.49414017216521,0.545756245403639,1
"17833","PmetTSAr1.1-028711",3.73175031442909,4.75966144342786,3.30993754618473,2.64768794089458,3.34976873375749,3.56212955103254,4.14884268772984,4.84041811835351,0.139797506261437,1.94787393488802,0.638504207424325,1
"17834","PmetTSAr1.1-028713",2.427885746737,3.15327570627095,2.17510181606425,2.35644226739618,2.65796866917713,3.27942085650615,3.66690641592284,2.94388002519746,0.309711781979277,1.53678344174187,0.250889067753725,1
"17835","PmetTSAr1.1-028722",1.61859049782466,3.2127714743138,2.2223866381526,4.13039318779555,2.11181072345581,3.84483824555893,3.72976766876723,3.45339772186625,0.222309951979923,1.63996666182635,0.489878195428561,1
"17836","PmetTSAr1.1-028739",2.427885746737,3.15327570627095,3.87735541124497,5.24242212297127,2.33027390174434,3.42077520376934,5.02890022755132,4.24598080557326,0.0314265084395622,1.92112128198997,0.932277666931697,1
"17837","PmetTSAr1.1-028741",4.13639793888525,5.89008103624197,3.54636165662649,3.65380935843452,4.73336886291819,3.47731694267462,4.56791770669245,3.82138272501593,-0.0570369261439859,2.10151491933815,0.851744706814915,1
"17838","PmetTSAr1.1-028758",1.61859049782466,2.67730956192817,1.93867770562248,2.03871971448883,1.85693701545252,2.85535781471656,3.45736890644153,2.3494427124172,0.345325249445625,1.27575194202427,0.234362101463849,1
"17839","PmetTSAr1.1-028762",3.5968677729437,3.65898973463516,1.74953841726907,1.85338155862621,2.22104231260007,1.63971042825307,2.24205135144996,2.51928194464013,-0.332283169492555,1.31813935578768,0.294693132138435,1
"17840","PmetTSAr1.1-028764",1.70851219214826,3.2127714743138,1.74953841726907,2.35644226739618,1.82052648573776,2.0920443394953,4.92413147281067,3.51001079927389,0.448812788882127,1.45964673966509,0.196408535777899,1
"17841","PmetTSAr1.1-028768",1.52866880350107,1.57663785313548,2.69523485903613,3.01836425261982,1.60206330744923,3.47731694267462,2.34682010619062,1.75500539963695,0.0586944112581047,1.21149420738447,0.876821639145275,1
"17842","PmetTSAr1.1-028769",2.29300320525161,2.97478840214241,4.58662774257026,2.75359545853036,2.7672002583214,1.86587738387419,3.08020138937518,3.39678464445861,-0.175546532014702,1.59515736608058,0.556992347451874,1
"17843","PmetTSAr1.1-028775",2.11315981660442,2.91529263409956,2.1278169939759,4.23630070543133,3.422589793187,3.50558781212726,2.70303387230883,2.37774925112102,0.0591818330591615,1.58193812464931,0.835165553999662,1
"17844","PmetTSAr1.1-028785",4.13639793888525,4.90840086353498,14.7055796694779,5.42776027883389,4.95183204120672,7.0677173631598,5.46892899746206,3.87799580242358,-0.444953562528092,2.66972391791715,0.265403594005113,1
"17845","PmetTSAr1.1-028801",2.3829248995752,3.83747703876371,1.89139288353413,2.70064169971247,1.89334754516727,2.79881607581128,2.99638638558266,2.66081463815924,-0.0684682800788759,1.4407393925119,0.835826572895951,1
"17846","PmetTSAr1.1-028807",1.84339473363365,1.6063857371569,1.98596252771084,3.68028623784347,3.38617926347224,2.31821129511641,1.445808815421,1.83992501574841,-0.0404163596286512,1.21705351723035,0.940291296708023,1
"17847","PmetTSAr1.1-028821",3.68678946726729,4.0754601109351,2.60066521485943,3.38904056434506,2.73078972860665,3.33596259541143,2.99638638558266,5.12348350539173,0.0418662773464247,1.83079160587787,0.885620199803312,1
"17848","PmetTSAr1.1-028832",4.31624132753244,4.8191572114707,4.01920987751002,5.21594524356232,4.62413727377392,4.8343186764013,4.86127021996628,5.57638812465288,0.111625119157629,2.27775153737144,0.682779131007493,1
"17849","PmetTSAr1.1-028838",1.75347303931005,3.00453628616383,3.68821612289155,3.7597168760703,2.62155813946238,3.76002563720101,2.97543263463453,2.49097540593631,-0.0464034972433642,1.61896659862399,0.899389575097613,1
"17850","PmetTSAr1.1-028840",2.92245506551675,4.16470376299937,2.45881074859437,3.20370240848244,2.07540019374105,4.52333911242227,4.25361144247049,2.83065387038217,0.101259365806777,1.75496592049647,0.756785822457224,1
"17851","PmetTSAr1.1-028863",3.28214184281112,2.76655321399244,5.0594759634538,1.61508964394569,3.16771608518371,2.37475303402169,2.7449413742051,3.08541271871657,-0.149256112836084,1.61346621189744,0.640229818957111,1
"17852","PmetTSAr1.1-028890",1.93331642795724,3.2127714743138,1.98596252771084,1.61508964394569,1.60206330744923,2.20512781730586,1.9906063400724,2.32113617371338,-0.108813351631623,1.11892694274556,0.720503226057261,1
"17853","PmetTSAr1.1-028891",2.24804235808981,2.14184764954254,2.17510181606425,1.32384397044729,2.25745284231483,1.75279390606363,1.80202258153922,1.41532693519109,-0.119037587446876,0.959065965121075,0.663927017262925,1
"17854","PmetTSAr1.1-028892",6.29451860265147,7.55596254144172,4.77576703092368,4.36868510247606,3.78669509033455,3.6752130288431,7.98337911123772,12.0585854878281,0.259589709479288,2.67393896030506,0.509630667161032,1
"17855","PmetTSAr1.1-028894",3.68678946726729,3.92672069082798,2.08053217188754,3.33608680552717,2.87643184746567,2.48783651183225,4.69364021238123,3.05710618001275,0.00930807928687616,1.73851008476653,0.990871202155316,1
"17856","PmetTSAr1.1-028896",2.427885746737,3.4507545464852,2.9316589694779,4.18334694661344,2.47591602060336,4.63642259023283,4.08598143488545,3.22694541223568,0.146528094033242,1.80679429556988,0.622788418535158,1
"17857","PmetTSAr1.1-028915",4.18135878604705,4.67041779136358,2.1278169939759,2.64768794089458,2.69437919889189,2.51610738128489,2.70303387230883,2.54758848334395,-0.383764259419531,1.61863147078291,0.206469550165501,1
"17858","PmetTSAr1.1-028923",2.51780744106059,2.43932648975678,2.9316589694779,3.30960992611823,2.4395054908886,2.12031520894794,2.64017261946444,2.15129694149045,-0.260768843136753,1.39463068574313,0.326806953494496,1
"17859","PmetTSAr1.1-028925",5.9797926725189,7.16924004916321,6.05245722730921,7.81067942563901,6.84517958637399,5.56936128216992,8.46531538304472,8.18058968540448,0.103803037201464,2.82305938011821,0.726097240909006,1
"17860","PmetTSAr1.1-028931",3.23718099564933,1.90386457737114,3.07351343574296,3.54790184079874,3.78669509033455,3.22287911760087,3.79262892161162,2.03807078667516,0.128442929396945,1.64921826155428,0.685034392905455,1
"17861","PmetTSAr1.1-028968",3.68678946726729,3.48050243050662,3.73550094497991,3.28313304670928,4.26003197662637,4.57988085132755,3.01734013653079,3.31186502834714,0.0956440292043645,1.89841216179583,0.730570221265125,1
"17862","PmetTSAr1.1-028985",2.15812066376622,1.51714208509263,2.1278169939759,2.99188737321088,2.07540019374105,3.33596259541143,2.43063510998314,1.58516616741402,0.0982733173479985,1.22821125923594,0.754586537206549,1
"17863","PmetTSAr1.1-028991",3.46198523145831,4.67041779136358,2.50609557068272,4.84526893183708,3.05848449603944,8.11373953290745,6.05563402400972,5.74622735687581,0.56424704887685,2.28830132927561,0.101095316764052,1
"17864","PmetTSAr1.1-029000",3.5519069257819,3.68873761865659,4.82305185301203,2.93893361439298,3.13130555546895,2.62919085909545,4.42124145005554,5.09517696668791,0.0342048231845382,1.94289293116321,0.92855303275177,1
"17865","PmetTSAr1.1-029005",3.37206353713472,5.02739239962067,3.12079825783131,4.71288453479235,3.38617926347224,7.09598823261244,5.2174839860845,4.64227234742676,0.320947202876619,2.21564569568076,0.310228968235834,1
"17866","PmetTSAr1.1-029006",2.65268998254598,2.40957860573535,2.2223866381526,2.38291914680512,3.53182138233126,2.45956564237961,2.22109760050183,2.37774925112102,0.123655206533146,1.37370921992342,0.645892915577419,1
"17867","PmetTSAr1.1-029008",1.57362965066287,2.29058706964966,2.60066521485943,3.25665616730033,1.96616860459678,3.08152477033767,1.17341005309531,1.86823155445223,-0.277695683629009,1.19383077925366,0.418754563542684,1
"17868","PmetTSAr1.1-029011",3.64182862010549,3.39125877844235,3.68821612289155,2.27701162916934,2.80361078803616,2.48783651183225,2.36777385713875,2.20791001889809,-0.391660107227819,1.54087078527121,0.149462084286633,1
"17869","PmetTSAr1.1-029020",5.35034081225375,11.3934395802054,3.45179201244979,8.79032396377001,4.33285303605588,10.1492421334975,12.7189268255152,9.87898200763378,0.352519020633421,3.06027737772978,0.3832779041297,1
"17870","PmetTSAr1.1-029024",1.84339473363365,1.96336034541399,2.1278169939759,2.59473418207669,2.40309496117385,2.71400346745336,3.89739767635227,2.85896040908599,0.476994765114544,1.3907074189972,0.08272646335881,1
"17871","PmetTSAr1.1-029036",1.61859049782466,1.96336034541399,1.79682323935742,1.45622836749202,1.7112948965935,1.69625216715835,1.92774508722801,1.44363347389491,-0.00651699506013604,0.818299770433587,1,1
"17872","PmetTSAr1.1-029050",3.77671116159088,4.87865297951355,2.26967146024096,2.40939602621407,3.16771608518371,3.3925043343167,5.32225274082515,3.96291541853504,0.249799591656272,1.89426519994958,0.437665036984653,1
"17873","PmetTSAr1.1-029055",3.5968677729437,3.48050243050662,3.40450719036143,4.31573134365817,2.58514760974762,3.33596259541143,3.28973889885649,2.74573425427071,-0.307365660609925,1.7681597053529,0.247625279946505,1
"17874","PmetTSAr1.1-029056",1.88835558079544,2.91529263409956,2.83708932530119,3.73323999666136,2.73078972860665,2.57264912019017,3.03829388747892,3.39678464445861,0.0367202572736291,1.56395815875991,0.899359317687018,1
"17875","PmetTSAr1.1-029062",1.79843388647185,2.43932648975678,1.60768395100401,2.06519659389777,1.3836001291607,2.91189955362184,2.55635761567192,1.61347270611784,0.0965954143571515,1.08177525134384,0.751510289825206,1
"17876","PmetTSAr1.1-029065",2.74261167686957,4.13495587897795,2.31695628232931,2.1975809909425,1.82052648573776,1.66798129770571,2.32586635524249,3.31186502834714,-0.320607725809837,1.39347245960273,0.311679099238344,1
"17877","PmetTSAr1.1-029068",2.06819896944263,1.87411669334972,3.07351343574296,1.42975148808307,1.96616860459678,2.17685694785322,1.36199381162848,1.67008578352548,-0.22322145212288,1.00169330870125,0.460263397613705,1
"17878","PmetTSAr1.1-029075",1.66355134498646,1.33865478096408,1.98596252771084,1.85338155862621,1.34718959944595,2.28994042566378,1.94869883817614,1.58516616741402,0.0805036006053661,0.859339919431993,0.814047593886689,1
"17879","PmetTSAr1.1-029086",3.32710268997292,1.96336034541399,2.31695628232931,1.80042779980831,2.62155813946238,0.989480430842372,1.73916132869483,2.63250809945542,-0.232533070512555,1.15336513924949,0.491012513458564,1
"17880","PmetTSAr1.1-029098",5.57514504806273,6.96100486101324,7.70742600040158,5.93082098760386,5.27952680863951,8.96186561648663,5.1546227332401,5.83114697298727,-0.0524584541559461,2.69709222610287,0.865718605225075,1
"17881","PmetTSAr1.1-029107",1.75347303931005,1.99310822943541,1.79682323935742,2.59473418207669,1.74770542630825,1.15910564755821,1.32008630973222,1.01903539333758,-0.652832735816012,0.792203931789164,0.0226734235973924,1
"17882","PmetTSAr1.1-029108",3.41702438429651,4.34319106712792,3.40450719036143,3.07131801143771,3.67746350119028,3.73175476774837,3.87644392540414,3.51001079927389,0.0548862506705835,1.88440895741392,0.839670859435779,1
"17883","PmetTSAr1.1-029111",4.22631963320885,5.26537547179207,2.64795003694778,2.93893361439298,3.49541085261651,3.61867128993782,4.37933394815927,3.62323695408918,0.0028161244769529,1.94095172793971,1,1
"17884","PmetTSAr1.1-029131",1.93331642795724,2.17159553356396,2.2223866381526,1.69452028217253,1.78411595602301,1.61143955880043,1.59248507205792,2.46266886723249,-0.103893646576354,0.99444259203748,0.724720942424003,1
"17885","PmetTSAr1.1-029140",4.99065403495938,6.12806410841336,16.2186939763052,6.19558978169332,6.73594799722972,9.38592865827622,3.08020138937518,3.45339772186625,-0.564478666625104,2.82042987113625,0.198305221370004,1
"17886","PmetTSAr1.1-029147",3.46198523145831,4.16470376299937,5.48503936224898,6.0102516258307,3.93233720919357,3.61867128993782,4.58887145764058,4.9536442731688,-0.162688100015362,2.19846048324343,0.588754343123934,1
"17887","PmetTSAr1.1-029164",2.51780744106059,5.14638393570637,2.55338039277107,1.95928907626199,1.82052648573776,2.0920443394953,10.2673379645839,6.56711697928664,0.769714902745822,2.07071548351747,0.116165708147451,1
"17888","PmetTSAr1.1-029166",3.50694607862011,3.15327570627095,2.9316589694779,2.32996538798723,2.36668443145909,2.51610738128489,2.13728259670931,3.08541271871657,-0.234045598001304,1.49012313716646,0.38332024481666,1
"17889","PmetTSAr1.1-029184",4.18135878604705,4.84890509549213,2.17510181606425,3.60085559961663,4.22362144691161,3.98619259282213,4.37933394815927,3.59493041538536,0.122840229431637,1.97851906934072,0.684671086195047,1
"17890","PmetTSAr1.1-029185",1.70851219214826,1.27915901292124,1.56039912891566,3.01836425261982,2.84002131775091,1.80933564496891,1.40390131352474,1.3021007803758,-0.0634448066771553,0.945959090790436,0.883472611733316,1
"17891","PmetTSAr1.1-029188",1.88835558079544,1.99310822943541,1.5131143068273,2.25053474976039,2.25745284231483,2.14858607840058,2.30491260429436,2.12299040278663,0.196407355058048,1.08855347020465,0.438505364576414,1
"17892","PmetTSAr1.1-029190",2.20308151092802,1.54688996911405,1.70225359518072,1.64156652335464,2.51232655031811,1.35700173372668,1.59248507205792,2.20791001889809,0.111228691577762,0.927710686423351,0.709775027538692,1
"17893","PmetTSAr1.1-029208",2.51780744106059,2.55831802584247,1.5131143068273,1.74747404099042,2.40309496117385,2.26166955621114,2.26300510239809,2.3494427124172,0.150619531678159,1.17949763478604,0.578855928420803,1
"17894","PmetTSAr1.1-029216",3.19222014848753,2.29058706964966,3.16808307991967,5.32185276119811,2.22104231260007,5.65417389052784,1.88583758533175,3.14202579612421,-0.1189702996303,1.77539276015803,0.761190409409206,1
"17895","PmetTSAr1.1-029218",1.43874710917748,1.10067170879269,3.68821612289155,1.45622836749202,1.45642118859021,0.961209561389733,0.880057539821481,1.10395500944905,-0.791753694870105,0.632254655504372,0.0314866097475823,1
"17896","PmetTSAr1.1-029224",1.66355134498646,1.90386457737114,2.41152592650602,1.08555205576678,1.49283171830497,1.41354347263196,1.48771631731727,1.83992501574841,-0.162885197191945,0.779460936624239,0.565527579772127,1
"17897","PmetTSAr1.1-029230",1.66355134498646,1.45764631704978,2.83708932530119,1.72099716158148,1.49283171830497,2.28994042566378,2.09537509481305,1.78331193834077,0.0175311179827563,0.982424908334175,1,1
"17898","PmetTSAr1.1-029238",6.06971436684249,7.49646677339887,4.53934292048191,7.91658694327479,4.62413727377392,10.658117783645,9.1358354133849,7.61445891132804,0.297917943265682,2.87408437121152,0.371542282764998,1
"17899","PmetTSAr1.1-029247",6.29451860265147,4.8191572114707,11.111933190763,10.1406448136262,7.75544282924287,14.8139355931829,10.6864129835466,6.99171505984396,0.31580442035807,3.19250176421619,0.379617963973806,1
"17900","PmetTSAr1.1-029248",1.75347303931005,1.84436880932829,2.64795003694778,1.50918212630991,1.67488436687874,1.61143955880043,2.51445011377566,1.64177924482166,-0.0371586105410855,0.969953952463425,0.882044483756073,1
"17901","PmetTSAr1.1-029251",11.4200551790962,17.3132685004688,8.74769208634535,7.46647999332272,8.48365342353798,7.46350953549675,11.6921930290568,12.0302789491242,-0.180049853761979,3.41157596294173,0.595078618370432,1
"17902","PmetTSAr1.1-029263",1.93331642795724,2.23109130160681,1.74953841726907,1.77395092039937,1.82052648573776,1.63971042825307,2.24205135144996,1.83992501574841,-0.0255272353732825,0.976155350783753,0.926367169662834,1
"17903","PmetTSAr1.1-029264",2.87749421835496,3.39125877844235,6.76172955863451,4.95117644947286,3.49541085261651,2.51610738128489,2.4725426118794,2.51928194464013,-0.709215380210372,1.87670341366774,0.0268409428450143,1
"17904","PmetTSAr1.1-029313",1.88835558079544,2.11209976552111,1.84410806144578,1.82690467921726,1.63847383716399,1.92241912277947,2.13728259670931,2.29282963500956,0.0623105198215462,1.01575088110985,0.821100296875884,1
"17905","PmetTSAr1.1-029317",1.75347303931005,1.39815054900693,1.5131143068273,1.9063353174441,1.52924224801972,1.89414825332683,1.5086700682654,1.75500539963695,0.021810746576795,0.782000859412785,0.958195262764464,1
"17906","PmetTSAr1.1-029320",1.70851219214826,2.17159553356396,5.43775454016062,4.87174581124603,2.29386337202958,4.09927607063268,1.40390131352474,2.03807078667516,-0.530547889679893,1.61222452118421,0.193831969074627,1
"17907","PmetTSAr1.1-029325",4.40616302185603,4.84890509549213,1.74953841726907,1.53565900571886,2.87643184746567,2.00723173113738,2.36777385713875,2.37774925112102,-0.382344928033495,1.49945915098432,0.297256079365005,1
"17908","PmetTSAr1.1-029327",3.41702438429651,3.51025031452804,3.35722236827308,4.95117644947286,2.7672002583214,6.98290475480188,5.80418901263215,4.33090042168472,0.38315797715143,2.15823013528467,0.245786908623425,1
"17909","PmetTSAr1.1-029331",1.93331642795724,3.59949396659232,1.74953841726907,1.45622836749202,2.00257913431154,1.24391825591612,3.24783139696023,5.03856388928027,0.398206849417403,1.38143388073471,0.322632584996503,1
"17910","PmetTSAr1.1-029351",3.64182862010549,4.10520799495653,2.2223866381526,2.48882666444091,3.05848449603944,4.24063041789588,4.52601020479619,4.52904619261147,0.392881793855534,1.87614922317194,0.189758285198505,1
"17911","PmetTSAr1.1-029361",2.56276828822238,3.56974608257089,1.84410806144578,2.01224283507988,2.69437919889189,1.92241912277947,3.08020138937518,3.42509118316243,0.150841268163389,1.43584305117813,0.622072732301154,1
"17912","PmetTSAr1.1-029365",3.14725930132574,1.4873942010712,2.45881074859437,2.17110411153356,1.74770542630825,1.9506899922321,1.40390131352474,1.50024655130255,-0.478741809658254,1.02350718366141,0.100795829469039,1
"17913","PmetTSAr1.1-029366",2.15812066376622,3.39125877844235,2.31695628232931,3.44199432316295,2.22104231260007,1.75279390606363,3.35260015170088,2.3494427124172,-0.229440495707032,1.4284336856821,0.449889277592835,1
"17914","PmetTSAr1.1-029388",1.88835558079544,2.55831802584247,2.26967146024096,3.30960992611823,1.96616860459678,2.8836286841692,2.97543263463453,3.17033233482803,0.126243127287451,1.43187761662861,0.66649038929511,1
"17915","PmetTSAr1.1-029390",1.43874710917748,3.65898973463516,1.60768395100401,2.8330260967572,1.42001065887546,2.8836286841692,3.62499891402658,3.05710618001275,0.195409437208901,1.40262420065011,0.578761949720628,1
"17916","PmetTSAr1.1-029391",2.74261167686957,2.29058706964966,3.59364647871485,3.28313304670928,2.40309496117385,3.13806650924295,2.87066387989388,2.74573425427071,-0.0880986458764137,1.55740303041609,0.745135746759105,1
"17917","PmetTSAr1.1-029396",2.3829248995752,3.71848550267801,2.97894379156625,3.83914751429714,4.29644250634112,3.78829650665365,3.64595266497471,3.9063023411274,0.264499424154395,1.86276846758087,0.330866116863145,1
"17918","PmetTSAr1.1-029398",2.74261167686957,3.89697280680656,3.40450719036143,4.18334694661344,3.75028456061979,5.03221476256978,4.16979643867797,4.24598080557326,0.267808404423704,1.99886724290439,0.333007960441339,1
"17919","PmetTSAr1.1-029419",1.57362965066287,2.61781379388532,2.60066521485943,1.95928907626199,1.7112948965935,1.10256390865293,1.9906063400724,1.83992501574841,-0.394332937890354,0.988100071683001,0.17005308801323,1
"17920","PmetTSAr1.1-029425",2.20308151092802,2.94504051812099,22.1292967373493,7.81067942563901,4.18721091719686,9.01840735539191,2.13728259670931,3.14202579612421,-0.922869856897213,2.75026203619681,0.12479352356018,1
"17921","PmetTSAr1.1-029426",2.74261167686957,2.67730956192817,2.45881074859437,4.07743942897765,2.87643184746567,3.64694215939046,8.23482412261529,5.03856388928027,0.726490207084665,2.01804653921763,0.0379490637004648,1
"17922","PmetTSAr1.1-029430",1.43874710917748,1.30890689694266,2.60066521485943,3.97153191134187,1.49283171830497,1.61143955880043,1.78106883059109,0.877502699818473,-0.696875260375121,0.961452475693801,0.0548528122968287,1
"17923","PmetTSAr1.1-029439",1.93331642795724,2.20134341758538,2.17510181606425,1.03259829694889,2.14822125317056,1.27218912536876,1.76011507964296,1.72669886093312,-0.0796325493384664,0.876497763308148,0.795354547314774,1
"17924","PmetTSAr1.1-029463",1.75347303931005,3.30201512637807,25.6756583939758,4.20982382602238,6.1897900515084,2.62919085909545,1.17341005309531,2.91557348649364,-1.43648949470461,2.58308481692404,0.0323659913544335,1
"17925","PmetTSAr1.1-029470",2.83253337119316,3.3317630103995,13.3343198289156,3.60085559961663,4.33285303605588,5.39973606545409,3.64595266497471,2.20791001889809,-0.562593338872593,2.28489662563883,0.22289489295732,1
"17926","PmetTSAr1.1-029482",1.93331642795724,2.11209976552111,1.93867770562248,2.35644226739618,2.22104231260007,1.75279390606363,1.78106883059109,2.20791001889809,-0.0790446662141449,1.07005395463741,0.793542069494467,1
"17927","PmetTSAr1.1-029489",2.3379640524134,2.85579686605671,2.9316589694779,2.32996538798723,2.47591602060336,2.48783651183225,1.84393008343548,2.26452309630574,-0.207881303706212,1.32070952080246,0.435428280012216,1
"17928","PmetTSAr1.1-029492",2.56276828822238,3.27226724235665,3.02622861365461,3.20370240848244,2.91284237718042,1.86587738387419,2.34682010619062,3.42509118316243,-0.200182913649322,1.52968315733961,0.48487620589084,1
"17929","PmetTSAr1.1-029507",3.01237675984035,6.06856834037052,1.98596252771084,2.93893361439298,2.40309496117385,3.50558781212726,3.83453642350788,2.68912117686306,-0.176286906726061,1.755059340051,0.612955042058295,1
"17930","PmetTSAr1.1-029513",1.48370795633928,2.49882225779962,1.74953841726907,1.48270524690096,1.52924224801972,1.66798129770571,2.87066387989388,2.15129694149045,0.192603793287438,0.999047300408619,0.536369410692595,1
"17931","PmetTSAr1.1-029516",2.65268998254598,1.42789843302836,2.31695628232931,1.29736709103834,2.0389896640263,1.32873086427404,1.46676256636914,1.18887462556051,-0.338274406666514,0.816968594334658,0.270740760761726,1
"17932","PmetTSAr1.1-029527",1.43874710917748,1.66588150519975,1.98596252771084,2.51530354384985,1.82052648573776,1.38527260317932,1.2362713059397,1.55685962871019,-0.361510346988626,0.815681261362448,0.217192193968945,1
"17933","PmetTSAr1.1-029540",3.46198523145831,3.77798127072086,2.74251968112449,6.96341928455275,3.20412661489846,5.93688258505423,3.77167517066349,6.02929274391403,0.153313980633799,2.188726285889,0.657094880379411,1
"17934","PmetTSAr1.1-029550",1.57362965066287,2.02285611345684,1.56039912891566,2.5417804232588,1.67488436687874,1.72452303661099,1.78106883059109,1.86823155445223,-0.144135452489046,0.933405334759288,0.629003248267131,1
"17935","PmetTSAr1.1-029551",4.7208889519886,3.53999819854947,5.29590007389556,1.69452028217253,3.20412661489846,2.43129477292697,2.2001438495537,2.57589502204778,-0.542951982263823,1.70014940857057,0.108359937940535,1
"17936","PmetTSAr1.1-029552",2.427885746737,3.51025031452804,1.89139288353413,2.1975809909425,2.22104231260007,3.61867128993782,2.6820801213607,3.05710618001275,0.201915832969322,1.46918525652888,0.48034228346586,1
"17937","PmetTSAr1.1-029556",1.97827727511903,2.5880659098639,1.98596252771084,1.40327460867413,2.22104231260007,3.10979563979031,3.05924763842705,2.80234733167835,0.498219807003212,1.29943095083988,0.0790523306048383,1
"17938","PmetTSAr1.1-029574",3.77671116159088,4.34319106712792,2.83708932530119,4.34220822306711,3.56823191204602,3.70348389829574,3.37355390264901,3.48170426057007,-0.12227703795978,1.90406710092759,0.670264693252079,1
"17939","PmetTSAr1.1-029591",1.52866880350107,2.05260399747826,1.98596252771084,1.48270524690096,1.52924224801972,1.3004599948214,2.01156009102053,1.50024655130255,-0.142663082222547,0.795008528454067,0.598011010097869,1
"17940","PmetTSAr1.1-029597",2.3379640524134,1.24941112889981,12.4359082092369,3.09779489084666,3.05848449603944,1.92241912277947,1.7182075777467,0.877502699818473,-1.33170560556401,1.74723382841102,0.0172021537951628,1
"17941","PmetTSAr1.1-029599",2.92245506551675,3.89697280680656,2.74251968112449,2.72711857912142,2.33027390174434,2.99671216197976,2.61921886851631,1.81161847704459,-0.333921802929271,1.49400554633641,0.233591702075579,1
"17942","PmetTSAr1.1-029603",4.04647624456166,3.39125877844235,1.5131143068273,2.22405787035145,2.07540019374105,1.63971042825307,2.97543263463453,2.54758848334395,-0.270186001480313,1.38572039378198,0.416646791047038,1
"17943","PmetTSAr1.1-029620",2.47284659389879,3.65898973463516,2.03324734979919,2.06519659389777,1.34718959944595,3.16633737869559,3.47832265738966,2.94388002519746,0.0994497239055859,1.44154016205108,0.770095087067777,1
"17944","PmetTSAr1.1-029631",3.82167200875268,2.73680532997102,5.24861525180721,1.95928907626199,3.34976873375749,2.85535781471656,2.30491260429436,2.40605578982485,-0.32509378526752,1.64597653314399,0.317281901667223,1
"17945","PmetTSAr1.1-029646",1.52866880350107,0.981680172706995,1.84410806144578,3.20370240848244,2.51232655031811,2.12031520894794,1.61343882300605,1.58516616741402,0.0352024026635492,0.990547952538873,0.915703894096872,1
"17946","PmetTSAr1.1-029649",2.74261167686957,2.94504051812099,6.00517240522086,5.05708396710865,2.73078972860665,3.13806650924295,2.43063510998314,2.91557348649364,-0.577661436525022,1.82741992379345,0.0648824218286732,1
"17947","PmetTSAr1.1-029655",1.88835558079544,1.69562938922117,1.84410806144578,2.27701162916934,1.60206330744923,2.40302390347433,2.32586635524249,1.24548770296816,-0.020849762380615,0.981904261559436,0.966535879809801,1
"17948","PmetTSAr1.1-029658",1.79843388647185,2.26083918562823,2.17510181606425,2.72711857912142,2.07540019374105,5.37146519600145,3.08020138937518,2.26452309630574,0.50909211847368,1.48074019431009,0.121582692832966,1
"17949","PmetTSAr1.1-029684",2.15812066376622,5.20587970374922,1.56039912891566,2.06519659389777,1.74770542630825,2.37475303402169,4.10693518583358,2.91557348649364,0.0171093530525518,1.50693648085497,0.973946460331202,1
"17950","PmetTSAr1.1-029707",1.57362965066287,2.4690743737782,2.74251968112449,2.93893361439298,2.00257913431154,3.44904607322198,2.76589512515323,1.55685962871019,0.00530347142631381,1.32419502803754,0.987928473709065,1
"17951","PmetTSAr1.1-029708",3.37206353713472,3.4507545464852,2.2223866381526,4.20982382602238,2.54873708003287,2.8836286841692,4.14884268772984,3.36847810575478,-0.0366673347404791,1.74212629022372,0.914417266291032,1
"17952","PmetTSAr1.1-029711",3.5519069257819,2.37983072171393,1.89139288353413,7.38704935509588,6.00773740293462,7.77448909947578,1.61343882300605,4.04783503464651,0.345629538814877,2.13740504139559,0.457196230933011,1
"17953","PmetTSAr1.1-029714",2.20308151092802,3.92672069082798,4.3502036321285,3.04484113202877,2.54873708003287,2.77054520635864,4.27456519341862,4.24598080557326,0.037662410546194,1.80142931370847,0.922257868227041,1
"17954","PmetTSAr1.1-029739",2.20308151092802,1.99310822943541,2.55338039277107,1.93281219685304,2.51232655031811,2.37475303402169,2.87066387989388,2.54758848334395,0.258562250325933,1.28421826281877,0.32566921211484,1
"17955","PmetTSAr1.1-029770",2.02323812228083,1.21966324487839,3.40450719036143,3.1242717702556,2.25745284231483,1.27218912536876,0.775288785080829,1.27379424167198,-0.819686264936756,0.974126178524592,0.0278757681585866,1
"17956","PmetTSAr1.1-029792",2.02323812228083,1.87411669334972,3.35722236827308,2.35644226739618,3.24053714461322,3.16633737869559,1.90679133627988,2.12299040278663,0.119979700078245,1.35695968287637,0.698093849949034,1
"17957","PmetTSAr1.1-029799",3.28214184281112,2.82604898203529,1.56039912891566,1.69452028217253,2.36668443145909,2.85535781471656,2.30491260429436,2.6042015607516,0.115644936457985,1.32086917665968,0.701468269986272,1
"17958","PmetTSAr1.1-029804",8.58752180790308,6.21730776047764,11.7739207,4.42163886129395,7.17287435380679,5.6259030210752,5.07080772944758,4.21767426686944,-0.485488198468093,2.73928271864589,0.160197329384103,1
"17959","PmetTSAr1.1-029818",1.79843388647185,1.4873942010712,5.62689382851404,3.68028623784347,3.16771608518371,2.51610738128489,1.13150255119905,0.962422315929938,-0.69809091689151,1.3723945776812,0.119011582141983,1
"17960","PmetTSAr1.1-029820",1.75347303931005,2.79630109801387,2.50609557068272,3.1242717702556,2.40309496117385,3.19460824814823,2.97543263463453,2.97218656390128,0.173132273015472,1.47751685064654,0.517893951950725,1
"17961","PmetTSAr1.1-029826",8.99216943235925,9.34083558272717,7.3764322457831,3.54790184079874,6.66312693780021,2.20512781730586,3.05924763842705,4.67057888613058,-0.819462468011819,2.52969232588441,0.0372544881983484,1
"17962","PmetTSAr1.1-029832",7.28365724021099,7.43697100535602,2.60066521485943,1.5621358851278,3.16771608518371,1.41354347263196,3.9183514273004,2.83065387038217,-0.733858677218629,1.93701460187766,0.104164434669798,1
"17963","PmetTSAr1.1-029849",1.52866880350107,3.30201512637807,1.5131143068273,1.35032084985624,1.49283171830497,2.26166955621114,2.87066387989388,1.89653809315605,0.145445708295357,1.06929349460987,0.670933458075449,1
"17964","PmetTSAr1.1-029871",2.24804235808981,2.26083918562823,1.98596252771084,3.7597168760703,2.40309496117385,2.65746172854809,1.13150255119905,2.43436232852867,-0.267333877029726,1.27626252392687,0.428175986172914,1
"17965","PmetTSAr1.1-029872",1.70851219214826,1.78487304128545,2.69523485903613,2.30348850857828,1.78411595602301,2.99671216197976,2.89161763084201,2.83065387038217,0.315154058582575,1.28735345108478,0.280107676411827,1
"17966","PmetTSAr1.1-029882",2.60772913538418,2.76655321399244,3.49907683453814,3.09779489084666,3.13130555546895,2.60091998964281,2.80780262704949,2.54758848334395,-0.110768906658928,1.55635831988927,0.679470535225741,1
"17967","PmetTSAr1.1-029894",2.15812066376622,2.3500828376925,1.70225359518072,1.40327460867413,1.92975807488203,2.26166955621114,2.82875637799762,2.37774925112102,0.312592592301847,1.13268656764526,0.27155129441856,1
"17968","PmetTSAr1.1-029910",2.51780744106059,4.13495587897795,2.45881074859437,4.89822269065497,1.7112948965935,3.64694215939046,5.92991151832093,5.06687042798409,0.220232531739384,1.95426796013494,0.555877908989944,1
"17969","PmetTSAr1.1-029913",2.47284659389879,2.3500828376925,1.98596252771084,4.47459262011184,5.06106363035098,1.83760651442155,0.754335034132698,2.12299040278663,-0.22378974056571,1.42698050599694,0.628871965438124,1
"17970","PmetTSAr1.1-029925",1.93331642795724,2.26083918562823,2.17510181606425,2.59473418207669,2.91284237718042,2.26166955621114,1.78106883059109,2.40605578982485,0.0466962358852419,1.23385061197515,0.866253969760105,1
"17971","PmetTSAr1.1-029936",2.47284659389879,2.79630109801387,3.02622861365461,2.96541049380193,2.29386337202958,1.27218912536876,1.34104006068035,1.92484463185988,-0.733059483000331,1.21044556662556,0.00967547904810599,1
"17972","PmetTSAr1.1-029963",2.06819896944263,1.6063857371569,5.81603311686745,3.7597168760703,2.4395054908886,1.92241912277947,0.83815003792522,1.47194001259873,-0.993404217290893,1.33940350129703,0.0151425407849194,1
"17973","PmetTSAr1.1-029979",3.01237675984035,2.37983072171393,3.21536790200802,3.65380935843452,2.33027390174434,3.22287911760087,2.4725426118794,3.19863887353185,-0.126718229990645,1.58316545792974,0.646402632729132,1
"17974","PmetTSAr1.1-029998",5.26041911793016,6.663526020799,4.3502036321285,2.27701162916934,3.96874773890832,3.44904607322198,3.75072141971536,4.01952849594268,-0.286680981082393,2.09522796250806,0.385226454018846,1
"17975","PmetTSAr1.1-030006",4.90073234063579,4.9381487475564,6.14702687148592,5.56014467587862,4.26003197662637,2.742274336906,2.17919009860557,3.53831733797771,-0.765664908565689,2.11521603306772,0.0105379996024588,1
"17976","PmetTSAr1.1-030020",1.57362965066287,2.14184764954254,8.88954655261041,2.11815035271566,2.36668443145909,2.00723173113738,1.78106883059109,2.77404079297453,-0.713263386198676,1.5808294139539,0.116216839274523,1
"17977","PmetTSAr1.1-030029",3.46198523145831,3.51025031452804,2.83708932530119,2.32996538798723,3.49541085261651,2.77054520635864,2.61921886851631,2.83065387038217,-0.0522538005273136,1.60372433321701,0.864545756320814,1
"17978","PmetTSAr1.1-030054",2.427885746737,2.91529263409956,2.55338039277107,2.75359545853036,2.00257913431154,2.60091998964281,2.70303387230883,2.32113617371338,-0.14455148609189,1.37760091411823,0.584149956236138,1
"17979","PmetTSAr1.1-030095",1.84339473363365,3.00453628616383,1.56039912891566,2.17110411153356,1.89334754516727,1.9506899922321,1.84393008343548,1.86823155445223,-0.198681597864255,1.05812475707365,0.497891720302074,1
"17980","PmetTSAr1.1-030125",2.78757252403137,1.69562938922117,1.65496877309236,1.08555205576678,2.36668443145909,1.24391825591612,3.2268776460121,2.06637732537899,0.319996984177377,1.05453914226766,0.364700035816195,1
"17981","PmetTSAr1.1-030126",2.51780744106059,1.10067170879269,2.60066521485943,8.79032396377001,6.37184270008217,4.69296432913811,1.21531755499157,1.44363347389491,-0.137613830233874,1.86993267885278,0.819428019110135,1
"17982","PmetTSAr1.1-030129",1.88835558079544,1.27915901292124,1.79682323935742,1.5621358851278,2.18463178288532,3.16633737869559,1.46676256636914,1.67008578352548,0.383364812152661,0.953397490380867,0.218911960069112,1
"17983","PmetTSAr1.1-030130",2.96741591267855,1.13041959281412,2.50609557068272,2.03871971448883,2.62155813946238,2.65746172854809,1.02673379645839,1.21718116426433,-0.198438299112364,1.04807715071002,0.595567481342583,1
"17984","PmetTSAr1.1-030139",5.21545827076836,6.18755987645621,4.68119738674697,3.38904056434506,3.24053714461322,4.29717215680116,4.27456519341862,4.67057888613058,-0.236982440799551,2.18703543924224,0.422925429105029,1
"17985","PmetTSAr1.1-030143",3.28214184281112,1.99310822943541,4.58662774257026,4.36868510247606,4.40567409548539,3.98619259282213,0.880057539821481,1.52855309000637,-0.40315942272265,1.66712494676506,0.364957986732535,1
"17986","PmetTSAr1.1-030150",3.01237675984035,3.09377993822811,2.1278169939759,2.22405787035145,2.80361078803616,2.12031520894794,2.64017261946444,3.05710618001275,0.020634498024204,1.43104563897902,0.948725844875047,1
"17987","PmetTSAr1.1-030151",1.75347303931005,3.30201512637807,20.8053217188754,2.22405787035145,3.38617926347224,5.00394389311714,5.34320649177328,3.53831733797771,-0.696140112411679,2.51062373816999,0.245782811761398,1
"17988","PmetTSAr1.1-030165",1.70851219214826,1.78487304128545,1.98596252771084,3.04484113202877,1.74770542630825,3.87310911501157,2.82875637799762,2.51928194464013,0.357731620137062,1.32681884076786,0.24595176212065,1
"17989","PmetTSAr1.1-030179",2.51780744106059,2.43932648975678,3.02622861365461,1.19145957340256,1.49283171830497,2.00723173113738,1.63439257395418,1.83992501574841,-0.377432673696665,1.04889763929693,0.210444873312245,1
"17990","PmetTSAr1.1-030193",12.5890372053029,14.6954547065835,37.3550094497991,14.7211449513739,16.7488436687874,22.1926325203218,6.62138529960924,10.9263239396752,-0.48999755042084,4.08930340177581,0.249777587358701,1
"17991","PmetTSAr1.1-030197",4.45112386901783,3.92672069082798,6.09974204939757,7.62534126977639,3.78669509033455,2.57264912019017,2.72398762325697,4.27428734427708,-0.730326224295383,2.16592945248843,0.0220648624690951,1
"17992","PmetTSAr1.1-030210",1.93331642795724,1.7253772732426,1.74953841726907,2.30348850857828,2.07540019374105,2.37475303402169,2.17919009860557,2.15129694149045,0.181567987389264,1.08861192308475,0.488205984689262,1
"17993","PmetTSAr1.1-030254",3.68678946726729,3.56974608257089,4.96490631927709,2.35644226739618,2.7672002583214,2.00723173113738,1.92774508722801,2.26452309630574,-0.696302214626853,1.57904805164961,0.0184717452608721,1
"17994","PmetTSAr1.1-030280",2.65268998254598,3.86722492278513,3.26265272409637,3.68028623784347,2.94925290689518,3.30769172595879,2.13728259670931,3.22694541223568,-0.22151676698387,1.67659462611586,0.442013941269034,1
"17995","PmetTSAr1.1-030281",3.68678946726729,4.34319106712792,4.3502036321285,5.00413020829076,3.64105297147553,4.66469345968547,4.02312018204106,4.16106118946179,-0.0784522262524123,2.10366167475989,0.780484598031053,1
"17996","PmetTSAr1.1-030294",4.58600641050321,3.39125877844235,4.58662774257026,6.08968226405753,5.49798998692805,1.80933564496891,1.73916132869483,4.07614157335033,-0.515101573775279,2.00839498368653,0.17809183227173,1
"17997","PmetTSAr1.1-030296",2.15812066376622,1.69562938922117,1.60768395100401,1.64156652335464,1.82052648573776,0.989480430842372,1.08959504930279,1.61347270611784,-0.373422560035962,0.705340423086326,0.210273563363721,1
"17998","PmetTSAr1.1-030298",2.02323812228083,2.23109130160681,1.70225359518072,1.95928907626199,1.52924224801972,2.17685694785322,2.82875637799762,2.40605578982485,0.180757865664399,1.1214463829722,0.527213030684262,1
"17999","PmetTSAr1.1-030331",3.50694607862011,4.75966144342786,3.02622861365461,2.56825730266774,2.7672002583214,1.27218912536876,2.36777385713875,3.31186502834714,-0.514585684737617,1.58689488105314,0.11453664020853,1
"18000","PmetTSAr1.1-030333",5.35034081225375,4.9381487475564,3.87735541124497,1.48270524690096,4.29644250634112,1.9506899922321,1.32008630973222,2.54758848334395,-0.632624760031807,1.70557063162736,0.125094280565425,1
"18001","PmetTSAr1.1-030337",2.06819896944263,3.06403205420668,2.03324734979919,2.78007233793931,2.22104231260007,2.79881607581128,2.45158886093127,2.46266886723249,-0.012663729816843,1.35158303331682,0.986182023284292,1
"18002","PmetTSAr1.1-030341",4.90073234063579,5.53310642798488,2.69523485903613,5.40128339942494,3.93233720919357,6.4174873657491,5.9089577673728,6.96340852114014,0.321714220466019,2.40378551570098,0.31730483321962,1
"18003","PmetTSAr1.1-030349",2.96741591267855,4.61092202332074,2.26967146024096,1.08555205576678,1.82052648573776,1.15910564755821,1.42485506447287,1.52855309000637,-0.883675999841518,1.11090344430299,0.0158593227855135,1
"18004","PmetTSAr1.1-030368",1.52866880350107,2.4690743737782,1.56039912891566,1.80042779980831,1.60206330744923,1.47008521153724,2.11632884576118,1.78331193834077,-0.0842378809653492,0.893594277218632,0.7814403421692,1
"18005","PmetTSAr1.1-030384",2.56276828822238,4.10520799495653,2.55338039277107,3.25665616730033,2.91284237718042,4.24063041789588,4.27456519341862,3.39678464445861,0.24338820835947,1.8007628780109,0.396392817599105,1
"18006","PmetTSAr1.1-030392",7.73326571182895,8.62688636621299,2.1278169939759,4.07743942897765,5.82568475436084,3.27942085650615,4.88222397091441,5.01025735057644,-0.250844586603185,2.39421911993512,0.527445042067429,1
"18007","PmetTSAr1.1-030420",3.5519069257819,3.24251935833523,2.26967146024096,2.80654921734825,3.31335820404273,1.69625216715835,2.4725426118794,2.71742771556688,-0.224582723811102,1.49402411352839,0.451980161382364,1
"18008","PmetTSAr1.1-030426",3.10229845416394,3.71848550267801,1.74953841726907,2.09167347330672,2.62155813946238,2.17685694785322,2.55635761567192,2.03807078667516,-0.187367726955041,1.36099332480079,0.532446321806776,1
"18009","PmetTSAr1.1-030427",2.96741591267855,1.90386457737114,1.56039912891566,2.59473418207669,3.67746350119028,2.62919085909545,2.55635761567192,0.99072885463376,0.120359524046015,1.27517471541345,0.741250121714831,1
"18010","PmetTSAr1.1-030451",3.10229845416394,2.67730956192817,1.60768395100401,2.80654921734825,3.67746350119028,2.79881607581128,3.14306264221958,2.6042015607516,0.253403444469395,1.51975443906356,0.37172959544156,1
"18011","PmetTSAr1.1-030488",1.43874710917748,1.4873942010712,2.26967146024096,2.40939602621407,2.22104231260007,2.14858607840058,1.15245630214718,1.13226154815287,-0.206358783202525,0.879134540850888,0.539132865790624,1
"18012","PmetTSAr1.1-030499",3.10229845416394,4.64066990734216,1.60768395100401,3.33608680552717,1.96616860459678,4.57988085132755,5.30129898987702,4.27428734427708,0.341927699085404,1.87928473307959,0.345487071396667,1
"18013","PmetTSAr1.1-030504",1.57362965066287,0.892436520642723,1.65496877309236,1.13850581458467,1.63847383716399,1.35700173372668,1.06864129835466,1.35871385778344,0.0585300602686232,0.473771214791256,0.906394922051679,1
"18014","PmetTSAr1.1-030522",8.94720858519745,10.1440284513056,2.36424110441766,5.56014467587862,5.8620952840756,4.80604780694866,15.9038969696311,8.37873545633123,0.371608164458528,2.96799501090122,0.408746645923563,1
"18015","PmetTSAr1.1-030540",4.40616302185603,7.4072231213346,4.01920987751002,7.46647999332272,5.13388468978049,11.0256390865293,10.2673379645839,7.75599160484715,0.549055515243636,2.86089541516074,0.109392592673678,1
"18016","PmetTSAr1.1-030546",2.20308151092802,4.25394741506365,1.89139288353413,2.91245673498404,2.47591602060336,3.3925043343167,3.96025892919667,3.31186502834714,0.214358478080493,1.64339235587451,0.487447907477048,1
"18017","PmetTSAr1.1-030574",1.84339473363365,1.90386457737114,2.64795003694778,1.66804340276359,1.74770542630825,1.69625216715835,1.55057757016166,1.24548770296816,-0.360161324756541,0.880483220374386,0.184649513969137,1
"18018","PmetTSAr1.1-030594",1.48370795633928,1.63613362117833,1.79682323935742,1.66804340276359,2.00257913431154,1.4418143420846,2.26300510239809,2.26452309630574,0.278090137687822,0.914084265649712,0.311143041365744,1
"18019","PmetTSAr1.1-030597",3.64182862010549,6.18755987645621,2.1278169939759,4.68640765538341,2.80361078803616,5.93688258505423,7.10332157141624,6.34066466965606,0.410263288540244,2.30255175088624,0.265882585868126,1
"18020","PmetTSAr1.1-030609",1.66355134498646,2.17159553356396,2.08053217188754,3.1242717702556,2.40309496117385,2.68573259800072,2.24205135144996,1.52855309000637,-0.0430277573564167,1.20379820592998,0.915842468715476,1
"18021","PmetTSAr1.1-030610",2.69765082970777,3.74823338669944,1.74953841726907,3.44199432316295,2.58514760974762,3.22287911760087,4.35838019721114,3.9063023411274,0.266815587385844,1.71725454379865,0.38261399702699,1
"18022","PmetTSAr1.1-030612",3.82167200875268,1.69562938922117,2.74251968112449,1.95928907626199,2.73078972860665,1.15910564755821,2.03251384196866,2.97218656390128,-0.191256019568432,1.28591317915004,0.570707993859579,1
"18023","PmetTSAr1.1-030617",7.73326571182895,7.88318926567739,5.48503936224898,7.81067942563901,8.77493766125602,11.6193273450347,5.44797524651393,6.34066466965606,0.151437089597968,2.94482784513098,0.639080979063112,1
"18024","PmetTSAr1.1-030638",2.11315981660442,2.70705744594959,2.55338039277107,1.98576595567094,2.98566343660993,1.18737651701085,1.7182075777467,2.26452309630574,-0.206949732869383,1.16639640164194,0.51110733528637,1
"18025","PmetTSAr1.1-030644",3.41702438429651,3.39125877844235,6.99815366907628,2.11815035271566,21.5550335911351,8.00065605509689,4.81936271807002,2.74573425427071,1.22241602329177,2.73977787858027,0.0209022578057731,1
"18026","PmetTSAr1.1-030656",7.86814825331434,6.48503871667045,2.55338039277107,4.65993077597446,2.07540019374105,2.00723173113738,8.36054662830407,4.98195081187262,-0.303332560315118,2.30525633115042,0.502601161270034,1
"18027","PmetTSAr1.1-030657",1.79843388647185,2.3500828376925,2.03324734979919,2.48882666444091,2.18463178288532,1.92241912277947,2.28395885334622,2.54758848334395,0.0345380876700312,1.18047461182199,0.889212947513858,1
"18028","PmetTSAr1.1-030666",2.3379640524134,2.97478840214241,2.50609557068272,2.99188737321088,2.07540019374105,2.14858607840058,2.84971012894575,2.40605578982485,-0.190733502877782,1.37907337080135,0.466365477681999,1
"18029","PmetTSAr1.1-030669",3.14725930132574,3.53999819854947,3.12079825783131,3.38904056434506,3.56823191204602,4.01446346227477,3.96025892919667,3.56662387668154,0.193401250168349,1.84952001973578,0.459439104781926,1
"18030","PmetTSAr1.1-030670",3.64182862010549,5.08688816766352,3.02622861365461,3.60085559961663,4.36926356577063,3.61867128993782,4.44219520100367,4.67057888613058,0.1502002854461,2.04389651328179,0.597168974857221,1
"18031","PmetTSAr1.1-030671",2.29300320525161,3.30201512637807,1.70225359518072,2.38291914680512,1.78411595602301,2.37475303402169,2.34682010619062,2.06637732537899,-0.181892654609727,1.23133915268935,0.54095147884991,1
"18032","PmetTSAr1.1-030675",3.82167200875268,2.17159553356396,3.78278576706826,3.28313304670928,3.38617926347224,4.01446346227477,1.94869883817614,1.67008578352548,-0.244122026987113,1.61389925532801,0.465255081138181,1
"18033","PmetTSAr1.1-030678",1.75347303931005,2.40957860573535,2.36424110441766,4.13039318779555,3.31335820404273,4.74950606804339,4.4631489519518,3.39678464445861,0.568108896994745,1.76470912493932,0.0657586345299453,1
"18034","PmetTSAr1.1-030689",3.5519069257819,3.56974608257089,2.97894379156625,6.22206666110226,4.55131621434441,5.06048563202242,5.30129898987702,5.26501619891084,0.298477975528475,2.21249299487091,0.324186526844913,1
"18035","PmetTSAr1.1-030700",2.47284659389879,1.7253772732426,2.31695628232931,3.07131801143771,2.33027390174434,2.57264912019017,1.80202258153922,1.67008578352548,-0.201166641060486,1.2041949775574,0.502282009637746,1
"18036","PmetTSAr1.1-030738",1.70851219214826,3.65898973463516,1.79682323935742,2.91245673498404,2.07540019374105,1.89414825332683,2.87066387989388,2.49097540593631,-0.12238386367284,1.32026507862581,0.722109974857962,1
"18037","PmetTSAr1.1-030771",2.24804235808981,2.11209976552111,2.88437414738955,1.77395092039937,2.80361078803616,2.742274336906,2.17919009860557,1.9531511705637,0.10952956906967,1.25905830609546,0.704769143214625,1
"18038","PmetTSAr1.1-030776",1.43874710917748,1.99310822943541,2.45881074859437,1.85338155862621,1.23795801030168,2.91189955362184,3.24783139696023,1.92484463185988,0.279587974796928,1.13924578522915,0.401018135843635,1
"18039","PmetTSAr1.1-030784",1.43874710917748,1.75512515726402,1.74953841726907,1.5621358851278,1.63847383716399,2.20512781730586,1.94869883817614,2.03807078667516,0.269509181719398,0.893117482475202,0.312900749546094,1
"18040","PmetTSAr1.1-030796",2.11315981660442,2.79630109801387,1.74953841726907,4.07743942897765,2.33027390174434,5.79552823779104,4.31647269531488,2.46266886723249,0.464378191972516,1.71507803866285,0.192169268918372,1
"18041","PmetTSAr1.1-030825",2.11315981660442,2.61781379388532,1.89139288353413,2.59473418207669,2.33027390174434,2.79881607581128,2.36777385713875,2.32113617371338,0.0801516943859964,1.29014350757393,0.75268519277894,1
"18042","PmetTSAr1.1-030837",2.02323812228083,3.03428417018526,3.45179201244979,3.38904056434506,1.74770542630825,3.92965085391685,2.07442134386492,2.51928194464013,-0.213567265778525,1.50263148782546,0.506032196395979,1
"18043","PmetTSAr1.1-030849",2.51780744106059,2.55831802584247,2.74251968112449,3.07131801143771,3.05848449603944,4.04273433172741,4.02312018204106,2.83065387038217,0.357941601977078,1.66615729824706,0.186364020187834,1
"18044","PmetTSAr1.1-030855",2.11315981660442,2.73680532997102,2.26967146024096,1.74747404099042,2.33027390174434,1.89414825332683,2.07442134386492,1.75500539963695,-0.140008903247676,1.12035203569251,0.624535005537537,1
"18045","PmetTSAr1.1-030857",3.19222014848753,4.43243471919219,3.12079825783131,2.40939602621407,2.36668443145909,2.57264912019017,2.89161763084201,2.68912117686306,-0.319739829775903,1.59412586479471,0.250792579361471,1
"18046","PmetTSAr1.1-030874",2.11315981660442,2.70705744594959,2.74251968112449,2.85950297616615,1.56565277773448,1.86587738387419,2.40968135903501,3.36847810575478,-0.17653335426096,1.33221641953113,0.553958749861385,1
"18047","PmetTSAr1.1-030885",3.05733760700214,1.78487304128545,1.74953841726907,1.50918212630991,2.33027390174434,1.61143955880043,1.27817880783596,1.35871385778344,-0.299357620828124,0.914134578794815,0.335134141202872,1
"18048","PmetTSAr1.1-030892",2.60772913538418,3.03428417018526,2.45881074859437,2.56825730266774,2.98566343660993,3.13806650924295,2.13728259670931,2.66081463815924,0.0257016846982164,1.46456697548678,0.922490008050072,1
"18049","PmetTSAr1.1-030912",3.23718099564933,3.00453628616383,3.83007058915661,3.60085559961663,3.27694767432797,4.21235954844324,3.77167517066349,3.87799580242358,0.150000701740592,1.87357403459537,0.579719441187097,1
"18050","PmetTSAr1.1-030927",4.90073234063579,5.02739239962067,3.45179201244979,3.8126706348882,4.29644250634112,2.20512781730586,3.54118391023405,3.56662387668154,-0.339994059480147,1.96630887435849,0.259464533244619,1
"18051","PmetTSAr1.1-030937",2.69765082970777,2.14184764954254,2.41152592650602,2.32996538798723,1.96616860459678,1.89414825332683,2.11632884576118,2.06637732537899,-0.245158266574437,1.17667071754442,0.332648668967289,1
"18052","PmetTSAr1.1-030956",2.47284659389879,1.90386457737114,4.01920987751002,3.62733247902557,3.20412661489846,4.21235954844324,2.11632884576118,2.40605578982485,-0.0106470827035103,1.60981164212363,0.980995211680075,1
"18053","PmetTSAr1.1-030963",1.43874710917748,2.20134341758538,1.5131143068273,2.56825730266774,1.60206330744923,3.25114998705351,3.93930517824853,3.651543492793,0.679098586751929,1.37859727664619,0.0344269738782681,1
"18054","PmetTSAr1.1-030971",1.43874710917748,1.51714208509263,1.60768395100401,2.96541049380193,1.60206330744923,2.06377347004266,1.96965258912427,1.78331193834077,-0.0355493476983766,0.954008221116469,0.933907711014747,1
"18055","PmetTSAr1.1-030998",2.47284659389879,3.95646857484941,2.03324734979919,3.44199432316295,2.54873708003287,3.22287911760087,2.78684887610136,3.14202579612421,-0.0367532206569871,1.59431925066382,0.924502468385941,1
"18056","PmetTSAr1.1-031014",1.61859049782466,1.75512515726402,2.08053217188754,1.87985843803515,1.67488436687874,1.55489781989516,2.17919009860557,1.83992501574841,-0.00888622650806617,0.914920812494921,0.980861023195923,1
"18057","PmetTSAr1.1-031040",2.29300320525161,2.20134341758538,1.93867770562248,1.11202893517572,1.23795801030168,1.49835608098988,2.05346759291679,2.06637732537899,-0.117354610377053,0.894465540147633,0.686619844285872,1
"18058","PmetTSAr1.1-031069",2.78757252403137,1.93361246139257,3.30993754618473,4.44811574070289,2.87643184746567,4.52333911242227,2.91257138179014,3.22694541223568,0.115143375324202,1.72971955211266,0.715736823355026,1
"18059","PmetTSAr1.1-031080",8.18287418344691,8.77562578632011,4.87033667510038,3.04484113202877,4.55131621434441,2.48783651183225,3.87644392540414,7.75599160484715,-0.412988818841167,2.45856323561178,0.304155704759132,1
"18060","PmetTSAr1.1-031098",16.320787519732,7.64520619350599,3.21536790200802,1.5621358851278,23.4483811363024,4.66469345968547,4.27456519341862,1.64177924482166,0.24310254392173,2.97875409601272,0.729097553501423,1
"18061","PmetTSAr1.1-031104",2.83253337119316,2.67730956192817,1.89139288353413,2.06519659389777,2.11181072345581,1.35700173372668,2.32586635524249,2.12299040278663,-0.25530857976974,1.15870705857707,0.374762507071364,1
"18062","PmetTSAr1.1-031113",2.51780744106059,3.80772915474228,1.84410806144578,4.05096254956871,2.58514760974762,3.64694215939046,5.67846650694337,4.01952849594268,0.375653799263951,1.84707793367195,0.252783093957796,1
"18063","PmetTSAr1.1-031172",2.47284659389879,3.65898973463516,1.65496877309236,1.32384397044729,2.22104231260007,1.10256390865293,1.40390131352474,1.89653809315605,-0.469221494237249,1.0165064859956,0.1792079400581,1
"18064","PmetTSAr1.1-031179",2.74261167686957,1.54688996911405,3.73550094497991,4.1039163083866,4.1508003874821,3.61867128993782,3.20592389506397,3.36847810575478,0.241134806338275,1.75271370562229,0.453134529529358,1
"18065","PmetTSAr1.1-031184",1.61859049782466,2.11209976552111,1.93867770562248,2.38291914680512,1.3836001291607,2.96844129252712,2.07442134386492,2.26452309630574,0.106020674043299,1.11154333822826,0.719011420105778,1
"18066","PmetTSAr1.1-031234",2.96741591267855,1.96336034541399,2.50609557068272,3.38904056434506,2.91284237718042,3.36423346486407,0.775288785080829,2.40605578982485,-0.203502186243149,1.37303771166211,0.604464070490282,1
"18067","PmetTSAr1.1-031257",1.66355134498646,2.32033495367108,1.84410806144578,1.32384397044729,1.23795801030168,1.38527260317932,2.4725426118794,3.67985003149682,0.301721129514902,1.04181988960038,0.396996311228492,1
"18068","PmetTSAr1.1-031263",1.61859049782466,2.14184764954254,2.50609557068272,1.2708902116294,1.45642118859021,1.21564738646349,2.17919009860557,1.75500539963695,-0.170568053108191,0.868882485620343,0.556580732532709,1
"18069","PmetTSAr1.1-031272",1.75347303931005,2.23109130160681,2.36424110441766,1.45622836749202,1.74770542630825,1.4418143420846,0.963872543614003,1.35871385778344,-0.50797223168142,0.778836781452661,0.0839331686149959,1
"18070","PmetTSAr1.1-031276",2.87749421835496,3.71848550267801,2.26967146024096,1.5621358851278,2.62155813946238,1.04602216974765,2.26300510239809,2.80234733167835,-0.256551963899076,1.29415738258121,0.457164692702798,1
"18071","PmetTSAr1.1-031306",2.15812066376622,1.99310822943541,3.21536790200802,6.38092793755594,2.29386337202958,4.74950606804339,4.16979643867797,3.96291541853504,0.137879097372123,1.88345976646814,0.717876250252705,1
"18072","PmetTSAr1.1-031308",3.05733760700214,4.90840086353498,2.74251968112449,2.09167347330672,1.89334754516727,2.31821129511641,2.40968135903501,2.49097540593631,-0.488922056991333,1.48479104594861,0.104140852563461,1
"18073","PmetTSAr1.1-031348",5.17049742360657,5.41411489189919,5.24861525180721,5.32185276119811,4.8061899223477,4.55160998187491,6.99855281667559,5.09517696668791,0.0223534328309669,2.4304503391501,0.945725481184228,1
"18074","PmetTSAr1.1-031373",2.24804235808981,3.06403205420668,2.78980450321284,1.35032084985624,2.51232655031811,1.89414825332683,2.30491260429436,2.15129694149045,-0.0870425130820684,1.23020602311249,0.770700981246087,1
"18075","PmetTSAr1.1-031450",2.56276828822238,4.13495587897795,2.55338039277107,2.14462723212461,2.7672002583214,2.43129477292697,2.89161763084201,2.88726694778981,-0.0572283528690323,1.51593933324541,0.85093279839106,1
"18076","PmetTSAr1.1-031474",7.86814825331434,5.77108950015627,2.41152592650602,2.48882666444091,3.49541085261651,1.52662695044252,4.23265769152236,3.36847810575478,-0.550935417299144,1.98128719838738,0.17977285643004,1
"18077","PmetTSAr1.1-031489",2.06819896944263,0.862688636621299,2.97894379156625,3.1772255290735,2.00257913431154,2.77054520635864,1.90679133627988,1.24548770296816,-0.194204555911103,1.12664476264603,0.605918284763589,1
"18078","PmetTSAr1.1-031512",2.02323812228083,2.05260399747826,1.60768395100401,2.01224283507988,1.92975807488203,2.06377347004266,2.91257138179014,2.3494427124172,0.267851235694583,1.12921377993049,0.328937132942851,1
"18079","PmetTSAr1.1-031546",1.43874710917748,1.63613362117833,8.98411619678711,2.62121106148563,2.22104231260007,2.28994042566378,1.94869883817614,2.68912117686306,-0.673698706186004,1.5922761709743,0.147469298257443,1
"18080","PmetTSAr1.1-031549",1.79843388647185,1.87411669334972,1.5131143068273,1.5621358851278,1.3836001291607,2.06377347004266,1.32008630973222,1.52855309000637,-0.102328671080184,0.758004708094059,0.716328617562346,1
"18081","PmetTSAr1.1-031567",1.75347303931005,1.57663785313548,2.83708932530119,2.75359545853036,3.56823191204602,2.79881607581128,2.36777385713875,1.33040731907962,0.169469765832961,1.28240576238662,0.60457233297083,1
"18082","PmetTSAr1.1-031584",17.1750436158062,10.6199945956484,3.83007058915661,1.64156652335464,28.2181605289353,5.93688258505423,5.61560525409897,1.41532693519109,0.30751283700265,3.22437914716067,0.667725192271037,1
"18083","PmetTSAr1.1-031586",2.20308151092802,2.88554475007814,6.24159651566263,10.1935985724441,2.91284237718042,7.91584344673898,1.84393008343548,2.26452309630574,-0.529938797997299,2.20837040418274,0.295754230705525,1
"18084","PmetTSAr1.1-031589",1.66355134498646,3.2127714743138,1.56039912891566,2.32996538798723,1.27436854001643,3.50558781212726,2.91257138179014,4.13275465075797,0.424039284998665,1.40598605572224,0.230899121955929,1
"18085","PmetTSAr1.1-031596",1.66355134498646,2.32033495367108,2.2223866381526,1.40327460867413,1.27436854001643,1.92241912277947,2.43063510998314,1.64177924482166,-0.0493328063333196,0.943376258953713,0.849210557725204,1
"18086","PmetTSAr1.1-031613",1.93331642795724,1.84436880932829,2.88437414738955,2.38291914680512,2.54873708003287,2.99671216197976,3.14306264221958,2.57589502204778,0.324526389702721,1.38013642000637,0.234943729469792,1
"18087","PmetTSAr1.1-031622",2.74261167686957,3.77798127072086,3.02622861365461,1.11202893517572,2.62155813946238,1.47008521153724,1.08959504930279,1.38702039648726,-0.704350338497677,1.13667130990469,0.0580109401769907,1
"18088","PmetTSAr1.1-031687",2.87749421835496,3.53999819854947,3.97192505542167,1.45622836749202,3.56823191204602,2.54437825073753,2.59826511756818,3.05710618001275,-0.00364911562763426,1.58724219234727,1,1
"18089","PmetTSAr1.1-031706",1.84339473363365,3.2127714743138,1.74953841726907,2.46234978503196,1.89334754516727,4.66469345968547,3.7088139178191,2.88726694778981,0.498187977915291,1.52535356168115,0.124894338578495,1
"18090","PmetTSAr1.1-031732",2.02323812228083,1.21966324487839,4.11377952168673,3.15074864966455,2.73078972860665,1.75279390606363,1.17341005309531,1.33040731907962,-0.592375081867095,1.15865938585811,0.114792514059373,1
"18091","PmetTSAr1.1-031756",2.24804235808981,2.08235188149969,1.84410806144578,2.38291914680512,2.33027390174434,2.79881607581128,3.75072141971536,2.54758848334395,0.419233699879664,1.36098700993875,0.124252233347249,1
"18092","PmetTSAr1.1-031770",2.06819896944263,2.37983072171393,1.89139288353413,1.69452028217253,1.96616860459678,2.20512781730586,2.36777385713875,2.29282963500956,0.140151748525503,1.11913384131477,0.614140463927869,1
"18093","PmetTSAr1.1-031772",2.74261167686957,3.06403205420668,2.1278169939759,2.46234978503196,2.00257913431154,2.57264912019017,2.64017261946444,2.43436232852867,-0.107037708064374,1.36156247160212,0.700615377715958,1
"18094","PmetTSAr1.1-031790",2.51780744106059,1.13041959281412,4.30291881004014,3.23017928789139,3.53182138233126,2.62919085909545,0.880057539821481,0.962422315929938,-0.486327204370323,1.28720925129986,0.287561766222174,1
"18095","PmetTSAr1.1-031801",1.70851219214826,1.10067170879269,3.16808307991967,2.85950297616615,3.02207396632469,2.8836286841692,0.984826294562134,1.3021007803758,-0.114794040239618,1.1245072140101,0.796181669717485,1
"18096","PmetTSAr1.1-031810",6.06971436684249,6.24705564449906,3.59364647871485,2.91245673498404,4.40567409548539,2.00723173113738,3.79262892161162,1.98145770926752,-0.627171121900207,1.97396325769996,0.0808452988279918,1
"18097","PmetTSAr1.1-031831",2.29300320525161,2.17159553356396,2.26967146024096,1.82690467921726,1.92975807488203,2.00723173113738,2.03251384196866,2.06637732537899,-0.0828592668187154,1.09309341812343,0.74233389445631,1
"18098","PmetTSAr1.1-031836",1.43874710917748,2.02285611345684,1.98596252771084,1.66804340276359,1.34718959944595,1.41354347263196,1.36199381162848,1.41532693519109,-0.362427877021395,0.714073665617964,0.176771507375865,1
"18099","PmetTSAr1.1-031839",2.3379640524134,1.96336034541399,2.60066521485943,1.40327460867413,1.85693701545252,1.63971042825307,1.02673379645839,1.9531511705637,-0.353137283456523,0.923250131511322,0.236623876714985,1
"18100","PmetTSAr1.1-031879",2.92245506551675,3.4507545464852,9.26782512931723,3.78619375547925,3.71387403090504,3.05325390088503,4.14884268772984,4.50073965390765,-0.326454793342928,2.13880996241451,0.368918293724116,1
"18101","PmetTSAr1.1-031896",3.46198523145831,4.72991355940643,3.30993754618473,3.65380935843452,2.36668443145909,3.44904607322198,3.26878514790836,2.49097540593631,-0.388611653118716,1.76720067400084,0.162916212615793,1
"18102","PmetTSAr1.1-031917",1.88835558079544,2.79630109801387,3.16808307991967,1.87985843803515,1.67488436687874,4.46679737351699,4.00216643109293,2.3494427124172,0.369505050004215,1.50936468385075,0.286749272074669,1
"18103","PmetTSAr1.1-031942",2.3829248995752,2.76655321399244,1.60768395100401,1.66804340276359,2.11181072345581,1.4418143420846,1.19436380404344,1.47194001259873,-0.452565636806092,0.915318068275078,0.136064225621369,1
"18104","PmetTSAr1.1-031947",1.97827727511903,2.5880659098639,2.2223866381526,2.91245673498404,1.56565277773448,3.30769172595879,3.4364151554934,2.57589502204778,0.166066570130754,1.40323519403093,0.590702440465484,1
"18105","PmetTSAr1.1-031982",4.09143709172346,6.18755987645621,2.45881074859437,3.20370240848244,2.54873708003287,4.9756730236645,4.1907501896261,3.62323695408918,-0.0572760407004411,1.9922501237355,0.868105459579217,1
"18106","PmetTSAr1.1-031999",1.88835558079544,1.57663785313548,2.17510181606425,3.23017928789139,1.49283171830497,3.22287911760087,4.04407393298919,2.06637732537899,0.2900048472957,1.34254654955259,0.404100277494088,1
"18107","PmetTSAr1.1-032053",3.01237675984035,3.4507545464852,2.9316589694779,4.02448567015976,2.7672002583214,3.81656737610629,3.05924763842705,3.28355848964332,-0.0594720658640567,1.74780989857496,0.84590651777144,1
"18108","PmetTSAr1.1-032066",2.02323812228083,1.78487304128545,8.03841975502005,4.1039163083866,3.02207396632469,2.85535781471656,0.796242536028959,1.38702039648726,-0.985954420282323,1.60267406462989,0.0414233057376736,1
"18109","PmetTSAr1.1-032070",2.78757252403137,3.09377993822811,1.89139288353413,1.69452028217253,2.91284237718042,1.92241912277947,1.76011507964296,1.35871385778344,-0.259419170256052,1.1589772571496,0.422581965545575,1
"18110","PmetTSAr1.1-032074",1.66355134498646,2.14184764954254,2.74251968112449,3.68028623784347,2.22104231260007,4.66469345968547,4.12788893678171,2.57589502204778,0.406705695795986,1.60921502267022,0.220260344743098,1
"18111","PmetTSAr1.1-032078",1.61859049782466,1.57663785313548,3.83007058915661,1.40327460867413,1.56565277773448,1.3004599948214,1.5086700682654,0.962422315929938,-0.639564272064745,0.819345672061529,0.0605185996760353,1
"18112","PmetTSAr1.1-032082",2.69765082970777,3.03428417018526,2.88437414738955,1.58861276453675,2.14822125317056,1.86587738387419,0.880057539821481,1.58516616741402,-0.661345954143575,1.09253030692425,0.0398195858251993,1
"18113","PmetTSAr1.1-032091",2.02323812228083,1.45764631704978,1.56039912891566,1.93281219685304,1.82052648573776,1.35700173372668,1.02673379645839,1.81161847704459,-0.225155326538846,0.748396590495843,0.453890344469303,1
"18114","PmetTSAr1.1-032127",2.65268998254598,1.42789843302836,1.65496877309236,4.20982382602238,2.51232655031811,2.99671216197976,2.07442134386492,2.26452309630574,-0.0255776825060201,1.34489968550824,0.955863640328531,1
"18115","PmetTSAr1.1-032145",1.79843388647185,3.24251935833523,1.93867770562248,2.80654921734825,1.3836001291607,3.6752130288431,3.2268776460121,4.6988854248344,0.401952044490866,1.54689830636924,0.253787689924451,1
"18116","PmetTSAr1.1-032154",3.19222014848753,4.46218260321361,2.78980450321284,2.70064169971247,3.13130555546895,2.99671216197976,5.44797524651393,4.52904619261147,0.294292754840443,1.89788884533523,0.339036706692276,1
"18117","PmetTSAr1.1-032210",2.3829248995752,2.94504051812099,1.56039912891566,2.67416482030353,2.25745284231483,1.83760651442155,2.17919009860557,1.9531511705637,-0.230308943158622,1.19431164905375,0.422305171044535,1
"18118","PmetTSAr1.1-032216",2.11315981660442,1.36840266498551,3.21536790200802,2.03871971448883,1.42001065887546,1.21564738646349,1.80202258153922,3.28355848964332,-0.163910399708762,1.07816553955363,0.641370231214869,1
"18119","PmetTSAr1.1-032229",1.70851219214826,2.61781379388532,2.97894379156625,2.70064169971247,1.20154748058692,2.12031520894794,1.9906063400724,2.09468386408281,-0.428400052811534,1.1621367594859,0.141826964461968,1
"18120","PmetTSAr1.1-032235",1.52866880350107,1.30890689694266,1.74953841726907,2.09167347330672,1.85693701545252,1.21564738646349,1.08959504930279,1.47194001259873,-0.262576219401465,0.67468286848033,0.388355389004272,1
"18121","PmetTSAr1.1-032290",1.84339473363365,0.981680172706995,1.74953841726907,3.38904056434506,1.52924224801972,1.10256390865293,1.19436380404344,2.12299040278663,-0.431903886011184,0.848314735450847,0.230666837290231,1
"18122","PmetTSAr1.1-032293",3.23718099564933,1.75512515726402,9.22054030722888,1.21793645281151,5.06106363035098,5.65417389052784,4.37933394815927,4.24598080557326,0.335649175950151,2.13476602361082,0.490766730661464,1
"18123","PmetTSAr1.1-032299",1.61859049782466,1.6063857371569,2.45881074859437,1.32384397044729,1.74770542630825,1.10256390865293,2.28395885334622,2.00976424797134,0.0487232720675907,0.86975221514846,0.914308725966795,1
"18124","PmetTSAr1.1-032332",1.43874710917748,1.78487304128545,2.03324734979919,3.38904056434506,2.4395054908886,1.75279390606363,1.29913255878409,1.21718116426433,-0.389613367639757,0.985900273735408,0.25450249340483,1
"18125","PmetTSAr1.1-032402",1.48370795633928,1.33865478096408,3.92464023333332,1.64156652335464,1.3836001291607,1.75279390606363,0.942918792665873,0.934115777226117,-0.730702896176338,0.780049732271034,0.0439702617625662,1
"18126","PmetTSAr1.1-032406",3.01237675984035,2.29058706964966,2.60066521485943,3.86562439370609,2.94925290689518,1.47008521153724,1.5086700682654,2.06637732537899,-0.572493262012514,1.33641006556348,0.06440513726614,1
"18127","PmetTSAr1.1-032431",3.10229845416394,3.86722492278513,1.74953841726907,2.11815035271566,2.84002131775091,2.48783651183225,1.9906063400724,2.03807078667516,-0.221496733083264,1.36967000035164,0.476423326171949,1
"18128","PmetTSAr1.1-032446",1.79843388647185,1.90386457737114,2.1278169939759,3.23017928789139,1.34718959944595,3.73175476774837,3.16401639316771,2.20791001889809,0.204623159745808,1.32850092787934,0.543153100692,1
"18129","PmetTSAr1.1-032478",1.70851219214826,1.7253772732426,2.08053217188754,1.80042779980831,1.56565277773448,1.04602216974765,1.06864129835466,2.12299040278663,-0.337959329394458,0.761256677348844,0.255845870023238,1
"18130","PmetTSAr1.1-032480",2.02323812228083,1.69562938922117,3.68821612289155,1.5621358851278,1.96616860459678,1.15910564755821,1.94869883817614,1.92484463185988,-0.339497434278014,1.03163055310517,0.2850069143253,1
"18131","PmetTSAr1.1-032521",2.69765082970777,2.17159553356396,3.6409313008032,2.59473418207669,2.4395054908886,2.68573259800072,1.76011507964296,1.92484463185988,-0.329564314346041,1.34539894878188,0.242652966401868,1
"18132","PmetTSAr1.1-032533",1.97827727511903,2.08235188149969,2.97894379156625,1.93281219685304,1.92975807488203,1.89414825332683,2.30491260429436,1.78331193834077,-0.167067228482861,1.11612199803552,0.529173208521557,1
"18133","PmetTSAr1.1-032545",1.52866880350107,2.20134341758538,1.56039912891566,1.53565900571886,1.42001065887546,1.78106477551627,2.09537509481305,2.17960348019427,0.131228351197503,0.891235768671352,0.640910744552342,1
"18134","PmetTSAr1.1-032584",1.84339473363365,2.49882225779962,7.04543849116463,2.56825730266774,4.11438985776735,2.91189955362184,2.57731136662005,2.00976424797134,-0.260164019901482,1.69646459293693,0.514461219782162,1
"18135","PmetTSAr1.1-032610",1.43874710917748,2.61781379388532,2.64795003694778,1.93281219685304,1.42001065887546,2.91189955362184,2.59826511756818,3.19863887353185,0.23383693640252,1.2709984068695,0.46934415800101,1
"18136","PmetTSAr1.1-032617",2.06819896944263,2.76655321399244,2.1278169939759,1.37679772926518,1.49283171830497,1.18737651701085,1.94869883817614,1.9531511705637,-0.3319981706772,0.943863011424029,0.26523276686171,1
"18137","PmetTSAr1.1-032647",1.84339473363365,2.52857014182105,1.74953841726907,1.5621358851278,1.78411595602301,2.82708694526392,2.59826511756818,2.09468386408281,0.277964402376427,1.13163193529371,0.332535251645378,1
"18138","PmetTSAr1.1-032652",1.43874710917748,1.10067170879269,1.89139288353413,1.35032084985624,1.67488436687874,1.78106477551627,1.80202258153922,1.52855309000637,0.250655277209421,0.705861041014182,0.405348651025413,1
"18139","PmetTSAr1.1-032763",1.66355134498646,1.36840266498551,2.08053217188754,1.98576595567094,1.3836001291607,2.00723173113738,1.76011507964296,1.55685962871019,-0.0717364176673595,0.837131851358148,0.806470577540365,1
"18140","PmetTSAr1.1-032781",2.24804235808981,1.18991536085696,1.74953841726907,1.35032084985624,1.74770542630825,1.04602216974765,0.796242536028959,1.58516616741402,-0.335597000367524,0.596575959097711,0.305834942741015,1
"18141","PmetTSAr1.1-032944",2.20308151092802,3.03428417018526,2.08053217188754,1.80042779980831,2.25745284231483,3.87310911501157,2.01156009102053,1.78331193834077,0.118835218070573,1.28891507033904,0.707256467786695,1
"18142","PmetTSAr1.1-032952",3.32710268997292,2.37983072171393,3.30993754618473,3.73323999666136,1.96616860459678,3.6752130288431,2.40968135903501,1.75500539963695,-0.374854048920003,1.52484668888154,0.216013565656115,1
"18143","PmetTSAr1.1-032980",2.56276828822238,3.98621645887083,1.84410806144578,3.41551744375401,2.7672002583214,3.50558781212726,4.56791770669245,3.70815657020064,0.293079451451532,1.7525376745073,0.331545740141505,1
"18144","PmetTSAr1.1-033004",2.15812066376622,4.13495587897795,1.56039912891566,1.95928907626199,2.07540019374105,2.82708694526392,2.2001438495537,2.09468386408281,-0.103627273174735,1.28883597980123,0.761321159968109,1
"18145","PmetTSAr1.1-033023",1.84339473363365,1.6063857371569,2.50609557068272,2.01224283507988,1.92975807488203,3.19460824814823,1.27817880783596,1.3021007803758,-0.0474557045476085,1.01099828752756,0.898852805087006,1
"18146","PmetTSAr1.1-033032",2.427885746737,2.97478840214241,2.41152592650602,1.58861276453675,2.0389896640263,2.94017042307448,3.49927640833779,2.54758848334395,0.240230036048828,1.38925837322173,0.427171321789142,1
"18147","PmetTSAr1.1-033079",1.84339473363365,2.67730956192817,1.84410806144578,1.21793645281151,1.56565277773448,1.66798129770571,1.32008630973222,1.07564847074523,-0.431810409333555,0.772064616773341,0.151032304175734,1
"18148","PmetTSAr1.1-033111",1.93331642795724,1.66588150519975,1.79682323935742,3.1772255290735,1.42001065887546,5.56936128216992,6.34898653728354,3.48170426057007,0.969958162464742,1.70424334212415,0.014766308020761,1
"18149","PmetTSAr1.1-033114",3.19222014848753,4.10520799495653,3.92464023333332,3.23017928789139,2.14822125317056,4.38198476515908,4.48410270289993,3.51001079927389,0.0131693404650813,1.88277465257992,0.983091231569912,1
"18150","PmetTSAr1.1-033160",3.46198523145831,5.41411489189919,2.2223866381526,3.83914751429714,3.02207396632469,3.95792172336949,5.34320649177328,4.44412657650001,0.162435624844908,2.0132045072434,0.608698886309393,1
"18151","PmetTSAr1.1-033181",1.97827727511903,2.64756167790674,2.69523485903613,3.7597168760703,2.25745284231483,3.10979563979031,2.80780262704949,2.74573425427071,-0.0283365337207452,1.49451989189421,0.940926135209336,1
"18152","PmetTSAr1.1-033201",1.43874710917748,2.29058706964966,1.70225359518072,1.82690467921726,1.31077906973119,2.26166955621114,2.28395885334622,1.18887462556051,-0.0420412932179171,0.891967064032423,0.8981158407849,1
"18153","PmetTSAr1.1-033207",1.57362965066287,1.45764631704978,6.28888133775098,4.26277758484027,3.16771608518371,3.70348389829574,1.86488383438361,1.13226154815287,-0.460149359848401,1.57515054705808,0.320945315825311,1
"18154","PmetTSAr1.1-033258",2.47284659389879,1.10067170879269,2.03324734979919,2.30348850857828,2.0389896640263,1.32873086427404,1.445808815421,1.35871385778344,-0.357380069243908,0.858357012182779,0.24808614962779,1
"18155","PmetTSAr1.1-033283",2.65268998254598,1.66588150519975,5.39046971807227,1.93281219685304,4.33285303605588,2.37475303402169,1.04768754740653,0.962422315929938,-0.417284577550727,1.36729499596796,0.374526660416995,1
"18156","PmetTSAr1.1-033319",4.49608471617962,5.56285431200631,2.26967146024096,3.01836425261982,3.53182138233126,3.13806650924295,3.45736890644153,3.67985003149682,-0.156374795698873,1.89037697838651,0.626451107013519,1
"18157","PmetTSAr1.1-033320",1.70851219214826,1.69562938922117,3.26265272409637,1.61508964394569,1.31077906973119,2.31821129511641,1.67630007585044,1.38702039648726,-0.287551794846409,0.944520909797882,0.351295273588051,1
"18158","PmetTSAr1.1-033325",2.74261167686957,3.62924185061374,2.17510181606425,4.18334694661344,2.7672002583214,3.19460824814823,6.03468027306158,4.27428734427708,0.34969619374785,1.88850120725344,0.283171360373983,1
"18159","PmetTSAr1.1-033340",2.20308151092802,1.63613362117833,2.41152592650602,3.7597168760703,1.60206330744923,1.92241912277947,1.48771631731727,1.72669886093312,-0.578489809744336,1.10655011006192,0.0540809797062269,1
"18160","PmetTSAr1.1-033356",1.75347303931005,1.36840266498551,2.64795003694778,5.13651460533548,1.89334754516727,2.2333986867585,3.10115514032331,3.84968926371975,0.0173964710907537,1.4955832517163,0.96550244701298,1
"18161","PmetTSAr1.1-033363",1.93331642795724,1.4873942010712,3.87735541124497,1.19145957340256,3.20412661489846,1.24391825591612,1.08959504930279,1.0473419320414,-0.364024313203506,0.942642024141791,0.391177013578802,1
"18162","PmetTSAr1.1-033377",1.75347303931005,1.4873942010712,1.65496877309236,2.1975809909425,1.27436854001643,2.12031520894794,1.02673379645839,1.01903539333758,-0.391210762818493,0.700929531154951,0.205186964698621,1
"18163","PmetTSAr1.1-033428",3.28214184281112,3.56974608257089,4.3502036321285,4.84526893183708,2.91284237718042,3.70348389829574,4.40028769910741,2.6042015607516,-0.234063408532918,1.91533222967347,0.420276490886458,1
"18164","PmetTSAr1.1-033452",1.84339473363365,0.951932288685571,3.02622861365461,1.00612141753994,1.49283171830497,1.63971042825307,1.34104006068035,0.934115777226117,-0.309233721709288,0.654024525261325,0.375208446388144,1
"18165","PmetTSAr1.1-033511",1.79843388647185,3.06403205420668,1.65496877309236,2.91245673498404,1.92975807488203,4.77777693749603,2.30491260429436,2.51928194464013,0.278152792718511,1.42895176366897,0.404527541827953,1
"18166","PmetTSAr1.1-033571",4.36120217469423,3.98621645887083,1.79682323935742,3.04484113202877,3.13130555546895,3.36423346486407,4.63077895953684,3.39678464445861,0.139118355963977,1.82044284986824,0.656063154948963,1
"18167","PmetTSAr1.1-033588",1.75347303931005,3.00453628616383,3.02622861365461,1.16498269399362,2.84002131775091,3.59040042048518,1.96965258912427,1.67008578352548,0.172827893773931,1.28373197473341,0.634997047288346,1
"18168","PmetTSAr1.1-033615",2.20308151092802,2.37983072171393,2.26967146024096,2.5417804232588,3.05848449603944,2.34648216456905,2.09537509481305,2.83065387038217,0.126357009834527,1.33755350795571,0.629465533990168,1
"18169","PmetTSAr1.1-033621",1.97827727511903,1.57663785313548,1.65496877309236,2.56825730266774,1.89334754516727,2.0920443394953,2.57731136662005,2.17960348019427,0.165451026644154,1.09268267669549,0.554007112220034,1
"18170","PmetTSAr1.1-033694",3.64182862010549,3.09377993822811,4.72848220883532,1.32384397044729,2.29386337202958,1.83760651442155,1.57153132110979,2.15129694149045,-0.6937944550823,1.38974595260218,0.0431574126336076,1
"18171","PmetTSAr1.1-033809",3.86663285591448,5.62235008004915,1.89139288353413,3.62733247902557,2.91284237718042,4.43852650406435,4.31647269531488,4.04783503464651,0.0616406543658077,1.96778769984341,0.849625012195948,1
"18172","PmetTSAr1.1-033831",4.04647624456166,6.69327390482042,3.68821612289155,6.27502041992016,2.58514760974762,8.56607344414968,7.66907284701576,10.3318866268949,0.491095447469031,2.65783328623516,0.208676143724085,1
"18173","PmetTSAr1.1-033927",5.35034081225375,6.15781199243479,2.60066521485943,2.88597985557509,4.40567409548539,3.3925043343167,4.27456519341862,4.6988854248344,-0.0206892299520495,2.09870992855759,0.960370655616841,1
"18174","PmetTSAr1.1-033959",1.70851219214826,2.05260399747826,1.93867770562248,3.20370240848244,1.63847383716399,5.59763215162256,6.11849527685411,3.19863887353185,0.890784114409024,1.7074099138435,0.0189983055128493,1
"18175","PmetTSAr1.1-033981",3.91159370307627,4.61092202332074,2.60066521485943,3.41551744375401,3.422589793187,3.59040042048518,3.28973889885649,3.05710618001275,-0.127068202819259,1.82796757455641,0.660242140409971,1
"18176","PmetTSAr1.1-033986",3.5968677729437,2.49882225779962,1.93867770562248,2.72711857912142,2.73078972860665,2.62919085909545,2.03251384196866,2.63250809945542,-0.105993605760452,1.40966934440271,0.725539064038412,1
"18177","PmetTSAr1.1-034018",2.427885746737,2.91529263409956,1.60768395100401,2.01224283507988,2.29386337202958,2.68573259800072,2.4725426118794,1.41532693519109,-0.0203212343898327,1.19736044384307,0.972140137032597,1
"18178","PmetTSAr1.1-034022",2.78757252403137,2.08235188149969,9.17325548514053,5.24242212297127,3.89592667947881,3.76002563720101,2.55635761567192,2.85896040908599,-0.558390029785803,2.03167700558084,0.168326136012374,1
"18179","PmetTSAr1.1-034092",4.09143709172346,4.01596434289225,2.64795003694778,1.58861276453675,2.40309496117385,1.5831686893478,2.66112637041257,1.27379424167198,-0.633106471665237,1.37005842330226,0.0661991724891573,1
"18180","PmetTSAr1.1-034093",2.87749421835496,1.6063857371569,4.11377952168673,1.82690467921726,2.7672002583214,1.41354347263196,0.880057539821481,1.50024655130255,-0.667972813966481,1.11100134957196,0.0768296382104178,1
"18181","PmetTSAr1.1-034118",2.11315981660442,2.29058706964966,1.70225359518072,1.45622836749202,1.45642118859021,2.40302390347433,2.2001438495537,1.75500539963695,0.056917463261737,0.989696962581804,0.864578735671294,1
"18182","PmetTSAr1.1-034286",4.09143709172346,6.06856834037052,1.60768395100401,3.04484113202877,4.04156879833783,4.41025563461172,4.27456519341862,5.49146850854141,0.292456123940785,2.07022983876209,0.4054308741923,1
"18183","PmetTSAr1.1-034349",2.60772913538418,3.2127714743138,2.1278169939759,2.14462723212461,2.40309496117385,2.68573259800072,2.59826511756818,2.03807078667516,-0.0554581685443513,1.3448496236861,0.849000020976196,1
"18184","PmetTSAr1.1-034414",2.83253337119316,2.67730956192817,1.89139288353413,2.5417804232588,2.07540019374105,2.71400346745336,2.45158886093127,1.9531511705637,-0.114176550258655,1.29586477968889,0.678638658904217,1
"18185","PmetTSAr1.1-034424",1.61859049782466,0.892436520642723,1.5131143068273,2.03871971448883,1.49283171830497,1.4418143420846,2.17919009860557,1.61347270611784,0.157067452687103,0.73493080105809,0.631871724675415,1
"18186","PmetTSAr1.1-034443",1.84339473363365,1.42789843302836,1.56039912891566,2.78007233793931,1.56565277773448,1.89414825332683,1.42485506447287,1.38702039648726,-0.292994516227153,0.846485792824758,0.324155012435943,1
"18187","PmetTSAr1.1-034472",1.57362965066287,1.66588150519975,1.65496877309236,1.80042779980831,1.20154748058692,1.72452303661099,2.05346759291679,1.44363347389491,-0.0504510003238116,0.769685060098312,0.856854914381329,1
"18188","PmetTSAr1.1-034555",1.48370795633928,1.54688996911405,3.45179201244979,2.99188737321088,2.65796866917713,2.48783651183225,1.08959504930279,1.50024655130255,-0.299971847615128,1.14006139828643,0.417225329731039,1
"18189","PmetTSAr1.1-034592",2.56276828822238,4.52167837125646,1.79682323935742,2.64768794089458,1.49283171830497,3.95792172336949,3.39450765359714,3.28355848964332,0.069817813579976,1.5993595541334,0.850531016390039,1
"18190","PmetTSAr1.1-034598",2.15812066376622,1.66588150519975,1.89139288353413,2.1975809909425,1.92975807488203,3.87310911501157,2.64017261946444,2.40605578982485,0.458675276726211,1.27076629123758,0.113204862137151,1
"18191","PmetTSAr1.1-034841",1.79843388647185,1.27915901292124,1.98596252771084,3.33608680552717,1.45642118859021,2.54437825073753,3.87644392540414,4.5573527313153,0.564108536992312,1.42256970441676,0.130547011964988,1
"18192","PmetTSAr1.1-034897",1.75347303931005,0.922184404664147,2.55338039277107,1.95928907626199,1.63847383716399,3.10979563979031,2.36777385713875,2.00976424797134,0.360687925761719,1.07152313655703,0.28337927768101,1
"18193","PmetTSAr1.1-035163",2.15812066376622,2.4690743737782,2.17510181606425,2.85950297616615,2.4395054908886,2.40302390347433,4.86127021996628,3.14202579612421,0.411511685329393,1.52970665055525,0.172244829227695,1
"18194","PmetTSAr1.1-035192",2.51780744106059,3.30201512637807,1.84410806144578,2.27701162916934,1.60206330744923,2.742274336906,2.17919009860557,1.92484463185988,-0.236898170439647,1.24057180041807,0.421381806099034,1
"18195","PmetTSAr1.1-035362",2.15812066376622,4.01596434289225,2.78980450321284,3.25665616730033,1.34718959944595,1.38527260317932,1.67630007585044,4.78380504094587,-0.413870229014075,1.45454410669476,0.29544587507107,1
"18196","PmetTSAr1.1-035607",1.66355134498646,1.6063857371569,13.3343198289156,1.80042779980831,9.83084302298392,2.96844129252712,1.67630007585044,1.47194001259873,-0.205291398346545,2.10982895653253,0.764555230367888,1
"18197","PmetTSAr1.1-035616",1.48370795633928,2.85579686605671,1.56039912891566,2.17110411153356,1.34718959944595,2.54437825073753,2.70303387230883,1.58516616741402,0.0140672487159574,1.07285578638911,0.971533639788108,1
"18198","PmetTSAr1.1-035688",2.20308151092802,0.892436520642723,3.30993754618473,1.29736709103834,1.7112948965935,1.83760651442155,1.21531755499157,0.877502699818473,-0.430728902049769,0.773469295625443,0.248080269242277,1
"18199","PmetTSAr1.1-036008",1.70851219214826,2.32033495367108,1.93867770562248,2.91245673498404,2.62155813946238,2.12031520894794,2.01156009102053,2.15129694149045,-0.0158175852907771,1.19415943214189,0.984931750928666,1
"18200","PmetTSAr1.1-036050",2.65268998254598,2.14184764954254,1.93867770562248,2.59473418207669,2.0389896640263,3.22287911760087,3.2268776460121,2.3494427124172,0.220068182045199,1.37199672301569,0.436441199992274,1
"18201","PmetTSAr1.1-036296",2.24804235808981,2.5880659098639,2.03324734979919,4.63345389656552,3.16771608518371,1.69625216715835,1.63439257395418,2.12299040278663,-0.437068679346299,1.36657403153663,0.199277749648163,1
"18202","PmetTSAr1.1-036614",1.43874710917748,1.66588150519975,2.08053217188754,1.72099716158148,1.82052648573776,2.20512781730586,2.15823634765744,1.52855309000637,0.165704872235192,0.918844450416922,0.558772617750402,1
"18203","PmetTSAr1.1-036709",1.75347303931005,1.81462092530687,2.64795003694778,2.88597985557509,2.07540019374105,4.07100520118004,2.99638638558266,2.77404079297453,0.38889734259097,1.43082233623351,0.195123057314143,1
"18204","PmetTSAr1.1-036784",2.29300320525161,1.16016747683554,1.98596252771084,2.46234978503196,2.22104231260007,1.52662695044252,1.02673379645839,1.44363347389491,-0.356568386346547,0.86183843662246,0.268292597948795,1
"18205","PmetTSAr1.1-036937",1.97827727511903,1.18991536085696,1.84410806144578,2.30348850857828,2.0389896640263,1.75279390606363,1.48771631731727,1.61347270611784,-0.0916548514592446,0.87524838616967,0.764962607102005,1
"18206","PmetTSAr1.1-037530",2.56276828822238,2.14184764954254,4.53934292048191,3.33608680552717,2.07540019374105,4.21235954844324,2.6820801213607,3.42509118316243,-0.0139398894972055,1.66925066850215,0.963227271398801,1
"18207","PmetTSAr1.1-038583",1.66355134498646,2.52857014182105,1.65496877309236,2.01224283507988,1.45642118859021,1.69625216715835,2.53540386472379,2.3494427124172,0.0304240606278772,1.04001233149014,0.935656093433153,1
"18208","PmetTSAr1.1-039151",1.70851219214826,2.70705744594959,1.56039912891566,2.80654921734825,1.56565277773448,2.2333986867585,2.76589512515323,2.32113617371338,0.00752774864568469,1.18968132273,0.986084318139639,1
"18209","PmetTSAr1.1-040906",1.75347303931005,2.05260399747826,1.84410806144578,2.51530354384985,4.40567409548539,2.17685694785322,1.00578004551026,1.58516616741402,0.147784190697001,1.15290203238156,0.68189595050487,1
"18210","PmetTSAr1.1-041655",3.19222014848753,1.39815054900693,1.93867770562248,2.35644226739618,2.47591602060336,2.94017042307448,4.54696395574432,2.49097540593631,0.499582213825064,1.45193448243273,0.122575878668701,1
"18211","PmetTSAr1.1-043448",1.93331642795724,2.02285611345684,2.1278169939759,1.37679772926518,1.74770542630825,2.91189955362184,2.03251384196866,1.64177924482166,0.171253577902742,1.0252386312123,0.581640238783913,1
